1112
1045 0 1 1 
2111 0 2 1 
2297 0 3 1 
47 0 4 1 
50 0 5 1 
913 0 8 1 
4021 0 9 1 
4836 0 10 1 
3108 0 11 1 
4683 0 12 1 
4735 0 13 1 
1261 0 14 1 
1370 0 15 1 
1424 0 16 1 
1811 0 17 1 
2201 0 18 1 
2870 1 19 1 
3743 2 19 1 
3980 3 19 1 
4441 4 19 1 
4655 5 19 1 
608 6 19 1 
669 7 19 1 
1478 8 19 1 
1595 9 19 1 
1909 10 19 1 
2435 11 19 1 
2955 12 19 1 
3034 13 19 1 
3368 14 19 1 
3385 15 19 1 
4010 16 19 1 
4373 17 19 1 
4519 18 19 1 
4812 19 18 1 
4859 19 17 1 
5088 19 16 1 
143 19 15 1 
1473 19 14 1 
1729 19 13 1 
1832 19 12 1 
2030 19 11 1 
2197 19 10 1 
2263 19 9 1 
2459 19 8 1 
2472 19 7 1 
2567 19 6 1 
2603 19 5 1 
2834 19 4 1 
2968 19 3 1 
3578 19 2 1 
3738 19 1 1 
3873 18 0 1 
3966 17 0 1 
4691 16 0 1 
4967 15 0 1 
5166 14 0 1 
5230 13 0 1 
5237 12 0 1 
27 11 0 1 
37 10 0 1 
141 9 0 1 
293 8 0 1 
295 7 0 1 
482 6 0 1 
501 5 0 1 
1112 4 0 1 
1209 3 0 1 
1230 1 0 1 
1653 0 1 4 
2088 0 2 4 
2851 0 3 4 
3924 0 4 5 
4245 0 5 5 
4856 0 8 5 
4958 0 9 5 
5306 0 10 5 
656 0 11 6 
1217 0 12 6 
2376 0 13 6 
1095 0 14 7 
1403 0 15 7 
1476 0 16 7 
1668 0 17 7 
1840 0 18 7 
1972 1 19 7 
2346 2 19 7 
3380 3 19 7 
3461 4 19 7 
3601 5 19 7 
5343 6 19 8 
770 7 19 8 
898 8 19 8 
1434 9 19 8 
2479 10 19 8 
2583 11 19 8 
2634 12 19 8 
2891 13 19 8 
2953 14 19 8 
3593 15 19 8 
3808 16 19 8 
51 17 19 8 
1695 18 19 8 
2254 19 18 8 
2434 19 17 8 
2505 19 16 8 
2553 19 15 9 
2888 19 14 9 
3483 19 13 9 
3557 19 12 9 
4582 19 11 9 
4585 19 10 9 
4876 19 9 9 
599 19 8 9 
752 19 7 9 
1180 19 6 9 
1839 19 5 9 
1936 19 4 9 
2103 19 3 9 
2149 19 2 9 
2622 19 1 9 
2688 18 0 9 
3524 17 0 9 
3829 16 0 9 
4252 15 0 9 
4959 14 0 9 
5299 13 0 9 
5358 12 0 9 
87 11 0 10 
419 10 0 10 
863 9 0 10 
1308 8 0 10 
1560 7 0 10 
1571 6 0 10 
1676 5 0 10 
1983 4 0 10 
3098 3 0 10 
3204 1 0 10 
3519 0 1 10 
3686 0 2 10 
4290 0 3 10 
4961 0 4 10 
5082 0 5 10 
5322 0 8 10 
924 0 9 10 
984 0 10 10 
2073 0 11 11 
2334 0 12 11 
2560 0 13 11 
2656 0 14 12 
5104 0 15 12 
427 0 16 12 
638 0 17 12 
794 0 18 12 
969 1 19 12 
1742 2 19 12 
2421 3 19 12 
2666 4 19 12 
2951 5 19 12 
3658 6 19 12 
4187 7 19 13 
4208 8 19 13 
4894 9 19 13 
4914 10 19 13 
361 11 19 13 
1179 12 19 13 
1661 13 19 13 
3329 14 19 13 
3565 15 19 13 
3751 16 19 13 
5321 17 19 14 
429 18 19 14 
483 19 18 14 
757 19 17 14 
781 19 16 14 
892 19 15 14 
1150 19 14 14 
1232 19 13 14 
1764 19 12 14 
1990 19 11 14 
2050 19 10 14 
2239 19 9 14 
3069 19 8 15 
4153 19 7 15 
4325 19 6 15 
4995 19 5 15 
732 19 4 15 
1586 19 3 15 
2316 19 2 15 
2485 19 1 15 
3364 18 0 15 
3541 17 0 15 
4099 16 0 15 
4151 15 0 15 
4497 14 0 15 
4502 13 0 15 
4644 12 0 15 
5068 11 0 16 
144 10 0 16 
182 9 0 16 
288 8 0 16 
484 7 0 16 
1226 6 0 16 
1264 5 0 16 
1491 4 0 16 
3312 3 0 16 
4118 1 0 16 
4119 0 1 16 
4327 0 2 16 
4507 0 3 16 
4948 0 4 16 
5277 0 5 16 
338 0 8 16 
2741 0 9 17 
2883 0 10 17 
2969 0 11 17 
3016 0 12 17 
3036 0 13 17 
3167 0 14 17 
3553 0 15 17 
238 0 16 18 
771 0 17 18 
834 0 18 18 
976 1 19 18 
1162 2 19 18 
1471 3 19 18 
3547 4 19 18 
4436 5 19 18 
5105 6 19 18 
5218 7 19 18 
5408 8 19 18 
373 9 19 18 
485 10 19 18 
2237 11 19 19 
3271 12 19 19 
3376 13 19 19 
3724 14 19 19 
5044 15 19 19 
5176 16 19 19 
5390 17 19 19 
13 18 19 20 
55 19 18 20 
242 19 17 20 
385 19 16 20 
543 19 15 20 
691 19 14 20 
833 19 13 20 
1463 19 12 20 
2596 19 11 20 
3763 19 10 20 
3984 19 9 20 
4829 19 8 20 
66 19 7 20 
140 19 6 20 
654 19 5 20 
713 19 4 21 
997 19 3 21 
1457 19 2 21 
1641 19 1 21 
2105 18 0 21 
2208 17 0 21 
3447 16 0 21 
4370 15 0 21 
4869 14 0 21 
4927 13 0 21 
1109 12 0 21 
1110 11 0 21 
2778 10 0 22 
3041 9 0 22 
3130 8 0 22 
73 7 0 22 
235 6 0 22 
739 5 0 22 
1063 4 0 22 
1588 3 0 22 
1845 1 0 22 
1978 0 1 22 
2132 0 2 22 
2687 0 3 22 
2710 0 4 22 
2755 0 5 22 
2908 0 8 23 
3477 0 9 23 
3570 0 10 23 
3771 0 11 23 
4349 0 12 23 
4816 0 13 23 
4905 0 14 23 
28 0 15 23 
344 0 16 24 
613 0 17 24 
1083 0 18 24 
1693 1 19 24 
1943 2 19 24 
3142 3 19 24 
3668 4 19 24 
3935 5 19 24 
4113 6 19 24 
4354 7 19 24 
4455 8 19 24 
96 9 19 25 
750 10 19 25 
929 11 19 25 
985 12 19 25 
1638 13 19 25 
1773 14 19 25 
2267 15 19 25 
2438 16 19 25 
2671 17 19 25 
5027 18 19 26 
5362 19 18 26 
5 19 17 26 
263 19 16 26 
1326 19 15 26 
1399 19 14 26 
2847 19 13 26 
3267 19 12 26 
3309 19 11 26 
4193 19 10 26 
4919 19 9 26 
5096 19 8 26 
5404 19 7 27 
1856 19 6 27 
2934 19 5 27 
3344 19 4 27 
3353 19 3 27 
3909 19 2 27 
4111 19 1 27 
4388 18 0 27 
4826 17 0 27 
418 16 0 27 
1755 15 0 27 
2317 14 0 27 
2362 13 0 27 
2425 12 0 28 
3577 11 0 28 
3822 10 0 28 
3978 9 0 28 
4372 8 0 28 
5092 7 0 29 
5330 6 0 29 
565 5 0 29 
649 4 0 29 
864 3 0 29 
1011 1 0 29 
1748 0 1 29 
2350 0 2 29 
2489 0 3 29 
2726 0 4 29 
3559 0 5 29 
3582 0 8 29 
4055 0 9 29 
5148 0 10 29 
25 0 11 29 
240 0 12 29 
568 0 13 29 
957 0 14 29 
961 0 15 30 
1222 0 16 30 
1633 0 17 30 
3332 0 18 30 
3786 1 19 30 
3806 2 19 30 
4293 3 19 30 
5063 4 19 30 
159 5 19 30 
460 6 19 30 
906 7 19 30 
1089 8 19 30 
2193 9 19 31 
2328 10 19 31 
2842 11 19 31 
3520 12 19 31 
4283 13 19 31 
4374 14 19 31 
4505 15 19 31 
4865 16 19 31 
4981 17 19 31 
5414 18 19 31 
717 19 18 31 
1054 19 17 32 
2330 19 16 32 
3232 19 15 32 
3775 19 14 32 
3823 19 13 32 
4352 19 12 32 
4433 19 11 32 
4736 19 10 32 
215 19 9 32 
474 19 8 32 
766 19 7 32 
1346 19 6 33 
2137 19 5 33 
2852 19 4 33 
3341 19 3 33 
3527 19 2 33 
3554 19 1 33 
3943 18 0 33 
3962 17 0 33 
4306 16 0 34 
12 15 0 34 
1178 14 0 34 
1220 13 0 34 
1419 12 0 34 
1646 11 0 34 
1722 10 0 34 
1921 9 0 34 
2190 8 0 34 
2312 7 0 34 
3033 6 0 34 
4233 5 0 35 
4461 4 0 35 
5396 3 0 35 
108 1 0 35 
149 0 1 35 
628 0 2 35 
1030 0 3 35 
1622 0 4 35 
1726 0 5 35 
2243 0 8 35 
3209 0 9 35 
3707 0 10 35 
4805 0 11 36 
903 0 12 36 
925 0 13 36 
980 0 14 36 
1762 0 15 36 
1883 0 16 36 
2368 0 17 36 
2662 0 18 36 
3571 1 19 36 
4005 2 19 36 
4301 3 19 36 
4564 4 19 36 
5163 5 19 37 
1276 6 19 37 
1563 7 19 37 
1648 8 19 37 
1980 9 19 37 
2199 10 19 37 
2305 11 19 37 
2577 12 19 37 
2589 13 19 37 
2760 14 19 37 
3685 15 19 37 
3780 16 19 37 
3950 17 19 37 
4783 18 19 37 
193 19 18 38 
466 19 17 38 
1464 19 16 38 
1769 19 15 38 
2040 19 14 38 
2386 19 13 38 
3458 19 12 38 
3510 19 11 38 
3576 19 10 38 
3613 19 9 39 
4184 19 8 39 
4406 19 7 39 
5247 19 6 39 
989 19 5 39 
1884 19 4 39 
2163 19 3 39 
3828 19 2 39 
4183 19 1 39 
4679 18 0 39 
4853 17 0 39 
5292 16 0 39 
977 15 0 40 
1427 14 0 40 
1898 13 0 40 
3373 12 0 40 
3809 11 0 40 
4083 10 0 40 
4295 9 0 40 
4794 8 0 40 
4929 7 0 40 
4999 6 0 40 
5185 5 0 40 
541 4 0 40 
578 3 0 40 
1132 1 0 41 
1233 0 1 41 
1756 0 2 41 
2406 0 3 41 
3058 0 4 41 
3186 0 5 41 
3657 0 8 41 
4225 0 9 41 
652 0 10 41 
661 0 11 41 
748 0 12 42 
1190 0 13 42 
1382 0 14 42 
1557 0 15 42 
1649 0 16 42 
2653 0 17 42 
3888 0 18 42 
103 1 19 42 
113 2 19 42 
960 3 19 42 
1480 4 19 42 
1867 5 19 42 
2722 6 19 43 
2917 7 19 43 
2963 8 19 43 
3372 9 19 43 
3595 10 19 43 
4707 11 19 43 
4781 12 19 43 
89 13 19 43 
132 14 19 43 
632 15 19 43 
665 16 19 43 
725 17 19 43 
1225 18 19 43 
1268 19 18 44 
1510 19 17 44 
1673 19 16 44 
1694 19 15 44 
1791 19 14 44 
3065 19 13 44 
3837 19 12 44 
4123 19 11 44 
4253 19 10 44 
5079 19 9 44 
5238 19 8 44 
269 19 7 44 
559 19 6 44 
861 19 5 45 
1206 19 4 45 
1512 19 3 45 
2516 19 2 45 
2520 19 1 45 
2744 18 0 45 
3413 17 0 45 
3514 16 0 45 
3572 15 0 46 
80 14 0 46 
417 13 0 46 
1126 12 0 46 
1203 11 0 46 
1555 10 0 46 
2508 9 0 46 
3184 8 0 46 
3884 7 0 46 
4240 6 0 46 
4401 5 0 46 
4769 4 0 47 
121 3 0 47 
394 1 0 47 
1121 0 1 47 
1122 0 2 47 
2148 0 3 47 
2672 0 4 47 
3071 0 5 47 
3640 0 8 47 
3755 0 9 47 
546 0 10 48 
881 0 11 48 
1561 0 12 48 
1965 0 13 48 
3169 0 14 48 
4076 0 15 48 
4728 0 16 48 
5036 0 17 48 
5255 0 18 48 
5429 1 19 49 
11 2 19 49 
78 3 19 49 
374 4 19 49 
785 5 19 49 
790 6 19 49 
872 7 19 49 
994 8 19 49 
1211 9 19 49 
1808 10 19 49 
2445 11 19 49 
3354 12 19 49 
3586 13 19 50 
3851 14 19 50 
4360 15 19 50 
4614 16 19 50 
455 17 19 50 
480 18 19 50 
1165 19 18 50 
1350 19 17 50 
1448 19 16 50 
1866 19 15 50 
2458 19 14 50 
2982 19 13 50 
3303 19 12 50 
3833 19 11 50 
4603 19 10 50 
4635 19 9 50 
528 19 8 50 
640 19 7 51 
1029 19 6 51 
2156 19 5 51 
2758 19 4 51 
2807 19 3 51 
2881 19 2 51 
4003 19 1 51 
4712 18 0 51 
4843 17 0 51 
122 16 0 51 
206 15 0 51 
270 14 0 52 
328 13 0 52 
339 12 0 52 
696 11 0 52 
888 10 0 52 
943 9 0 52 
1373 8 0 52 
1432 7 0 52 
1630 6 0 52 
1751 5 0 52 
2009 4 0 52 
2658 3 0 53 
2686 1 0 53 
3431 0 1 53 
769 0 2 53 
828 0 3 53 
1156 0 4 53 
1682 0 5 53 
1829 0 8 53 
2286 0 9 53 
3251 0 10 54 
3460 0 11 54 
3949 0 12 54 
4101 0 13 54 
4677 0 14 54 
4687 0 15 54 
157 0 16 54 
327 0 17 54 
912 0 18 54 
1360 1 19 54 
2130 2 19 55 
3695 3 19 55 
4817 4 19 55 
5058 5 19 55 
57 6 19 55 
59 7 19 55 
886 8 19 55 
1297 9 19 55 
1683 10 19 55 
2127 11 19 55 
2222 12 19 55 
2414 13 19 55 
2665 14 19 55 
2727 15 19 55 
2876 16 19 55 
2880 17 19 56 
3206 18 19 56 
4314 19 18 56 
4680 19 17 56 
184 19 16 56 
335 19 15 56 
1486 19 14 56 
1691 19 13 56 
2241 19 12 56 
4081 19 11 56 
4347 19 10 56 
4509 19 9 56 
4740 19 8 57 
5258 19 7 57 
5316 19 6 57 
286 19 5 57 
593 19 4 57 
974 19 3 57 
1022 19 2 57 
1792 19 1 57 
2290 18 0 57 
3020 17 0 57 
3124 16 0 58 
3301 15 0 58 
3509 14 0 58 
5217 13 0 58 
694 12 0 58 
763 11 0 58 
1046 10 0 58 
1712 9 0 58 
2224 8 0 58 
2474 7 0 58 
2984 6 0 58 
3128 5 0 58 
3388 4 0 58 
3478 3 0 58 
4229 1 0 58 
4241 0 1 58 
265 0 2 59 
366 0 3 59 
1267 0 4 59 
1790 0 5 59 
1801 0 8 59 
1981 0 9 59 
2393 0 10 59 
2483 0 11 59 
2867 0 12 59 
2994 0 13 59 
3185 0 14 59 
3481 0 15 59 
3948 0 16 60 
4036 0 17 60 
4249 0 18 60 
5083 1 19 60 
5304 2 19 60 
409 3 19 60 
2380 4 19 60 
2667 5 19 60 
3591 6 19 61 
4993 7 19 61 
426 8 19 61 
855 9 19 61 
1020 10 19 61 
1602 11 19 61 
2269 12 19 61 
2437 13 19 61 
2521 14 19 61 
2684 15 19 61 
3225 16 19 61 
3266 17 19 61 
4146 18 19 61 
4149 19 18 61 
4324 19 17 61 
4598 19 16 62 
5269 19 15 62 
5374 19 14 62 
282 19 13 62 
399 19 12 62 
438 19 11 62 
816 19 10 62 
878 19 9 62 
1339 19 8 62 
1521 19 7 62 
1608 19 6 62 
2122 19 5 63 
2302 19 4 63 
3814 19 3 63 
4386 19 2 63 
4862 19 1 63 
283 18 0 63 
571 17 0 63 
876 16 0 63 
1806 15 0 63 
2258 14 0 63 
2264 13 0 63 
2397 12 0 64 
2427 11 0 64 
3649 10 0 64 
4145 9 0 64 
4470 8 0 64 
4787 7 0 64 
5334 6 0 64 
359 5 0 64 
453 4 0 64 
683 3 0 64 
751 1 0 64 
1354 0 1 64 
1768 0 2 65 
2412 0 3 65 
2729 0 4 65 
3282 0 5 65 
3587 0 8 65 
3666 0 9 65 
3694 0 10 65 
4214 0 11 65 
4416 0 12 65 
4448 0 13 65 
875 0 14 65 
900 0 15 65 
968 0 16 65 
1307 0 17 65 
1377 0 18 65 
2974 1 19 65 
4359 2 19 65 
4593 3 19 66 
1484 4 19 66 
1730 5 19 66 
1893 6 19 66 
1967 7 19 66 
2033 8 19 67 
2117 9 19 67 
2384 10 19 67 
605 11 19 67 
1223 12 19 67 
1313 13 19 67 
1375 14 19 67 
1889 15 19 67 
2419 16 19 67 
2541 17 19 67 
4288 18 19 67 
4491 19 18 67 
5124 19 17 67 
329 19 16 67 
544 19 15 67 
604 19 14 67 
856 19 13 68 
1114 19 12 68 
1235 19 11 68 
1789 19 10 68 
2228 19 9 68 
3451 19 8 68 
3455 19 7 68 
3583 19 6 68 
3772 19 5 68 
4105 19 4 68 
4346 19 3 68 
4755 19 2 68 
34 19 1 68 
458 18 0 69 
662 17 0 69 
1718 16 0 69 
1786 15 0 69 
1847 14 0 69 
2274 13 0 69 
2796 12 0 69 
3608 11 0 69 
4063 10 0 69 
4588 9 0 69 
5089 8 0 69 
5291 7 0 69 
120 6 0 69 
179 5 0 70 
410 4 0 70 
813 3 0 70 
846 1 0 70 
2738 0 1 70 
3525 0 2 70 
4067 0 3 70 
4272 0 4 70 
4305 0 5 70 
4810 0 8 70 
4987 0 9 70 
401 0 10 70 
450 0 11 70 
655 0 12 70 
782 0 13 70 
809 0 14 71 
1408 0 15 71 
1982 0 16 71 
2042 0 17 71 
2062 0 18 71 
2248 1 19 71 
2428 2 19 71 
3664 3 19 71 
4702 4 19 72 
237 5 19 72 
326 6 19 72 
2836 7 19 72 
3044 8 19 72 
3291 9 19 72 
3618 10 19 72 
3976 11 19 73 
4543 12 19 73 
5053 13 19 73 
5062 14 19 73 
508 15 19 73 
554 16 19 73 
803 17 19 73 
841 18 19 73 
1182 19 18 73 
1345 19 17 73 
1504 19 16 74 
2986 19 15 74 
3615 19 14 74 
4025 19 13 74 
4381 19 12 74 
4450 19 11 74 
5297 19 10 74 
404 19 9 74 
534 19 8 74 
2387 19 7 74 
2617 19 6 74 
2640 19 5 74 
2952 19 4 74 
3749 19 3 74 
4566 19 2 74 
4727 19 1 75 
5213 18 0 75 
139 17 0 75 
194 16 0 75 
221 15 0 75 
520 14 0 75 
531 13 0 75 
573 12 0 75 
764 11 0 75 
890 10 0 75 
1169 9 0 75 
1322 8 0 75 
1409 7 0 75 
2203 6 0 76 
3275 5 0 76 
4563 4 0 76 
5407 3 0 76 
76 1 0 76 
555 0 1 76 
646 0 2 76 
1535 0 3 76 
1549 0 4 76 
1733 0 5 76 
1968 0 8 76 
2194 0 9 76 
2810 0 10 77 
3718 0 11 77 
4326 0 12 77 
45 0 13 77 
173 0 14 77 
1914 0 15 77 
2336 0 16 77 
3233 0 17 77 
3682 0 18 77 
3925 1 19 77 
4654 2 19 77 
4943 3 19 77 
5153 4 19 77 
5259 5 19 78 
1130 6 19 78 
1626 7 19 78 
3422 8 19 78 
3729 9 19 78 
3876 10 19 78 
4260 11 19 78 
4393 12 19 78 
5077 13 19 78 
5131 14 19 78 
274 15 19 79 
1311 16 19 79 
1485 17 19 79 
2043 18 19 79 
2131 19 18 79 
2245 19 17 79 
2315 19 16 79 
3180 19 15 79 
3903 19 14 79 
4330 19 13 79 
5140 19 12 79 
54 19 11 79 
657 19 10 79 
2244 19 9 80 
3143 19 8 80 
3253 19 7 80 
3486 19 6 80 
4753 19 5 80 
5026 19 4 80 
5203 19 3 80 
434 19 2 80 
1238 19 1 80 
1664 18 0 80 
1703 17 0 81 
3160 16 0 81 
3405 15 0 81 
3408 14 0 81 
4404 13 0 81 
4801 12 0 81 
5162 11 0 81 
579 10 0 81 
668 9 0 81 
784 8 0 81 
851 7 0 81 
865 6 0 81 
1168 5 0 81 
1207 4 0 81 
1402 3 0 81 
1529 1 0 82 
2223 0 1 82 
3530 0 2 82 
3812 0 3 82 
3937 0 4 82 
4605 0 5 82 
4979 0 8 82 
5384 0 9 82 
1425 0 10 82 
1675 0 11 82 
1719 0 12 82 
2077 0 13 83 
2176 0 14 83 
2659 0 15 83 
2946 0 16 83 
3363 0 17 83 
3456 0 18 83 
3781 1 19 83 
4133 2 19 83 
4558 3 19 83 
227 4 19 83 
706 5 19 83 
842 6 19 84 
1495 7 19 84 
1865 8 19 84 
1937 9 19 84 
2227 10 19 84 
2889 11 19 84 
3882 12 19 84 
4353 13 19 84 
68 14 19 84 
301 15 19 85 
442 16 19 85 
2021 17 19 85 
2093 18 19 85 
2102 19 18 85 
2287 19 17 85 
2529 19 16 85 
2607 19 15 85 
2693 19 14 85 
2732 19 13 85 
5139 19 12 85 
5279 19 11 86 
5323 19 10 86 
33 19 9 86 
1570 19 8 86 
1933 19 7 86 
3567 19 6 86 
3610 19 5 86 
3687 19 4 86 
3842 19 3 86 
4581 19 2 87 
4720 19 1 87 
5091 18 0 87 
175 17 0 87 
296 16 0 87 
1147 15 0 87 
2020 14 0 87 
2289 13 0 87 
4638 12 0 87 
1732 11 0 87 
1740 10 0 88 
2537 9 0 88 
2676 8 0 88 
2912 7 0 88 
3208 6 0 88 
3731 5 0 88 
4040 4 0 88 
4276 3 0 88 
4371 1 0 88 
5065 0 1 88 
5418 0 2 88 
342 0 3 88 
472 0 4 88 
1401 0 5 88 
1573 0 8 88 
2720 0 9 88 
2840 0 10 89 
3217 0 11 89 
3900 0 12 89 
4378 0 13 89 
4435 0 14 89 
4854 0 15 89 
5232 0 16 89 
204 0 17 89 
506 0 18 89 
642 1 19 89 
777 2 19 89 
949 3 19 89 
1551 4 19 90 
2742 5 19 90 
2892 6 19 90 
3338 7 19 90 
3826 8 19 90 
4367 9 19 90 
4820 10 19 90 
367 11 19 90 
397 12 19 90 
424 13 19 90 
459 14 19 91 
786 15 19 91 
965 16 19 91 
1117 17 19 91 
1197 18 19 91 
2060 19 18 91 
3289 19 17 91 
3330 19 16 91 
3681 19 15 91 
4744 19 14 91 
5386 19 13 91 
35 19 12 91 
1146 19 11 91 
1336 19 10 91 
2413 19 9 92 
2815 19 8 92 
2893 19 7 92 
4089 19 6 92 
5054 19 5 92 
117 19 4 92 
211 19 3 92 
535 19 2 92 
847 19 1 92 
887 18 0 92 
932 17 0 93 
1015 16 0 93 
1281 15 0 93 
1340 14 0 93 
1405 13 0 93 
2002 12 0 93 
2449 11 0 94 
3262 10 0 94 
4831 9 0 94 
5400 8 0 94 
340 7 0 94 
432 6 0 94 
1507 5 0 94 
1515 4 0 94 
2207 3 0 94 
4029 1 0 94 
4065 0 1 94 
4226 0 2 94 
5381 0 3 95 
22 0 4 95 
791 0 5 95 
815 0 8 95 
837 0 9 95 
1299 0 10 95 
