1198
5530 14 19 1 
3260 19 19 1 
538 15 19 1 
5761 14 18 1 
897 19 18 1 
3392 19 10 1 
3237 18 19 1 
2963 16 19 1 
2939 15 18 1 
429 14 17 1 
75 19 17 1 
5536 19 11 1 
4375 18 18 1 
1371 18 10 1 
5682 17 19 1 
5163 16 18 1 
4951 15 17 1 
1595 19 16 1 
4612 19 12 1 
3753 18 17 1 
3178 18 11 1 
2291 17 18 1 
2140 17 10 1 
2072 16 17 1 
1771 19 15 1 
674 19 13 1 
428 18 16 1 
2749 18 12 1 
2022 17 17 1 
829 17 11 1 
819 16 10 1 
4888 19 14 1 
666 18 15 1 
5514 18 13 1 
3042 17 16 1 
3717 17 12 1 
2211 16 11 1 
1489 15 10 1 
748 18 14 1 
632 17 15 1 
434 17 13 1 
2938 16 16 1 
5420 16 12 1 
2110 15 11 1 
1820 17 14 1 
1376 16 15 1 
71 16 13 1 
3718 15 16 1 
2202 15 12 1 
1687 14 11 1 
1549 16 14 1 
999 15 15 1 
5220 15 13 1 
4174 14 16 1 
597 14 12 1 
570 13 11 1 
4149 15 14 1 
3627 14 15 1 
1661 14 13 1 
588 13 16 1 
223 13 12 1 
5593 12 11 1 
3734 14 14 1 
2488 13 15 1 
5802 13 13 1 
5435 12 12 1 
3775 11 11 1 
4860 13 14 1 
4509 12 13 1 
667 11 12 1 
16 11 13 1 
2929 19 9 1 
595 19 8 1 
2422 14 19 51 
2130 19 19 51 
4755 15 19 51 
2242 14 18 51 
1254 19 18 51 
5115 19 10 51 
3649 18 19 51 
2869 16 19 51 
2767 15 18 51 
5505 14 17 51 
4407 19 17 51 
4318 19 11 51 
3456 18 18 51 
2550 18 10 51 
1601 17 19 51 
1429 16 18 51 
1095 15 17 51 
916 19 16 51 
5671 19 12 51 
5654 18 17 51 
2180 18 11 51 
3332 17 18 51 
1387 17 10 51 
4870 16 17 51 
4570 19 15 51 
1015 19 13 51 
612 18 16 51 
5389 18 12 51 
5287 17 17 51 
4168 17 11 51 
3693 16 10 51 
3130 19 14 51 
2243 18 15 51 
1815 18 13 51 
5624 17 16 51 
5328 17 12 51 
4543 16 11 51 
1315 15 10 51 
5154 18 14 51 
2602 17 15 51 
2553 17 13 51 
2430 16 16 51 
683 16 12 51 
5011 15 11 51 
2302 17 14 51 
2025 16 15 51 
772 16 13 51 
3019 15 16 51 
964 15 12 51 
3216 14 11 51 
3071 16 14 51 
2876 15 15 51 
939 15 13 51 
5532 14 16 51 
3454 14 12 51 
3162 13 11 51 
215 15 14 51 
130 14 15 51 
4011 14 13 51 
2769 13 16 51 
2310 13 12 51 
2083 12 11 51 
5848 14 14 51 
2624 13 15 51 
5027 13 13 51 
4370 12 12 51 
3521 11 11 51 
2887 13 14 51 
4120 12 13 51 
979 11 12 51 
5667 0 14 1 
5635 1 14 1 
4658 0 19 1 
4615 0 15 1 
4384 2 14 1 
4378 1 19 1 
4272 1 15 1 
4260 0 18 1 
4109 0 16 1 
4015 3 14 1 
3825 2 19 1 
3794 2 15 1 
3553 1 18 1 
3482 1 16 1 
3215 0 17 1 
3151 3 19 1 
2890 3 15 1 
2712 2 18 1 
2707 2 16 1 
2566 1 17 1 
2557 12 19 1 
2445 8 19 1 
2139 4 19 1 
1977 3 18 1 
1907 3 16 1 
1650 2 17 1 
1612 12 18 1 
1583 11 19 1 
1565 9 19 1 
1054 8 18 1 
935 5 19 1 
920 4 18 1 
747 3 17 1 
725 0 8 1 
701 11 18 1 
398 10 19 1 
300 9 18 1 
244 8 17 1 
234 6 19 1 
233 5 18 1 
5297 4 17 1 
5232 1 8 1 
5129 0 13 1 
4958 0 9 1 
4952 11 17 1 
4947 10 18 1 
4661 9 17 1 
4219 7 19 1 
4158 6 18 1 
4010 5 17 1 
3577 4 16 1 
3311 2 8 1 
3185 1 13 1 
3021 1 9 1 
2951 0 12 1 
2882 0 10 1 
2607 11 16 1 
1967 10 17 1 
1901 7 18 1 
1798 6 17 1 
1758 5 16 1 
1749 4 15 1 
1525 3 8 1 
1435 2 13 1 
1116 2 9 1 
446 1 12 1 
5301 1 10 1 
5159 0 11 1 
4652 11 15 1 
4391 10 16 1 
4372 7 17 1 
3893 6 16 1 
3758 5 15 1 
3583 4 14 1 
3455 4 8 1 
3442 3 13 1 
3335 3 9 1 
3226 2 12 1 
3104 2 10 1 
2995 1 11 1 
2851 10 15 1 
2564 9 16 1 
2335 7 16 1 
2238 6 15 1 
2050 5 14 1 
1957 4 13 1 
1900 4 9 1 
1891 3 12 1 
1594 3 10 1 
1220 2 11 1 
1189 9 15 1 
1049 8 16 1 
906 7 15 1 
482 6 14 1 
436 5 13 1 
397 4 12 1 
331 4 10 1 
279 3 11 1 
4 9 14 1 
5766 8 15 1 
5103 7 14 1 
4919 6 13 1 
4360 5 12 1 
4252 4 11 1 
3677 9 13 1 
3265 8 14 1 
2853 7 13 1 
2804 6 12 1 
2658 5 11 1 
2415 8 13 1 
2056 7 12 1 
2023 6 11 1 
2019 5 10 1 
1796 7 11 1 
1765 6 10 1 
1714 5 9 1 
1547 7 10 1 
1514 6 9 1 
1421 5 8 1 
1073 7 9 1 
1006 6 8 1 
904 8 9 1 
775 7 8 1 
330 9 9 1 
172 8 8 1 
160 7 7 1 
5598 9 8 1 
5469 8 7 1 
5293 7 6 1 
5240 0 7 1 
5185 9 7 1 
5007 8 6 1 
4945 1 7 1 
4915 0 6 1 
4900 0 0 1 
4897 9 6 1 
4758 2 7 1 
4596 1 6 1 
4588 1 0 1 
4578 0 5 1 
4558 0 1 1 
4355 3 7 1 
4249 2 6 1 
4155 2 0 1 
3681 1 5 1 
3629 1 1 1 
3399 0 4 1 
3182 0 2 1 
2858 4 7 1 
2812 3 6 1 
2737 3 0 1 
2626 2 5 1 
2244 2 1 1 
2171 1 4 1 
2058 1 2 1 
1861 0 3 1 
1630 9 5 1 
1440 5 7 1 
1391 4 6 1 
1247 3 5 1 
1064 3 1 1 
1059 2 4 1 
1037 2 2 1 
593 1 3 1 
403 9 4 1 
295 8 5 1 
274 6 7 1 
258 5 6 1 
216 4 5 1 
198 3 4 1 
5825 3 2 1 
5606 2 3 1 
5478 8 4 1 
5150 7 5 1 
5116 6 6 1 
4859 5 5 1 
4850 4 4 1 
4720 3 3 1 
4646 8 3 1 
4569 7 4 1 
3954 6 5 1 
3847 5 4 1 
3761 4 3 1 
3670 8 2 1 
3601 7 3 1 
3575 6 4 1 
3359 5 3 1 
3138 4 2 1 
3098 8 1 1 
2805 7 2 1 
2773 6 3 1 
2635 5 2 1 
2597 4 1 1 
2589 7 1 1 
2558 6 2 1 
2446 5 1 1 
2205 4 0 1 
1965 6 1 1 
1733 5 0 1 
1501 13 19 1 
1118 13 18 1 
286 13 17 1 
5685 12 17 1 
5610 12 16 1 
5304 12 15 1 
5050 12 14 1 
4976 11 14 1 
4400 10 14 1 
4331 18 9 1 
4310 10 13 1 
4203 10 11 1 
4087 19 7 1 
3874 18 8 1 
3709 17 9 1 
3020 10 12 1 
2991 9 11 1 
2782 19 6 1 
2692 19 0 1 
2374 18 7 1 
2021 17 8 1 
1905 16 9 1 
1479 9 12 1 
1436 19 5 1 
1281 19 1 1 
1009 18 6 1 
731 18 0 1 
157 17 7 1 
139 16 8 1 
42 15 9 1 
32 14 10 1 
5596 8 12 1 
5562 19 4 1 
5192 19 2 1 
5059 18 5 1 
5029 18 1 1 
4984 17 6 1 
4659 17 0 1 
4244 16 7 1 
4044 15 8 1 
3907 14 9 1 
3891 13 10 1 
3336 8 11 1 
2820 19 3 1 
2699 18 4 1 
2565 18 2 1 
2436 17 5 1 
2295 17 1 1 
1641 16 6 1 
1353 16 0 1 
1339 15 7 1 
1250 14 8 1 
1202 13 9 1 
1145 12 10 1 
1137 8 10 1 
1042 18 3 1 
841 17 4 1 
5824 17 2 1 
5333 16 5 1 
5076 16 1 1 
5019 15 6 1 
4685 15 0 1 
4526 14 7 1 
4202 13 8 1 
4093 12 9 1 
4068 11 10 1 
3701 9 10 1 
3658 17 3 1 
3011 16 4 1 
2872 16 2 1 
2802 15 5 1 
2697 15 1 1 
2164 14 6 1 
2070 14 0 1 
1654 13 7 1 
1261 12 8 1 
1151 11 9 1 
1068 10 10 1 
5728 16 3 1 
4946 15 4 1 
4887 15 2 1 
4843 14 5 1 
4789 14 1 1 
4510 13 6 1 
4381 13 0 1 
4321 12 7 1 
4293 11 8 1 
3824 10 9 1 
3643 15 3 1 
3420 14 4 1 
3038 14 2 1 
2079 13 5 1 
2061 13 1 1 
2035 12 6 1 
1989 11 7 1 
1480 10 8 1 
1460 14 3 1 
1393 13 4 1 
1207 13 2 1 
952 12 5 1 
444 11 6 1 
5688 10 7 1 
5640 13 3 1 
5531 12 4 1 
5296 11 5 1 
5227 10 6 1 
5126 12 3 1 
5119 11 4 1 
5053 10 5 1 
5000 12 2 1 
4895 11 3 1 
4583 10 4 1 
4132 12 1 1 
4003 11 2 1 
3961 10 3 1 
3822 12 0 1 
3768 11 1 1 
3325 10 2 1 
2996 9 3 1 
2803 11 0 1 
2775 10 1 1 
2425 9 2 1 
2360 10 0 1 
2267 9 1 1 
2200 9 0 1 
1986 8 0 1 
1833 7 0 1 
1482 6 0 1 
5812 0 14 26 
5731 1 14 26 
5595 0 19 26 
5475 0 15 26 
5456 2 14 26 
5320 1 19 26 
5252 1 15 26 
5064 0 18 26 
4996 0 16 26 
4867 3 14 26 
4834 2 19 26 
4802 2 15 26 
4751 1 18 26 
4726 1 16 26 
4486 0 17 26 
4425 3 19 26 
4274 3 15 26 
4091 2 18 26 
3858 2 16 26 
3850 1 17 26 
3815 12 19 26 
3713 8 19 26 
3600 4 19 26 
3443 3 18 26 
3391 3 16 26 
3319 2 17 26 
2577 12 18 26 
2304 11 19 26 
1736 9 19 26 
578 8 18 26 
396 5 19 26 
311 4 18 26 
272 3 17 26 
101 0 8 26 
5618 11 18 26 
5555 10 19 26 
5499 9 18 26 
5481 8 17 26 
5477 6 19 26 
5258 5 18 26 
5233 4 17 26 
5207 1 8 26 
5104 0 13 26 
5051 0 9 26 
4708 11 17 26 
4707 10 18 26 
4541 9 17 26 
4453 7 19 26 
4442 6 18 26 
4401 5 17 26 
4191 4 16 26 
4183 2 8 26 
3975 1 13 26 
3721 1 9 26 
3598 0 12 26 
2862 0 10 26 
2663 11 16 26 
2393 10 17 26 
2169 7 18 26 
2155 6 17 26 
1659 5 16 26 
1632 4 15 26 
1588 3 8 26 
1494 2 13 26 
1165 2 9 26 
1102 1 12 26 
1087 1 10 26 
1051 0 11 26 
894 11 15 26 
824 10 16 26 
746 7 17 26 
581 6 16 26 
245 5 15 26 
59 4 14 26 
5793 4 8 26 
5546 3 13 26 
5270 3 9 26 
5214 2 12 26 
5176 2 10 26 
4605 1 11 26 
4589 10 15 26 
4019 9 16 26 
3990 7 16 26 
3434 6 15 26 
3163 5 14 26 
3066 4 13 26 
3003 4 9 26 
2988 3 12 26 
2790 3 10 26 
2514 2 11 26 
2235 9 15 26 
1615 8 16 26 
1469 7 15 26 
989 6 14 26 
914 5 13 26 
207 4 12 26 
127 4 10 26 
5402 3 11 26 
5335 9 14 26 
5273 8 15 26 
5020 7 14 26 
4906 6 13 26 
4624 5 12 26 
4470 4 11 26 
4447 9 13 26 
3995 8 14 26 
3906 7 13 26 
3899 6 12 26 
3816 5 11 26 
3657 8 13 26 
3592 7 12 26 
3501 6 11 26 
3487 5 10 26 
3396 7 11 26 
3346 6 10 26 
3294 5 9 26 
3092 7 10 26 
3060 6 9 26 
2968 5 8 26 
2515 7 9 26 
2095 6 8 26 
1914 8 9 26 
1863 7 8 26 
1842 9 9 26 
1706 8 8 26 
1322 7 7 26 
464 9 8 26 
205 8 7 26 
5 7 6 26 
5837 0 7 26 
5819 9 7 26 
5487 8 6 26 
5332 1 7 26 
4634 0 6 26 
4633 0 0 26 
4499 9 6 26 
4350 2 7 26 
4160 1 6 26 
3791 1 0 26 
3241 0 5 26 
3010 0 1 26 
2868 3 7 26 
2855 2 6 26 
2606 2 0 26 
2544 1 5 26 
2468 1 1 26 
2041 0 4 26 
1789 0 2 26 
1781 4 7 26 
1486 3 6 26 
1209 3 0 26 
1180 2 5 26 
827 2 1 26 
756 1 4 26 
741 1 2 26 
543 0 3 26 
358 9 5 26 
214 5 7 26 
78 4 6 26 
5550 3 5 26 
5313 3 1 26 
5172 2 4 26 
5035 2 2 26 
4676 1 3 26 
4547 9 4 26 
4424 8 5 26 
4313 6 7 26 
4238 5 6 26 
4150 4 5 26 
3624 3 4 26 
3613 3 2 26 
3281 2 3 26 
3164 8 4 26 
3055 7 5 26 
2884 6 6 26 
2814 5 5 26 
2710 4 4 26 
2442 3 3 26 
2420 8 3 26 
1835 7 4 26 
1648 6 5 26 
1522 5 4 26 
1233 4 3 26 
1223 8 2 26 
905 7 3 26 
854 6 4 26 
798 5 3 26 
5859 4 2 26 
5659 8 1 26 
5087 7 2 26 
4553 6 3 26 
4072 5 2 26 
3955 4 1 26 
3778 7 1 26 
3655 6 2 26 
3537 5 1 26 
3472 4 0 26 
2990 6 1 26 
2986 5 0 26 
5394 0 14 51 
5375 1 14 51 
5198 0 19 51 
5191 0 15 51 
4862 2 14 51 
4748 1 19 51 
4592 1 15 51 
4189 0 18 51 
3897 0 16 51 
3724 3 14 51 
3630 2 19 51 
3588 2 15 51 
3350 1 18 51 
3249 1 16 51 
3219 0 17 51 
2945 3 19 51 
2508 3 15 51 
2031 2 18 51 
2024 2 16 51 
2001 1 17 51 
1918 12 19 51 
1592 8 19 51 
1047 4 19 51 
926 3 18 51 
883 3 16 51 
853 2 17 51 
839 12 18 51 
714 11 19 51 
661 9 19 51 
614 8 18 51 
381 5 19 51 
267 4 18 51 
243 3 17 51 
56 0 8 51 
5540 11 18 51 
5539 10 19 51 
5358 9 18 51 
5342 8 17 51 
5082 6 19 51 
5026 5 18 51 
4936 4 17 51 
4911 1 8 51 
4673 0 13 51 
4638 0 9 51 
4575 11 17 51 
4161 10 18 51 
4046 9 17 51 
3884 7 19 51 
3856 6 18 51 
3786 5 17 51 
3694 4 16 51 
3446 2 8 51 
3223 1 13 51 
2640 1 9 51 
2239 0 12 51 
2029 0 10 51 
2005 11 16 51 
1747 10 17 51 
1537 7 18 51 
1529 6 17 51 
1023 5 16 51 
5805 4 15 51 
5434 3 8 51 
5279 2 13 51 
5276 2 9 51 
5113 1 12 51 
4964 1 10 51 
4719 0 11 51 
4565 11 15 51 
4544 10 16 51 
4520 7 17 51 
4426 6 16 51 
3967 5 15 51 
3793 4 14 51 
3739 4 8 51 
3625 3 13 51 
3531 3 9 51 
3467 2 12 51 
3161 2 10 51 
3088 1 11 51 
3014 10 15 51 
2960 9 16 51 
2936 7 16 51 
2764 6 15 51 
2479 5 14 51 
2443 4 13 51 
2080 4 9 51 
1559 3 12 51 
1540 3 10 51 
1442 2 11 51 
1067 9 15 51 
1065 8 16 51 
608 7 15 51 
556 6 14 51 
502 5 13 51 
456 4 12 51 
305 4 10 51 
67 3 11 51 
5835 9 14 51 
5615 8 15 51 
5341 7 14 51 
5040 6 13 51 
4866 5 12 51 
4727 4 11 51 
4681 9 13 51 
4556 8 14 51 
4433 7 13 51 
4144 6 12 51 
4118 5 11 51 
4070 8 13 51 
3885 7 12 51 
3805 6 11 51 
3797 5 10 51 
3795 7 11 51 
3770 6 10 51 
3638 5 9 51 
3564 7 10 51 
3360 6 9 51 
3278 5 8 51 
3165 7 9 51 
3128 6 8 51 
3035 8 9 51 
2823 7 8 51 
2821 9 9 51 
2684 8 8 51 
2540 7 7 51 
2448 9 8 51 
2313 8 7 51 
2284 7 6 51 
2120 0 7 51 
1974 9 7 51 
1680 8 6 51 
1240 1 7 51 
1195 0 6 51 
823 0 0 51 
657 9 6 51 
506 2 7 51 
302 1 6 51 
121 1 0 51 
5259 0 5 51 
4979 0 1 51 
4810 3 7 51 
4793 2 6 51 
4128 2 0 51 
4110 1 5 51 
3838 1 1 51 
3261 0 4 51 
2779 0 2 51 
2616 4 7 51 
2582 3 6 51 
1940 3 0 51 
1913 2 5 51 
1722 2 1 51 
1580 1 4 51 
1524 1 2 51 
1500 0 3 51 
1135 9 5 51 
1024 5 7 51 
662 4 6 51 
459 3 5 51 
407 3 1 51 
380 2 4 51 
356 2 2 51 
5785 1 3 51 
5780 9 4 51 
5741 8 5 51 
5718 6 7 51 
5673 5 6 51 
5496 4 5 51 
5418 3 4 51 
5330 3 2 51 
5271 2 3 51 
5262 8 4 51 
5107 7 5 51 
4980 6 6 51 
4873 5 5 51 
4871 4 4 51 
4829 3 3 51 
4593 8 3 51 
4332 7 4 51 
3985 6 5 51 
3857 5 4 51 
3218 4 3 51 
3181 8 2 51 
2928 7 3 51 
2833 6 4 51 
2667 5 3 51 
2191 4 2 51 
2129 8 1 51 
1490 7 2 51 
1455 6 3 51 
1423 5 2 51 
1253 4 1 51 
850 7 1 51 
568 6 2 51 
289 5 1 51 
162 4 0 51 
152 6 1 51 
5789 5 0 51 
5652 13 19 51 
5607 13 18 51 
5360 13 17 51 
5151 12 17 51 
4999 12 16 51 
4563 12 15 51 
4281 12 14 51 
3890 11 13 51 
3603 11 14 51 
3389 19 9 51 
3376 10 14 51 
2852 19 8 51 
2434 18 9 51 
2069 10 13 51 
1902 10 11 51 
1812 19 7 51 
1154 18 8 51 
1094 17 9 51 
994 10 12 51 
749 9 11 51 
692 19 6 51 
5187 19 0 51 
4683 18 7 51 
4665 17 8 51 
4373 16 9 51 
4054 9 12 51 
4018 19 5 51 
3937 19 1 51 
3925 18 6 51 
3923 18 0 51 
3889 17 7 51 
3633 16 8 51 
3462 15 9 51 
3369 14 10 51 
3328 8 12 51 
2925 19 4 51 
2309 19 2 51 
1703 18 5 51 
1546 18 1 51 
1543 17 6 51 
1204 17 0 51 
1096 16 7 51 
1008 15 8 51 
573 14 9 51 
414 13 10 51 
320 8 11 51 
19 19 3 51 
5800 18 4 51 
5419 18 2 51 
4455 17 5 51 
3243 17 1 51 
3061 16 6 51 
2505 16 0 51 
2225 15 7 51 
2102 14 8 51 
1780 13 9 51 
1614 12 10 51 
1300 8 10 51 
998 18 3 51 
928 17 4 51 
903 17 2 51 
896 16 5 51 
831 16 1 51 
262 15 6 51 
39 15 0 51 
5411 14 7 51 
5354 13 8 51 
5186 12 9 51 
4296 11 10 51 
4179 9 10 51 
4090 17 3 51 
3754 16 4 51 
3560 16 2 51 
3419 15 5 51 
3340 15 1 51 
3286 14 6 51 
3043 14 0 51 
3001 13 7 51 
2964 12 8 51 
2654 11 9 51 
2653 10 10 51 
2587 16 3 51 
2013 15 4 51 
1864 15 2 51 
1799 14 5 51 
1541 14 1 51 
1294 13 6 51 
1212 13 0 51 
876 12 7 51 
406 11 8 51 
138 10 9 51 
128 15 3 51 
5874 14 4 51 
5770 14 2 51 
5675 13 5 51 
5474 13 1 51 
5056 12 6 51 
4858 11 7 51 
4851 10 8 51 
4784 14 3 51 
4477 13 4 51 
4456 13 2 51 
4416 12 5 51 
4357 11 6 51 
4083 10 7 51 
3737 13 3 51 
3277 12 4 51 
2113 11 5 51 
1793 10 6 51 
1640 12 3 51 
1568 11 4 51 
1236 10 5 51 
1090 12 2 51 
1031 11 3 51 
845 10 4 51 
640 12 1 51 
629 11 2 51 
562 10 3 51 
337 12 0 51 
277 11 1 51 
141 10 2 51 
5443 9 3 51 
5260 11 0 51 
5196 10 1 51 
5069 9 2 51 
4864 10 0 51 
4603 9 1 51 
4539 9 0 51 
4463 8 0 51 
4410 7 0 51 
4365 6 0 51 
5831 0 14 76 
5622 1 14 76 
5465 0 19 76 
5295 0 15 76 
4974 2 14 76 
4961 1 19 76 
4863 1 15 76 
4746 0 18 76 
4691 0 16 76 
4399 3 14 76 
4009 2 19 76 
3910 2 15 76 
3459 1 18 76 
3400 1 16 76 
3283 0 17 76 
3252 3 19 76 
2576 3 15 76 
2559 2 18 76 
2495 2 16 76 
2230 1 17 76 
2106 12 19 76 
2071 8 19 76 
1774 4 19 76 
1750 3 18 76 
1485 3 16 76 
1335 2 17 76 
1181 12 18 76 
977 11 19 76 
907 9 19 76 
838 8 18 76 
807 5 19 76 
375 4 18 76 
3 3 17 76 
5838 0 8 76 
5743 11 18 76 
5709 10 19 76 
5397 9 18 76 
5387 8 17 76 
4929 6 19 76 
4903 5 18 76 
4889 4 17 76 
4705 1 8 76 
4599 0 13 76 
4443 0 9 76 
4309 11 17 76 
4230 10 18 76 
4034 9 17 76 
3602 7 19 76 
3439 6 18 76 
2428 5 17 76 
2394 4 16 76 
2148 2 8 76 
2096 1 13 76 
1431 1 9 76 
965 0 12 76 
862 0 10 76 
668 11 16 76 
605 10 17 76 
334 7 18 76 
327 6 17 76 
126 5 16 76 
5222 4 15 76 
5111 3 8 76 
4536 2 13 76 
4394 2 9 76 
4314 1 12 76 
4224 1 10 76 
4002 0 11 76 
3837 11 15 76 
3755 10 16 76 
3641 7 17 76 
3533 6 16 76 
3519 5 15 76 
3493 4 14 76 
3461 4 8 76 
3299 3 13 76 
3272 3 9 76 
3251 2 12 76 
3204 2 10 76 
3188 1 11 76 
2730 10 15 76 
2636 9 16 76 
2632 7 16 76 
2599 6 15 76 
2538 5 14 76 
2174 4 13 76 
2166 4 9 76 
2101 3 12 76 
2015 3 10 76 
2008 2 11 76 
1988 9 15 76 
1769 8 16 76 
1732 7 15 76 
1219 6 14 76 
681 5 13 76 
561 4 12 76 
133 4 10 76 
5841 3 11 76 
5588 9 14 76 
5516 8 15 76 
5470 7 14 76 
4584 6 13 76 
4289 5 12 76 
4135 4 11 76 
4127 9 13 76 
4125 8 14 76 
3869 7 13 76 
3653 6 12 76 
3264 5 11 76 
3194 8 13 76 
2979 7 12 76 
2962 6 11 76 
2776 5 10 76 
2506 7 11 76 
2471 6 10 76 
2437 5 9 76 
2413 7 10 76 
2347 6 9 76 
2248 5 8 76 
2209 7 9 76 
1822 6 8 76 
1778 8 9 76 
1625 7 8 76 
1570 9 9 76 
1296 8 8 76 
1208 7 7 76 
1198 9 8 76 
1127 8 7 76 
349 7 6 76 
44 0 7 76 
35 9 7 76 
5633 8 6 76 
5623 1 7 76 
5291 0 6 76 
5146 0 0 76 
5124 9 6 76 
4803 2 7 76 
4487 1 6 76 
4412 1 0 76 
4029 0 5 76 
3980 0 1 76 
3733 3 7 76 
3704 2 6 76 
3476 2 0 76 
3364 1 5 76 
2947 1 1 76 
2739 0 4 76 
2695 0 2 76 
2403 4 7 76 
2396 3 6 76 
1593 3 0 76 
1269 2 5 76 
1016 2 1 76 
874 1 4 76 
473 1 2 76 
422 0 3 76 
193 9 5 76 
5857 5 7 76 
5844 4 6 76 
5582 3 5 76 
5462 3 1 76 
4300 2 4 76 
4221 2 2 76 
4218 1 3 76 
4017 9 4 76 
3566 8 5 76 
3460 6 7 76 
3234 5 6 76 
3147 4 5 76 
2810 3 4 76 
2700 3 2 76 
2642 2 3 76 
2183 8 4 76 
1921 7 5 76 
1867 6 6 76 
1558 5 5 76 
1358 4 4 76 
1257 3 3 76 
1242 8 3 76 
470 7 4 76 
5645 6 5 76 
5489 5 4 76 
5457 4 3 76 
5033 8 2 76 
4991 7 3 76 
4965 6 4 76 
4827 5 3 76 
4710 4 2 76 
4173 8 1 76 
3611 7 2 76 
3579 6 3 76 
3221 5 2 76 
2992 4 1 76 
2759 7 1 76 
2751 6 2 76 
2690 5 1 76 
2111 4 0 76 
2108 6 1 76 
2040 5 0 76 
