29 28 27 26 27 28 29 38 39 40 41 42 47 46 45 46 47 48 49 50 
28 27 26 25 26 27 28 37 38 39 40 41 46 45 44 45 46 47 48 49 
29 28 27 24 25 28 29 36 37 38 39 40 45 44 43 44 45 46 49 50 
30 29 22 23 24 29 30 35 36 39 40 41 40 41 42 43 44 51 50 51 
31 30 21 22 31 30 31 34 35 40 37 38 39 40 41 42 43 52 51 52 
20 19 20 21 32 31 32 33 34 35 36 37 38 39 40 41 54 53 52 53 
19 18 19 20 35 34 33 34 35 36 37 38 39 40 41 42 55 54 53 54 
18 17 18 19 36 35 34 35 36 37 44 43 42 41 42 43 44 51 52 53 
17 16 15 14 13 14 15 16 37 38 39 44 43 42 43 44 45 50 51 52 
16 15 14 13 12 13 14 15 38 39 40 45 44 43 44 45 48 49 50 51 
13 12 11 10 11 12 13 14 39 40 41 46 45 44 45 46 47 48 49 50 
12 11 10 9 10 13 14 15 70 69 68 69 70 55 54 47 48 49 50 51 
11 10 9 8 9 14 15 16 69 68 67 68 69 54 53 52 51 50 51 52 
10 9 8 7 8 9 10 11 68 67 66 67 68 55 54 53 52 51 52 53 
9 8 7 6 7 8 9 10 67 66 65 66 67 56 55 54 55 56 71 72 
8 7 6 5 6 7 8 9 66 65 64 65 58 57 56 67 56 57 70 71 
1 2 3 4 5 6 7 8 65 64 63 64 59 58 59 66 67 68 69 70 
0 1 2 3 4 9 8 9 64 63 62 61 60 59 60 65 66 67 68 69 
1 2 3 4 5 10 9 10 65 64 63 62 61 62 63 64 65 66 69 70 
2 3 4 5 6 11 10 11 66 65 64 63 62 63 64 65 66 67 70 71 
