29
3
37
57
9
61
15
53
41
83
45
42
14
9
94
65
26
6
51
11
58
93
53
72
44
2
18
17
88
83
19
21
15
86
77
31
11
14
8
51
92
45
62
47
14
19
10
7
46
70
38
43
90
76
91
8
66
71
7
65
53
65
32
68
56
57
81
66
81
64
73
19
27
19
31
1
83
42
73
41
84
33
46
89
74
49
80
37
86
28
93
3
4
20
33
13
88
65
45
72
34
66
73
77
7
47
44
45
94
75
69
90
48
89
19
54
61
27
96
85
18
39
79
12
34
30
92
37
34
50
39
28
90
90
46
26
53
50
89
32
24
65
60
32
57
12
77
46
65
54
24
41
8
70
21
87
81
12
10
12
64
34
4
47
87
82
75
72
48
9
36
62
40
28
51
35
63
69
75
96
12
68
91
85
37
91
72
49
58
56
37
63
55
57
41
60
69
55
37
19
59
45
87
68
9
25
88
31
32
39
59
5
67
76
44
54
60
84
58
36
47
12
1
81
24
59
9
88
16
11
96
14
34
36
51
23
42
41
61
75
68
51
14
59
73
68
17
84
71
43
47
16
72
88
15
85
89
70
70
15
81
41
24
20
33
8
44
73
87
83
36
89
42
32
17
52
58
54
25
56
48
11
9
29
50
21
17
42
82
56
22
3
46
30
62
89
69
53
91
26
27
17
73
7
17
87
93
74
27
59
36
13
48
49
35
45
59
72
12
27
82
15
45
43
68
53
27
55
97
91
99
70
46
16
44
23
42
2
30
96
52
80
87
91
30
75
51
11
3
61
56
3
4
73
47
50
71
85
52
41
16
33
60
88
55
53
52
42
32
49
89
95
43
38
25
49
11
16
27
40
29
54
38
74
74
40
95
64
83
38
87
94
58
23
60
68
76
65
56
84
53
62
8
61
27
83
66
37
55
63
68
30
50
79
72
25
74
71
52
14
3
37
34
8
12
94
51
35
42
54
21
3
40
71
13
30
58
83
34
70
44
10
33
69
12
75
42
65
77
91
47
58
65
44
28
60
65
12
89
42
44
1
47
24
13
8
54
73
89
10
7
91
63
24
90
26
25
38
22
26
70
33
83
36
88
60
80
2
37
55
1
72
56
16
63
44
6
37
65
7
16
53
59
4
63
38
38
59
43
88
30
67
45
17
78
50
30
49
55
73
76
33
79
32
72
77
70
60
34
74
57
21
1
35
85
56
29
62
28
75
89
72
56
61
4
22
57
82
79
72
53
82
29
6
49
7
79
78
70
7
71
41
68
69
85
1
9
51
85
19
31
30
6
3
18
26
40
53
23
87
41
80
64
9
59
64
80
59
34
78
58
7
18
26
45
81
85
27
55
58
56
34
77
44
49
66
78
65
72
48
8
13
13
91
55
48
83
67
27
38
78
35
26
44
50
54
51
96
77
22
14
24
50
54
2
34
52
31
88
47
79
13
36
17
69
86
35
82
24
23
90
9
75
70
15
39
83
64
4
76
51
85
69
1
23
11
19
28
50
52
47
8
58
23
4
13
17
63
92
67
10
64
58
1
56
97
32
25
9
1
54
11
73
38
25
14
91
55
48
51
46
41
40
36
70
9
93
33
98
67
63
63
17
80
20
5
43
37
92
35
30
80
43
31
88
49
77
53
17
85
5
27
90
74
77
75
59
38
15
79
82
94
96
19
93
74
76
70
20
23
31
32
32
94
82
74
43
94
41
34
6
7
63
34
28
17
36
44
34
63
30
37
39
80
82
12
40
22
72
34
63
85
94
1
37
31
66
60
59
18
71
84
38
83
61
54
68
83
82
14
51
81
77
61
90
20
54
56
17
5
70
68
45
16
32
91
74
68
37
11
76
74
78
75
50
92
49
38
44
37
61
9
75
71
88
93
24
30
6
93
11
53
88
62
79
70
19
65
80
58
9
72
79
31
40
50
26
51
33
53
8
63
69
42
58
92
59
87
44
21
92
2
4
10
61
92
84
46
20
9
59
49
3
69
93
57
82
22
84
53
17
7
65
6
34
20
92
93
28
12
25
96
23
91
97
83
11
88
94
76
88
89
79
54
63
62
47
83
24
27
2
56
70
9
45
20
86
83
88
76
86
25
22
69
40
36
85
25
92
54
34
82
51
16
46
2
51
14
71
33
69
15
59
20
19
40
94
54
57
15
89
25
61
32
78
37
82
24
36
84
93
71
75
74
29
76
19
42
15
8
23
1
75
38
24
28
15
56
94
27
48
38
33
18
12
68
79
49
53
4
61
97
90
26
95
93
11
51
63
32
26
28
58
94
76
42
66
49
83
54
35
54
6
18
30
91
10
32
42
91
45
23
68
73
85
7
77
76
96
82
91
90
94
56
40
85
76
1
42
25
38
63
39
68
1
1
12
87
63
76
95
86
39
2
55
95
89
9
56
77
44
96
91
80
74
76
42
81
20
26
73
19
31
81
36
71
86
84
20
81
48
77
25
61
38
22
23
58
42
17
73
92
64
18
80
91
83
76
21
57
80
47
94
30
83
30
85
28
94
91
50
8
97
81
58
78
84
78
63
13
89
4
43
56
22
39
52
70
2
64
29
54
42
13
19
88
39
14
13
58
75
71
56
90
98
16
41
62
26
76
26
44
62
34
32
49
7
27
24
17
32
17
52
20
80
13
77
77
14
71
78
19
14
86
79
16
65
52
91
41
73
53
65
16
88
68
46
87
26
19
82
85
19
43
10
22
81
71
35
13
95
21
19
96
18
65
14
39
92
62
14
47
21
60
90
90
27
45
67
35
46
66
43
41
86
19
96
87
31
4
79
54
61
66
94
95
71
15
80
31
95
33
33
11
48
72
19
90
4
58
2
62
78
66
