100 20 20 11
00000000000000000000
00000000000000000000
00000000000000000000
00000000000000000000
00000000000000000000
11111111100000111111
00000000000000000000
00000000011100000000
00000000000000000000
00000000000011000000
00000000000000000000
00000000000000000000
11111100000000000000
00000000000000000000
00000011100000000000
00000000000000000000
00000000000000000000
00000000000000000000
00000000000000000000
0000000000000000000
0000000000000000000
0000000000000000000
0000000000000000000
0000000000000000000
0000000000000000000
0000000010000000000
0000000010000000000
0000000000010000000
0000000000010000000
0000000000000100000
0000000000000100000
0000000000000100000
0000010000000100000
0000010000000000000
0000000000000000000
0000000000000000000
0000000000000000000
0000000000000000000
0000000000000000000

