1881
5667 14 19 1 
5635 14 18 1 
4658 15 19 1 
4615 19 19 1 
4384 14 17 1 
4378 15 18 1 
4272 16 19 1 
4260 18 19 1 
4109 19 10 1 
4015 19 18 1 
3825 0 14 1 
3794 15 17 1 
3553 16 18 1 
3482 17 19 1 
3215 18 10 1 
3151 18 18 1 
2890 19 11 1 
2712 19 17 1 
2707 0 15 1 
2566 0 19 1 
2557 1 14 1 
2445 16 17 1 
2139 17 10 1 
1977 17 18 1 
1907 18 11 1 
1650 18 17 1 
1612 19 12 1 
1583 19 16 1 
1565 0 16 1 
1054 0 18 1 
935 1 15 1 
920 1 19 1 
747 2 14 1 
725 16 10 1 
701 17 11 1 
398 17 17 1 
300 18 12 1 
244 18 16 1 
234 19 13 1 
233 19 15 1 
5297 0 17 1 
5232 1 16 1 
5129 1 18 1 
4958 2 15 1 
4952 2 19 1 
4947 3 14 1 
4661 15 10 1 
4219 16 11 1 
4158 17 12 1 
4010 17 16 1 
3577 18 13 1 
3311 18 15 1 
3185 19 14 1 
3021 1 17 1 
2951 2 16 1 
2882 2 18 1 
2607 3 15 1 
1967 3 19 1 
1901 13 19 1 
1798 15 11 1 
1758 16 12 1 
1749 16 16 1 
1525 17 13 1 
1435 17 15 1 
1116 18 14 1 
446 2 17 1 
5301 3 16 1 
5159 3 18 1 
4652 4 19 1 
4391 8 19 1 
4372 12 19 1 
3893 13 18 1 
3758 14 11 1 
3583 15 12 1 
3455 15 16 1 
3442 16 13 1 
3335 16 15 1 
3226 17 14 1 
3104 0 8 1 
2995 3 17 1 
2851 4 18 1 
2564 5 19 1 
2335 8 18 1 
2238 9 19 1 
2050 11 19 1 
1957 12 18 1 
1900 13 11 1 
1891 13 17 1 
1594 14 12 1 
1220 14 16 1 
1189 15 13 1 
1049 15 15 1 
906 16 14 1 
482 0 9 1 
436 0 13 1 
397 1 8 1 
331 4 17 1 
279 5 18 1 
4 6 19 1 
5766 8 17 1 
5103 9 18 1 
4919 10 19 1 
4360 11 18 1 
4252 12 11 1 
3677 12 17 1 
3265 13 12 1 
2853 13 16 1 
2804 14 13 1 
2658 14 15 1 
2415 15 14 1 
2056 0 10 1 
2023 0 12 1 
2019 1 9 1 
1796 1 13 1 
1765 2 8 1 
1714 4 16 1 
1547 5 17 1 
1514 6 18 1 
1421 7 19 1 
1073 9 17 1 
1006 10 18 1 
904 11 11 1 
775 11 17 1 
330 12 12 1 
172 12 16 1 
160 13 13 1 
5598 13 15 1 
5469 14 14 1 
5293 0 11 1 
5240 1 10 1 
5185 1 12 1 
5007 2 9 1 
4945 2 13 1 
4915 3 8 1 
4900 4 15 1 
4897 5 16 1 
4758 6 17 1 
4596 7 18 1 
4588 10 17 1 
4578 11 12 1 
4558 11 16 1 
4355 12 13 1 
4249 12 15 1 
4155 13 14 1 
3681 1 11 1 
3629 2 10 1 
3399 2 12 1 
3182 3 9 1 
2858 3 13 1 
2812 4 8 1 
2737 4 14 1 
2626 5 15 1 
2244 6 16 1 
2171 7 17 1 
2058 10 16 1 
1861 11 13 1 
1630 11 15 1 
1440 12 14 1 
1391 2 11 1 
1247 3 10 1 
1064 3 12 1 
1059 4 9 1 
1037 4 13 1 
593 5 14 1 
403 6 15 1 
295 7 16 1 
274 9 16 1 
258 10 15 1 
216 11 14 1 
198 3 11 1 
5825 4 10 1 
5606 4 12 1 
5478 5 13 1 
5150 6 14 1 
5116 7 15 1 
4859 8 16 1 
4850 9 15 1 
4720 10 14 1 
4646 19 9 1 
4569 4 11 1 
3954 5 12 1 
3847 6 13 1 
3761 7 14 1 
3670 8 15 1 
3601 9 14 1 
3575 10 11 1 
3359 10 13 1 
3138 18 9 1 
3098 19 8 1 
2805 5 11 1 
2773 6 12 1 
2635 7 13 1 
2597 8 14 1 
2589 9 11 1 
2558 9 13 1 
2446 10 12 1 
2205 17 9 1 
1965 18 8 1 
1733 19 7 1 
1501 5 10 1 
1118 6 11 1 
286 7 12 1 
5685 8 13 1 
5610 9 12 1 
5304 16 9 1 
5050 17 8 1 
4976 18 7 1 
4400 19 0 1 
4331 19 6 1 
4310 5 9 1 
4203 6 10 1 
4087 7 11 1 
3874 8 12 1 
3709 14 10 1 
3020 15 9 1 
2991 16 8 1 
2782 17 7 1 
2692 18 0 1 
2374 18 6 1 
2021 19 1 1 
1905 19 5 1 
1479 5 8 1 
1436 6 9 1 
1281 7 10 1 
1009 8 11 1 
731 13 10 1 
157 14 9 1 
139 15 8 1 
42 16 7 1 
32 17 0 1 
5596 17 6 1 
5562 18 1 1 
5192 18 5 1 
5059 19 2 1 
5029 19 4 1 
4984 6 8 1 
4659 7 9 1 
4244 8 10 1 
4044 12 10 1 
3907 13 9 1 
3891 14 8 1 
3336 15 7 1 
2820 16 0 1 
2699 16 6 1 
2565 17 1 1 
2436 17 5 1 
2295 18 2 1 
1641 18 4 1 
1353 19 3 1 
1339 7 8 1 
1250 8 9 1 
1202 9 10 1 
1145 11 10 1 
1137 12 9 1 
1042 13 8 1 
841 14 7 1 
5824 15 0 1 
5333 15 6 1 
5076 16 1 1 
5019 16 5 1 
4685 17 2 1 
4526 17 4 1 
4202 18 3 1 
4093 7 7 1 
4068 8 8 1 
3701 9 9 1 
3658 10 10 1 
3011 11 9 1 
2872 12 8 1 
2802 13 7 1 
2697 14 0 1 
2164 14 6 1 
2070 15 1 1 
1654 15 5 1 
1261 16 2 1 
1151 16 4 1 
1068 17 3 1 
5728 0 7 1 
4946 7 6 1 
4887 8 7 1 
4843 9 8 1 
4789 10 9 1 
4510 11 8 1 
4381 12 7 1 
4321 13 0 1 
4293 13 6 1 
3824 14 1 1 
3643 14 5 1 
3420 15 2 1 
3038 15 4 1 
2079 16 3 1 
2061 0 0 1 
2035 0 6 1 
1989 1 7 1 
1480 8 6 1 
1460 9 7 1 
1393 10 8 1 
1207 11 7 1 
952 12 6 1 
444 13 1 1 
5688 13 5 1 
5640 14 2 1 
5531 14 4 1 
5296 15 3 1 
5227 0 1 1 
5126 0 5 1 
5119 1 0 1 
5053 1 6 1 
5000 2 7 1 
4895 9 6 1 
4583 10 7 1 
4132 11 6 1 
4003 12 5 1 
3961 13 2 1 
3822 13 4 1 
3768 14 3 1 
3325 0 2 1 
2996 0 4 1 
2803 1 1 1 
2775 1 5 1 
2425 2 0 1 
2360 2 6 1 
2267 3 7 1 
2200 10 6 1 
1986 11 5 1 
1833 12 4 1 
1482 13 3 1 
1310 0 3 1 
724 1 2 1 
624 1 4 1 
269 2 1 1 
5560 2 5 1 
5554 3 0 1 
5003 3 6 1 
4637 4 7 1 
4236 10 5 1 
4130 11 4 1 
3811 12 3 1 
3714 1 3 1 
3578 2 2 1 
3528 2 4 1 
3440 3 1 1 
3153 3 5 1 
3059 4 6 1 
2647 5 7 1 
2299 9 5 1 
2016 10 4 1 
1670 11 3 1 
5702 12 2 1 
4842 2 3 1 
4732 3 2 1 
4405 3 4 1 
4291 4 5 1 
4290 5 6 1 
3605 6 7 1 
3338 8 5 1 
3337 9 4 1 
3171 10 3 1 
2336 11 2 1 
2332 12 1 1 
1825 3 3 1 
1183 4 4 1 
134 5 5 1 
5712 6 6 1 
5429 7 5 1 
4744 8 4 1 
4586 9 3 1 
4409 10 2 1 
4338 11 1 1 
3749 12 0 1 
3691 4 3 1 
3505 5 4 1 
3379 6 5 1 
3107 7 4 1 
3069 8 3 1 
2571 9 2 1 
1906 10 1 1 
1201 11 0 1 
409 4 2 1 
4840 5 3 1 
4549 6 4 1 
4201 7 3 1 
3196 8 2 1 
3166 9 1 1 
2746 10 0 1 
2549 4 1 1 
2516 5 2 1 
2390 6 3 1 
492 7 2 1 
363 8 1 1 
5510 9 0 1 
4775 4 0 1 
4507 5 1 1 
4451 6 2 1 
3900 7 1 1 
3499 8 0 1 
5338 5 0 1 
4807 6 1 1 
2980 7 0 1 
2064 6 0 1 
606 6 1 12 
268 5 1 13 
950 6 2 13 
186 7 1 13 
5690 5 2 14 
1527 7 2 14 
2173 8 1 14 
5319 5 3 14 
366 8 2 14 
404 9 1 14 
881 5 4 15 
1147 8 3 15 
2747 10 1 15 
3896 4 4 16 
2426 5 5 16 
2644 8 4 15 
2857 11 1 15 
4938 2 3 16 
294 4 5 16 
550 5 6 16 
708 9 4 16 
1420 1 3 17 
2758 2 2 17 
5246 4 6 17 
107 10 4 17 
109 1 2 18 
3330 2 1 18 
3790 3 6 17 
4276 11 4 17 
5400 1 1 18 
5778 2 6 18 
960 11 5 18 
2098 12 4 18 
2948 1 6 18 
4377 11 6 18 
209 12 5 18 
955 13 4 18 
958 14 3 18 
961 9 7 19 
2282 12 6 19 
2860 13 5 18 
3929 14 2 18 
4629 14 4 18 
4656 15 3 18 
5044 8 7 19 
5750 9 8 19 
587 12 7 19 
1075 13 6 19 
1088 14 1 19 
1359 15 2 19 
1428 15 4 19 
1874 8 8 20 
2162 9 9 20 
2867 12 8 20 
2998 13 7 20 
3659 15 1 20 
3802 16 2 20 
5492 8 9 21 
435 12 9 21 
1089 13 8 21 
2293 16 1 20 
2781 16 5 20 
3913 17 2 20 
4207 7 9 21 
5221 13 9 21 
5812 14 19 26 
5731 14 18 26 
5595 15 19 26 
5475 19 19 26 
5456 14 17 26 
5320 15 18 26 
5252 16 19 26 
5064 18 19 26 
4996 19 10 26 
4867 19 18 26 
4834 0 14 26 
4802 15 17 26 
4751 16 18 26 
4726 17 19 26 
4486 18 10 26 
4425 18 18 26 
4274 19 11 26 
4091 19 17 26 
3858 0 15 26 
3850 0 19 26 
3815 1 14 26 
3713 16 17 26 
3600 17 10 26 
3443 17 18 26 
3391 18 11 26 
3319 18 17 26 
2577 19 12 26 
2304 19 16 26 
1736 0 16 26 
578 0 18 26 
396 1 15 26 
311 1 19 26 
272 2 14 26 
101 16 10 26 
5618 17 11 26 
5555 17 17 26 
5499 18 12 26 
5481 18 16 26 
5477 19 13 26 
5258 19 15 26 
5233 0 17 26 
5207 1 16 26 
5104 1 18 26 
5051 2 15 26 
4708 2 19 26 
4707 3 14 26 
4541 15 10 26 
4453 16 11 26 
4442 17 12 26 
4401 17 16 26 
4191 18 13 26 
4183 18 15 26 
3975 19 14 26 
3721 1 17 26 
3598 2 16 26 
2862 2 18 26 
2663 3 15 26 
2393 3 19 26 
2169 13 19 26 
2155 15 11 26 
1659 16 12 26 
1632 16 16 26 
1588 17 13 26 
1494 17 15 26 
1165 18 14 26 
1102 2 17 26 
1087 3 16 26 
1051 3 18 26 
894 4 19 26 
824 8 19 26 
746 12 19 26 
581 13 18 26 
245 14 11 26 
59 15 12 26 
5793 15 16 26 
5546 16 13 26 
5270 16 15 26 
5214 17 14 26 
5176 0 8 26 
4605 3 17 26 
4589 4 18 26 
4019 5 19 26 
3990 8 18 26 
3434 9 19 26 
3163 11 19 26 
3066 12 18 26 
3003 13 11 26 
2988 13 17 26 
2790 14 12 26 
2514 14 16 26 
2235 15 13 26 
1615 15 15 26 
1469 16 14 26 
989 0 9 26 
914 0 13 26 
207 1 8 26 
127 4 17 26 
5402 5 18 26 
5335 6 19 26 
5273 8 17 26 
5020 9 18 26 
4906 10 19 26 
4624 11 18 26 
4470 12 11 26 
4447 12 17 26 
3995 13 12 26 
3906 13 16 26 
3899 14 13 26 
3816 14 15 26 
3657 15 14 26 
3592 0 10 26 
3501 0 12 26 
3487 1 9 26 
3396 1 13 26 
3346 2 8 26 
3294 4 16 26 
3092 5 17 26 
3060 6 18 26 
2968 7 19 26 
2515 9 17 26 
2095 10 18 26 
1914 11 11 26 
1863 11 17 26 
1842 12 12 26 
1706 12 16 26 
1322 13 13 26 
464 13 15 26 
205 14 14 26 
5 0 11 26 
5837 1 10 26 
5819 1 12 26 
5487 2 9 26 
5332 2 13 26 
4634 3 8 26 
4633 4 15 26 
4499 5 16 26 
4350 6 17 26 
4160 7 18 26 
3791 10 17 26 
3241 11 12 26 
3010 11 16 26 
2868 12 13 26 
2855 12 15 26 
2606 13 14 26 
2544 1 11 26 
2468 2 10 26 
2041 2 12 26 
1789 3 9 26 
1781 3 13 26 
1486 4 8 26 
1209 4 14 26 
1180 5 15 26 
827 6 16 26 
756 7 17 26 
741 10 16 26 
543 11 13 26 
358 11 15 26 
214 12 14 26 
78 2 11 26 
5550 3 10 26 
5313 3 12 26 
5172 4 9 26 
5035 4 13 26 
4676 5 14 26 
4547 6 15 26 
4424 7 16 26 
4313 9 16 26 
4238 10 15 26 
4150 11 14 26 
3624 3 11 26 
3613 4 10 26 
3281 4 12 26 
3164 5 13 26 
3055 6 14 26 
2884 7 15 26 
2814 8 16 26 
2710 9 15 26 
2442 10 14 26 
2420 19 9 26 
1835 4 11 26 
1648 5 12 26 
1522 6 13 26 
1233 7 14 26 
1223 8 15 26 
905 9 14 26 
854 10 11 26 
798 10 13 26 
5859 18 9 26 
5659 19 8 26 
5087 5 11 26 
4553 6 12 26 
4072 7 13 26 
3955 8 14 26 
3778 9 11 26 
3655 9 13 26 
3537 10 12 26 
3472 17 9 26 
2990 18 8 26 
2986 19 7 26 
2822 5 10 26 
2410 6 11 26 
2197 7 12 26 
2112 8 13 26 
1961 9 12 26 
1740 16 9 26 
1556 17 8 26 
1232 18 7 26 
1179 19 0 26 
359 19 6 26 
202 5 9 26 
201 6 10 26 
102 7 11 26 
5746 8 12 26 
5424 14 10 26 
5308 15 9 26 
5149 16 8 26 
4806 17 7 26 
4678 18 0 26 
4406 18 6 26 
4354 19 1 26 
4222 19 5 26 
4056 5 8 26 
4037 6 9 26 
3933 7 10 26 
3748 8 11 26 
3453 13 10 26 
3263 14 9 26 
2978 15 8 26 
2842 16 7 26 
2276 17 0 26 
2028 17 6 26 
1938 18 1 26 
1828 18 5 26 
1356 19 2 26 
1046 19 4 26 
898 6 8 26 
884 7 9 26 
745 8 10 26 
723 12 10 26 
563 13 9 26 
530 14 8 26 
350 15 7 26 
184 16 0 26 
5599 16 6 26 
5508 17 1 26 
5468 17 5 26 
5409 18 2 26 
4780 18 4 26 
4730 19 3 26 
4581 7 8 26 
4431 8 9 26 
4210 9 10 26 
4134 11 10 26 
4100 12 9 26 
3992 13 8 26 
3673 14 7 26 
3429 15 0 26 
3382 15 6 26 
2969 16 1 26 
2952 16 5 26 
2912 17 2 26 
2532 17 4 26 
2530 18 3 26 
2411 7 7 26 
2408 8 8 26 
1972 9 9 26 
1531 10 10 26 
1496 11 9 26 
1459 12 8 26 
607 13 7 26 
344 14 0 26 
91 14 6 26 
73 15 1 26 
5726 15 5 26 
5611 16 2 26 
5513 16 4 26 
4943 17 3 26 
4916 0 7 26 
4288 7 6 26 
3983 8 7 26 
3667 9 8 26 
3497 10 9 26 
3412 11 8 26 
3169 12 7 26 
3122 13 0 26 
2922 13 6 26 
2839 14 1 26 
2675 14 5 26 
1958 15 2 26 
1949 15 4 26 
1411 16 3 26 
1406 0 0 26 
1366 0 6 26 
1259 1 7 26 
689 8 6 26 
600 9 7 26 
5813 10 8 26 
5577 11 7 26 
5091 12 6 26 
5017 13 1 26 
4745 13 5 26 
4648 14 2 26 
4530 14 4 26 
4379 15 3 26 
4337 0 1 26 
4307 0 5 26 
4076 1 0 26 
3663 1 6 26 
3595 2 7 26 
3339 9 6 26 
3310 10 7 26 
3190 11 6 26 
2967 12 5 26 
2439 13 2 26 
2367 13 4 26 
2212 14 3 26 
2142 0 2 26 
1847 0 4 26 
1519 1 1 26 
1386 1 5 26 
967 2 0 26 
505 2 6 26 
469 3 7 26 
146 10 6 26 
5715 11 5 26 
5285 12 4 26 
5216 13 3 26 
5052 0 3 26 
4762 1 2 26 
4537 1 4 26 
4458 2 1 26 
4369 2 5 26 
4361 3 0 26 
3435 3 6 26 
3333 4 7 26 
3149 10 5 26 
2923 11 4 26 
2020 12 3 26 
1953 1 3 26 
1838 2 2 26 
1679 2 4 26 
1320 3 1 26 
1168 3 5 26 
910 4 6 26 
864 5 7 26 
737 9 5 26 
5597 10 4 26 
4826 11 3 26 
4825 12 2 26 
4551 2 3 26 
4484 3 2 26 
4103 3 4 26 
3027 4 5 26 
3024 5 6 26 
3013 6 7 26 
2897 8 5 26 
2754 9 4 26 
2546 10 3 26 
2435 11 2 26 
2253 12 1 26 
2251 3 3 26 
1365 4 4 26 
1282 5 5 26 
1144 6 6 26 
200 7 5 26 
4837 8 4 26 
4740 9 3 26 
4594 10 2 26 
4176 11 1 26 
3940 12 0 26 
3882 4 3 26 
3845 5 4 26 
3220 6 5 26 
2462 7 4 26 
2249 8 3 26 
2044 9 2 26 
2037 10 1 26 
1351 11 0 26 
281 4 2 26 
129 5 3 26 
90 6 4 26 
5445 7 3 26 
4759 8 2 26 
4521 9 1 26 
4287 10 0 26 
4096 4 1 26 
2297 5 2 26 
660 6 3 26 
420 7 2 26 
408 8 1 26 
5410 9 0 26 
4628 4 0 26 
3229 5 1 26 
1887 6 2 26 
1252 7 1 26 
520 8 0 26 
5814 5 0 26 
4857 6 1 26 
4764 7 0 26 
4473 6 0 26 
718 6 1 37 
4328 5 1 38 
1802 6 2 38 
2351 7 1 38 
2827 5 2 39 
3879 7 2 39 
641 8 1 39 
4316 5 3 40 
5175 8 2 39 
217 9 1 39 
467 5 4 40 
574 8 3 40 
4815 10 1 40 
5439 4 4 41 
1036 5 5 41 
1276 8 4 40 
2421 11 1 40 
2693 2 3 41 
2907 4 5 41 
3963 5 6 41 
5523 9 4 41 
1044 1 3 42 
1548 2 2 42 
1561 4 6 42 
1720 10 4 41 
3127 1 2 42 
3619 2 1 42 
4023 3 6 42 
4706 11 4 42 
5089 1 1 43 
5325 2 6 43 
2012 11 5 42 
2051 12 4 42 
3800 1 6 43 
5752 11 6 43 
114 12 5 43 
284 13 4 43 
713 14 3 43 
1167 9 7 44 
1725 12 6 43 
2126 13 5 43 
3470 14 2 43 
3732 14 4 43 
4286 15 3 43 
4680 8 7 44 
5471 9 8 44 
111 12 7 44 
1010 13 6 44 
1260 14 1 44 
1645 15 2 44 
1783 15 4 44 
1933 8 8 45 
2920 9 9 45 
4214 12 8 45 
4788 13 7 45 
1150 15 1 45 
2424 16 2 44 
2795 8 9 45 
2849 12 9 45 
3635 13 8 45 
4043 16 1 45 
4671 16 5 45 
548 17 2 45 
867 7 9 46 
3080 13 9 46 
3447 16 6 45 
3634 17 1 45 
3664 17 5 45 
4590 18 2 45 
4846 6 9 46 
5437 7 10 46 
5394 14 19 51 
5375 14 18 51 
5198 15 19 51 
5191 19 19 51 
4862 14 17 51 
4748 15 18 51 
4592 16 19 51 
4189 18 19 51 
3897 19 10 51 
3724 19 18 51 
3630 0 14 51 
3588 15 17 51 
3350 16 18 51 
3249 17 19 51 
3219 18 10 51 
2945 18 18 51 
2508 19 11 51 
2031 19 17 51 
2024 0 15 51 
2001 0 19 51 
1918 1 14 51 
1592 16 17 51 
1047 17 10 51 
926 17 18 51 
883 18 11 51 
853 18 17 51 
839 19 12 51 
714 19 16 51 
661 0 16 51 
614 0 18 51 
381 1 15 51 
267 1 19 51 
243 2 14 51 
56 16 10 51 
5540 17 11 51 
5539 17 17 51 
5358 18 12 51 
5342 18 16 51 
5082 19 13 51 
5026 19 15 51 
4936 0 17 51 
4911 1 16 51 
4673 1 18 51 
4638 2 15 51 
4575 2 19 51 
4161 3 14 51 
4046 15 10 51 
3884 16 11 51 
3856 17 12 51 
3786 17 16 51 
3694 18 13 51 
3446 18 15 51 
3223 19 14 51 
2640 1 17 51 
2239 2 16 51 
2029 2 18 51 
2005 3 15 51 
1747 3 19 51 
1537 13 19 51 
1529 15 11 51 
1023 16 12 51 
5805 16 16 51 
5434 17 13 51 
5279 17 15 51 
5276 18 14 51 
5113 2 17 51 
4964 3 16 51 
4719 3 18 51 
4565 4 19 51 
4544 8 19 51 
4520 12 19 51 
4426 13 18 51 
3967 14 11 51 
3793 15 12 51 
3739 15 16 51 
3625 16 13 51 
3531 16 15 51 
3467 17 14 51 
3161 0 8 51 
3088 3 17 51 
3014 4 18 51 
2960 5 19 51 
2936 8 18 51 
2764 9 19 51 
2479 11 19 51 
2443 12 18 51 
2080 13 11 51 
1559 13 17 51 
1540 14 12 51 
1442 14 16 51 
1067 15 13 51 
1065 15 15 51 
608 16 14 51 
556 0 9 51 
502 0 13 51 
456 1 8 51 
305 4 17 51 
67 5 18 51 
5835 6 19 51 
5615 8 17 51 
5341 9 18 51 
5040 10 19 51 
4866 11 18 51 
4727 12 11 51 
4681 12 17 51 
4556 13 12 51 
4433 13 16 51 
4144 14 13 51 
4118 14 15 51 
4070 15 14 51 
3885 0 10 51 
3805 0 12 51 
3797 1 9 51 
3795 1 13 51 
3770 2 8 51 
3638 4 16 51 
3564 5 17 51 
3360 6 18 51 
3278 7 19 51 
3165 9 17 51 
3128 10 18 51 
3035 11 11 51 
2823 11 17 51 
2821 12 12 51 
2684 12 16 51 
2540 13 13 51 
2448 13 15 51 
2313 14 14 51 
2284 0 11 51 
2120 1 10 51 
1974 1 12 51 
1680 2 9 51 
1240 2 13 51 
1195 3 8 51 
823 4 15 51 
657 5 16 51 
506 6 17 51 
302 7 18 51 
121 10 17 51 
5259 11 12 51 
4979 11 16 51 
4810 12 13 51 
4793 12 15 51 
4128 13 14 51 
4110 1 11 51 
3838 2 10 51 
3261 2 12 51 
2779 3 9 51 
2616 3 13 51 
2582 4 8 51 
1940 4 14 51 
1913 5 15 51 
1722 6 16 51 
1580 7 17 51 
1524 10 16 51 
1500 11 13 51 
1135 11 15 51 
1024 12 14 51 
662 2 11 51 
459 3 10 51 
407 3 12 51 
380 4 9 51 
356 4 13 51 
5785 5 14 51 
5780 6 15 51 
5741 7 16 51 
5718 9 16 51 
5673 10 15 51 
5496 11 14 51 
5418 3 11 51 
5330 4 10 51 
5271 4 12 51 
5262 5 13 51 
5107 6 14 51 
4980 7 15 51 
4873 8 16 51 
4871 9 15 51 
4829 10 14 51 
4593 19 9 51 
4332 4 11 51 
3985 5 12 51 
3857 6 13 51 
3218 7 14 51 
3181 8 15 51 
2928 9 14 51 
2833 10 11 51 
2667 10 13 51 
2191 18 9 51 
2129 19 8 51 
1490 5 11 51 
1455 6 12 51 
1423 7 13 51 
1253 8 14 51 
850 9 11 51 
568 9 13 51 
289 10 12 51 
162 17 9 51 
152 18 8 51 
5789 19 7 51 
5652 5 10 51 
5607 6 11 51 
5360 7 12 51 
5151 8 13 51 
4999 9 12 51 
4563 16 9 51 
4281 17 8 51 
3890 18 7 51 
3603 19 0 51 
3389 19 6 51 
3376 5 9 51 
2852 6 10 51 
2434 7 11 51 
2069 8 12 51 
1902 14 10 51 
1812 15 9 51 
1154 16 8 51 
1094 17 7 51 
994 18 0 51 
749 18 6 51 
692 19 1 51 
5187 19 5 51 
4683 5 8 51 
4665 6 9 51 
4373 7 10 51 
4054 8 11 51 
4018 13 10 51 
3937 14 9 51 
3925 15 8 51 
3923 16 7 51 
3889 17 0 51 
3633 17 6 51 
3462 18 1 51 
3369 18 5 51 
3328 19 2 51 
2925 19 4 51 
2309 6 8 51 
1703 7 9 51 
1546 8 10 51 
1543 12 10 51 
1204 13 9 51 
1096 14 8 51 
1008 15 7 51 
573 16 0 51 
414 16 6 51 
320 17 1 51 
19 17 5 51 
5800 18 2 51 
5419 18 4 51 
4455 19 3 51 
3243 7 8 51 
3061 8 9 51 
2505 9 10 51 
2225 11 10 51 
2102 12 9 51 
1780 13 8 51 
1614 14 7 51 
1300 15 0 51 
998 15 6 51 
928 16 1 51 
903 16 5 51 
896 17 2 51 
831 17 4 51 
262 18 3 51 
39 7 7 51 
5411 8 8 51 
5354 9 9 51 
5186 10 10 51 
4296 11 9 51 
4179 12 8 51 
4090 13 7 51 
3754 14 0 51 
3560 14 6 51 
3419 15 1 51 
3340 15 5 51 
3286 16 2 51 
3043 16 4 51 
3001 17 3 51 
2964 0 7 51 
2654 7 6 51 
2653 8 7 51 
2587 9 8 51 
2013 10 9 51 
1864 11 8 51 
1799 12 7 51 
1541 13 0 51 
1294 13 6 51 
1212 14 1 51 
876 14 5 51 
406 15 2 51 
138 15 4 51 
128 16 3 51 
5874 0 0 51 
5770 0 6 51 
5675 1 7 51 
5474 8 6 51 
5056 9 7 51 
4858 10 8 51 
4851 11 7 51 
4784 12 6 51 
4477 13 1 51 
4456 13 5 51 
4416 14 2 51 
4357 14 4 51 
4083 15 3 51 
3737 0 1 51 
3277 0 5 51 
2113 1 0 51 
1793 1 6 51 
1640 2 7 51 
1568 9 6 51 
1236 10 7 51 
1090 11 6 51 
1031 12 5 51 
845 13 2 51 
640 13 4 51 
629 14 3 51 
562 0 2 51 
337 0 4 51 
277 1 1 51 
141 1 5 51 
5443 2 0 51 
5260 2 6 51 
5196 3 7 51 
5069 10 6 51 
4864 11 5 51 
4603 12 4 51 
4539 13 3 51 
4463 0 3 51 
4410 1 2 51 
4365 1 4 51 
4137 2 1 51 
3828 2 5 51 
3708 3 0 51 
3301 3 6 51 
3052 4 7 51 
2669 10 5 51 
2264 11 4 51 
2182 12 3 51 
2073 1 3 51 
1444 2 2 51 
1394 2 4 51 
1129 3 1 51 
810 3 5 51 
508 4 6 51 
441 5 7 51 
174 9 5 51 
5564 10 4 51 
5318 11 3 51 
5265 12 2 51 
4881 2 3 51 
3562 3 2 51 
3458 3 4 51 
3424 4 5 51 
3262 5 6 51 
2900 6 7 51 
2892 8 5 51 
2575 9 4 51 
2160 10 3 51 
1917 11 2 51 
1504 12 1 51 
938 3 3 51 
442 4 4 51 
430 5 5 51 
5518 6 6 51 
5339 7 5 51 
5323 8 4 51 
4890 9 3 51 
4878 10 2 51 
4618 11 1 51 
4459 12 0 51 
4226 4 3 51 
4095 5 4 51 
3927 6 5 51 
3271 7 4 51 
2768 8 3 51 
1516 9 2 51 
1374 10 1 51 
1177 11 0 51 
847 4 2 51 
402 5 3 51 
55 6 4 51 
5574 7 3 51 
5572 8 2 51 
4989 9 1 51 
4885 10 0 51 
4460 4 1 51 
4441 5 2 51 
4065 6 3 51 
3742 7 2 51 
3431 8 1 51 
3087 9 0 51 
2345 4 0 51 
1985 5 1 51 
1768 6 2 51 
15 7 1 51 
5808 8 0 51 
4697 5 0 51 
1347 6 1 51 
5236 7 0 51 
4702 6 0 51 
3115 6 1 63 
4739 5 1 64 
5614 6 2 64 
5807 7 1 64 
1859 5 2 64 
2983 7 2 64 
3697 8 1 64 
4519 5 3 65 
5710 8 2 64 
105 9 1 64 
476 5 4 65 
547 8 3 65 
645 10 1 65 
786 4 4 66 
3675 5 5 66 
5275 8 4 65 
412 11 1 65 
433 2 3 66 
637 4 5 66 
659 5 6 66 
1324 9 4 66 
2245 1 3 67 
3826 2 2 67 
5781 4 6 67 
1 10 4 66 
405 1 2 67 
1041 2 1 67 
1188 3 6 67 
3469 11 4 67 
5779 1 1 68 
151 2 6 67 
304 11 5 67 
863 12 4 67 
1942 1 6 68 
2886 11 6 68 
3365 12 5 68 
3908 13 4 68 
4064 14 3 68 
4115 9 7 68 
4464 12 6 68 
4747 13 5 68 
4804 14 2 68 
4987 14 4 68 
5067 15 3 68 
5112 8 7 69 
5830 9 8 69 
1063 12 7 69 
2382 13 6 69 
2611 14 1 69 
2977 15 2 69 
5698 15 4 69 
177 8 8 69 
488 9 9 69 
517 12 8 69 
1468 13 7 69 
2103 15 1 69 
2738 16 2 69 
3971 8 9 70 
4962 12 9 70 
389 13 8 70 
956 16 1 70 
1409 16 5 70 
1415 17 2 70 
2469 7 9 71 
2973 13 9 71 
3070 16 6 71 
4497 17 1 71 
5831 14 19 76 
5622 14 18 76 
5465 15 19 76 
5295 19 19 76 
4974 14 17 76 
4961 15 18 76 
4863 16 19 76 
4746 18 19 76 
4691 19 10 76 
4399 19 18 76 
4009 0 14 76 
3910 15 17 76 
3459 16 18 76 
3400 17 19 76 
3283 18 10 76 
3252 18 18 76 
2576 19 11 76 
2559 19 17 76 
2495 0 15 76 
2230 0 19 76 
2106 1 14 76 
2071 16 17 76 
1774 17 10 76 
1750 17 18 76 
1485 18 11 76 
1335 18 17 76 
1181 19 12 76 
977 19 16 76 
907 0 16 76 
838 0 18 76 
807 1 15 76 
375 1 19 76 
3 2 14 76 
5838 16 10 76 
5743 17 11 76 
5709 17 17 76 
5397 18 12 76 
5387 18 16 76 
4929 19 13 76 
4903 19 15 76 
4889 0 17 76 
4705 1 16 76 
4599 1 18 76 
4443 2 15 76 
4309 2 19 76 
4230 3 14 76 
4034 15 10 76 
3602 16 11 76 
3439 17 12 76 
2428 17 16 76 
2394 18 13 76 
2148 18 15 76 
2096 19 14 76 
1431 1 17 76 
965 2 16 76 
862 2 18 76 
668 3 15 76 
605 3 19 76 
334 13 19 76 
327 15 11 76 
126 16 12 76 
5222 16 16 76 
5111 17 13 76 
4536 17 15 76 
4394 18 14 76 
4314 2 17 76 
4224 3 16 76 
4002 3 18 76 
3837 4 19 76 
3755 8 19 76 
3641 12 19 76 
3533 13 18 76 
3519 14 11 76 
3493 15 12 76 
3461 15 16 76 
3299 16 13 76 
3272 16 15 76 
3251 17 14 76 
3204 0 8 76 
3188 3 17 76 
2730 4 18 76 
2636 5 19 76 
2632 8 18 76 
2599 9 19 76 
2538 11 19 76 
2174 12 18 76 
2166 13 11 76 
2101 13 17 76 
2015 14 12 76 
2008 14 16 76 
1988 15 13 76 
1769 15 15 76 
1732 16 14 76 
1219 0 9 76 
681 0 13 76 
561 1 8 76 
133 4 17 76 
5841 5 18 76 
5588 6 19 76 
5516 8 17 76 
5470 9 18 76 
4584 10 19 76 
4289 11 18 76 
4135 12 11 76 
4127 12 17 76 
4125 13 12 76 
3869 13 16 76 
3653 14 13 76 
3264 14 15 76 
3194 15 14 76 
2979 0 10 76 
2962 0 12 76 
2776 1 9 76 
2506 1 13 76 
2471 2 8 76 
2437 4 16 76 
2413 5 17 76 
2347 6 18 76 
2248 7 19 76 
2209 9 17 76 
1822 10 18 76 
1778 11 11 76 
1625 11 17 76 
1570 12 12 76 
1296 12 16 76 
1208 13 13 76 
1198 13 15 76 
1127 14 14 76 
349 0 11 76 
44 1 10 76 
35 1 12 76 
5633 2 9 76 
5623 2 13 76 
5291 3 8 76 
5146 4 15 76 
5124 5 16 76 
4803 6 17 76 
4487 7 18 76 
4412 10 17 76 
4029 11 12 76 
3980 11 16 76 
3733 12 13 76 
3704 12 15 76 
3476 13 14 76 
3364 1 11 76 
2947 2 10 76 
2739 2 12 76 
2695 3 9 76 
2403 3 13 76 
2396 4 8 76 
1593 4 14 76 
1269 5 15 76 
1016 6 16 76 
874 7 17 76 
473 10 16 76 
422 11 13 76 
193 11 15 76 
5857 12 14 76 
5844 2 11 76 
5582 3 10 76 
5462 3 12 76 
4300 4 9 76 
4221 4 13 76 
4218 5 14 76 
4017 6 15 76 
3566 7 16 76 
3460 9 16 76 
3234 10 15 76 
3147 11 14 76 
2810 3 11 76 
2700 4 10 76 
2642 4 12 76 
2183 5 13 76 
1921 6 14 76 
1867 7 15 76 
1558 8 16 76 
1358 9 15 76 
1257 10 14 76 
1242 19 9 76 
470 4 11 76 
5645 5 12 76 
5489 6 13 76 
5457 7 14 76 
5033 8 15 76 
4991 9 14 76 
4965 10 11 76 
4827 10 13 76 
4710 18 9 76 
4173 19 8 76 
3611 5 11 76 
3579 6 12 76 
3221 7 13 76 
2992 8 14 76 
2759 9 11 76 
2751 9 13 76 
2690 10 12 76 
2111 17 9 76 
2108 18 8 76 
2040 19 7 76 
1959 5 10 76 
1819 6 11 76 
1622 7 12 76 
1407 8 13 76 
1040 9 12 76 
803 16 9 76 
753 17 8 76 
208 18 7 76 
120 19 0 76 
5641 19 6 76 
5621 5 9 76 
5208 6 10 76 
4811 7 11 76 
4623 8 12 76 
4538 14 10 76 
4527 15 9 76 
4440 16 8 76 
4319 17 7 76 
4263 18 0 76 
3606 18 6 76 
3555 19 1 76 
3410 19 5 76 
3062 5 8 76 
2844 6 9 76 
2756 7 10 76 
2623 8 11 76 
2416 13 10 76 
2395 14 9 76 
2358 15 8 76 
2338 16 7 76 
2334 17 0 76 
2003 17 6 76 
1956 18 1 76 
1931 18 5 76 
1853 19 2 76 
1288 19 4 76 
1170 6 8 76 
426 7 9 76 
423 8 10 76 
291 12 10 76 
178 13 9 76 
5604 14 8 76 
5589 15 7 76 
5579 16 0 76 
5556 16 6 76 
5422 17 1 76 
5041 17 5 76 
4794 18 2 76 
4711 18 4 76 
4630 19 3 76 
4579 7 8 76 
4533 8 9 76 
4513 9 10 76 
4493 11 10 76 
4148 12 9 76 
4066 13 8 76 
3503 14 7 76 
3108 15 0 76 
3004 15 6 76 
2808 16 1 76 
2509 16 5 76 
2194 17 2 76 
2046 17 4 76 
1929 18 3 76 
1790 7 7 76 
1629 8 8 76 
1248 9 9 76 
837 10 10 76 
594 11 9 76 
425 12 8 76 
285 13 7 76 
5823 14 0 76 
5784 14 6 76 
5268 15 1 76 
5247 15 5 76 
5063 16 2 76 
4968 16 4 76 
4898 17 3 76 
4013 0 7 76 
3867 7 6 76 
3585 8 7 76 
3452 9 8 76 
3275 10 9 76 
3201 11 8 76 
2596 12 7 76 
2563 13 0 76 
2388 13 6 76 
2266 14 1 76 
1954 14 5 76 
1742 15 2 76 
1695 15 4 76 
1422 16 3 76 
1152 0 0 76 
995 0 6 76 
804 1 7 76 
342 8 6 76 
328 9 7 76 
185 10 8 76 
5421 11 7 76 
5355 12 6 76 
5306 13 1 76 
5010 13 5 76 
4879 14 2 76 
4869 14 4 76 
4713 15 3 76 
4269 0 1 76 
3866 0 5 76 
3859 1 0 76 
3671 1 6 76 
3632 2 7 76 
3524 9 6 76 
2941 10 7 76 
2909 11 6 76 
2551 12 5 76 
2543 13 2 76 
1889 13 4 76 
1757 14 3 76 
1719 0 2 76 
1702 0 4 76 
1227 1 1 76 
891 1 5 76 
431 2 0 76 
394 2 6 76 
5736 3 7 76 
5488 10 6 76 
5450 11 5 76 
5351 12 4 76 
5245 13 3 76 
5132 0 3 76 
5102 1 2 76 
5065 1 4 76 
3894 2 1 76 
3483 2 5 76 
3068 3 0 76 
2903 3 6 76 
2461 4 7 76 
2376 10 5 76 
2116 11 4 76 
1804 12 3 76 
1493 1 3 76 
1124 2 2 76 
726 2 4 76 
475 3 1 76 
5388 3 5 76 
4918 4 6 76 
4838 5 7 76 
3622 9 5 76 
3418 10 4 76 
3206 11 3 76 
2561 12 2 76 
2002 2 3 76 
1870 3 2 76 
1438 3 4 76 
1354 4 5 76 
1148 5 6 76 
949 6 7 76 
942 8 5 76 
767 9 4 76 
572 10 3 76 
149 11 2 76 
5821 12 1 76 
5818 3 3 76 
5034 4 4 76 
4977 5 5 76 
4781 6 6 76 
3831 7 5 76 
3315 8 4 76 
2913 9 3 76 
2861 10 2 76 
2770 11 1 76 
1634 12 0 76 
1599 4 3 76 
1578 5 4 76 
1272 6 5 76 
944 7 4 76 
787 8 3 76 
343 9 2 76 
156 10 1 76 
5239 11 0 76 
4923 4 2 76 
4822 5 3 76 
4608 6 4 76 
4514 7 3 76 
4500 8 2 76 
4461 9 1 76 
3490 10 0 76 
3296 4 1 76 
2848 5 2 76 
2637 6 3 76 
2450 7 2 76 
1869 8 1 76 
1457 9 0 76 
1045 4 0 76 
734 5 1 76 
5744 6 2 76 
5542 7 1 76 
5396 8 0 76 
3705 5 0 76 
617 6 1 76 
167 7 0 76 
5576 6 0 76 
2353 6 1 88 
2384 5 1 89 
3932 6 2 88 
4336 7 1 88 
4469 5 2 89 
424 7 2 89 
1855 8 1 89 
2138 5 3 89 
2492 8 2 89 
2643 9 1 89 
2999 5 4 90 
3140 8 3 90 
4333 10 1 90 
4687 4 4 90 
1107 5 5 90 
1663 8 4 90 
2055 11 1 90 
2472 2 3 91 
3620 4 5 91 
3683 5 6 91 
4273 9 4 91 
5105 1 3 92 
333 2 2 92 
348 4 6 91 
609 10 4 91 
2218 1 2 92 
4689 2 1 92 
4948 3 6 92 
5267 11 4 92 
5302 1 1 93 
1776 2 6 93 
2289 11 5 92 
2427 12 4 92 
2638 1 6 93 
3880 11 6 93 
5073 12 5 93 
5223 13 4 93 
954 14 3 93 
1331 9 7 94 
1721 12 6 93 
2271 13 5 93 
2825 14 2 93 
4844 14 4 93 
5855 15 3 93 
2578 8 7 94 
3372 9 8 94 
4141 12 7 94 
4306 13 6 94 
4356 14 1 94 
4523 15 2 94 
4703 15 4 94 
4816 8 8 95 
5014 9 9 95 
5283 12 8 95 
80 13 7 95 
357 15 1 94 
1498 16 2 94 
1502 8 9 95 
1658 12 9 95 
2727 13 8 95 
4283 16 1 95 
5464 16 5 95 
154 17 2 95 
203 7 9 96 
764 13 9 96 
1450 16 6 95 
1701 17 1 95 
1877 17 5 95 
2466 18 2 95 
2494 6 9 96 
2513 7 10 96 
2691 16 7 96 
3327 17 6 96 
4973 18 1 96 
5009 18 5 96 
5142 6 10 96 
5494 7 11 96 
5601 16 8 96 
