1932
5477 0 19 1 
5382 0 18 1 
5227 1 19 1 
5153 0 17 1 
5047 1 18 1 
5030 2 19 1 
5027 0 16 1 
4941 1 17 1 
4788 2 18 1 
4623 3 19 1 
4568 0 15 1 
4458 1 16 1 
4330 2 17 1 
4320 3 18 1 
4303 4 19 1 
4133 0 14 1 
3981 1 15 1 
3966 2 16 1 
3743 3 17 1 
3680 4 18 1 
3635 5 19 1 
3291 0 13 1 
3238 1 14 1 
3069 2 15 1 
2753 3 16 1 
2699 4 17 1 
2579 5 18 1 
2432 6 19 1 
1992 0 8 1 
1950 0 12 1 
1891 1 13 1 
1662 2 14 1 
1467 3 15 1 
1450 4 16 1 
1343 5 17 1 
1077 6 18 1 
983 7 19 1 
775 19 19 1 
680 0 9 1 
418 0 11 1 
121 1 8 1 
111 1 12 1 
5516 2 13 1 
5300 3 14 1 
5245 4 15 1 
4754 5 16 1 
4588 6 17 1 
4584 7 18 1 
4249 8 19 1 
4142 18 19 1 
3891 19 18 1 
3826 0 10 1 
3751 1 9 1 
3288 1 11 1 
3276 2 8 1 
3163 2 12 1 
3089 3 13 1 
3054 4 14 1 
2776 5 15 1 
2382 6 16 1 
2313 7 17 1 
2242 8 18 1 
2033 9 19 1 
1655 17 19 1 
1354 18 18 1 
776 19 17 1 
598 1 10 1 
351 2 9 1 
5491 2 11 1 
5337 3 8 1 
5235 3 12 1 
5205 4 13 1 
4801 5 14 1 
4767 6 15 1 
4740 7 16 1 
4727 8 17 1 
4615 9 18 1 
4505 10 19 1 
3996 16 19 1 
3972 17 18 1 
3860 18 17 1 
3746 19 16 1 
3728 2 10 1 
3231 3 9 1 
3168 3 11 1 
3154 4 8 1 
2988 4 12 1 
2915 5 13 1 
2861 6 14 1 
2303 7 15 1 
2288 8 16 1 
2266 9 17 1 
2019 10 18 1 
1360 11 19 1 
1121 15 19 1 
1103 16 18 1 
1057 17 17 1 
866 18 16 1 
813 19 15 1 
5481 3 10 1 
5449 4 9 1 
4905 4 11 1 
4807 5 8 1 
4551 5 12 1 
4519 6 13 1 
4491 7 14 1 
4089 8 15 1 
3920 9 16 1 
3879 10 17 1 
3292 11 18 1 
3275 12 19 1 
3267 14 19 1 
2466 15 18 1 
2041 16 17 1 
1873 17 16 1 
1513 18 15 1 
1221 19 0 1 
1054 19 14 1 
872 4 10 1 
820 5 9 1 
796 5 11 1 
384 6 8 1 
227 6 12 1 
211 7 7 1 
5488 7 13 1 
5455 8 14 1 
5410 9 15 1 
5128 10 16 1 
4911 11 17 1 
4558 12 18 1 
4513 13 19 1 
4495 14 18 1 
4412 15 17 1 
3994 16 16 1 
3921 17 15 1 
3765 18 0 1 
3455 18 14 1 
3253 19 1 1 
3245 19 13 1 
3073 5 10 1 
2903 6 9 1 
2589 6 11 1 
2508 7 8 1 
2457 7 12 1 
2419 8 7 1 
2195 8 13 1 
1758 9 14 1 
1615 10 15 1 
1565 11 16 1 
1405 12 17 1 
1379 13 18 1 
1288 14 17 1 
1176 15 0 1 
1145 15 16 1 
1089 16 15 1 
830 17 0 1 
773 17 14 1 
767 18 1 1 
709 18 13 1 
686 19 2 1 
273 19 12 1 
5388 6 10 1 
5274 7 9 1 
5244 7 11 1 
5012 8 8 1 
4964 8 12 1 
4863 9 7 1 
4699 9 13 1 
4674 10 14 1 
4452 11 15 1 
4110 12 16 1 
3740 13 17 1 
3591 14 16 1 
3501 15 1 1 
3296 15 15 1 
3198 16 0 1 
2997 16 14 1 
2778 17 1 1 
2607 17 13 1 
2284 18 2 1 
1932 18 12 1 
1808 19 3 1 
1799 19 11 1 
1785 7 10 1 
1622 8 9 1 
1347 8 11 1 
1331 9 8 1 
931 9 12 1 
861 10 7 1 
286 10 13 1 
7 11 14 1 
5354 12 15 1 
5329 13 16 1 
4977 14 15 1 
4887 15 2 1 
4662 15 14 1 
4344 16 1 1 
4261 16 13 1 
4173 17 2 1 
3391 17 12 1 
3355 18 3 1 
3252 18 11 1 
3053 19 4 1 
2909 19 10 1 
2533 8 10 1 
2151 9 9 1 
2060 9 11 1 
1994 10 8 1 
1838 10 12 1 
1573 11 7 1 
1501 11 13 1 
1481 12 14 1 
1300 13 15 1 
389 14 14 1 
245 15 3 1 
98 15 13 1 
5402 16 2 1 
5222 16 12 1 
5155 17 3 1 
4874 17 11 1 
4827 18 4 1 
4512 18 10 1 
4373 19 5 1 
4299 19 9 1 
4088 9 10 1 
4045 10 9 1 
3567 10 11 1 
3421 11 8 1 
3268 11 12 1 
2986 12 13 1 
2946 13 14 1 
2718 14 13 1 
2364 15 4 1 
2153 15 12 1 
1596 16 3 1 
1575 16 11 1 
1313 17 4 1 
856 17 10 1 
833 18 5 1 
819 18 9 1 
758 19 6 1 
708 19 8 1 
646 10 10 1 
622 11 9 1 
599 11 11 1 
530 12 12 1 
433 13 13 1 
95 14 12 1 
4 15 5 1 
5453 15 11 1 
5392 16 4 1 
5349 16 10 1 
5286 17 5 1 
5168 17 9 1 
5132 18 6 1 
4797 18 8 1 
4708 19 7 1 
4669 11 10 1 
4492 12 11 1 
4466 13 12 1 
3945 14 11 1 
3934 15 6 1 
3669 15 10 1 
3372 16 5 1 
2949 16 9 1 
2692 17 6 1 
2646 17 8 1 
2435 18 7 1 
2291 12 10 1 
2189 13 11 1 
1793 14 10 1 
1473 15 9 1 
1303 16 6 1 
1282 16 8 1 
745 17 7 1 
595 13 10 1 
529 14 9 1 
131 15 8 1 
5390 16 7 1 
5138 13 9 1 
4423 14 8 1 
4120 15 7 1 
4083 12 9 1 
4041 13 8 1 
3965 14 7 1 
3955 12 8 1 
3847 13 7 1 
3727 14 6 1 
3441 0 7 1 
3184 12 7 1 
3064 13 6 1 
3044 14 5 1 
2180 0 6 1 
2061 1 7 1 
1648 12 6 1 
1526 13 5 1 
1073 14 4 1 
779 0 5 1 
442 1 6 1 
4909 2 7 1 
4804 11 6 1 
3961 12 5 1 
3900 13 4 1 
3734 14 3 1 
3595 0 4 1 
2882 1 5 1 
2319 2 6 1 
2188 3 7 1 
2186 10 6 1 
1961 11 5 1 
1946 12 4 1 
1834 13 3 1 
1540 14 2 1 
1368 0 3 1 
1329 1 4 1 
876 2 5 1 
253 3 6 1 
5025 4 7 1 
4959 9 6 1 
4845 10 5 1 
4840 11 4 1 
4836 12 3 1 
4769 13 2 1 
4004 14 1 1 
3986 0 2 1 
3806 1 3 1 
3530 2 4 1 
3509 3 5 1 
3236 4 6 1 
3224 5 7 1 
3085 8 6 1 
2644 9 5 1 
2559 10 4 1 
2206 11 3 1 
2158 12 2 1 
1293 13 1 1 
1266 14 0 1 
975 0 1 1 
804 1 2 1 
243 2 3 1 
5423 3 4 1 
5147 4 5 1 
4187 5 6 1 
4163 6 7 1 
3144 7 6 1 
2715 8 5 1 
2438 9 4 1 
2070 10 3 1 
1791 11 2 1 
1659 12 1 1 
808 13 0 1 
729 0 0 1 
84 1 1 1 
4970 2 2 1 
4879 3 3 1 
4265 4 4 1 
3776 5 5 1 
3370 6 6 1 
3061 7 5 1 
2514 8 4 1 
1951 9 3 1 
1435 10 2 1 
935 11 1 1 
525 12 0 1 
380 1 0 1 
230 2 1 1 
5493 3 2 1 
5094 4 3 1 
5080 5 4 1 
4853 6 5 1 
4731 7 4 1 
4565 8 3 1 
3647 9 2 1 
3266 10 1 1 
2992 11 0 1 
2597 2 0 1 
2302 3 1 1 
2258 4 2 1 
1944 5 3 1 
985 6 4 1 
5368 7 3 1 
4834 8 2 1 
4659 9 1 1 
3840 10 0 1 
3409 3 0 1 
2669 4 1 1 
2077 5 2 1 
1042 6 3 1 
902 7 2 1 
827 8 1 1 
747 9 0 1 
419 4 0 1 
410 5 1 1 
4275 6 2 1 
3859 7 1 1 
3745 8 0 1 
3265 5 0 1 
2036 6 1 1 
1475 7 0 1 
837 6 0 1 
235 6 1 12 
162 5 1 13 
331 6 2 12 
3328 7 1 12 
3523 4 1 13 
627 5 2 13 
1154 6 3 13 
1173 7 2 13 
4123 8 1 13 
636 3 1 14 
1917 4 2 14 
4038 6 4 14 
4437 7 3 13 
4573 8 2 13 
5196 9 1 13 
1462 2 1 15 
3005 3 2 14 
3209 6 5 14 
3393 7 4 14 
18 8 3 14 
443 9 2 14 
632 10 1 14 
1451 1 1 16 
1614 2 2 15 
2172 3 3 15 
2335 7 5 15 
4001 8 4 15 
4192 9 3 15 
4205 10 2 15 
4415 11 1 15 
1240 1 2 17 
1822 2 3 17 
1830 3 4 16 
1993 8 5 16 
2093 9 4 16 
2129 10 3 16 
2380 11 2 16 
2399 12 1 16 
4062 1 3 17 
5437 2 4 17 
810 3 5 17 
1061 9 5 17 
1097 10 4 17 
1131 11 3 17 
1754 12 2 17 
1849 13 1 17 
3771 1 4 18 
4880 2 5 18 
283 3 6 18 
505 10 5 17 
1107 11 4 17 
1231 12 3 17 
1685 13 2 17 
3115 1 5 18 
5201 2 6 18 
89 11 5 18 
222 12 4 18 
261 13 3 18 
329 1 6 19 
637 12 5 18 
870 13 4 18 
1084 13 5 19 
1850 13 6 19 
2111 13 7 19 
3867 13 8 19 
5355 14 8 19 
1401 14 9 20 
1599 15 8 20 
2503 13 11 20 
2652 14 10 20 
2711 15 9 20 
2771 16 8 20 
3315 17 7 20 
4093 12 11 20 
4270 13 12 20 
4555 14 11 20 
5339 16 5 20 
341 16 9 20 
508 17 6 20 
1429 17 8 20 
1908 18 7 20 
2147 10 10 21 
2670 11 11 21 
2803 12 12 21 
2873 13 13 21 
5145 14 12 21 
5165 16 4 20 
5179 17 5 20 
5486 0 19 26 
5361 0 18 26 
5322 1 19 26 
5195 0 17 26 
4813 1 18 26 
4487 2 19 26 
4431 0 16 26 
4380 1 17 26 
3954 2 18 26 
3909 3 19 26 
3889 0 15 26 
3709 1 16 26 
3540 2 17 26 
3522 3 18 26 
3506 4 19 26 
3403 0 14 26 
2932 1 15 26 
2386 2 16 26 
2220 3 17 26 
2198 4 18 26 
1341 5 19 26 
873 0 13 26 
849 1 14 26 
606 2 15 26 
493 3 16 26 
488 4 17 26 
464 5 18 26 
409 6 19 26 
224 0 8 26 
5530 0 12 26 
5489 1 13 26 
5209 2 14 26 
5190 3 15 26 
5175 4 16 26 
5144 5 17 26 
4867 6 18 26 
4738 7 19 26 
4651 19 19 26 
4448 0 9 26 
4399 0 11 26 
4349 1 8 26 
4287 1 12 26 
3863 2 13 26 
3839 3 14 26 
3712 4 15 26 
3682 5 16 26 
3670 6 17 26 
3667 7 18 26 
3657 8 19 26 
3492 18 19 26 
3239 19 18 26 
3227 0 10 26 
3161 1 9 26 
2936 1 11 26 
2841 2 8 26 
2584 2 12 26 
2554 3 13 26 
1911 4 14 26 
1839 5 15 26 
1788 6 16 26 
1508 7 17 26 
1002 8 18 26 
561 9 19 26 
441 17 19 26 
223 18 18 26 
134 19 17 26 
47 1 10 26 
24 2 9 26 
5504 2 11 26 
5308 3 8 26 
5226 3 12 26 
5224 4 13 26 
5083 5 14 26 
5035 6 15 26 
4566 7 16 26 
4440 8 17 26 
4355 9 18 26 
4285 10 19 26 
4269 16 19 26 
4223 17 18 26 
4174 18 17 26 
4054 19 16 26 
3679 2 10 26 
3456 3 9 26 
3316 3 11 26 
3036 4 8 26 
2939 4 12 26 
2728 5 13 26 
2423 6 14 26 
2287 7 15 26 
2256 8 16 26 
1851 9 17 26 
1477 10 18 26 
1391 11 19 26 
1242 15 19 26 
671 16 18 26 
661 17 17 26 
323 18 16 26 
27 19 15 26 
5520 3 10 26 
5503 4 9 26 
5461 4 11 26 
5260 5 8 26 
5197 5 12 26 
5160 6 13 26 
5088 7 14 26 
4676 8 15 26 
4543 9 16 26 
4520 10 17 26 
4374 11 18 26 
4232 12 19 26 
4099 14 19 26 
3778 15 18 26 
3662 16 17 26 
3525 17 16 26 
3515 18 15 26 
3432 19 0 26 
3425 19 14 26 
3333 4 10 26 
2823 5 9 26 
2594 5 11 26 
2257 6 8 26 
2127 6 12 26 
1635 7 7 26 
1254 7 13 26 
1096 8 14 26 
1018 9 15 26 
865 10 16 26 
766 11 17 26 
549 12 18 26 
5529 13 19 26 
5478 14 18 26 
5436 15 17 26 
5321 16 16 26 
5019 17 15 26 
4967 18 0 26 
4855 18 14 26 
4572 19 1 26 
4366 19 13 26 
4224 5 10 26 
4185 6 9 26 
4021 6 11 26 
3901 7 8 26 
3634 7 12 26 
2749 8 7 26 
2642 8 13 26 
2197 9 14 26 
2032 10 15 26 
1975 11 16 26 
1965 12 17 26 
1875 13 18 26 
1689 14 17 26 
1681 15 0 26 
1639 15 16 26 
1520 16 15 26 
1094 17 0 26 
1083 17 14 26 
1015 18 1 26 
545 18 13 26 
484 19 2 26 
415 19 12 26 
296 6 10 26 
5210 7 9 26 
5127 7 11 26 
4724 8 8 26 
4498 8 12 26 
4329 9 7 26 
4323 9 13 26 
4008 10 14 26 
3797 11 15 26 
3354 12 16 26 
3281 13 17 26 
2416 14 16 26 
2385 15 1 26 
2327 15 15 26 
2187 16 0 26 
2088 16 14 26 
1970 17 1 26 
1645 17 13 26 
1601 18 2 26 
1548 18 12 26 
1510 19 3 26 
1122 19 11 26 
1117 7 10 26 
1105 8 9 26 
1043 8 11 26 
956 9 8 26 
631 9 12 26 
542 10 7 26 
474 10 13 26 
317 11 14 26 
292 12 15 26 
5535 13 16 26 
5220 14 15 26 
5162 15 2 26 
4603 15 14 26 
3926 16 1 26 
3918 16 13 26 
3583 17 2 26 
3516 17 12 26 
3481 18 3 26 
3471 18 11 26 
3158 19 4 26 
3135 19 10 26 
2647 8 10 26 
2593 9 9 26 
1928 9 11 26 
1914 10 8 26 
1898 10 12 26 
1809 11 7 26 
1693 11 13 26 
1580 12 14 26 
1512 13 15 26 
1471 14 14 26 
1404 15 3 26 
1171 15 13 26 
1065 16 2 26 
986 16 12 26 
892 17 3 26 
841 17 11 26 
597 18 4 26 
507 18 10 26 
205 19 5 26 
23 19 9 26 
5059 9 10 26 
5039 10 9 26 
4637 10 11 26 
4315 11 8 26 
3888 11 12 26 
3877 12 13 26 
3818 13 14 26 
3750 14 13 26 
3729 15 4 26 
3613 15 12 26 
3311 16 3 26 
3283 16 11 26 
3240 17 4 26 
3194 17 10 26 
3192 18 5 26 
3190 18 9 26 
2739 19 6 26 
2523 19 8 26 
1901 10 10 26 
1617 11 9 26 
1082 11 11 26 
1026 12 12 26 
1016 13 13 26 
807 14 12 26 
438 15 5 26 
315 15 11 26 
79 16 4 26 
5356 16 10 26 
5345 17 5 26 
5126 17 9 26 
5052 18 6 26 
4578 18 8 26 
4228 19 7 26 
4081 11 10 26 
3885 12 11 26 
3739 13 12 26 
3313 14 11 26 
3243 15 6 26 
3225 15 10 26 
3205 16 5 26 
3165 16 9 26 
2852 17 6 26 
2798 17 8 26 
2536 18 7 26 
2469 12 10 26 
2299 13 11 26 
2185 14 10 26 
1819 15 9 26 
1577 16 6 26 
1153 16 8 26 
539 17 7 26 
408 13 10 26 
395 14 9 26 
339 15 8 26 
267 16 7 26 
231 13 9 26 
5350 14 8 26 
5289 15 7 26 
5185 12 9 26 
4482 13 8 26 
4422 14 7 26 
4136 12 8 26 
2971 13 7 26 
2706 14 6 26 
2518 0 7 26 
2171 12 7 26 
2020 13 6 26 
1760 14 5 26 
1600 0 6 26 
1479 1 7 26 
1455 12 6 26 
1440 13 5 26 
643 14 4 26 
169 0 5 26 
5362 1 6 26 
5342 2 7 26 
5231 11 6 26 
5100 12 5 26 
4800 13 4 26 
4718 14 3 26 
4221 0 4 26 
3985 1 5 26 
3927 2 6 26 
3804 3 7 26 
3367 10 6 26 
3302 11 5 26 
2967 12 4 26 
2763 13 3 26 
2588 14 2 26 
2247 0 3 26 
2230 1 4 26 
2141 2 5 26 
1663 3 6 26 
1532 4 7 26 
1226 9 6 26 
1178 10 5 26 
875 11 4 26 
689 12 3 26 
44 13 2 26 
4715 14 1 26 
4647 0 2 26 
4056 1 3 26 
3991 2 4 26 
3834 3 5 26 
3716 4 6 26 
3672 5 7 26 
3485 8 6 26 
3470 9 5 26 
2784 10 4 26 
2744 11 3 26 
2587 12 2 26 
2522 13 1 26 
2368 14 0 26 
2304 0 1 26 
1743 1 2 26 
1464 2 3 26 
941 3 4 26 
467 4 5 26 
373 5 6 26 
355 6 7 26 
5296 7 6 26 
4952 8 5 26 
2830 9 4 26 
2493 10 3 26 
2272 11 2 26 
1999 12 1 26 
1553 13 0 26 
972 0 0 26 
516 1 1 26 
327 2 2 26 
105 3 3 26 
102 4 4 26 
4825 5 5 26 
4640 6 6 26 
4539 7 5 26 
4102 8 4 26 
3924 9 3 26 
3876 10 2 26 
3872 11 1 26 
3762 12 0 26 
3585 1 0 26 
3579 2 1 26 
3321 3 2 26 
3257 4 3 26 
3222 5 4 26 
2643 6 5 26 
1938 7 4 26 
1625 8 3 26 
1205 9 2 26 
855 10 1 26 
281 11 0 26 
53 2 0 26 
5376 3 1 26 
4985 4 2 26 
4831 5 3 26 
4124 6 4 26 
4070 7 3 26 
4068 8 2 26 
3791 9 1 26 
3454 10 0 26 
3173 3 0 26 
3015 4 1 26 
2831 5 2 26 
2738 6 3 26 
2205 7 2 26 
1422 8 1 26 
67 9 0 26 
5136 4 0 26 
4961 5 1 26 
4917 6 2 26 
4721 7 1 26 
4271 8 0 26 
3303 5 0 26 
2627 6 1 26 
4939 7 0 26 
2444 6 0 26 
291 6 1 38 
600 5 1 38 
4504 6 2 38 
4835 7 1 38 
239 4 1 39 
1113 5 2 39 
1172 6 3 39 
2040 7 2 39 
59 8 1 39 
1731 3 1 39 
51 4 2 39 
256 6 4 39 
560 7 3 39 
947 8 2 39 
1780 9 1 39 
585 2 1 40 
681 3 2 40 
1608 6 5 40 
2008 7 4 40 
2376 8 3 40 
2773 9 2 40 
3274 10 1 40 
3388 1 1 41 
5143 2 2 41 
233 3 3 41 
290 7 5 40 
491 8 4 40 
652 9 3 40 
740 10 2 40 
1184 11 1 40 
3167 1 2 42 
3705 2 3 42 
3789 3 4 42 
4978 8 5 41 
5428 9 4 41 
335 10 3 41 
674 11 2 41 
733 12 1 41 
1438 1 3 42 
2219 2 4 42 
2445 3 5 42 
3079 9 5 42 
3122 10 4 42 
3461 11 3 42 
3939 12 2 42 
4277 13 1 42 
4530 1 4 43 
4616 2 5 43 
4739 3 6 43 
4744 10 5 43 
34 11 4 43 
176 12 3 43 
857 13 2 43 
1045 1 5 43 
2160 2 6 43 
2261 11 5 43 
2729 12 4 43 
2892 13 3 43 
3012 1 6 43 
4421 12 5 43 
5451 13 4 43 
1249 13 5 44 
2802 13 6 44 
3459 13 7 44 
3534 13 8 44 
4170 14 8 44 
417 14 9 45 
1030 15 8 45 
2276 13 11 45 
2673 14 10 45 
3228 15 9 45 
4109 16 8 45 
22 17 7 45 
386 12 11 45 
538 13 12 45 
1463 14 11 45 
1468 16 5 45 
2497 16 9 45 
3152 17 6 45 
4227 17 8 45 
4660 18 7 45 
4924 10 10 46 
5166 11 11 46 
5507 12 12 46 
5419 0 19 51 
5360 0 18 51 
5307 1 19 51 
5290 0 17 51 
5211 1 18 51 
5084 2 19 51 
5069 0 16 51 
4998 1 17 51 
4774 2 18 51 
4733 3 19 51 
4672 0 15 51 
4604 1 16 51 
4453 2 17 51 
4296 3 18 51 
3989 4 19 51 
3979 0 14 51 
3782 1 15 51 
3687 2 16 51 
3603 3 17 51 
3546 4 18 51 
2860 5 19 51 
2751 0 13 51 
2720 1 14 51 
2712 2 15 51 
2662 3 16 51 
2246 4 17 51 
2176 5 18 51 
1988 6 19 51 
1977 0 8 51 
1538 0 12 51 
1314 1 13 51 
1268 2 14 51 
511 3 15 51 
345 4 16 51 
5243 5 17 51 
5215 6 18 51 
4956 7 19 51 
4885 19 19 51 
4882 0 9 51 
4802 0 11 51 
4503 1 8 51 
4424 1 12 51 
4382 2 13 51 
4381 3 14 51 
4359 4 15 51 
4322 5 16 51 
4257 6 17 51 
4177 7 18 51 
3836 8 19 51 
3096 18 19 51 
2930 19 18 51 
2572 0 10 51 
2462 1 9 51 
2442 1 11 51 
2106 2 8 51 
2071 2 12 51 
2064 3 13 51 
1943 4 14 51 
1818 5 15 51 
1436 6 16 51 
1369 7 17 51 
945 8 18 51 
713 9 19 51 
703 17 19 51 
678 18 18 51 
621 19 17 51 
305 1 10 51 
252 2 9 51 
5438 2 11 51 
5183 3 8 51 
4778 3 12 51 
4606 4 13 51 
4196 5 14 51 
3873 6 15 51 
3830 7 16 51 
3735 8 17 51 
3568 9 18 51 
3562 10 19 51 
3294 16 19 51 
3232 17 18 51 
3188 18 17 51 
3022 19 16 51 
2427 2 10 51 
2384 3 9 51 
2306 3 11 51 
2292 4 8 51 
2253 4 12 51 
2252 5 13 51 
2168 6 14 51 
2154 7 15 51 
1921 8 16 51 
1904 9 17 51 
1874 10 18 51 
1621 11 19 51 
1560 15 19 51 
1189 16 18 51 
1133 17 17 51 
1019 18 16 51 
748 19 15 51 
707 3 10 51 
455 4 9 51 
241 4 11 51 
161 5 8 51 
12 5 12 51 
5261 6 13 51 
5188 7 14 51 
5133 8 15 51 
5099 9 16 51 
4871 10 17 51 
4497 11 18 51 
4442 12 19 51 
4234 14 19 51 
4189 15 18 51 
3618 16 17 51 
3476 17 16 51 
3465 18 15 51 
3284 19 0 51 
3204 19 14 51 
3170 4 10 51 
2769 5 9 51 
2741 5 11 51 
2658 6 8 51 
2513 6 12 51 
2505 7 7 51 
2430 7 13 51 
2373 8 14 51 
2330 9 15 51 
2150 10 16 51 
2075 11 17 51 
1952 12 18 51 
1586 13 19 51 
1359 14 18 51 
1265 15 17 51 
929 16 16 51 
577 17 15 51 
540 18 0 51 
254 18 14 51 
33 19 1 51 
5452 19 13 51 
5212 5 10 51 
5005 6 9 51 
4476 6 11 51 
4346 7 8 51 
4326 7 12 51 
4283 8 7 51 
3958 8 13 51 
3809 9 14 51 
3757 10 15 51 
3347 11 16 51 
3330 12 17 51 
2858 13 18 51 
2599 14 17 51 
2570 15 0 51 
2225 15 16 51 
2049 16 15 51 
1604 17 0 51 
1515 17 14 51 
1483 18 1 51 
1425 18 13 51 
1337 19 2 51 
884 19 12 51 
853 6 10 51 
682 7 9 51 
147 7 11 51 
76 8 8 51 
74 8 12 51 
5313 9 7 51 
5192 9 13 51 
4965 10 14 51 
4832 11 15 51 
4734 12 16 51 
4691 13 17 51 
4592 14 16 51 
4496 15 1 51 
4231 15 15 51 
4067 16 0 51 
3936 16 14 51 
3677 17 1 51 
3487 17 13 51 
3460 18 2 51 
3250 18 12 51 
2748 19 3 51 
2475 19 11 51 
2408 7 10 51 
2310 8 9 51 
2297 8 11 51 
2271 9 8 51 
2255 9 12 51 
2142 10 7 51 
2056 10 13 51 
1811 11 14 51 
1389 12 15 51 
1274 13 16 51 
1223 14 15 51 
1142 15 2 51 
1049 15 14 51 
953 16 1 51 
864 16 13 51 
824 17 2 51 
5335 17 12 51 
5106 18 3 51 
4902 18 11 51 
4864 19 4 51 
4762 19 10 51 
4339 8 10 51 
4057 9 9 51 
3904 9 11 51 
3823 10 8 51 
3813 10 12 51 
3686 11 7 51 
3535 11 13 51 
3431 12 14 51 
3297 13 15 51 
3066 14 14 51 
3052 15 3 51 
2951 15 13 51 
2768 16 2 51 
2689 16 12 51 
2402 17 3 51 
2240 17 11 51 
2135 18 4 51 
2074 18 10 51 
1613 19 5 51 
1480 19 9 51 
1279 9 10 51 
699 10 9 51 
666 10 11 51 
664 11 8 51 
649 11 12 51 
485 12 13 51 
208 13 14 51 
5448 14 13 51 
5371 15 4 51 
5046 15 12 51 
4962 16 3 51 
4821 16 11 51 
4574 17 4 51 
4383 17 10 51 
4212 18 5 51 
4198 18 9 51 
3905 19 6 51 
3083 19 8 51 
2641 10 10 51 
2525 11 9 51 
2379 11 11 51 
2120 12 12 51 
2065 13 13 51 
1997 14 12 51 
1736 15 5 51 
1697 15 11 51 
1415 16 4 51 
1351 16 10 51 
497 17 5 51 
159 17 9 51 
68 18 6 51 
5379 18 8 51 
5272 19 7 51 
4726 11 10 51 
4445 12 11 51 
4154 13 12 51 
4007 14 11 51 
3708 15 6 51 
3668 15 10 51 
3602 16 5 51 
3472 16 9 51 
3319 17 6 51 
3062 17 8 51 
3059 18 7 51 
2436 12 10 51 
2344 13 11 51 
2143 14 10 51 
2066 15 9 51 
1915 16 6 51 
1272 16 8 51 
904 17 7 51 
710 13 10 51 
152 14 9 51 
4927 15 8 51 
4889 16 7 51 
4803 13 9 51 
4735 14 8 51 
4587 15 7 51 
4347 12 9 51 
4105 13 8 51 
3711 14 7 51 
3666 12 8 51 
3622 13 7 51 
3508 14 6 51 
2926 0 7 51 
2923 12 7 51 
2756 13 6 51 
2532 14 5 51 
2524 0 6 51 
1920 1 7 51 
1200 12 6 51 
1020 13 5 51 
943 14 4 51 
308 0 5 51 
297 1 6 51 
289 2 7 51 
270 11 6 51 
99 12 5 51 
5176 13 4 51 
5041 14 3 51 
4936 0 4 51 
4523 1 5 51 
4474 2 6 51 
4262 3 7 51 
4101 10 6 51 
3852 11 5 51 
3691 12 4 51 
3404 13 3 51 
3400 14 2 51 
3277 0 3 51 
2131 1 4 51 
1974 2 5 51 
1350 3 6 51 
1081 4 7 51 
420 9 6 51 
5462 10 5 51 
5314 11 4 51 
4894 12 3 51 
4705 13 2 51 
4571 14 1 51 
4471 0 2 51 
4272 1 3 51 
4023 2 4 51 
3930 3 5 51 
3376 4 6 51 
1862 5 7 51 
1812 8 6 51 
1536 9 5 51 
1421 10 4 51 
1352 11 3 51 
724 12 2 51 
500 13 1 51 
5456 14 0 51 
5391 0 1 51 
5346 1 2 51 
5037 2 3 51 
4884 3 4 51 
4652 4 5 51 
4486 5 6 51 
4274 6 7 51 
4159 7 6 51 
4158 8 5 51 
4139 9 4 51 
3848 10 3 51 
3675 11 2 51 
3213 12 1 51 
3212 13 0 51 
3203 0 0 51 
3126 1 1 51 
3011 2 2 51 
2169 3 3 51 
2164 4 4 51 
2139 5 5 51 
2045 6 6 51 
1976 7 5 51 
1935 8 4 51 
1611 9 3 51 
928 10 2 51 
911 11 1 51 
737 12 0 51 
644 1 0 51 
5537 2 1 51 
5265 3 2 51 
5182 4 3 51 
4206 5 4 51 
4069 6 5 51 
3821 7 4 51 
3566 8 3 51 
3179 9 2 51 
2809 10 1 51 
1757 11 0 51 
1728 2 0 51 
1606 3 1 51 
1521 4 2 51 
1085 5 3 51 
1063 6 4 51 
4351 7 3 51 
3586 8 2 51 
2796 9 1 51 
2526 10 0 51 
2035 3 0 51 
1519 4 1 51 
5091 5 2 51 
4764 6 3 51 
4509 7 2 51 
4025 8 1 51 
3983 9 0 51 
3805 4 0 51 
3742 5 1 51 
2698 6 2 51 
1524 7 1 51 
839 8 0 51 
5075 5 0 51 
4337 6 1 51 
4294 7 0 51 
4266 6 0 51 
3799 6 1 62 
2989 5 1 63 
5103 6 2 63 
486 7 1 63 
1847 4 1 64 
3605 5 2 63 
4624 6 3 63 
4695 7 2 63 
5156 8 1 63 
1678 3 1 65 
3886 4 2 65 
107 6 4 65 
756 7 3 64 
1055 8 2 64 
1072 9 1 64 
1098 2 1 65 
1146 3 2 65 
1250 6 5 65 
1824 7 4 65 
2884 8 3 65 
4494 9 2 65 
187 10 1 65 
979 1 1 66 
997 2 2 66 
2229 3 3 66 
3875 7 5 66 
4112 8 4 66 
4872 9 3 66 
4928 10 2 66 
460 11 1 66 
1035 1 2 66 
1168 2 3 66 
2044 3 4 66 
2480 8 5 66 
4072 9 4 66 
4609 10 3 66 
4946 11 2 66 
133 12 1 66 
348 1 3 67 
623 2 4 67 
1147 3 5 67 
1158 9 5 67 
2014 10 4 67 
2914 11 3 67 
3326 12 2 67 
4129 13 1 67 
4241 1 4 68 
4369 2 5 68 
4861 3 6 68 
198 10 5 67 
919 11 4 67 
926 12 3 67 
1296 13 2 67 
1297 1 5 68 
1390 2 6 68 
2279 11 5 68 
2754 12 4 68 
4357 13 3 68 
4938 1 6 69 
793 12 5 69 
1683 13 4 68 
2565 13 5 69 
3929 13 6 69 
4030 13 7 69 
4066 13 8 69 
4703 14 8 69 
1427 14 9 70 
1833 15 8 69 
3056 13 11 70 
3478 14 10 70 
3710 15 9 70 
3774 16 8 70 
4226 17 7 70 
400 12 11 70 
967 13 12 70 
980 14 11 70 
1163 16 5 70 
1295 16 9 70 
1694 17 6 70 
2777 17 8 70 
2931 18 7 70 
3578 10 10 71 
4613 11 11 71 
5539 0 19 76 
5479 0 18 76 
4973 1 19 76 
4829 0 17 76 
4776 1 18 76 
4650 2 19 76 
4364 0 16 76 
3950 1 17 76 
3633 2 18 76 
3612 3 19 76 
3561 0 15 76 
3320 1 16 76 
3289 2 17 76 
3028 3 18 76 
2957 4 19 76 
2950 0 14 76 
2801 1 15 76 
2498 2 16 76 
2488 3 17 76 
2470 4 18 76 
2268 5 19 76 
2199 0 13 76 
1863 1 14 76 
1502 2 15 76 
933 3 16 76 
771 4 17 76 
731 5 18 76 
704 6 19 76 
611 0 8 76 
480 0 12 76 
422 1 13 76 
119 2 14 76 
5443 3 15 76 
5364 4 16 76 
5251 5 17 76 
5140 6 18 76 
4815 7 19 76 
4689 19 19 76 
4468 0 9 76 
4051 0 11 76 
3990 1 8 76 
3694 1 12 76 
3484 2 13 76 
3254 3 14 76 
2097 4 15 76 
1761 5 16 76 
1710 6 17 76 
1546 7 18 76 
1177 8 19 76 
1036 18 19 76 
885 19 18 76 
854 0 10 76 
690 1 9 76 
60 1 11 76 
5396 2 8 76 
5386 2 12 76 
5325 3 13 76 
5217 4 14 76 
5141 5 15 76 
5008 6 16 76 
4950 7 17 76 
4784 8 18 76 
4595 9 19 76 
4318 17 19 76 
4015 18 18 76 
3787 19 17 76 
3758 1 10 76 
3703 2 9 76 
3674 2 11 76 
3653 3 8 76 
3496 3 12 76 
3467 4 13 76 
3242 5 14 76 
3201 6 15 76 
3120 7 16 76 
2960 8 17 76 
2916 9 18 76 
2836 10 19 76 
2742 16 19 76 
2726 17 18 76 
2433 18 17 76 
2314 19 16 76 
2308 2 10 76 
1846 3 9 76 
1571 3 11 76 
1281 4 8 76 
890 4 12 76 
851 5 13 76 
580 6 14 76 
385 7 15 76 
204 8 16 76 
185 9 17 76 
158 10 18 76 
5540 11 19 76 
5494 15 19 76 
5435 16 18 76 
5399 17 17 76 
5324 18 16 76 
5258 19 15 76 
5233 3 10 76 
5207 4 9 76 
4996 4 11 76 
4799 5 8 76 
4663 5 12 76 
4570 6 13 76 
4516 7 14 76 
4456 8 15 76 
4447 9 16 76 
3800 10 17 76 
3199 11 18 76 
3172 12 19 76 
3121 14 19 76 
3033 15 18 76 
2681 16 17 76 
2573 17 16 76 
2249 18 15 76 
2224 19 0 76 
1929 19 14 76 
1787 4 10 76 
1734 5 9 76 
932 5 11 76 
862 6 8 76 
785 6 12 76 
750 7 7 76 
617 7 13 76 
462 8 14 76 
414 9 15 76 
5512 10 16 76 
5394 11 17 76 
5372 12 18 76 
5352 13 19 76 
5150 14 18 76 
5042 15 17 76 
4979 16 16 76 
4768 17 15 76 
4729 18 0 76 
4581 18 14 76 
4546 19 1 76 
4500 19 13 76 
4444 5 10 76 
4404 6 9 76 
4388 6 11 76 
4282 7 8 76 
4132 7 12 76 
4044 8 7 76 
3801 8 13 76 
3519 9 14 76 
3419 10 15 76 
3087 11 16 76 
3076 12 17 76 
2990 13 18 76 
2973 14 17 76 
2937 15 0 76 
2875 15 16 76 
2839 16 15 76 
2812 17 0 76 
2520 17 14 76 
2491 18 1 76 
2367 18 13 76 
2354 19 2 76 
2152 19 12 76 
2058 6 10 76 
2043 7 9 76 
2016 7 11 76 
1888 8 8 76 
1109 8 12 76 
1068 9 7 76 
878 9 13 76 
546 10 14 76 
521 11 15 76 
354 12 16 76 
137 13 17 76 
136 14 16 76 
5513 15 1 76 
5367 15 15 76 
5113 16 0 76 
4805 16 14 76 
4698 17 1 76 
4612 17 13 76 
4579 18 2 76 
4507 18 12 76 
4259 19 3 76 
4194 19 11 76 
4130 7 10 76 
3977 8 9 76 
3869 8 11 76 
3833 9 8 76 
3829 9 12 76 
3601 10 7 76 
3495 10 13 76 
3390 11 14 76 
3142 12 15 76 
2633 13 16 76 
2486 14 15 76 
2414 15 2 76 
2309 15 14 76 
1747 16 1 76 
1721 16 13 76 
1400 17 2 76 
1364 17 12 76 
816 18 3 76 
782 18 11 76 
658 19 4 76 
5164 19 10 76 
5142 8 10 76 
4925 9 9 76 
4200 9 11 76 
4190 10 8 76 
4179 10 12 76 
3856 11 7 76 
3779 11 13 76 
3760 12 14 76 
3617 13 15 76 
3533 14 14 76 
3107 15 3 76 
3105 15 13 76 
3097 16 2 76 
3002 16 12 76 
2285 17 3 76 
1858 17 11 76 
1624 18 4 76 
1377 18 10 76 
1062 19 5 76 
976 19 9 76 
515 9 10 76 
510 10 9 76 
432 10 11 76 
369 11 8 76 
213 11 12 76 
25 12 13 76 
5497 13 14 76 
5311 14 13 76 
5193 15 4 76 
4811 15 12 76 
4671 16 3 76 
4554 16 11 76 
4375 17 4 76 
4204 17 10 76 
4103 18 5 76 
3960 18 9 76 
3923 19 6 76 
3911 19 8 76 
3560 10 10 76 
3558 11 9 76 
3351 11 11 76 
2935 12 12 76 
2893 13 13 76 
2863 14 12 76 
2834 15 5 76 
2050 15 11 76 
2011 16 4 76 
1717 16 10 76 
1376 17 5 76 
1088 17 9 76 
1041 18 6 76 
1017 18 8 76 
815 19 7 76 
691 11 10 76 
618 12 11 76 
596 13 12 76 
26 14 11 76 
5523 15 6 76 
5521 15 10 76 
5476 16 5 76 
5469 16 9 76 
5309 17 6 76 
5285 17 8 76 
5181 18 7 76 
4980 12 10 76 
4932 13 11 76 
4772 14 10 76 
4472 15 9 76 
4462 16 6 76 
4454 16 8 76 
4156 17 7 76 
3769 13 10 76 
3638 14 9 76 
3624 15 8 76 
3619 16 7 76 
3263 13 9 76 
3191 14 8 76 
2905 15 7 76 
2833 12 9 76 
2824 13 8 76 
2080 14 7 76 
1529 12 8 76 
1353 13 7 76 
988 14 6 76 
801 0 7 76 
5538 12 7 76 
5515 13 6 76 
4949 14 5 76 
4605 0 6 76 
4403 1 7 76 
4281 12 6 76 
3978 13 5 76 
3870 14 4 76 
3448 0 5 76 
2891 1 6 76 
2283 2 7 76 
2026 11 6 76 
2013 12 5 76 
1720 13 4 76 
1327 14 3 76 
1032 0 4 76 
966 1 5 76 
852 2 6 76 
151 3 7 76 
5115 10 6 76 
4820 11 5 76 
4709 12 4 76 
4585 13 3 76 
4405 14 2 76 
4019 0 3 76 
4006 1 4 76 
3907 2 5 76 
3477 3 6 76 
3109 4 7 76 
3027 9 6 76 
2750 10 5 76 
2365 11 4 76 
2076 12 3 76 
1885 13 2 76 
1876 14 1 76 
376 0 2 76 
5398 1 3 76 
5237 2 4 76 
5095 3 5 76 
5092 4 6 76 
5063 5 7 76 
4954 8 6 76 
4850 9 5 76 
4756 10 4 76 
4641 11 3 76 
4600 12 2 76 
3964 13 1 76 
3447 14 0 76 
3392 0 1 76 
2963 1 2 76 
2725 2 3 76 
2653 3 4 76 
2638 4 5 76 
2591 5 6 76 
2341 6 7 76 
1853 7 6 76 
1778 8 5 76 
1487 9 4 76 
1397 10 3 76 
172 11 2 76 
8 12 1 76 
4955 13 0 76 
4298 0 0 76 
4273 1 1 76 
4018 2 2 76 
3626 3 3 76 
3510 4 4 76 
2581 5 5 76 
2092 6 6 76 
1612 7 5 76 
342 8 4 76 
4700 9 3 76 
4354 10 2 76 
3652 11 1 76 
3572 12 0 76 
3486 1 0 76 
2815 2 1 76 
2687 3 2 76 
2601 4 3 76 
2440 5 4 76 
1669 6 5 76 
1511 7 4 76 
1470 8 3 76 
1076 9 2 76 
998 10 1 76 
663 11 0 76 
648 2 0 76 
117 3 1 76 
5223 4 2 76 
3868 5 3 76 
3220 6 4 76 
2871 7 3 76 
2628 8 2 76 
2037 9 1 76 
989 10 0 76 
5514 3 0 76 
5432 4 1 76 
5384 5 2 76 
5123 6 3 76 
4639 7 2 76 
4201 8 1 76 
4059 9 0 76 
3792 4 0 76 
3398 5 1 76 
3016 6 2 76 
2567 7 1 76 
679 8 0 76 
619 5 0 76 
402 6 1 76 
4751 7 0 76 
2388 6 0 76 
42 6 1 88 
3584 5 1 88 
641 6 2 88 
2600 7 1 88 
75 4 1 88 
492 5 2 88 
927 6 3 88 
1686 7 2 88 
1842 8 1 88 
2234 3 1 90 
2602 4 2 89 
4106 6 4 89 
4317 7 3 89 
30 8 2 89 
258 9 1 89 
4125 2 1 90 
4644 3 2 90 
4997 6 5 90 
5065 7 4 90 
184 8 3 90 
446 9 2 90 
1022 10 1 90 
2112 1 1 91 
2301 2 2 91 
3356 3 3 91 
3849 7 5 91 
4288 8 4 91 
4858 9 3 90 
5061 10 2 90 
5294 11 1 90 
50 1 2 92 
200 2 3 92 
240 3 4 92 
2787 8 5 92 
3808 9 4 92 
3957 10 3 92 
4534 11 2 92 
5021 12 1 92 
5262 1 3 92 
5281 2 4 92 
333 3 5 92 
711 9 5 92 
1060 10 4 92 
1574 11 3 92 
1902 12 2 92 
2110 13 1 92 
3014 1 4 93 
3598 2 5 93 
4620 3 6 93 
5171 10 5 93 
558 11 4 93 
694 12 3 93 
759 13 2 93 
1308 1 5 94 
1696 2 6 94 
2095 11 5 93 
2148 12 4 93 
3140 13 3 93 
4752 1 6 94 
5060 12 5 94 
2203 13 4 94 
2696 13 5 94 
3103 13 6 94 
3607 13 7 95 
3661 13 8 95 
4216 14 8 95 
4333 14 9 95 
4759 15 8 95 
5117 13 11 95 
311 14 10 95 
899 15 9 95 
1640 16 8 95 
1775 17 7 95 
3684 12 11 96 
3931 13 12 96 
4161 14 11 96 
5266 16 5 95 
