2017
5467 0 9 1 
5284 0 19 1 
5147 0 10 1 
5108 0 18 1 
5082 1 9 1 
4963 1 19 1 
4865 0 11 1 
4836 0 17 1 
4758 1 10 1 
4744 1 18 1 
4645 2 9 1 
4615 2 19 1 
4494 0 12 1 
4455 0 16 1 
4296 1 11 1 
4199 1 17 1 
4085 2 10 1 
4061 2 18 1 
4048 3 9 1 
4007 3 19 1 
3124 0 13 1 
2955 0 15 1 
2904 1 12 1 
2596 1 16 1 
2534 2 11 1 
2298 2 17 1 
2149 3 10 1 
2113 3 18 1 
2074 4 9 1 
2066 4 19 1 
1872 0 14 1 
1470 1 13 1 
1293 1 15 1 
1198 2 12 1 
1042 2 16 1 
5287 3 11 1 
5242 3 17 1 
5187 4 10 1 
5116 4 18 1 
5022 5 9 1 
4409 5 19 1 
4377 19 19 1 
4354 1 14 1 
4010 2 13 1 
3957 2 15 1 
3875 3 12 1 
3801 3 16 1 
3682 4 11 1 
3045 4 17 1 
2943 5 10 1 
2890 5 18 1 
2883 6 9 1 
2758 6 19 1 
2291 18 19 1 
2218 19 18 1 
2013 0 0 1 
1569 2 14 1 
1515 3 13 1 
1487 3 15 1 
1452 4 12 1 
1315 4 16 1 
1123 5 11 1 
1028 5 17 1 
810 6 10 1 
678 6 18 1 
590 7 19 1 
459 17 19 1 
290 18 18 1 
5537 19 17 1 
5535 0 1 1 
5415 1 0 1 
5355 3 14 1 
5326 4 13 1 
5011 4 15 1 
4838 5 12 1 
4256 5 16 1 
4233 6 11 1 
4139 6 17 1 
3976 7 18 1 
3935 8 19 1 
3641 16 19 1 
3503 17 18 1 
3336 18 17 1 
3104 19 16 1 
2853 0 2 1 
2632 1 1 1 
2210 2 0 1 
2146 4 14 1 
1627 5 13 1 
1582 5 15 1 
1497 6 12 1 
1467 6 16 1 
1210 7 17 1 
1185 8 18 1 
826 9 19 1 
247 13 19 1 
5398 15 19 1 
5211 16 18 1 
5191 17 17 1 
5020 18 16 1 
4894 19 15 1 
4684 0 3 1 
4637 1 2 1 
4624 2 1 1 
4461 3 0 1 
4315 5 14 1 
4217 6 13 1 
4004 6 15 1 
3969 7 16 1 
3959 8 17 1 
3953 9 18 1 
3892 10 19 1 
3819 13 18 1 
3586 14 19 1 
3455 15 18 1 
3306 16 17 1 
3137 17 16 1 
2565 18 15 1 
2456 19 14 1 
2323 0 4 1 
2157 0 8 1 
1994 1 3 1 
1929 2 2 1 
1639 3 1 1 
1112 4 0 1 
885 6 14 1 
599 7 15 1 
5492 8 16 1 
5104 9 17 1 
4211 10 18 1 
3916 11 19 1 
3805 13 17 1 
3691 14 18 1 
3660 15 17 1 
3442 16 16 1 
3181 17 15 1 
3036 18 14 1 
2974 19 13 1 
2884 0 5 1 
2766 0 7 1 
2418 1 4 1 
2292 1 8 1 
2044 2 3 1 
1963 3 2 1 
1565 4 1 1 
785 5 0 1 
651 7 14 1 
648 8 15 1 
246 9 16 1 
166 10 17 1 
5461 11 18 1 
5343 12 19 1 
4727 13 16 1 
4663 14 17 1 
4606 15 16 1 
4589 16 15 1 
4475 17 14 1 
4340 18 13 1 
4254 19 12 1 
4228 0 6 1 
4221 1 5 1 
4127 1 7 1 
3911 2 4 1 
3665 2 8 1 
3649 3 3 1 
3494 4 2 1 
3428 5 1 1 
3404 6 0 1 
3172 7 13 1 
2911 8 14 1 
2870 9 15 1 
2583 10 16 1 
2380 11 17 1 
2306 12 18 1 
2213 13 15 1 
1975 14 16 1 
1728 15 15 1 
1649 16 14 1 
1614 17 13 1 
1521 18 12 1 
1202 19 11 1 
1120 1 6 1 
520 2 5 1 
483 2 7 1 
284 3 4 1 
275 3 8 1 
217 4 3 1 
5441 5 2 1 
5366 6 1 1 
5230 7 0 1 
5197 7 12 1 
5131 8 13 1 
4895 9 14 1 
4888 10 15 1 
4652 11 16 1 
4234 12 17 1 
4051 13 14 1 
3877 14 15 1 
2961 15 14 1 
2851 16 13 1 
2615 17 12 1 
2129 18 11 1 
2042 19 10 1 
1809 2 6 1 
1531 3 5 1 
1381 3 7 1 
1046 4 4 1 
744 4 8 1 
621 5 3 1 
507 6 2 1 
260 7 1 1 
237 7 11 1 
184 8 0 1 
5422 8 12 1 
5335 9 13 1 
5153 10 14 1 
4998 11 15 1 
4954 12 16 1 
4546 14 14 1 
4544 15 13 1 
4095 16 12 1 
3818 17 11 1 
3685 18 10 1 
3653 19 9 1 
3504 3 6 1 
3035 4 5 1 
2952 4 7 1 
2930 5 4 1 
2788 5 8 1 
2681 6 3 1 
2529 7 2 1 
2072 7 10 1 
1965 8 1 1 
1892 8 11 1 
1511 9 0 1 
955 9 12 1 
865 10 13 1 
268 11 14 1 
204 12 15 1 
150 14 13 1 
5431 15 12 1 
4775 16 11 1 
4102 17 10 1 
3797 18 9 1 
3646 19 8 1 
3249 4 6 1 
3082 5 5 1 
3074 5 7 1 
2833 6 4 1 
2820 6 8 1 
2745 7 3 1 
2405 7 9 1 
2296 8 2 1 
1722 8 10 1 
1586 9 1 1 
1335 9 11 1 
1246 10 0 1 
1093 10 12 1 
5536 11 13 1 
5506 12 14 1 
5470 13 13 1 
5423 14 12 1 
5319 15 11 1 
5002 16 10 1 
4939 17 9 1 
4638 18 8 1 
4448 19 7 1 
4353 5 6 1 
4050 6 5 1 
3772 6 7 1 
3761 7 4 1 
3459 7 8 1 
3268 8 3 1 
3217 8 9 1 
3076 9 2 1 
2903 9 10 1 
2655 10 1 1 
2235 10 11 1 
2150 11 12 1 
1960 12 13 1 
1631 13 12 1 
1545 14 11 1 
1143 15 10 1 
1097 16 9 1 
575 17 8 1 
5558 18 7 1 
4696 19 6 1 
4495 6 6 1 
4101 7 5 1 
3965 7 7 1 
3937 8 4 1 
3311 8 8 1 
3293 9 3 1 
3118 9 9 1 
3097 10 2 1 
3073 10 10 1 
2660 11 11 1 
2486 12 12 1 
2431 13 11 1 
2325 14 10 1 
2303 15 9 1 
2152 16 8 1 
2057 17 7 1 
1707 18 6 1 
996 19 5 1 
858 7 6 1 
120 8 5 1 
89 8 7 1 
51 9 4 1 
5475 9 8 1 
5295 10 3 1 
5026 10 9 1 
5024 11 10 1 
4900 12 11 1 
4640 13 10 1 
4594 14 9 1 
4157 15 8 1 
3330 16 7 1 
3227 17 6 1 
2677 18 5 1 
2221 19 4 1 
1572 8 6 1 
1346 9 5 1 
1334 9 7 1 
1205 10 4 1 
1085 10 8 1 
1033 11 9 1 
1002 12 10 1 
889 13 9 1 
608 14 8 1 
458 15 7 1 
453 16 6 1 
5409 17 5 1 
5258 18 4 1 
5156 19 3 1 
4656 9 6 1 
4311 10 5 1 
4092 10 7 1 
3063 11 8 1 
2876 12 9 1 
2831 13 8 1 
2458 14 7 1 
2105 15 6 1 
1970 16 5 1 
1957 17 4 1 
1625 18 3 1 
1280 19 2 1 
840 10 6 1 
580 11 7 1 
468 12 8 1 
5417 13 7 1 
5150 14 6 1 
4027 15 5 1 
3757 16 4 1 
2981 17 3 1 
2557 18 2 1 
2301 19 1 1 
2187 11 6 1 
2056 12 7 1 
1621 13 6 1 
1320 14 5 1 
1281 15 4 1 
1258 16 3 1 
1248 17 2 1 
262 18 1 1 
238 19 0 1 
130 11 5 1 
4053 12 6 1 
3910 13 5 1 
3909 14 4 1 
3692 15 3 1 
3192 16 2 1 
2342 17 1 1 
2073 18 0 1 
1950 11 4 1 
1687 12 5 1 
1478 13 4 1 
1096 14 3 1 
649 15 2 1 
593 16 1 1 
541 17 0 1 
4752 11 3 1 
4563 12 4 1 
4505 13 3 1 
3780 14 2 1 
3753 15 1 1 
2800 16 0 1 
2585 11 2 1 
2255 12 3 1 
2098 13 2 1 
2085 14 1 1 
2023 15 0 1 
1985 11 1 1 
613 12 2 1 
594 13 1 1 
4181 14 0 1 
3046 11 0 1 
2661 12 1 1 
1951 13 0 1 
362 12 0 1 
846 12 1 12 
3999 12 2 13 
481 13 1 13 
1699 12 3 13 
2720 13 2 13 
371 14 1 13 
1288 12 4 13 
1644 13 3 13 
2275 14 2 13 
2877 15 1 13 
2942 12 5 14 
3320 13 4 14 
3572 14 3 14 
4674 15 2 14 
4777 16 1 14 
5322 12 6 14 
1142 13 5 14 
1414 14 4 14 
1690 15 3 14 
2253 16 2 14 
2722 17 1 14 
3061 12 7 15 
152 13 6 15 
465 14 5 15 
926 15 4 15 
1640 16 3 15 
1807 17 2 15 
4333 18 1 15 
4833 11 7 16 
5027 12 8 16 
5402 13 7 15 
560 14 6 15 
749 15 5 15 
919 16 4 15 
1313 17 3 15 
1700 18 2 15 
1913 9 6 16 
2558 10 7 16 
2754 11 8 16 
2892 12 9 16 
3393 13 8 16 
4098 14 7 16 
5204 15 6 16 
5566 16 5 16 
9 17 4 16 
479 18 3 16 
856 8 6 17 
2933 9 5 17 
3715 9 7 17 
813 10 8 17 
987 11 9 17 
1036 12 10 17 
1711 14 8 17 
1922 15 7 17 
2112 16 6 17 
2377 17 5 16 
2761 18 4 16 
4081 7 6 18 
4151 8 5 18 
4200 8 7 18 
5006 9 4 18 
5023 9 8 17 
5327 10 9 17 
5379 11 10 17 
5546 12 11 17 
525 15 8 17 
822 16 7 17 
1636 17 6 17 
1730 18 5 17 
1814 6 6 18 
2340 7 5 18 
2590 7 7 18 
2604 8 4 18 
2749 8 8 18 
2769 9 3 18 
3057 9 9 18 
3079 10 10 18 
3642 11 11 18 
4299 12 12 18 
4338 15 9 18 
4365 16 8 18 
4876 17 7 18 
4928 18 6 18 
5298 5 6 19 
5525 6 5 19 
1284 6 7 19 
1662 7 4 19 
1721 8 3 19 
2135 8 9 19 
2653 9 2 19 
2990 9 10 19 
3359 10 11 19 
3701 11 12 19 
4489 15 10 19 
5086 16 9 19 
5473 17 8 19 
332 18 7 18 
848 4 6 20 
1009 5 5 20 
1356 5 7 20 
2083 6 4 20 
2228 7 3 20 
2391 8 2 20 
2589 8 10 20 
3162 9 1 20 
3218 9 11 20 
3526 10 12 20 
3568 11 13 19 
3592 15 11 19 
3616 16 10 19 
3666 17 9 19 
3671 18 8 19 
4590 3 6 21 
5557 0 9 26 
5542 0 19 26 
5487 0 10 26 
5089 0 18 26 
4824 1 9 26 
4818 1 19 26 
4801 0 11 26 
4750 0 17 26 
4504 1 10 26 
4498 1 18 26 
4458 2 9 26 
4120 2 19 26 
4108 0 12 26 
3530 0 16 26 
3154 1 11 26 
3054 1 17 26 
2778 2 10 26 
2679 2 18 26 
2570 3 9 26 
2444 3 19 26 
2383 0 13 26 
2363 0 15 26 
2239 1 12 26 
2046 1 16 26 
1967 2 11 26 
1917 2 17 26 
1693 3 10 26 
1082 3 18 26 
941 4 9 26 
893 4 19 26 
711 0 14 26 
423 1 13 26 
320 1 15 26 
5323 2 12 26 
4971 2 16 26 
4957 3 11 26 
4700 3 17 26 
4612 4 10 26 
4600 4 18 26 
4456 5 9 26 
4213 5 19 26 
4015 19 19 26 
3880 1 14 26 
3351 2 13 26 
3350 2 15 26 
2916 3 12 26 
2819 3 16 26 
2495 4 11 26 
2491 4 17 26 
2244 5 10 26 
1456 5 18 26 
1349 6 9 26 
1216 6 19 26 
924 18 19 26 
804 19 18 26 
219 0 0 26 
209 2 14 26 
134 3 13 26 
3 3 15 26 
5462 4 12 26 
5293 4 16 26 
4664 5 11 26 
4646 5 17 26 
4279 6 10 26 
4219 6 18 26 
3985 7 19 26 
3938 17 19 26 
3926 18 18 26 
3882 19 17 26 
3798 0 1 26 
3709 1 0 26 
3695 3 14 26 
3644 4 13 26 
3587 4 15 26 
3521 5 12 26 
3023 5 16 26 
2937 6 11 26 
2523 6 17 26 
2439 7 18 26 
2366 8 19 26 
2162 16 19 26 
2009 17 18 26 
1992 18 17 26 
1859 19 16 26 
1624 0 2 26 
1549 1 1 26 
1536 2 0 26 
1283 4 14 26 
1242 5 13 26 
773 5 15 26 
698 6 12 26 
561 6 16 26 
139 7 17 26 
5533 8 18 26 
5523 9 19 26 
5459 13 19 26 
5265 15 19 26 
5102 16 18 26 
4835 17 17 26 
4610 18 16 26 
4119 19 15 26 
3950 0 3 26 
3721 1 2 26 
3434 2 1 26 
3324 3 0 26 
3241 5 14 26 
3155 6 13 26 
2998 6 15 26 
2968 7 16 26 
2492 8 17 26 
2371 9 18 26 
2274 10 19 26 
1932 13 18 26 
1818 14 19 26 
1673 15 18 26 
1592 16 17 26 
1585 17 16 26 
1087 18 15 26 
947 19 14 26 
675 0 4 26 
619 0 8 26 
533 1 3 26 
456 2 2 26 
455 3 1 26 
5381 4 0 26 
5291 6 14 26 
5285 7 15 26 
5164 8 16 26 
4529 9 17 26 
3555 10 18 26 
3537 11 19 26 
2226 13 17 26 
2029 14 18 26 
2019 15 17 26 
1912 16 16 26 
1854 17 15 26 
1619 18 14 26 
1025 19 13 26 
1016 0 5 26 
763 0 7 26 
236 1 4 26 
57 1 8 26 
29 2 3 26 
4841 3 2 26 
4675 4 1 26 
4658 5 0 26 
4318 7 14 26 
4005 8 15 26 
3822 9 16 26 
3525 10 17 26 
3354 11 18 26 
3112 12 19 26 
3037 13 16 26 
3012 14 17 26 
2595 15 16 26 
2591 16 15 26 
2584 17 14 26 
2446 18 13 26 
2240 19 12 26 
2189 0 6 26 
1891 1 5 26 
1513 1 7 26 
1291 2 4 26 
940 2 8 26 
735 3 3 26 
668 4 2 26 
548 5 1 26 
354 6 0 26 
253 7 13 26 
5168 8 14 26 
5167 9 15 26 
4901 10 16 26 
4875 11 17 26 
4853 12 18 26 
4844 13 15 26 
4509 14 16 26 
4350 15 15 26 
4117 16 14 26 
3595 17 13 26 
3574 18 12 26 
3403 19 11 26 
3396 1 6 26 
3107 2 5 26 
2725 2 7 26 
2619 3 4 26 
2346 3 8 26 
2309 4 3 26 
1896 5 2 26 
1871 6 1 26 
1740 7 0 26 
1677 7 12 26 
1651 8 13 26 
1579 9 14 26 
1310 10 15 26 
1148 11 16 26 
1134 12 17 26 
910 13 14 26 
828 14 15 26 
764 15 14 26 
568 16 13 26 
402 17 12 26 
375 18 11 26 
156 19 10 26 
5465 2 6 26 
5446 3 5 26 
5442 3 7 26 
4660 4 4 26 
4659 4 8 26 
4288 5 3 26 
4016 6 2 26 
3752 7 1 26 
3338 7 11 26 
3175 8 0 26 
3042 8 12 26 
2835 9 13 26 
2808 10 14 26 
2437 11 15 26 
2070 12 16 26 
2068 14 14 26 
1982 15 13 26 
1683 16 12 26 
1523 17 11 26 
1435 18 10 26 
1410 19 9 26 
1323 3 6 26 
1135 4 5 26 
897 4 7 26 
723 5 4 26 
623 5 8 26 
488 6 3 26 
440 7 2 26 
5357 7 10 26 
5345 8 1 26 
5194 8 11 26 
5057 9 0 26 
5030 9 12 26 
4794 10 13 26 
4575 11 14 26 
4403 12 15 26 
4306 14 13 26 
3894 15 12 26 
3789 16 11 26 
3040 17 10 26 
2755 18 9 26 
2667 19 8 26 
2447 4 6 26 
2367 5 5 26 
2147 5 7 26 
1735 6 4 26 
1710 6 8 26 
1534 7 3 26 
1260 7 9 26 
960 8 2 26 
687 8 10 26 
612 9 1 26 
227 9 11 26 
169 10 0 26 
124 10 12 26 
5539 11 13 26 
5424 12 14 26 
5264 13 13 26 
4973 14 12 26 
4846 15 11 26 
4843 16 10 26 
4739 17 9 26 
4538 18 8 26 
4488 19 7 26 
4419 5 6 26 
4273 6 5 26 
4080 6 7 26 
4073 7 4 26 
3869 7 8 26 
3866 8 3 26 
2678 8 9 26 
2629 9 2 26 
2550 9 10 26 
2536 10 1 26 
2329 10 11 26 
2106 11 12 26 
1952 12 13 26 
1658 13 12 26 
1327 14 11 26 
1245 15 10 26 
1233 16 9 26 
1222 17 8 26 
1128 18 7 26 
861 19 6 26 
137 6 6 26 
5530 7 5 26 
5314 7 7 26 
5296 8 4 26 
5257 8 8 26 
5119 9 3 26 
5060 9 9 26 
4399 10 2 26 
4244 10 10 26 
4128 11 11 26 
4096 12 12 26 
3774 13 11 26 
3678 14 10 26 
2741 15 9 26 
2622 16 8 26 
2080 17 7 26 
1764 18 6 26 
1391 19 5 26 
1344 7 6 26 
830 8 5 26 
691 8 7 26 
639 9 4 26 
493 9 8 26 
406 10 3 26 
76 10 9 26 
5521 11 10 26 
4786 12 11 26 
4690 13 10 26 
4680 14 9 26 
3902 15 8 26 
3331 16 7 26 
3274 17 6 26 
3140 18 5 26 
3096 19 4 26 
2389 8 6 26 
1934 9 5 26 
1753 9 7 26 
1546 10 4 26 
1217 10 8 26 
1163 11 9 26 
1118 12 10 26 
5235 13 9 26 
5206 14 8 26 
5122 15 7 26 
4961 16 6 26 
4852 17 5 26 
4662 18 4 26 
4497 19 3 26 
4493 9 6 26 
4319 10 5 26 
4292 10 7 26 
4094 11 8 26 
3821 12 9 26 
3676 13 8 26 
3056 14 7 26 
2780 15 6 26 
2744 16 5 26 
2474 17 4 26 
2421 18 3 26 
2229 19 2 26 
2167 10 6 26 
2086 11 7 26 
1831 12 8 26 
959 13 7 26 
921 14 6 26 
519 15 5 26 
5541 16 4 26 
5220 17 3 26 
5130 18 2 26 
5044 19 1 26 
4832 11 6 26 
4131 12 7 26 
4067 13 6 26 
3824 14 5 26 
3705 15 4 26 
3552 16 3 26 
3511 17 2 26 
3089 18 1 26 
2850 19 0 26 
2650 11 5 26 
2649 12 6 26 
1275 13 5 26 
1273 14 4 26 
1221 15 3 26 
484 16 2 26 
46 17 1 26 
5548 18 0 26 
5367 11 4 26 
5328 12 5 26 
5286 13 4 26 
5113 14 3 26 
4283 15 2 26 
4107 16 1 26 
3813 17 0 26 
3451 11 3 26 
2700 12 4 26 
2352 13 3 26 
2141 14 2 26 
1373 15 1 26 
1302 16 0 26 
1187 11 2 26 
949 12 3 26 
916 13 2 26 
3920 14 1 26 
3558 15 0 26 
2842 11 1 26 
2326 12 2 26 
1524 13 1 26 
1512 14 0 26 
1167 11 0 26 
2631 12 1 26 
2027 13 0 26 
1532 12 0 26 
4125 12 1 37 
3561 12 2 38 
188 13 1 38 
1220 12 3 39 
703 13 2 39 
772 14 1 38 
1354 12 4 39 
1362 13 3 39 
3275 14 2 39 
4566 15 1 39 
4969 12 5 39 
5171 13 4 39 
791 14 3 39 
1964 15 2 39 
2120 16 1 39 
2746 12 6 40 
4161 13 5 40 
4423 14 4 40 
5262 15 3 40 
1152 16 2 40 
1770 17 1 40 
2102 12 7 40 
2280 13 6 40 
2433 14 5 40 
3030 15 4 40 
3680 16 3 40 
3816 17 2 40 
4482 18 1 40 
4709 11 7 41 
4712 12 8 41 
821 13 7 41 
1402 14 6 41 
1570 15 5 41 
2698 16 4 40 
3291 17 3 40 
3704 18 2 40 
4979 9 6 41 
115 10 7 41 
170 11 8 41 
658 12 9 41 
1332 13 8 41 
1795 14 7 41 
2688 15 6 41 
2934 16 5 41 
3299 17 4 41 
3538 18 3 41 
3617 8 6 42 
4000 9 5 42 
4711 9 7 42 
4723 10 8 42 
365 11 9 42 
464 12 10 42 
1527 14 8 41 
2176 15 7 41 
2416 16 6 41 
2692 17 5 41 
2740 18 4 41 
3070 7 6 43 
3252 8 5 43 
4766 8 7 43 
4999 9 4 43 
5450 9 8 43 
439 10 9 43 
551 11 10 42 
767 12 11 42 
1020 15 8 42 
1385 16 7 42 
1733 17 6 42 
1881 18 5 42 
2206 6 6 44 
2542 7 5 43 
4072 7 7 43 
4109 8 4 43 
4285 8 8 43 
4623 9 3 43 
4810 9 9 43 
5132 10 10 43 
5418 11 11 43 
273 12 12 43 
737 15 9 43 
740 16 8 43 
1113 17 7 43 
1255 18 6 43 
2138 5 6 44 
2499 6 5 44 
2702 6 7 44 
3228 7 4 44 
3634 8 3 44 
3640 8 9 44 
3746 9 2 44 
3951 9 10 44 
5189 10 11 44 
5439 11 12 44 
194 15 10 44 
469 16 9 44 
645 17 8 44 
1286 18 7 44 
2278 4 6 45 
2403 5 5 45 
2645 5 7 45 
2811 6 4 45 
2907 7 3 45 
2964 8 2 45 
3607 8 10 45 
3670 9 1 45 
3779 9 11 45 
4035 10 12 45 
4040 11 13 44 
4470 15 11 44 
4608 16 10 44 
4769 17 9 44 
4780 18 8 44 
5010 3 6 46 
5554 4 5 46 
5371 0 9 51 
5097 0 19 51 
4679 0 10 51 
4585 0 18 51 
4468 1 9 51 
4327 1 19 51 
4267 0 11 51 
4223 0 17 51 
3689 1 10 51 
3681 1 18 51 
3600 2 9 51 
3546 2 19 51 
3377 0 12 51 
3355 0 16 51 
3193 1 11 51 
3139 1 17 51 
2605 2 10 51 
2592 2 18 51 
2501 3 9 51 
2450 3 19 51 
2155 0 13 51 
2121 0 15 51 
1751 1 12 51 
1675 1 16 51 
1159 2 11 51 
946 2 17 51 
738 3 10 51 
126 3 18 51 
99 4 9 51 
17 4 19 51 
5520 0 14 51 
5518 1 13 51 
5383 1 15 51 
5289 2 12 51 
5202 2 16 51 
5117 3 11 51 
5028 3 17 51 
4776 4 10 51 
4692 4 18 51 
4604 5 9 51 
4435 5 19 51 
4166 19 19 51 
4115 1 14 51 
4022 2 13 51 
3903 2 15 51 
3762 3 12 51 
3312 3 16 51 
2985 4 11 51 
2891 4 17 51 
2336 5 10 51 
2288 5 18 51 
2262 6 9 51 
2145 6 19 51 
1991 18 19 51 
1775 19 18 51 
1329 0 0 51 
1207 2 14 51 
1191 3 13 51 
1050 3 15 51 
832 4 12 51 
760 4 16 51 
734 5 11 51 
682 5 17 51 
602 6 10 51 
540 6 18 51 
342 7 19 51 
128 17 19 51 
5464 18 18 51 
5400 19 17 51 
5334 0 1 51 
5282 1 0 51 
5203 3 14 51 
5201 4 13 51 
5179 4 15 51 
5045 5 12 51 
5039 5 16 51 
4992 6 11 51 
4630 6 17 51 
4393 7 18 51 
4368 8 19 51 
4366 16 19 51 
4193 17 18 51 
4063 18 17 51 
3977 19 16 51 
3527 0 2 51 
3087 1 1 51 
3008 2 0 51 
2997 4 14 51 
2644 5 13 51 
2232 5 15 51 
2133 6 12 51 
1997 6 16 51 
1429 7 17 51 
1336 8 18 51 
1308 9 19 51 
1193 13 19 51 
980 15 19 51 
961 16 18 51 
683 17 17 51 
508 18 16 51 
502 19 15 51 
430 0 3 51 
349 1 2 51 
255 2 1 51 
146 3 0 51 
11 5 14 51 
5196 6 13 51 
5170 6 15 51 
5138 7 16 51 
4774 8 17 51 
4547 9 18 51 
4089 10 19 51 
3921 13 18 51 
3830 14 19 51 
3557 15 18 51 
3169 16 17 51 
3135 17 16 51 
3055 18 15 51 
2668 19 14 51 
2642 0 4 51 
2561 0 8 51 
2509 1 3 51 
2408 2 2 51 
2281 3 1 51 
2188 4 0 51 
2153 6 14 51 
1889 7 15 51 
1769 8 16 51 
1656 9 17 51 
1292 10 18 51 
1262 11 19 51 
1166 13 17 51 
974 14 18 51 
710 15 17 51 
313 16 16 51 
286 17 15 51 
5338 18 14 51 
4635 19 13 51 
4356 0 5 51 
4018 0 7 51 
3881 1 4 51 
3533 1 8 51 
3092 2 3 51 
3010 3 2 51 
2825 4 1 51 
2452 5 0 51 
2376 7 14 51 
2265 8 15 51 
1883 9 16 51 
1567 10 17 51 
1540 11 18 51 
1387 12 19 51 
1290 13 16 51 
1076 14 17 51 
1035 15 16 51 
727 16 15 51 
638 17 14 51 
566 18 13 51 
446 19 12 51 
329 0 6 51 
299 1 5 51 
125 1 7 51 
28 2 4 51 
5543 2 8 51 
5141 3 3 51 
4993 4 2 51 
4938 5 1 51 
4891 6 0 51 
4773 7 13 51 
4401 8 14 51 
4386 9 15 51 
4243 10 16 51 
4239 11 17 51 
3796 12 18 51 
3083 13 15 51 
2976 14 16 51 
2929 15 15 51 
2924 16 14 51 
2878 17 13 51 
2736 18 12 51 
2703 19 11 51 
2640 1 6 51 
2313 2 5 51 
2264 2 7 51 
2246 3 4 51 
2227 3 8 51 
2163 4 3 51 
1915 5 2 51 
1904 6 1 51 
1833 7 0 51 
1661 7 12 51 
1612 8 13 51 
1343 9 14 51 
532 10 15 51 
86 11 16 51 
5426 12 17 51 
5416 13 14 51 
5126 14 15 51 
4539 15 14 51 
4394 16 13 51 
4347 17 12 51 
3930 18 11 51 
3827 19 10 51 
3788 2 6 51 
3508 3 5 51 
3498 3 7 51 
3443 4 4 51 
3078 4 8 51 
3022 5 3 51 
3003 6 2 51 
2928 7 1 51 
2496 7 11 51 
2441 8 0 51 
2432 8 12 51 
1906 9 13 51 
1840 10 14 51 
1103 11 15 51 
847 12 16 51 
696 14 14 51 
225 15 13 51 
142 16 12 51 
5507 17 11 51 
5347 18 10 51 
4322 19 9 51 
4182 3 6 51 
4178 4 5 51 
3993 4 7 51 
3954 5 4 51 
3885 5 8 51 
3839 6 3 51 
3628 7 2 51 
3606 7 10 51 
2932 8 1 51 
2863 8 11 51 
2843 9 0 51 
2621 9 12 51 
2606 10 13 51 
2427 11 14 51 
2348 12 15 51 
1680 14 13 51 
1605 15 12 51 
1397 16 11 51 
1173 17 10 51 
1074 18 9 51 
788 19 8 51 
364 4 6 51 
161 5 5 51 
116 5 7 51 
5556 6 4 51 
5198 6 8 51 
5109 7 3 51 
5041 7 9 51 
4715 8 2 51 
4543 8 10 51 
4444 9 1 51 
4427 9 11 51 
4218 10 0 51 
4215 10 12 51 
4132 11 13 51 
4064 12 14 51 
4020 13 13 51 
4013 14 12 51 
3907 15 11 51 
3823 16 10 51 
3663 17 9 51 
3439 18 8 51 
2784 19 7 51 
2711 5 6 51 
2004 6 5 51 
1962 6 7 51 
1897 7 4 51 
994 7 8 51 
827 8 3 51 
756 8 9 51 
549 9 2 51 
462 9 10 51 
416 10 1 51 
387 10 11 51 
276 11 12 51 
73 12 13 51 
5095 13 12 51 
4981 14 11 51 
3981 15 10 51 
3929 16 9 51 
3876 17 8 51 
3833 18 7 51 
3575 19 6 51 
3334 6 6 51 
3296 7 5 51 
2874 7 7 51 
2730 8 4 51 
2339 8 8 51 
2200 9 3 51 
2156 9 9 51 
1989 10 2 51 
1843 10 10 51 
1430 11 11 51 
1359 12 12 51 
1337 13 11 51 
825 14 10 51 
650 15 9 51 
537 16 8 51 
206 17 7 51 
191 18 6 51 
5331 19 5 51 
5294 7 6 51 
4932 8 5 51 
4762 8 7 51 
4454 9 4 51 
3918 9 8 51 
3518 10 3 51 
3502 10 9 51 
3183 11 10 51 
3103 12 11 51 
3060 13 10 51 
2204 14 9 51 
2177 15 8 51 
2116 16 7 51 
1924 17 6 51 
1857 18 5 51 
1650 19 4 51 
1591 8 6 51 
1367 9 5 51 
1057 9 7 51 
1051 10 4 51 
981 10 8 51 
818 11 9 51 
503 12 10 51 
433 13 9 51 
254 14 8 51 
94 15 7 51 
5560 16 6 51 
4650 17 5 51 
4452 18 4 51 
4231 19 3 51 
4148 9 6 51 
3931 10 5 51 
3484 10 7 51 
3269 11 8 51 
3259 12 9 51 
3145 13 8 51 
2279 14 7 51 
1893 15 6 51 
1713 16 5 51 
1652 17 4 51 
1563 18 3 51 
1421 19 2 51 
937 10 6 51 
758 11 7 51 
5436 12 8 51 
5427 13 7 51 
5390 14 6 51 
5364 15 5 51 
4694 16 4 51 
4383 17 3 51 
4371 18 2 51 
4136 19 1 51 
4077 11 6 51 
4032 12 7 51 
3677 13 6 51 
3300 14 5 51 
2482 15 4 51 
2107 16 3 51 
1348 17 2 51 
755 18 1 51 
2 19 0 51 
5509 11 5 51 
5215 12 6 51 
4759 13 5 51 
3540 14 4 51 
2764 15 3 51 
2696 16 2 51 
2588 17 1 51 
2522 18 0 51 
1557 11 4 51 
377 12 5 51 
98 13 4 51 
5512 14 3 51 
4642 15 2 51 
3402 16 1 51 
3166 17 0 51 
2721 11 3 51 
2593 12 4 51 
1900 13 3 51 
1815 14 2 51 
1744 15 1 51 
622 16 0 51 
413 11 2 51 
244 12 3 51 
5129 13 2 51 
2734 14 1 51 
2627 15 0 51 
2328 11 1 51 
2005 12 2 51 
1558 13 1 51 
1287 14 0 51 
1231 11 0 51 
5320 12 1 51 
4702 13 0 51 
2449 12 0 51 
1157 12 1 62 
2479 12 2 63 
3940 13 1 63 
111 12 3 64 
1537 13 2 63 
2614 14 1 63 
3488 12 4 64 
5394 13 3 64 
867 14 2 64 
3156 15 1 64 
732 12 5 65 
2179 13 4 65 
3173 14 3 64 
3702 15 2 64 
3887 16 1 64 
4782 12 6 65 
2025 13 5 65 
3347 14 4 65 
4740 15 3 65 
5239 16 2 65 
838 17 1 65 
1851 12 7 66 
1981 13 6 66 
2364 14 5 66 
3656 15 4 66 
3758 16 3 66 
4687 17 2 66 
4960 18 1 66 
5448 11 7 67 
6 12 8 66 
428 13 7 66 
490 14 6 66 
1026 15 5 66 
1100 16 4 66 
1808 17 3 66 
2493 18 2 66 
5529 9 6 67 
1763 10 7 67 
1825 11 8 67 
2813 12 9 67 
3004 13 8 67 
3832 14 7 67 
4381 15 6 67 
181 16 5 67 
208 17 4 67 
1032 18 3 67 
1424 8 6 68 
1755 9 5 68 
1864 9 7 68 
2018 10 8 68 
2283 11 9 68 
3117 12 10 68 
4160 14 8 68 
4362 15 7 68 
4450 16 6 67 
5013 17 5 67 
841 18 4 67 
1399 7 6 68 
1405 8 5 68 
1798 8 7 68 
1819 9 4 68 
2300 9 8 68 
2448 10 9 68 
2487 11 10 68 
2559 12 11 68 
3253 15 8 68 
3294 16 7 68 
3322 17 6 68 
4009 18 5 68 
4262 6 6 69 
4542 7 5 69 
5309 7 7 69 
109 8 4 69 
224 8 8 69 
264 9 3 69 
581 9 9 69 
591 10 10 69 
1109 11 11 69 
1448 12 12 69 
1454 15 9 69 
1945 16 8 69 
2293 17 7 69 
2886 18 6 69 
3886 5 6 70 
5128 6 5 70 
5515 0 9 76 
5494 0 19 76 
5120 0 10 76 
4881 0 18 76 
4417 1 9 76 
4406 1 19 76 
4388 0 11 76 
4364 0 17 76 
4284 1 10 76 
3905 1 18 76 
3760 2 9 76 
3716 2 19 76 
3624 0 12 76 
3621 0 16 76 
3454 1 11 76 
2712 1 17 76 
2689 2 10 76 
2393 2 18 76 
2183 3 9 76 
2065 3 19 76 
1905 0 13 76 
1440 0 15 76 
1351 1 12 76 
1269 1 16 76 
1141 2 11 76 
1001 2 17 76 
765 3 10 76 
562 3 18 76 
5522 4 9 76 
5480 4 19 76 
5457 0 14 76 
5310 1 13 76 
4906 1 15 76 
4903 2 12 76 
4829 2 16 76 
4809 3 11 76 
4578 3 17 76 
4453 4 10 76 
4404 4 18 76 
4189 5 9 76 
4045 5 19 76 
4014 19 19 76 
3860 1 14 76 
3767 2 13 76 
3737 2 15 76 
3528 3 12 76 
3365 3 16 76 
3346 4 11 76 
3108 4 17 76 
2965 5 10 76 
2946 5 18 76 
2829 6 9 76 
2723 6 19 76 
2310 18 19 76 
2159 19 18 76 
1903 0 0 76 
1474 2 14 76 
990 3 13 76 
689 3 15 76 
677 4 12 76 
572 4 16 76 
452 5 11 76 
438 5 17 76 
366 6 10 76 
283 6 18 76 
35 7 19 76 
5169 17 19 76 
5144 18 18 76 
4779 19 17 76 
4760 0 1 76 
4734 1 0 76 
4537 3 14 76 
4415 4 13 76 
4342 4 15 76 
4230 5 12 76 
3810 5 16 76 
3790 6 11 76 
3723 6 17 76 
3029 7 18 76 
2918 8 19 76 
2680 16 19 76 
2658 17 18 76 
2181 18 17 76 
1824 19 16 76 
1712 0 2 76 
1666 1 1 76 
1654 2 0 76 
976 4 14 76 
807 5 13 76 
798 5 15 76 
688 6 12 76 
403 6 16 76 
370 7 17 76 
5471 8 18 76 
5324 9 19 76 
4926 13 19 76 
4840 15 19 76 
4808 16 18 76 
4418 17 17 76 
4301 18 16 76 
4183 19 15 76 
4176 0 3 76 
4036 1 2 76 
3332 2 1 76 
3152 3 0 76 
3069 5 14 76 
2612 6 13 76 
2512 6 15 76 
2409 7 16 76 
2236 8 17 76 
2045 9 18 76 
1861 10 19 76 
1660 13 18 76 
1508 14 19 76 
1473 15 18 76 
1278 16 17 76 
570 17 16 76 
528 18 15 76 
454 19 14 76 
344 0 4 76 
155 0 8 76 
5435 1 3 76 
5300 2 2 76 
4937 3 1 76 
4882 4 0 76 
4459 6 14 76 
3608 7 15 76 
3576 8 16 76 
3516 9 17 76 
3356 10 18 76 
3250 11 19 76 
3146 13 17 76 
2987 14 18 76 
2670 15 17 76 
2633 16 16 76 
2451 17 15 76 
2370 18 14 76 
2233 19 13 76 
2088 0 5 76 
2007 0 7 76 
1940 1 4 76 
1773 1 8 76 
1695 2 3 76 
1581 3 2 76 
1422 4 1 76 
829 5 0 76 
424 7 14 76 
336 8 15 76 
315 9 16 76 
233 10 17 76 
16 11 18 76 
5101 12 19 76 
4923 13 16 76 
4785 14 17 76 
4651 15 16 76 
4549 16 15 76 
4287 17 14 76 
4011 18 13 76 
3923 19 12 76 
3547 0 6 76 
3543 1 5 76 
3222 1 7 76 
3101 2 4 76 
3072 2 8 76 
3007 3 3 76 
2935 4 2 76 
2834 5 1 76 
2454 6 0 76 
2330 7 13 76 
2249 8 14 76 
2124 9 15 76 
2084 10 16 76 
1865 11 17 76 
1860 12 18 76 
1717 13 15 76 
1383 14 16 76 
1091 15 15 76 
1039 16 14 76 
852 17 13 76 
803 18 12 76 
443 19 11 76 
340 1 6 76 
93 2 5 76 
66 2 7 76 
5205 3 4 76 
5054 3 8 76 
5004 4 3 76 
4756 5 2 76 
4725 6 1 76 
4564 7 0 76 
3936 7 12 76 
3928 8 13 76 
3708 9 14 76 
3515 10 15 76 
3310 11 16 76 
3308 12 17 76 
3130 13 14 76 
3100 14 15 76 
2919 15 14 76 
2806 16 13 76 
2567 17 12 76 
2459 18 11 76 
2184 19 10 76 
2050 2 6 76 
1703 3 5 76 
1574 3 7 76 
1196 4 4 76 
932 4 8 76 
863 5 3 76 
784 6 2 76 
768 7 1 76 
729 7 11 76 
686 8 0 76 
474 8 12 76 
409 9 13 76 
114 10 14 76 
104 11 15 76 
5277 12 16 76 
5183 14 14 76 
5084 15 13 76 
4977 16 12 76 
4940 17 11 76 
4742 18 10 76 
4730 19 9 76 
3945 3 6 76 
3858 4 5 76 
3814 4 7 76 
3800 5 4 76 
3669 5 8 76 
3420 6 3 76 
3369 7 2 76 
2917 7 10 76 
2836 8 1 76 
2789 8 11 76 
2385 9 0 76 
2267 9 12 76 
2259 10 13 76 
1689 11 14 76 
1583 12 15 76 
1412 14 13 76 
1095 15 12 76 
1029 16 11 76 
720 17 10 76 
600 18 9 76 
250 19 8 76 
80 4 6 76 
10 5 5 76 
5570 5 7 76 
5311 6 4 76 
5001 6 8 76 
4943 7 3 76 
4360 7 9 76 
4104 8 2 76 
3483 8 10 76 
3406 9 1 76 
3314 9 11 76 
3276 10 0 76 
3262 10 12 76 
3240 11 13 76 
2898 12 14 76 
2402 13 13 76 
2396 14 12 76 
1727 15 11 76 
1646 16 10 76 
1615 17 9 76 
1425 18 8 76 
1088 19 7 76 
999 5 6 76 
878 6 5 76 
870 6 7 76 
854 7 4 76 
450 7 8 76 
389 8 3 76 
14 8 9 76 
5455 9 2 76 
5304 9 10 76 
5157 10 1 76 
4907 10 11 76 
4797 11 12 76 
4597 12 13 76 
3380 13 12 76 
3321 14 11 76 
3084 15 10 76 
2948 16 9 76 
2871 17 8 76 
2798 18 7 76 
2549 19 6 76 
2387 6 6 76 
2350 7 5 76 
2036 7 7 76 
1507 8 4 76 
1321 8 8 76 
1309 9 3 76 
1149 9 9 76 
1043 10 2 76 
833 10 10 76 
693 11 11 76 
642 12 12 76 
523 13 11 76 
431 14 10 76 
5478 15 9 76 
5428 16 8 76 
5386 17 7 76 
5090 18 6 76 
4369 19 5 76 
4336 7 6 76 
4207 8 5 76 
3584 8 7 76 
3560 9 4 76 
3398 9 8 76 
3065 10 3 76 
2747 10 9 76 
2032 11 10 76 
1937 12 11 76 
1855 13 10 76 
1705 14 9 76 
1047 15 8 76 
1044 16 7 76 
890 17 6 76 
775 18 5 76 
510 19 4 76 
391 8 6 76 
118 9 5 76 
5472 9 7 76 
5244 10 4 76 
5070 10 8 76 
4788 11 9 76 
4698 12 10 76 
4171 13 9 76 
3997 14 8 76 
3989 15 7 76 
3435 16 6 76 
3342 17 5 76 
3064 18 4 76 
2977 19 3 76 
2844 9 6 76 
2471 10 5 76 
2453 10 7 76 
2198 11 8 76 
2194 12 9 76 
2140 13 8 76 
1803 14 7 76 
1749 15 6 76 
1645 16 5 76 
1606 17 4 76 
1564 18 3 76 
1213 19 2 76 
199 10 6 76 
160 11 7 76 
83 12 8 76 
5488 13 7 76 
5012 14 6 76 
4813 15 5 76 
3675 16 4 76 
3210 17 3 76 
3075 18 2 76 
3021 19 1 76 
2392 11 6 76 
2109 12 7 76 
1959 13 6 76 
1115 14 5 76 
480 15 4 76 
388 16 3 76 
293 17 2 76 
5303 18 1 76 
4962 19 0 76 
4864 11 5 76 
4598 12 6 76 
4584 13 5 76 
4460 14 4 76 
4129 15 3 76 
3850 16 2 76 
3341 17 1 76 
2609 18 0 76 
1973 11 4 76 
1431 12 5 76 
629 13 4 76 
167 14 3 76 
5414 15 2 76 
5233 16 1 76 
4425 17 0 76 
3256 11 3 76 
2765 12 4 76 
2713 13 3 76 
2610 14 2 76 
2321 15 1 76 
1600 16 0 76 
1519 11 2 76 
1048 12 3 76 
78 13 2 76 
4021 14 1 76 
3509 15 0 76 
2359 11 1 76 
1013 12 2 76 
724 13 1 76 
5382 14 0 76 
5180 11 0 76 
4486 12 1 76 
4247 13 0 76 
1022 12 0 76 
1760 12 1 87 
3645 12 2 88 
4335 13 1 88 
2704 12 3 89 
2849 13 2 89 
2959 14 1 88 
4708 12 4 89 
301 13 3 89 
1801 14 2 89 
3742 15 1 89 
102 12 5 90 
141 13 4 90 
185 14 3 90 
449 15 2 89 
936 16 1 89 
2516 12 6 90 
2938 13 5 90 
1547 14 4 90 
1715 15 3 90 
1878 16 2 90 
3237 17 1 90 
4534 12 7 91 
1526 13 6 91 
2507 14 5 91 
2809 15 4 91 
3142 16 3 91 
5029 17 2 91 
53 18 1 90 
108 11 7 92 
607 12 8 92 
1038 13 7 91 
2324 14 6 91 
2477 15 5 91 
2665 16 4 91 
3471 17 3 91 
3988 18 2 91 
5042 9 6 92 
5373 10 7 92 
358 11 8 92 
794 12 9 92 
882 13 8 92 
1199 14 7 92 
1282 15 6 92 
1830 16 5 92 
2237 17 4 92 
2245 18 3 92 
2332 8 6 93 
2705 9 5 93 
2768 9 7 92 
2777 10 8 92 
2882 11 9 92 
2945 12 10 92 
3919 14 8 92 
4634 15 7 92 
4673 16 6 92 
5008 17 5 92 
5106 18 4 92 
5393 7 6 93 
404 8 5 93 
636 8 7 93 
647 9 4 93 
844 9 8 93 
930 10 9 93 
1411 11 10 93 
1716 12 11 93 
1745 15 8 93 
1768 16 7 93 
1836 17 6 93 
1984 18 5 93 
2521 6 6 94 
3286 7 5 94 
4069 7 7 94 
4464 8 4 94 
4892 8 8 94 
5043 9 3 94 
5081 9 9 94 
5217 10 10 94 
5226 11 11 94 
5452 12 12 94 
298 15 9 93 
321 16 8 93 
556 17 7 93 
644 18 6 93 
1665 5 6 95 
1852 6 5 95 
2923 6 7 95 
2963 7 4 95 
2986 8 3 95 
3266 8 9 95 
4551 9 2 94 
4987 9 10 94 
341 10 11 94 
473 11 12 94 
546 15 10 94 
748 16 9 94 
1525 17 8 94 
1616 18 7 94 
1776 4 6 96 
3961 5 5 96 
4123 5 7 95 
4330 6 4 95 
4755 7 3 95 
4849 8 2 95 
5269 8 10 95 
5526 9 1 95 
