1688
5173 5 19 1 
5042 0 19 1 
4835 4 19 1 
4681 5 18 1 
4608 0 10 1 
4526 0 18 1 
4410 1 19 1 
4342 3 19 1 
4039 4 18 1 
4034 5 17 1 
3665 0 11 1 
3640 0 17 1 
3545 1 10 1 
3510 1 18 1 
3475 2 19 1 
3001 3 18 1 
2449 4 17 1 
2426 5 16 1 
1879 0 12 1 
1794 0 16 1 
1518 1 11 1 
1398 1 17 1 
1113 2 10 1 
778 2 18 1 
647 3 17 1 
615 4 16 1 
594 0 13 1 
471 0 15 1 
273 1 12 1 
74 1 16 1 
5273 2 11 1 
4988 2 17 1 
4435 3 10 1 
4392 3 16 1 
4334 7 10 1 
3922 0 14 1 
3562 1 13 1 
3483 1 15 1 
3353 2 12 1 
3297 2 16 1 
3178 3 11 1 
3098 4 10 1 
2914 6 10 1 
2819 7 11 1 
1993 1 14 1 
1881 2 13 1 
1814 2 15 1 
1385 3 12 1 
1278 4 11 1 
1053 5 10 1 
863 6 11 1 
848 7 12 1 
697 2 14 1 
685 3 13 1 
451 3 15 1 
329 4 12 1 
318 5 11 1 
162 6 12 1 
4912 3 14 1 
4807 4 13 1 
4785 4 15 1 
4688 5 12 1 
4301 6 19 1 
4109 4 14 1 
4073 5 13 1 
3976 6 18 1 
3782 7 19 1 
3738 5 14 1 
3731 6 13 1 
3644 6 17 1 
3519 7 18 1 
3383 8 19 1 
3215 5 15 1 
3161 6 14 1 
2902 6 16 1 
2892 7 13 1 
2796 7 17 1 
2638 8 18 1 
2512 9 19 1 
2400 6 15 1 
2353 7 14 1 
2299 7 16 1 
2232 8 13 1 
2171 8 17 1 
2161 9 18 1 
2096 10 13 1 
2075 10 19 1 
1706 7 15 1 
1681 8 14 1 
1475 8 16 1 
1449 9 13 1 
1277 9 17 1 
1172 10 14 1 
814 10 18 1 
608 11 19 1 
446 13 19 1 
220 19 3 1 
5262 19 19 1 
5016 8 15 1 
4991 9 14 1 
4977 9 16 1 
4865 10 17 1 
4397 11 18 1 
4297 12 19 1 
4270 13 18 1 
4254 14 19 1 
3825 18 3 1 
3670 18 19 1 
3513 19 0 1 
3346 19 2 1 
3256 19 4 1 
3065 19 8 1 
3019 19 12 1 
3018 19 18 1 
2978 9 15 1 
2552 10 16 1 
2528 11 17 1 
2307 12 18 1 
2033 13 17 1 
1337 14 18 1 
1208 15 19 1 
871 17 3 1 
730 17 19 1 
600 18 0 1 
480 18 2 1 
21 18 4 1 
5293 18 8 1 
5113 18 12 1 
4462 18 18 1 
4352 19 1 1 
4090 19 5 1 
3764 19 7 1 
3608 19 13 1 
3231 19 17 1 
3110 10 15 1 
3104 11 14 1 
2971 11 16 1 
2950 12 17 1 
2868 13 16 1 
2812 14 17 1 
2631 15 18 1 
2342 16 19 1 
2336 17 0 1 
2318 17 2 1 
2188 17 8 1 
2095 17 18 1 
1839 18 1 1 
1768 18 5 1 
1735 18 7 1 
1728 18 13 1 
1220 18 17 1 
987 19 6 1 
895 19 14 1 
773 19 16 1 
751 11 15 1 
587 12 0 1 
5256 12 16 1 
5030 14 16 1 
4517 15 17 1 
4212 16 0 1 
4127 16 8 1 
4037 16 18 1 
4020 17 1 1 
3923 17 7 1 
3854 17 17 1 
3796 18 6 1 
3637 18 14 1 
3605 18 16 1 
3548 19 15 1 
3472 12 1 1 
2933 12 15 1 
2884 13 0 1 
2518 15 0 1 
2372 15 16 1 
2300 16 1 1 
2279 16 7 1 
1810 16 17 1 
1737 17 6 1 
1642 17 14 1 
1044 17 16 1 
985 18 15 1 
535 12 2 1 
406 12 14 1 
394 13 1 1 
196 13 15 1 
176 14 0 1 
5345 15 1 1 
5038 16 2 1 
5028 16 6 1 
4983 16 16 1 
4935 17 5 1 
4923 17 15 1 
4601 19 9 1 
4305 13 2 1 
4244 13 14 1 
3975 14 1 1 
3783 14 15 1 
3679 15 2 1 
3488 15 6 1 
3342 16 3 1 
3202 16 5 1 
3166 16 9 1 
3093 16 15 1 
3069 17 4 1 
2969 18 9 1 
2773 19 10 1 
2764 14 2 1 
2494 14 6 1 
2456 14 14 1 
1795 15 3 1 
1769 15 5 1 
1718 15 15 1 
1640 16 4 1 
1570 16 14 1 
1125 17 9 1 
545 17 13 1 
463 18 10 1 
250 19 11 1 
238 0 7 1 
235 0 9 1 
41 14 3 1 
35 14 5 1 
5307 15 4 1 
4931 15 14 1 
4245 16 13 1 
4225 17 10 1 
4027 17 12 1 
3930 18 11 1 
3592 0 0 1 
3503 0 8 1 
3449 1 7 1 
3298 1 9 1 
2780 2 0 1 
2626 13 3 1 
2567 14 4 1 
2352 15 13 1 
2311 16 10 1 
2242 16 12 1 
1828 17 11 1 
1668 0 1 1 
1595 1 0 1 
1525 1 8 1 
1447 2 1 1 
858 2 7 1 
838 2 9 1 
582 5 0 1 
422 12 3 1 
378 13 4 1 
359 14 13 1 
171 15 10 1 
158 15 12 1 
5041 16 11 1 
4915 0 2 1 
4885 0 6 1 
4742 1 1 1 
4659 2 8 1 
4542 3 7 1 
4394 3 9 1 
4201 4 0 1 
4002 5 1 1 
3769 11 13 1 
3763 12 4 1 
3364 13 5 1 
3318 13 13 1 
3143 14 10 1 
3127 14 12 1 
3114 15 7 1 
2882 15 11 1 
2862 0 3 1 
2846 0 5 1 
2446 1 2 1 
2387 1 6 1 
2330 3 0 1 
2282 3 8 1 
978 4 1 1 
607 4 7 1 
186 4 9 1 
103 5 2 1 
40 12 5 1 
5374 12 13 1 
5170 13 6 1 
5155 13 10 1 
5099 13 12 1 
4925 14 7 1 
4810 14 11 1 
4558 15 8 1 
4370 0 4 1 
4263 1 3 1 
4227 1 5 1 
3860 2 2 1 
3433 2 6 1 
3281 3 1 1 
3229 4 2 1 
3183 4 8 1 
2758 5 7 1 
2754 5 9 1 
2750 6 6 1 
2692 8 12 1 
2671 12 6 1 
2178 12 12 1 
2126 13 7 1 
2110 13 11 1 
1805 14 8 1 
1489 15 9 1 
1330 1 4 1 
817 2 3 1 
753 2 5 1 
5354 3 2 1 
5269 3 6 1 
5242 4 3 1 
4878 5 8 1 
4840 6 7 1 
4670 6 9 1 
4587 7 6 1 
4585 8 11 1 
3935 9 12 1 
3698 11 12 1 
3694 12 7 1 
3550 12 11 1 
3232 13 8 1 
2335 14 9 1 
2259 2 4 1 
1978 3 3 1 
1413 3 5 1 
1399 4 6 1 
1037 6 8 1 
667 7 7 1 
218 7 9 1 
211 8 10 1 
5202 9 11 1 
5145 10 12 1 
5084 11 11 1 
4753 12 8 1 
4707 12 10 1 
4443 13 9 1 
4099 3 4 1 
3810 4 5 1 
3624 5 6 1 
3577 7 8 1 
3455 8 9 1 
3133 9 10 1 
2972 10 11 1 
2743 11 8 1 
2696 11 10 1 
2396 12 9 1 
2190 4 4 1 
2013 5 3 1 
1882 5 5 1 
1799 8 6 1 
1762 8 8 1 
1673 9 9 1 
1138 10 10 1 
1134 11 9 1 
912 5 4 1 
331 6 3 1 
4772 6 5 1 
4687 8 7 1 
4340 9 6 1 
4312 9 8 1 
4125 10 9 1 
3421 6 0 1 
3348 6 4 1 
2857 7 3 1 
2823 7 5 1 
2770 9 7 1 
2702 10 8 1 
2697 11 7 1 
2376 6 1 1 
2215 7 0 1 
1946 7 4 1 
1916 8 5 1 
1554 10 7 1 
933 11 6 1 
518 6 2 1 
5324 7 1 1 
4436 8 0 1 
3982 8 4 1 
3749 9 5 1 
3537 10 6 1 
3103 11 5 1 
3030 7 2 1 
2558 8 1 1 
2555 8 3 1 
2521 9 0 1 
2285 9 4 1 
2040 10 5 1 
2030 11 4 1 
503 8 2 1 
82 9 1 1 
68 9 3 1 
3857 10 4 1 
3752 9 2 1 
3445 10 3 1 
2602 10 2 1 
2091 11 3 1 
827 10 1 1 
4982 11 2 1 
3980 10 0 1 
3515 11 1 1 
3392 11 0 1 
1959 8 1 15 
2005 7 1 15 
314 6 4 16 
42 9 8 16 
656 4 5 17 
2226 11 10 17 
4053 3 5 18 
4647 6 8 18 
143 5 8 18 
553 13 8 18 
2565 4 8 19 
4359 14 8 19 
201 3 8 20 
3043 4 1 20 
3403 13 12 19 
3425 2 8 20 
17 1 8 21 
899 16 12 21 
84 15 5 22 
453 18 10 22 
822 16 5 22 
1829 13 1 23 
1977 18 15 23 
3083 15 17 23 
3154 17 7 23 
5130 5 19 26 
4913 0 19 26 
4839 4 19 26 
4799 5 18 26 
4595 0 10 26 
4582 0 18 26 
4226 1 19 26 
3876 3 19 26 
3566 4 18 26 
3315 5 17 26 
3075 0 11 26 
3050 0 17 26 
3042 1 10 26 
2974 1 18 26 
2889 2 19 26 
2776 3 18 26 
2536 4 17 26 
2403 5 16 26 
2212 0 12 26 
2151 0 16 26 
2026 1 11 26 
2009 1 17 26 
1902 2 10 26 
1654 2 18 26 
1614 3 17 26 
1569 4 16 26 
1443 0 13 26 
1190 0 15 26 
1158 1 12 26 
1062 1 16 26 
1019 2 11 26 
585 2 17 26 
253 3 10 26 
5308 3 16 26 
5081 7 10 26 
4957 0 14 26 
4714 1 13 26 
4556 1 15 26 
4158 2 12 26 
4004 2 16 26 
3815 3 11 26 
3584 4 10 26 
3486 6 10 26 
3284 7 11 26 
3221 1 14 26 
2926 2 13 26 
2790 2 15 26 
2624 3 12 26 
1988 4 11 26 
1928 5 10 26 
1342 6 11 26 
1302 7 12 26 
1254 2 14 26 
1149 3 13 26 
906 3 15 26 
861 4 12 26 
513 5 11 26 
507 6 12 26 
504 3 14 26 
237 4 13 26 
113 4 15 26 
5358 5 12 26 
4985 6 19 26 
4867 4 14 26 
4825 5 13 26 
4674 6 18 26 
4643 7 19 26 
4605 5 14 26 
4442 6 13 26 
4437 6 17 26 
4192 7 18 26 
4075 8 19 26 
3646 5 15 26 
3591 6 14 26 
3574 6 16 26 
3501 7 13 26 
3277 7 17 26 
2817 8 18 26 
2768 9 19 26 
2675 6 15 26 
2577 7 14 26 
2447 7 16 26 
2301 8 13 26 
2139 8 17 26 
2136 9 18 26 
2103 10 13 26 
1550 10 19 26 
1549 7 15 26 
1427 8 14 26 
1390 8 16 26 
1384 9 13 26 
1325 9 17 26 
1311 10 14 26 
1206 10 18 26 
1032 11 19 26 
900 13 19 26 
515 19 3 26 
437 19 19 26 
336 8 15 26 
67 9 14 26 
5317 9 16 26 
5187 10 17 26 
5010 11 18 26 
4614 12 19 26 
4514 13 18 26 
4432 14 19 26 
4379 18 3 26 
4209 18 19 26 
3871 19 0 26 
3853 19 2 26 
3828 19 4 26 
3795 19 8 26 
3756 19 12 26 
3630 19 18 26 
3390 9 15 26 
3290 10 16 26 
3280 11 17 26 
3109 12 18 26 
2727 13 17 26 
2625 14 18 26 
2615 15 19 26 
2583 17 3 26 
2531 17 19 26 
2122 18 0 26 
1999 18 2 26 
1726 18 4 26 
1631 18 8 26 
1501 18 12 26 
1474 18 18 26 
1204 19 1 26 
893 19 5 26 
880 19 7 26 
611 19 13 26 
491 19 17 26 
469 10 15 26 
405 11 14 26 
332 11 16 26 
244 12 17 26 
5235 13 16 26 
4866 14 17 26 
3798 15 18 26 
3760 16 19 26 
3629 17 0 26 
3540 17 2 26 
3024 17 8 26 
2730 17 18 26 
2319 18 1 26 
2078 18 5 26 
2008 18 7 26 
1621 18 13 26 
1300 18 17 26 
1271 19 6 26 
2 19 14 26 
5352 19 16 26 
5160 11 15 26 
4996 12 0 26 
4926 12 16 26 
4838 14 16 26 
4479 15 17 26 
4157 16 0 26 
3873 16 8 26 
3787 16 18 26 
3745 17 1 26 
3604 17 7 26 
3600 17 17 26 
3482 18 6 26 
3459 18 14 26 
3369 18 16 26 
3307 19 15 26 
2784 12 1 26 
2712 12 15 26 
2688 13 0 26 
2596 15 0 26 
2586 15 16 26 
2357 16 1 26 
2187 16 7 26 
1943 16 17 26 
1872 17 6 26 
1714 17 14 26 
1684 17 16 26 
1306 18 15 26 
1188 12 2 26 
854 12 14 26 
841 13 1 26 
688 13 15 26 
673 14 0 26 
4777 15 1 26 
4293 16 2 26 
4187 16 6 26 
4047 16 16 26 
3957 17 5 26 
3658 17 15 26 
3416 19 9 26 
3106 13 2 26 
3097 13 14 26 
2935 14 1 26 
2858 14 15 26 
2789 15 2 26 
2634 15 6 26 
2294 16 3 26 
2263 16 5 26 
1748 16 9 26 
1571 16 15 26 
1380 17 4 26 
1185 18 9 26 
1165 19 10 26 
1014 14 2 26 
624 14 6 26 
407 14 14 26 
5248 15 3 26 
5110 15 5 26 
5057 15 15 26 
5048 16 4 26 
5023 16 14 26 
4907 17 9 26 
4843 17 13 26 
4798 18 10 26 
4360 19 11 26 
4141 0 7 26 
4121 0 9 26 
3663 14 3 26 
3190 14 5 26 
3126 15 4 26 
2967 15 14 26 
2901 16 13 26 
2717 17 10 26 
2434 17 12 26 
2115 18 11 26 
2076 0 0 26 
1679 0 8 26 
1611 1 7 26 
1553 1 9 26 
1203 2 0 26 
1169 13 3 26 
1161 14 4 26 
862 15 13 26 
639 16 10 26 
604 16 12 26 
558 17 11 26 
280 0 1 26 
262 1 0 26 
5319 1 8 26 
5243 2 1 26 
5135 2 7 26 
5056 2 9 26 
4648 5 0 26 
4496 12 3 26 
4465 13 4 26 
4202 14 13 26 
4184 15 10 26 
4044 15 12 26 
4025 16 11 26 
3936 0 2 26 
3739 0 6 26 
3470 1 1 26 
3209 2 8 26 
2270 3 7 26 
2127 3 9 26 
1971 4 0 26 
1116 5 1 26 
830 11 13 26 
529 12 4 26 
399 13 5 26 
362 13 13 26 
216 14 10 26 
145 14 12 26 
31 15 7 26 
5233 15 11 26 
4998 0 3 26 
4811 0 5 26 
4641 1 2 26 
4411 1 6 26 
4269 3 0 26 
4193 3 8 26 
4189 4 1 26 
3977 4 7 26 
3655 4 9 26 
3397 5 2 26 
3389 12 5 26 
3324 12 13 26 
3262 13 6 26 
3185 13 10 26 
3121 13 12 26 
3058 14 7 26 
2994 14 11 26 
2885 15 8 26 
2713 0 4 26 
2407 1 3 26 
2288 1 5 26 
2276 2 2 26 
2183 2 6 26 
2170 3 1 26 
1976 4 2 26 
1519 4 8 26 
1108 5 7 26 
581 5 9 26 
266 6 6 26 
81 8 12 26 
5328 12 6 26 
4883 12 12 26 
4626 13 7 26 
4386 13 11 26 
4067 14 8 26 
3803 15 9 26 
3680 1 4 26 
3564 2 3 26 
3512 2 5 26 
3465 3 2 26 
3335 3 6 26 
2900 4 3 26 
2797 5 8 26 
2524 6 7 26 
2162 6 9 26 
1979 7 6 26 
1966 8 11 26 
1895 9 12 26 
1806 11 12 26 
1656 12 7 26 
1437 12 11 26 
1162 13 8 26 
1100 14 9 26 
1079 2 4 26 
992 3 3 26 
309 3 5 26 
132 4 6 26 
5241 6 8 26 
5079 7 7 26 
5006 7 9 26 
5002 8 10 26 
4980 9 11 26 
4642 10 12 26 
4458 11 11 26 
4281 12 8 26 
4255 12 10 26 
4198 13 9 26 
3521 3 4 26 
3234 4 5 26 
1970 5 6 26 
1759 7 8 26 
1646 8 9 26 
254 9 10 26 
5227 10 11 26 
5218 11 8 26 
5168 11 10 26 
5165 12 9 26 
4728 4 4 26 
4520 5 3 26 
4472 5 5 26 
4175 8 6 26 
3893 8 8 26 
3748 9 9 26 
3575 10 10 26 
3308 11 9 26 
2464 5 4 26 
2219 6 3 26 
2063 6 5 26 
1935 8 7 26 
1933 9 6 26 
1594 9 8 26 
1155 10 9 26 
1063 6 0 26 
850 6 4 26 
718 7 3 26 
418 7 5 26 
5092 9 7 26 
4534 10 8 26 
4250 11 7 26 
4036 6 1 26 
3719 7 0 26 
3612 7 4 26 
3456 8 5 26 
3214 10 7 26 
2185 11 6 26 
2128 6 2 26 
1267 7 1 26 
779 8 0 26 
726 8 4 26 
417 9 5 26 
5162 10 6 26 
4657 11 5 26 
4567 7 2 26 
4338 8 1 26 
4241 8 3 26 
3650 9 0 26 
3077 9 4 26 
1677 10 5 26 
524 11 4 26 
5077 8 2 26 
4467 9 1 26 
4040 9 3 26 
3128 10 4 26 
2213 9 2 26 
1884 10 3 26 
1605 10 2 26 
4770 11 3 26 
4611 10 1 26 
4237 11 2 26 
4003 10 0 26 
3844 11 1 26 
3780 11 0 26 
3678 8 1 39 
2292 7 1 40 
1942 6 4 41 
3233 9 8 41 
3242 4 5 42 
896 11 10 41 
920 3 5 43 
1327 6 8 42 
2380 5 8 43 
3228 13 8 43 
1901 4 8 44 
2041 14 8 43 
3263 3 8 44 
3378 4 1 44 
4699 13 12 44 
5029 2 8 45 
1887 1 8 45 
2099 16 12 46 
873 15 5 46 
3457 18 10 46 
2915 16 5 47 
4732 13 1 48 
5121 5 19 51 
5039 0 19 51 
4919 4 19 51 
4684 5 18 51 
4434 0 10 51 
4361 0 18 51 
4331 1 19 51 
4278 3 19 51 
4252 4 18 51 
4084 5 17 51 
4072 0 11 51 
3720 0 17 51 
3702 1 10 51 
3684 1 18 51 
3676 2 19 51 
3468 3 18 51 
3435 4 17 51 
3370 5 16 51 
3057 0 12 51 
2810 0 16 51 
2722 1 11 51 
2600 1 17 51 
2444 2 10 51 
2393 2 18 51 
2117 3 17 51 
2003 4 16 51 
1968 0 13 51 
1789 0 15 51 
1727 1 12 51 
1279 1 16 51 
1035 2 11 51 
910 2 17 51 
834 3 10 51 
699 3 16 51 
335 7 10 51 
287 0 14 51 
4959 1 13 51 
4950 1 15 51 
4592 2 12 51 
4508 2 16 51 
4427 3 11 51 
4236 4 10 51 
4152 6 10 51 
4107 7 11 51 
4105 1 14 51 
4060 2 13 51 
3737 2 15 51 
3669 3 12 51 
3391 4 11 51 
3360 5 10 51 
3356 6 11 51 
3309 7 12 51 
3236 2 14 51 
2910 3 13 51 
2791 3 15 51 
2653 4 12 51 
2605 5 11 51 
2551 6 12 51 
2267 3 14 51 
2114 4 13 51 
2001 4 15 51 
1998 5 12 51 
1676 6 19 51 
950 4 14 51 
190 5 13 51 
108 6 18 51 
5125 7 19 51 
5007 5 14 51 
5001 6 13 51 
4930 6 17 51 
4702 7 18 51 
4658 8 19 51 
4636 5 15 51 
4566 6 14 51 
4546 6 16 51 
4310 7 13 51 
4180 7 17 51 
3932 8 18 51 
3865 9 19 51 
3833 6 15 51 
3271 7 14 51 
3200 7 16 51 
3124 8 13 51 
2766 8 17 51 
2440 9 18 51 
2368 10 13 51 
2108 10 19 51 
1811 7 15 51 
1711 8 14 51 
1596 8 16 51 
1492 9 13 51 
1121 9 17 51 
1041 10 14 51 
775 10 18 51 
645 11 19 51 
374 13 19 51 
369 19 3 51 
344 19 19 51 
302 8 15 51 
290 9 14 51 
184 9 16 51 
151 10 17 51 
27 11 18 51 
5146 12 19 51 
5142 13 18 51 
5035 14 19 51 
4874 18 3 51 
4428 18 19 51 
4366 19 0 51 
4268 19 2 51 
4239 19 4 51 
3996 19 8 51 
3985 19 12 51 
3846 19 18 51 
3710 9 15 51 
3652 10 16 51 
3601 11 17 51 
3497 12 18 51 
3405 13 17 51 
3365 14 18 51 
3272 15 19 51 
2711 17 3 51 
2687 17 19 51 
2158 18 0 51 
2146 18 2 51 
1894 18 4 51 
1874 18 8 51 
1326 18 12 51 
1146 18 18 51 
932 19 1 51 
904 19 5 51 
563 19 7 51 
277 19 13 51 
5239 19 17 51 
5223 10 15 51 
4880 11 14 51 
4708 11 16 51 
4507 12 17 51 
4287 13 16 51 
4156 14 17 51 
3940 15 18 51 
3908 16 19 51 
3870 17 0 51 
3579 17 2 51 
3544 17 8 51 
3288 17 18 51 
3141 18 1 51 
3060 18 5 51 
2988 18 7 51 
2934 18 13 51 
2861 18 17 51 
2843 19 6 51 
2795 19 14 51 
2666 19 16 51 
2639 11 15 51 
2570 12 0 51 
2071 12 16 51 
1984 14 16 51 
1981 15 17 51 
1925 16 0 51 
1892 16 8 51 
1660 16 18 51 
1444 17 1 51 
1056 17 7 51 
963 17 17 51 
415 18 6 51 
122 18 14 51 
119 18 16 51 
43 19 15 51 
5014 12 1 51 
4895 12 15 51 
4528 13 0 51 
4324 15 0 51 
4142 15 16 51 
3761 16 1 51 
3506 16 7 51 
3504 16 17 51 
3169 17 6 51 
3129 17 14 51 
3105 17 16 51 
2867 18 15 51 
2859 12 2 51 
2648 12 14 51 
2617 13 1 51 
2395 13 15 51 
2179 14 0 51 
2094 15 1 51 
2080 16 2 51 
1532 16 6 51 
1084 16 16 51 
923 17 5 51 
725 17 15 51 
691 19 9 51 
584 13 2 51 
5159 13 14 51 
4946 14 1 51 
4174 14 15 51 
4163 15 2 51 
4140 15 6 51 
3754 16 3 51 
3683 16 5 51 
3666 16 9 51 
3432 16 15 51 
3082 17 4 51 
3048 18 9 51 
2854 19 10 51 
2738 14 2 51 
2597 14 6 51 
2483 14 14 51 
2250 15 3 51 
1975 15 5 51 
1883 15 15 51 
1857 16 4 51 
1685 16 14 51 
678 17 9 51 
665 17 13 51 
355 18 10 51 
300 19 11 51 
5240 0 7 51 
5094 0 9 51 
4806 14 3 51 
4580 14 5 51 
4478 15 4 51 
4405 15 14 51 
4335 16 13 51 
4214 17 10 51 
4116 17 12 51 
3948 18 11 51 
3552 0 0 51 
3063 0 8 51 
2872 1 7 51 
2825 1 9 51 
2806 2 0 51 
2644 13 3 51 
2485 14 4 51 
2220 15 13 51 
2050 16 10 51 
1955 16 12 51 
1862 17 11 51 
1734 0 1 51 
1540 1 0 51 
1493 1 8 51 
864 2 1 51 
243 2 7 51 
183 2 9 51 
79 5 0 51 
77 12 3 51 
5205 13 4 51 
5083 14 13 51 
5043 15 10 51 
5032 15 12 51 
4908 16 11 51 
4801 0 2 51 
4793 0 6 51 
4748 1 1 51 
4489 2 8 51 
4347 3 7 51 
4229 3 9 51 
4178 4 0 51 
3695 5 1 51 
3402 11 13 51 
3213 12 4 51 
3197 13 5 51 
3160 13 13 51 
2737 14 10 51 
2681 14 12 51 
2487 15 7 51 
2457 15 11 51 
2314 0 3 51 
2268 0 5 51 
2237 1 2 51 
2211 1 6 51 
1804 3 0 51 
1758 3 8 51 
1723 4 1 51 
1533 4 7 51 
1403 4 9 51 
995 5 2 51 
750 12 5 51 
380 12 13 51 
150 13 6 51 
115 13 10 51 
5284 13 12 51 
5109 14 7 51 
4953 14 11 51 
4549 15 8 51 
4446 0 4 51 
4438 1 3 51 
4406 1 5 51 
4372 2 2 51 
4369 2 6 51 
4265 3 1 51 
3681 4 2 51 
3626 4 8 51 
3543 5 7 51 
3384 5 9 51 
3382 6 6 51 
2560 8 12 51 
1354 12 6 51 
1280 12 12 51 
1171 13 7 51 
1074 13 11 51 
676 14 8 51 
546 15 9 51 
420 1 4 51 
419 2 3 51 
234 2 5 51 
5362 3 2 51 
5254 3 6 51 
5143 4 3 51 
4897 5 8 51 
4412 6 7 51 
4122 6 9 51 
3926 7 6 51 
3711 8 11 51 
2982 9 12 51 
2829 11 12 51 
2803 12 7 51 
2379 12 11 51 
2289 13 8 51 
1765 14 9 51 
1472 2 4 51 
1363 3 3 51 
776 3 5 51 
702 4 6 51 
525 6 8 51 
324 7 7 51 
4887 7 9 51 
4610 8 10 51 
4317 9 11 51 
4008 10 12 51 
3712 11 11 51 
3094 12 8 51 
2802 12 10 51 
2580 13 9 51 
1635 3 4 51 
1574 4 5 51 
1286 5 6 51 
960 7 8 51 
629 8 9 51 
606 9 10 51 
538 10 11 51 
272 11 8 51 
252 11 10 51 
203 12 9 51 
5152 4 4 51 
5149 5 3 51 
5074 5 5 51 
5021 8 6 51 
4854 8 8 51 
4740 9 9 51 
4470 10 10 51 
4136 11 9 51 
3786 5 4 51 
2672 6 3 51 
2401 6 5 51 
2038 8 7 51 
1896 9 6 51 
1094 9 8 51 
1052 10 9 51 
1033 6 0 51 
743 6 4 51 
5340 7 3 51 
5238 7 5 51 
5201 9 7 51 
4583 10 8 51 
3781 11 7 51 
3524 6 1 51 
3207 7 0 51 
2744 7 4 51 
2593 8 5 51 
1521 10 7 51 
1392 11 6 51 
1245 6 2 51 
4698 7 1 51 
4538 8 0 51 
4377 8 4 51 
4242 9 5 51 
4029 10 6 51 
2980 11 5 51 
2724 7 2 51 
2673 8 1 51 
2323 8 3 51 
990 9 0 51 
787 9 4 51 
356 10 5 51 
3821 11 4 51 
3131 8 2 51 
3070 9 1 51 
2896 9 3 51 
2498 10 4 51 
2433 9 2 51 
1885 10 3 51 
1560 10 2 51 
4995 11 3 51 
4660 10 1 51 
4115 11 2 51 
3230 10 0 51 
2662 11 1 51 
2466 11 0 51 
2816 8 1 64 
4132 7 1 64 
2106 6 4 66 
3491 9 8 66 
59 4 5 67 
1658 11 10 67 
1930 3 5 68 
2331 6 8 68 
3808 5 8 68 
4603 13 8 68 
347 4 8 69 
3406 14 8 69 
3414 3 8 70 
4385 4 1 70 
361 13 12 69 
1110 2 8 70 
3177 1 8 71 
4942 16 12 71 
1915 15 5 72 
5283 5 19 76 
5211 0 19 76 
5174 4 19 76 
5000 5 18 76 
4916 0 10 76 
4679 0 18 76 
4653 1 19 76 
4515 3 19 76 
4381 4 18 76 
4194 5 17 76 
3938 0 11 76 
3925 0 17 76 
3643 1 10 76 
3329 1 18 76 
2762 2 19 76 
2561 3 18 76 
2542 4 17 76 
2461 5 16 76 
2452 0 12 76 
2431 0 16 76 
2347 1 11 76 
2138 1 17 76 
2034 2 10 76 
2014 2 18 76 
1960 3 17 76 
1669 4 16 76 
1609 0 13 76 
1516 0 15 76 
1192 1 12 76 
1080 1 16 76 
709 2 11 76 
655 2 17 76 
514 3 10 76 
496 3 16 76 
264 7 10 76 
5379 0 14 76 
5196 1 13 76 
5117 1 15 76 
5082 2 12 76 
4976 2 16 76 
4899 3 11 76 
4784 4 10 76 
4710 6 10 76 
4650 7 11 76 
4453 1 14 76 
4383 2 13 76 
4197 2 15 76 
4131 3 12 76 
4100 4 11 76 
3868 5 10 76 
3721 6 11 76 
3716 7 12 76 
3692 2 14 76 
3514 3 13 76 
3372 3 15 76 
3357 4 12 76 
3299 5 11 76 
3159 6 12 76 
3046 3 14 76 
3035 4 13 76 
2996 4 15 76 
2420 5 12 76 
2086 6 19 76 
1934 4 14 76 
1721 5 13 76 
1534 6 18 76 
1140 7 19 76 
979 5 14 76 
969 6 13 76 
935 6 17 76 
829 7 18 76 
714 8 19 76 
540 5 15 76 
532 6 14 76 
350 6 16 76 
328 7 13 76 
161 7 17 76 
152 8 18 76 
6 9 19 76 
5356 6 15 76 
5339 7 14 76 
5306 7 16 76 
5301 8 13 76 
5161 8 17 76 
4823 9 18 76 
4630 10 13 76 
4550 10 19 76 
4354 7 15 76 
3898 8 14 76 
3869 8 16 76 
3773 9 13 76 
3758 9 17 76 
3517 10 14 76 
3505 10 18 76 
3412 11 19 76 
3352 13 19 76 
3184 19 3 76 
2544 19 19 76 
1974 8 15 76 
1740 9 14 76 
1296 9 16 76 
1157 10 17 76 
1101 11 18 76 
1024 12 19 76 
931 13 18 76 
929 14 19 76 
901 18 3 76 
840 18 19 76 
650 19 0 76 
398 19 2 76 
330 19 4 76 
195 19 8 76 
142 19 12 76 
78 19 18 76 
4792 9 15 76 
4665 10 16 76 
4600 11 17 76 
4441 12 18 76 
4169 13 17 76 
3994 14 18 76 
3956 15 19 76 
3354 17 3 76 
3339 17 19 76 
3289 18 0 76 
3252 18 2 76 
3235 18 4 76 
2840 18 8 76 
2643 18 12 76 
2520 18 18 76 
2496 19 1 76 
2377 19 5 76 
2163 19 7 76 
1903 19 13 76 
1764 19 17 76 
1536 10 15 76 
1263 11 14 76 
1102 11 16 76 
988 12 17 76 
897 13 16 76 
855 14 17 76 
631 15 18 76 
588 16 19 76 
5335 17 0 76 
5316 17 2 76 
5278 17 8 76 
5229 17 18 76 
5221 18 1 76 
5119 18 5 76 
5017 18 7 76 
4827 18 13 76 
4797 18 17 76 
4757 19 6 76 
4491 19 14 76 
4471 19 16 76 
4425 11 15 76 
4403 12 0 76 
4246 12 16 76 
4162 14 16 76 
3753 15 17 76 
3688 16 0 76 
3410 16 8 76 
2769 16 18 76 
2683 17 1 76 
2668 17 7 76 
2614 17 17 76 
2591 18 6 76 
2404 18 14 76 
2193 18 16 76 
2191 19 15 76 
2035 12 1 76 
1923 12 15 76 
1865 13 0 76 
1761 15 0 76 
1230 15 16 76 
1175 16 1 76 
1090 16 7 76 
557 16 17 76 
459 17 6 76 
311 17 14 76 
248 17 16 76 
153 18 15 76 
144 12 2 76 
52 12 14 76 
39 13 1 76 
5313 13 15 76 
5253 14 0 76 
5107 15 1 76 
5005 16 2 76 
4964 16 6 76 
4808 16 16 76 
4788 17 5 76 
4695 17 15 76 
4348 19 9 76 
4258 13 2 76 
3735 13 14 76 
3664 14 1 76 
3647 14 15 76 
3547 15 2 76 
3319 15 6 76 
3237 16 3 76 
3008 16 5 76 
2473 16 9 76 
2427 16 15 76 
1864 17 4 76 
1700 18 9 76 
1604 19 10 76 
1586 14 2 76 
1318 14 6 76 
633 14 14 76 
392 15 3 76 
299 15 5 76 
36 15 15 76 
5213 16 4 76 
4841 16 14 76 
4300 17 9 76 
4170 17 13 76 
4097 18 10 76 
4095 19 11 76 
3917 0 7 76 
3874 0 9 76 
3607 14 3 76 
3466 14 5 76 
3396 15 4 76 
3136 15 14 76 
3007 16 13 76 
2964 17 10 76 
2783 17 12 76 
2753 18 11 76 
2619 0 0 76 
2588 0 8 76 
2550 1 7 76 
1961 1 9 76 
1650 2 0 76 
1496 13 3 76 
1421 14 4 76 
1078 15 13 76 
5296 16 10 76 
5225 16 12 76 
5111 17 11 76 
4847 0 1 76 
4756 1 0 76 
4051 1 8 76 
3834 2 1 76 
3829 2 7 76 
2510 2 9 76 
2332 5 0 76 
2055 12 3 76 
1861 13 4 76 
1809 14 13 76 
1017 15 10 76 
562 15 12 76 
247 16 11 76 
5327 0 2 76 
5315 0 6 76 
5158 1 1 76 
5141 2 8 76 
4713 3 7 76 
4663 3 9 76 
4627 4 0 76 
4557 5 1 76 
3851 11 13 76 
3682 12 4 76 
3398 13 5 76 
3248 13 13 76 
3102 14 10 76 
2880 14 12 76 
2534 15 7 76 
2325 15 11 76 
2240 0 3 76 
1830 0 5 76 
1698 1 2 76 
1624 1 6 76 
1231 3 0 76 
1194 3 8 76 
660 4 1 76 
576 4 7 76 
421 4 9 76 
383 5 2 76 
375 12 5 76 
229 12 13 76 
138 13 6 76 
95 13 10 76 
26 13 12 76 
24 14 7 76 
5236 14 11 76 
5231 15 8 76 
5129 0 4 76 
4640 1 3 76 
4590 1 5 76 
4402 2 2 76 
4224 2 6 76 
3928 3 1 76 
3807 4 2 76 
3565 4 8 76 
3471 5 7 76 
3306 5 9 76 
3255 6 6 76 
2340 8 12 76 
2303 12 6 76 
2168 12 12 76 
1852 13 7 76 
1010 13 11 76 
905 14 8 76 
621 15 9 76 
5065 1 4 76 
4765 2 3 76 
4484 2 5 76 
4461 3 2 76 
3588 3 6 76 
3182 4 3 76 
2566 5 8 76 
2411 6 7 76 
2386 6 9 76 
2221 7 6 76 
2053 8 11 76 
1908 9 12 76 
1584 11 12 76 
1215 12 7 76 
5385 12 11 76 
5366 13 8 76 
4821 14 9 76 
4795 2 4 76 
4676 3 3 76 
4378 3 5 76 
4346 4 6 76 
4326 6 8 76 
4155 7 7 76 
4041 7 9 76 
4018 8 10 76 
3511 9 11 76 
3011 10 12 76 
2535 11 11 76 
2092 12 8 76 
1790 12 10 76 
1227 13 9 76 
849 3 4 76 
845 4 5 76 
793 5 6 76 
652 7 8 76 
575 8 9 76 
549 9 10 76 
430 10 11 76 
5341 11 8 76 
5015 11 10 76 
4311 12 9 76 
3965 4 4 76 
3736 5 3 76 
3426 5 5 76 
3400 8 6 76 
3147 8 8 76 
3146 9 9 76 
2986 10 10 76 
2778 11 9 76 
2767 5 4 76 
2572 6 3 76 
2305 6 5 76 
1707 8 7 76 
1639 9 6 76 
881 9 8 76 
49 10 9 76 
5244 6 0 76 
4902 6 4 76 
4238 7 3 76 
4235 7 5 76 
4182 9 7 76 
4167 10 8 76 
3250 11 7 76 
2948 6 1 76 
2413 7 0 76 
2160 7 4 76 
1807 8 5 76 
1510 10 7 76 
1031 11 6 76 
865 6 2 76 
805 7 1 76 
755 8 0 76 
499 8 4 76 
293 9 5 76 
5320 10 6 76 
4243 11 5 76 
4086 7 2 76 
3198 8 1 76 
2665 8 3 76 
2258 9 0 76 
1371 9 4 76 
1322 10 5 76 
1186 11 4 76 
891 8 2 76 
617 9 1 76 
5373 9 3 76 
5216 10 4 76 
5198 9 2 76 
4786 10 3 76 
3734 10 2 76 
3539 11 3 76 
3534 10 1 76 
2782 11 2 76 
72 10 0 76 
4645 11 1 76 
1512 11 0 76 
1420 8 1 89 
3968 7 1 90 
5033 6 4 90 
930 9 8 91 
5013 4 5 92 
360 11 10 91 
2109 3 5 92 
3211 6 8 92 
1667 5 8 93 
2228 13 8 92 
3843 4 8 94 
1708 14 8 94 
38 3 8 95 
885 4 1 95 
1386 13 12 95 
1746 2 8 95 
586 1 8 96 
774 16 12 96 
3884 15 5 98 
498 18 10 97 
1341 16 5 98 
1742 13 1 99 
