1857
4351 19 8 1 
4294 18 8 1 
4261 19 9 1 
4062 19 19 1 
4057 0 19 1 
3843 17 8 1 
3734 18 9 1 
2956 18 19 1 
2818 19 10 1 
2411 19 18 1 
2281 0 18 1 
2193 1 19 1 
2045 16 8 1 
1872 17 9 1 
1867 17 19 1 
1775 18 10 1 
1680 18 18 1 
1446 19 11 1 
1419 19 17 1 
1354 0 17 1 
1165 1 18 1 
869 2 19 1 
526 15 8 1 
323 16 9 1 
286 16 19 1 
271 17 10 1 
4634 17 18 1 
4622 18 11 1 
4308 18 17 1 
3847 19 12 1 
3704 19 16 1 
3693 0 14 1 
3622 0 16 1 
3536 1 17 1 
3472 2 18 1 
3286 3 19 1 
3165 15 9 1 
2797 15 19 1 
2748 16 10 1 
2684 16 18 1 
2044 17 11 1 
1615 17 17 1 
1468 18 12 1 
1443 18 16 1 
633 19 13 1 
290 19 15 1 
236 0 15 1 
85 1 14 1 
4919 1 16 1 
4899 2 17 1 
4883 3 18 1 
4807 4 19 1 
4531 14 9 1 
4491 14 19 1 
4448 15 10 1 
4102 15 18 1 
3978 16 11 1 
3766 16 17 1 
3644 17 12 1 
3637 17 16 1 
3432 18 13 1 
3033 18 15 1 
2994 19 14 1 
2663 1 15 1 
2586 2 14 1 
2482 2 16 1 
2442 3 17 1 
2402 4 18 1 
2304 5 19 1 
2006 11 9 1 
1745 13 9 1 
1735 13 19 1 
1726 14 10 1 
1694 14 18 1 
1366 15 11 1 
1137 15 17 1 
903 16 12 1 
297 16 16 1 
4944 17 13 1 
4740 17 15 1 
4680 18 14 1 
4378 2 15 1 
4309 3 14 1 
4003 3 16 1 
3885 4 17 1 
3793 5 18 1 
3614 6 19 1 
3363 11 10 1 
3220 12 9 1 
2981 12 19 1 
2951 13 10 1 
2885 13 18 1 
2709 14 11 1 
2208 14 17 1 
2180 15 12 1 
2059 15 16 1 
2022 16 13 1 
1720 16 15 1 
1712 17 14 1 
1467 3 15 1 
1067 4 14 1 
957 4 16 1 
938 5 17 1 
866 6 18 1 
691 7 19 1 
679 11 19 1 
638 12 10 1 
433 12 18 1 
4910 13 11 1 
4758 13 17 1 
4562 14 12 1 
4074 14 16 1 
3779 15 13 1 
3668 15 15 1 
3570 16 14 1 
3347 4 15 1 
3243 5 16 1 
3159 6 17 1 
3123 7 18 1 
3119 8 19 1 
3100 10 19 1 
3076 11 18 1 
2926 12 11 1 
2665 12 17 1 
2521 13 12 1 
2366 13 16 1 
2219 14 13 1 
2215 14 15 1 
2189 15 14 1 
2156 5 15 1 
2016 6 16 1 
2001 7 17 1 
1647 8 18 1 
1050 9 19 1 
791 10 18 1 
648 11 17 1 
532 12 12 1 
514 12 16 1 
502 13 13 1 
301 13 15 1 
60 14 14 1 
13 6 15 1 
4866 7 16 1 
4691 8 17 1 
4605 9 18 1 
4564 10 17 1 
4554 11 16 1 
4532 12 13 1 
4456 12 15 1 
4084 13 14 1 
3895 7 15 1 
3851 8 16 1 
3741 9 17 1 
3573 10 16 1 
3442 11 15 1 
3409 12 14 1 
3314 8 15 1 
3307 9 16 1 
3080 10 15 1 
2823 11 14 1 
2596 9 15 1 
2575 10 14 1 
2469 11 11 1 
2460 11 13 1 
2455 0 13 1 
2104 9 14 1 
2064 10 11 1 
2029 10 13 1 
1828 11 12 1 
1791 0 12 1 
1570 1 13 1 
1318 8 14 1 
1317 9 11 1 
609 9 13 1 
203 10 12 1 
139 0 11 1 
4867 1 12 1 
4734 2 13 1 
4676 7 14 1 
4196 8 11 1 
4068 8 13 1 
4008 9 12 1 
3916 0 10 1 
3827 1 11 1 
3819 2 12 1 
3560 3 13 1 
3438 6 14 1 
3299 7 11 1 
3142 7 13 1 
2977 8 12 1 
2949 0 9 1 
2876 1 10 1 
2166 2 11 1 
1980 3 12 1 
1759 4 13 1 
1701 5 14 1 
1274 6 11 1 
1273 6 13 1 
1248 7 12 1 
753 0 8 1 
652 1 9 1 
525 2 10 1 
419 3 11 1 
354 4 12 1 
4972 5 13 1 
4913 6 12 1 
4715 8 10 1 
4699 0 5 1 
4678 0 7 1 
4566 1 8 1 
4553 2 9 1 
4478 3 10 1 
4161 4 11 1 
4047 5 12 1 
3983 7 10 1 
3918 8 9 1 
3658 0 0 1 
3513 0 4 1 
3318 0 6 1 
3278 1 5 1 
2744 1 7 1 
2620 2 8 1 
2330 3 9 1 
1963 4 10 1 
1910 5 11 1 
1796 6 10 1 
1585 7 9 1 
1507 8 8 1 
1506 0 1 1 
1444 0 3 1 
1349 1 0 1 
1337 1 4 1 
883 1 6 1 
588 2 5 1 
257 2 7 1 
148 3 8 1 
4620 4 9 1 
4603 5 10 1 
4382 6 9 1 
3963 7 8 1 
3586 8 7 1 
3504 0 2 1 
3428 1 1 1 
3393 1 3 1 
3359 2 0 1 
3329 2 4 1 
3290 2 6 1 
3181 3 7 1 
3163 4 8 1 
3059 5 9 1 
2901 6 8 1 
2862 7 7 1 
2513 1 2 1 
2329 2 1 1 
2283 2 3 1 
1938 3 0 1 
1287 3 6 1 
1247 4 7 1 
1066 5 8 1 
868 6 7 1 
567 19 0 1 
512 2 2 1 
318 3 1 1 
296 3 5 1 
4941 4 0 1 
4026 4 6 1 
3613 5 7 1 
3420 18 0 1 
3368 19 1 1 
2969 19 7 1 
2584 3 2 1 
2435 3 4 1 
2240 4 1 1 
2142 4 5 1 
1802 5 0 1 
1780 5 6 1 
1733 9 10 1 
440 17 0 1 
258 18 1 1 
92 18 7 1 
14 19 2 1 
4658 19 6 1 
4599 3 3 1 
4461 4 2 1 
4258 4 4 1 
4208 5 1 1 
3994 5 5 1 
3743 6 6 1 
3590 9 9 1 
3554 10 10 1 
3037 16 0 1 
2955 17 1 1 
2798 17 7 1 
2699 18 2 1 
2050 18 6 1 
1935 19 3 1 
1326 19 5 1 
850 4 3 1 
4778 5 2 1 
4642 5 4 1 
4586 6 5 1 
4518 7 6 1 
4202 9 8 1 
4017 10 9 1 
3635 16 1 1 
3619 16 7 1 
3208 17 2 1 
2988 17 6 1 
2948 18 3 1 
2942 18 5 1 
2671 19 4 1 
2660 5 3 1 
2641 6 4 1 
2333 7 5 1 
1894 8 6 1 
1890 9 7 1 
1886 10 8 1 
1767 14 8 1 
1731 15 7 1 
1538 16 2 1 
1458 16 6 1 
1201 17 3 1 
1144 17 5 1 
1082 18 4 1 
615 6 3 1 
511 7 4 1 
4965 8 5 1 
4700 9 6 1 
4444 10 7 1 
4154 11 8 1 
4044 13 8 1 
3811 14 7 1 
3164 15 6 1 
3155 16 3 1 
2601 16 5 1 
2392 17 4 1 
2217 6 2 1 
2181 7 3 1 
2053 8 4 1 
2005 9 5 1 
1975 10 6 1 
1356 11 7 1 
999 12 8 1 
4861 13 7 1 
4718 14 6 1 
4218 15 5 1 
3088 16 4 1 
2990 6 1 1 
2934 7 2 1 
2778 8 3 1 
2754 9 4 1 
2512 10 5 1 
2074 11 6 1 
1917 12 7 1 
1805 13 6 1 
1563 14 5 1 
1415 15 4 1 
1324 6 0 1 
1169 7 1 1 
557 8 2 1 
381 9 3 1 
289 10 4 1 
4505 11 5 1 
4038 12 6 1 
3884 13 5 1 
3727 14 4 1 
2918 15 3 1 
2475 7 0 1 
2112 8 1 1 
2042 9 2 1 
1552 10 3 1 
1451 11 4 1 
1431 12 5 1 
1362 13 4 1 
592 14 3 1 
130 15 2 1 
67 8 0 1 
4578 9 1 1 
4021 10 2 1 
3729 11 3 1 
3381 12 4 1 
2758 13 3 1 
2546 14 2 1 
2375 15 1 1 
1481 9 0 1 
1029 10 1 1 
909 11 2 1 
594 12 3 1 
4477 13 2 1 
4389 14 1 1 
3715 15 0 1 
2182 10 0 1 
2155 11 1 1 
2035 12 2 1 
1651 13 1 1 
1537 14 0 1 
499 11 0 1 
4056 12 1 1 
3702 13 0 1 
3384 12 0 1 
2207 12 1 11 
2608 11 1 12 
238 13 1 12 
3838 10 1 13 
4087 11 2 13 
4247 14 1 12 
4775 9 1 13 
972 10 2 13 
1187 11 3 13 
1923 8 1 14 
1271 9 2 14 
2723 13 4 14 
3001 7 1 15 
3304 8 2 15 
4955 13 5 14 
447 14 4 14 
1987 7 2 15 
2438 10 5 15 
2441 13 6 15 
2496 14 5 15 
4587 7 3 16 
349 10 6 16 
443 13 7 15 
495 14 6 15 
1455 15 5 15 
1953 7 4 17 
2358 10 7 16 
3107 15 6 16 
4035 16 5 16 
4371 17 4 16 
4652 6 4 17 
4857 7 5 17 
692 16 6 17 
928 17 3 17 
1138 17 5 17 
2501 18 4 17 
2840 4 3 18 
3236 5 4 17 
4780 6 5 17 
605 17 2 17 
759 17 6 17 
1062 18 3 17 
1161 18 5 17 
1533 4 2 18 
2566 4 4 18 
3799 5 5 18 
4016 17 1 18 
4100 18 2 18 
4749 18 6 18 
780 4 1 19 
2056 4 5 19 
2125 18 1 19 
3936 3 1 20 
3988 4 6 19 
4475 1 2 20 
177 2 1 20 
899 4 7 20 
1977 5 8 20 
2651 1 1 20 
3201 1 3 20 
3337 3 7 20 
3353 5 9 20 
4729 6 8 20 
18 1 4 21 
221 2 7 21 
1192 6 9 20 
1534 7 8 20 
2305 1 7 21 
4291 4 10 21 
4912 19 8 26 
4670 18 8 26 
4661 19 9 26 
4325 19 19 26 
4166 0 19 26 
4065 17 8 26 
3959 18 9 26 
3943 18 19 26 
3544 19 10 26 
3346 19 18 26 
3249 0 18 26 
2930 1 19 26 
2886 16 8 26 
2715 17 9 26 
2705 17 19 26 
2655 18 10 26 
2327 18 18 26 
2195 19 11 26 
2069 19 17 26 
1499 0 17 26 
1435 1 18 26 
1332 2 19 26 
1286 15 8 26 
1210 16 9 26 
1174 16 19 26 
1061 17 10 26 
714 17 18 26 
631 18 11 26 
497 18 17 26 
428 19 12 26 
388 19 16 26 
382 0 14 26 
359 0 16 26 
247 1 17 26 
216 2 18 26 
15 3 19 26 
4916 15 9 26 
4884 15 19 26 
4602 16 10 26 
4168 16 18 26 
4114 17 11 26 
4086 17 17 26 
4080 18 12 26 
4053 18 16 26 
3774 19 13 26 
3649 19 15 26 
3405 0 15 26 
3372 1 14 26 
3282 1 16 26 
3239 2 17 26 
3219 3 18 26 
2987 4 19 26 
2816 14 9 26 
2456 14 19 26 
2447 15 10 26 
2386 15 18 26 
2083 16 11 26 
2036 16 17 26 
1889 17 12 26 
1875 17 16 26 
1125 18 13 26 
1007 18 15 26 
1003 19 14 26 
457 1 15 26 
368 2 14 26 
308 2 16 26 
210 3 17 26 
4465 4 18 26 
4227 5 19 26 
3907 11 9 26 
3717 13 9 26 
3410 13 19 26 
3126 14 10 26 
2903 14 18 26 
2775 15 11 26 
2688 15 17 26 
2629 16 12 26 
2225 16 16 26 
2092 17 13 26 
2089 17 15 26 
2066 18 14 26 
2034 2 15 26 
1834 3 14 26 
1764 3 16 26 
1107 4 17 26 
1106 5 18 26 
930 6 19 26 
819 11 10 26 
817 12 9 26 
721 12 19 26 
632 13 10 26 
509 13 18 26 
225 14 11 26 
188 14 17 26 
171 15 12 26 
132 15 16 26 
4522 16 13 26 
4484 16 15 26 
4186 17 14 26 
4152 3 15 26 
3957 4 14 26 
3694 4 16 26 
3628 5 17 26 
3610 6 18 26 
3587 7 19 26 
3232 11 19 26 
3185 12 10 26 
3072 12 18 26 
3060 13 11 26 
2980 13 17 26 
2967 14 12 26 
2675 14 16 26 
2381 15 13 26 
2201 15 15 26 
1766 16 14 26 
1713 4 15 26 
1684 5 16 26 
1670 6 17 26 
1246 7 18 26 
1241 8 19 26 
810 10 19 26 
809 11 18 26 
782 12 11 26 
578 12 17 26 
370 13 12 26 
276 13 16 26 
201 14 13 26 
4708 14 15 26 
4689 15 14 26 
4037 5 15 26 
3798 6 16 26 
3687 7 17 26 
2974 8 18 26 
2927 9 19 26 
2805 10 18 26 
2759 11 17 26 
2706 12 12 26 
2532 12 16 26 
2487 13 13 26 
2428 13 15 26 
2403 14 14 26 
1843 6 15 26 
1668 7 16 26 
1565 8 17 26 
1405 9 18 26 
1275 10 17 26 
1225 11 16 26 
1162 12 13 26 
1040 12 15 26 
933 13 14 26 
703 7 15 26 
120 8 16 26 
94 9 17 26 
4890 10 16 26 
4744 11 15 26 
4711 12 14 26 
4593 8 15 26 
4558 9 16 26 
4489 10 15 26 
4432 11 14 26 
4400 9 15 26 
4343 10 14 26 
4001 11 11 26 
3941 11 13 26 
3713 0 13 26 
3575 9 14 26 
3451 10 11 26 
3344 10 13 26 
3176 11 12 26 
2997 0 12 26 
2925 1 13 26 
2654 8 14 26 
2453 9 11 26 
2003 9 13 26 
1954 10 12 26 
1859 0 11 26 
1732 1 12 26 
1707 2 13 26 
1693 7 14 26 
1642 8 11 26 
1610 8 13 26 
1543 9 12 26 
1198 0 10 26 
1186 1 11 26 
1001 2 12 26 
881 3 13 26 
872 6 14 26 
621 7 11 26 
535 7 13 26 
529 8 12 26 
422 0 9 26 
407 1 10 26 
350 2 11 26 
317 3 12 26 
158 4 13 26 
126 5 14 26 
95 6 11 26 
4792 6 13 26 
4406 7 12 26 
4113 0 8 26 
4073 1 9 26 
3770 2 10 26 
3557 3 11 26 
3539 4 12 26 
3526 5 13 26 
3263 6 12 26 
3101 8 10 26 
2562 0 5 26 
2421 0 7 26 
2342 1 8 26 
2274 2 9 26 
1992 3 10 26 
1983 4 11 26 
1290 5 12 26 
894 7 10 26 
613 8 9 26 
547 0 0 26 
413 0 4 26 
245 0 6 26 
65 1 5 26 
64 1 7 26 
4624 2 8 26 
4618 3 9 26 
4580 4 10 26 
4437 5 11 26 
4103 6 10 26 
3760 7 9 26 
3746 8 8 26 
3515 0 1 26 
3115 0 3 26 
3093 1 0 26 
2958 1 4 26 
2937 1 6 26 
2889 2 5 26 
2789 2 7 26 
2728 3 8 26 
2572 4 9 26 
2164 5 10 26 
2163 6 9 26 
1985 7 8 26 
1964 8 7 26 
1929 0 2 26 
1849 1 1 26 
1750 1 3 26 
1588 2 0 26 
1566 2 4 26 
1314 2 6 26 
1120 3 7 26 
924 4 8 26 
896 5 9 26 
756 6 8 26 
673 7 7 26 
546 1 2 26 
431 2 1 26 
322 2 3 26 
312 3 0 26 
122 3 6 26 
4923 4 7 26 
4508 5 8 26 
4072 6 7 26 
3785 19 0 26 
3771 2 2 26 
3674 3 1 26 
3412 3 5 26 
3266 4 0 26 
3262 4 6 26 
3128 5 7 26 
2999 18 0 26 
2801 19 1 26 
2221 19 7 26 
2191 3 2 26 
2175 3 4 26 
1907 4 1 26 
1769 4 5 26 
1743 5 0 26 
1568 5 6 26 
1243 9 10 26 
1135 17 0 26 
939 18 1 26 
740 18 7 26 
404 19 2 26 
128 19 6 26 
5 3 3 26 
4805 4 2 26 
4773 4 4 26 
4747 5 1 26 
4404 5 5 26 
3894 6 6 26 
3455 9 9 26 
3343 10 10 26 
2965 16 0 26 
2747 17 1 26 
2621 17 7 26 
2417 18 2 26 
2404 18 6 26 
2126 19 3 26 
2060 19 5 26 
1952 4 3 26 
1937 5 2 26 
1625 5 4 26 
1594 6 5 26 
1226 7 6 26 
1097 9 8 26 
994 10 9 26 
884 16 1 26 
877 16 7 26 
818 17 2 26 
356 17 6 26 
4868 18 3 26 
4270 18 5 26 
4028 19 4 26 
3655 5 3 26 
3150 6 4 26 
2998 7 5 26 
2171 8 6 26 
1541 9 7 26 
731 10 8 26 
520 14 8 26 
351 15 7 26 
175 16 2 26 
115 16 6 26 
4812 17 3 26 
4416 17 5 26 
4347 18 4 26 
3944 6 3 26 
3745 7 4 26 
3690 8 5 26 
3605 9 6 26 
3534 10 7 26 
3414 11 8 26 
2857 13 8 26 
2677 14 7 26 
2551 15 6 26 
2430 16 3 26 
2395 16 5 26 
2387 17 4 26 
1695 6 2 26 
1456 7 3 26 
1023 8 4 26 
803 9 5 26 
418 10 6 26 
239 11 7 26 
168 12 8 26 
4799 13 7 26 
4685 14 6 26 
4313 15 5 26 
4082 16 4 26 
3740 6 1 26 
3599 7 2 26 
3468 8 3 26 
3301 9 4 26 
3040 10 5 26 
2674 11 6 26 
2603 12 7 26 
2073 13 6 26 
1748 14 5 26 
1671 15 4 26 
1424 6 0 26 
1131 7 1 26 
1054 8 2 26 
630 9 3 26 
523 10 4 26 
248 11 5 26 
127 12 6 26 
109 13 5 26 
21 14 4 26 
4957 15 3 26 
4529 7 0 26 
3404 8 1 26 
3354 9 2 26 
2509 10 3 26 
2131 11 4 26 
1842 12 5 26 
1477 13 4 26 
1281 14 3 26 
1039 15 2 26 
506 8 0 26 
38 9 1 26 
3836 10 2 26 
3465 11 3 26 
3234 12 4 26 
3010 13 3 26 
2731 14 2 26 
2320 15 1 26 
2124 9 0 26 
2049 10 1 26 
1155 11 2 26 
489 12 3 26 
261 13 2 26 
237 14 1 26 
4582 15 0 26 
4544 10 0 26 
2946 11 1 26 
599 12 2 26 
4819 13 1 26 
3157 14 0 26 
2174 11 0 26 
1826 12 1 26 
235 13 0 26 
174 12 0 26 
4075 12 1 37 
1957 11 1 38 
3878 13 1 37 
1382 10 1 39 
1542 11 2 39 
3277 14 1 39 
206 9 1 40 
384 10 2 39 
1359 11 3 39 
2528 8 1 40 
4891 9 2 40 
270 13 4 40 
1831 7 1 41 
2444 8 2 41 
3801 13 5 41 
28 14 4 41 
73 7 2 41 
183 10 5 41 
1512 13 6 41 
1999 14 5 41 
2953 7 3 42 
3204 10 6 42 
3615 13 7 41 
4727 14 6 41 
17 15 5 41 
608 7 4 42 
1171 10 7 42 
1207 15 6 42 
1220 16 5 42 
1779 17 4 42 
1944 6 4 43 
2741 7 5 43 
2920 16 6 43 
3415 17 3 42 
4860 17 5 42 
4964 18 4 42 
915 4 3 44 
2031 5 4 44 
2184 6 5 44 
675 17 2 44 
1510 17 6 44 
1653 18 3 43 
2531 18 5 43 
2861 4 2 44 
2991 4 4 44 
3452 5 5 44 
3700 17 1 44 
3714 18 2 44 
102 18 6 44 
1798 4 1 45 
2091 4 5 45 
2574 18 1 45 
2577 3 1 45 
2828 4 6 45 
1936 1 2 46 
1965 2 1 46 
2470 4 7 45 
2726 5 8 45 
3279 1 1 46 
3609 1 3 46 
3914 3 7 46 
4067 5 9 46 
4249 6 8 46 
4615 1 4 46 
4846 19 8 51 
4811 18 8 51 
4476 19 9 51 
4469 19 19 51 
4385 0 19 51 
4292 17 8 51 
4194 18 9 51 
3987 18 19 51 
3751 19 10 51 
3466 19 18 51 
3214 0 18 51 
3085 1 19 51 
2938 16 8 51 
2877 17 9 51 
2611 17 19 51 
2516 18 10 51 
2249 18 18 51 
2010 19 11 51 
1949 19 17 51 
1877 0 17 51 
1596 1 18 51 
1388 2 19 51 
1379 15 8 51 
1088 16 9 51 
945 16 19 51 
879 17 10 51 
805 17 18 51 
715 18 11 51 
564 18 17 51 
442 19 12 51 
304 19 16 51 
78 0 14 51 
4934 0 16 51 
4831 1 17 51 
4654 2 18 51 
4594 3 19 51 
4501 15 9 51 
4299 15 19 51 
4296 16 10 51 
4226 16 18 51 
3953 17 11 51 
3935 17 17 51 
3772 18 12 51 
3721 18 16 51 
3657 19 13 51 
3376 19 15 51 
3016 0 15 51 
3013 1 14 51 
3003 1 16 51 
2682 2 17 51 
2587 3 18 51 
2573 4 19 51 
2548 14 9 51 
2400 14 19 51 
1666 15 10 51 
1470 15 18 51 
1413 16 11 51 
1320 16 17 51 
1087 17 12 51 
820 17 16 51 
774 18 13 51 
571 18 15 51 
542 19 14 51 
446 1 15 51 
367 2 14 51 
241 2 16 51 
76 3 17 51 
4850 4 18 51 
4820 5 19 51 
4597 11 9 51 
4571 13 9 51 
4349 13 19 51 
4246 14 10 51 
4216 14 18 51 
4197 15 11 51 
4185 15 17 51 
4170 16 12 51 
4025 16 16 51 
3979 17 13 51 
3683 17 15 51 
3632 18 14 51 
3568 2 15 51 
3474 3 14 51 
2952 3 16 51 
2807 4 17 51 
2468 5 18 51 
2135 6 19 51 
1865 11 10 51 
1729 12 9 51 
1662 12 19 51 
1637 13 10 51 
1491 13 18 51 
900 14 11 51 
807 14 17 51 
4963 15 12 51 
4608 15 16 51 
4537 16 13 51 
4499 16 15 51 
4276 17 14 51 
4023 3 15 51 
3739 4 14 51 
3589 4 16 51 
3418 5 17 51 
3413 6 18 51 
3272 7 19 51 
3230 11 19 51 
3188 12 10 51 
2921 12 18 51 
2849 13 11 51 
2605 13 17 51 
2527 14 12 51 
2500 14 16 51 
2472 15 13 51 
2418 15 15 51 
2282 16 14 51 
2122 4 15 51 
2054 5 16 51 
2021 6 17 51 
2020 7 18 51 
1781 8 19 51 
1758 10 19 51 
1645 11 18 51 
1303 12 11 51 
1068 12 17 51 
688 13 12 51 
402 13 16 51 
80 14 13 51 
4881 14 15 51 
4787 15 14 51 
4736 5 15 51 
4666 6 16 51 
4591 7 17 51 
4584 8 18 51 
4387 9 19 51 
4377 10 18 51 
4311 11 17 51 
4248 12 12 51 
4040 12 16 51 
3909 13 13 51 
3853 13 15 51 
3639 14 14 51 
3494 6 15 51 
3435 7 16 51 
3417 8 17 51 
3291 9 18 51 
3137 10 17 51 
2836 11 16 51 
2600 12 13 51 
2564 12 15 51 
2554 13 14 51 
2334 7 15 51 
2137 8 16 51 
1817 9 17 51 
1577 10 16 51 
1298 11 15 51 
1244 12 14 51 
1182 8 15 51 
1175 9 16 51 
1164 10 15 51 
1127 11 14 51 
1041 9 15 51 
979 10 14 51 
42 11 11 51 
4939 11 13 51 
4880 0 13 51 
4841 9 14 51 
4785 10 11 51 
4738 10 13 51 
4681 11 12 51 
4481 0 12 51 
4091 1 13 51 
4005 8 14 51 
3824 9 11 51 
3711 9 13 51 
3606 10 12 51 
3527 0 11 51 
3416 1 12 51 
3403 2 13 51 
3366 7 14 51 
2913 8 11 51 
2711 8 13 51 
2476 9 12 51 
2457 0 10 51 
2223 1 11 51 
2128 2 12 51 
2111 3 13 51 
1763 6 14 51 
1654 7 11 51 
1644 7 13 51 
1457 8 12 51 
1114 0 9 51 
936 1 10 51 
685 2 11 51 
4893 3 12 51 
4862 4 13 51 
4825 5 14 51 
4643 6 11 51 
4551 6 13 51 
4485 7 12 51 
3975 0 8 51 
3882 1 9 51 
3815 2 10 51 
3812 3 11 51 
3698 4 12 51 
3582 5 13 51 
3459 6 12 51 
3027 8 10 51 
2724 0 5 51 
2526 0 7 51 
2437 1 8 51 
1830 2 9 51 
1721 3 10 51 
1578 4 11 51 
1216 5 12 51 
1036 7 10 51 
698 8 9 51 
687 0 0 51 
533 0 4 51 
309 0 6 51 
10 1 5 51 
4657 1 7 51 
4496 2 8 51 
4322 3 9 51 
4256 4 10 51 
4107 5 11 51 
3933 6 10 51 
3863 7 9 51 
3862 8 8 51 
3696 0 1 51 
3399 0 3 51 
3397 1 0 51 
3302 1 4 51 
2492 1 6 51 
2335 2 5 51 
2253 2 7 51 
2198 3 8 51 
2148 4 9 51 
2116 5 10 51 
2080 6 9 51 
1425 7 8 51 
1344 8 7 51 
1342 0 2 51 
1323 1 1 51 
496 1 3 51 
423 2 0 51 
386 2 4 51 
227 2 6 51 
37 3 7 51 
4756 4 8 51 
4717 5 9 51 
4497 6 8 51 
4463 7 7 51 
4450 1 2 51 
4365 2 1 51 
4240 2 3 51 
4233 3 0 51 
4120 3 6 51 
3919 4 7 51 
3685 5 8 51 
3620 6 7 51 
3561 19 0 51 
3360 2 2 51 
3242 3 1 51 
3147 3 5 51 
2922 4 0 51 
2523 4 6 51 
2307 5 7 51 
2161 18 0 51 
2071 19 1 51 
1918 19 7 51 
1788 3 2 51 
1676 3 4 51 
1553 4 1 51 
1350 4 5 51 
1202 5 0 51 
550 5 6 51 
470 9 10 51 
411 17 0 51 
383 18 1 51 
4822 18 7 51 
4714 19 2 51 
4655 19 6 51 
4366 3 3 51 
4145 4 2 51 
4002 4 4 51 
3396 5 1 51 
3051 5 5 51 
2966 6 6 51 
2896 9 9 51 
2736 10 10 51 
2167 16 0 51 
2098 17 1 51 
1933 17 7 51 
1912 18 2 51 
1835 18 6 51 
1529 19 3 51 
1269 19 5 51 
1236 4 3 51 
1143 5 2 51 
1093 5 4 51 
501 6 5 51 
321 7 6 51 
313 9 8 51 
255 10 9 51 
181 16 1 51 
4607 16 7 51 
4315 17 2 51 
4237 17 6 51 
4142 18 3 51 
3911 18 5 51 
3581 19 4 51 
3469 5 3 51 
3406 6 4 51 
3352 7 5 51 
3332 8 6 51 
3283 9 7 51 
2685 10 8 51 
2533 14 8 51 
2162 15 7 51 
1663 16 2 51 
976 16 6 51 
597 17 3 51 
4543 17 5 51 
4433 18 4 51 
4257 6 3 51 
3788 7 4 51 
3476 8 5 51 
3269 9 6 51 
3256 10 7 51 
3241 11 8 51 
2147 13 8 51 
1809 14 7 51 
1602 15 6 51 
1562 16 3 51 
1545 16 5 51 
1338 17 4 51 
1288 6 2 51 
1076 7 3 51 
1034 8 4 51 
827 9 5 51 
112 10 6 51 
8 11 7 51 
4273 12 8 51 
4263 13 7 51 
4251 14 6 51 
4029 15 5 51 
2837 16 4 51 
2617 6 1 51 
1482 7 2 51 
1394 8 3 51 
1374 9 4 51 
1372 10 5 51 
931 11 6 51 
917 12 7 51 
593 13 6 51 
406 14 5 51 
124 15 4 51 
48 6 0 51 
4395 7 1 51 
4203 8 2 51 
3997 9 3 51 
3890 10 4 51 
3830 11 5 51 
3662 12 6 51 
3578 13 5 51 
2725 14 4 51 
2707 15 3 51 
2612 7 0 51 
2260 8 1 51 
2203 9 2 51 
1940 10 3 51 
1902 11 4 51 
1503 12 5 51 
1251 13 4 51 
1177 14 3 51 
935 15 2 51 
4898 8 0 51 
4741 9 1 51 
4724 10 2 51 
4705 11 3 51 
4534 12 4 51 
4222 13 3 51 
4055 14 2 51 
3680 15 1 51 
2218 9 0 51 
2024 10 1 51 
2008 11 2 51 
1705 12 3 51 
785 13 2 51 
4948 14 1 51 
4115 15 0 51 
4070 10 0 51 
3537 11 1 51 
2323 12 2 51 
2011 13 1 51 
1618 14 0 51 
4473 11 0 51 
787 12 1 51 
4242 13 0 51 
3594 12 0 51 
3336 12 1 62 
4316 11 1 63 
117 13 1 63 
2653 10 1 64 
81 11 2 64 
1321 14 1 63 
2238 9 1 64 
1070 10 2 64 
1857 11 3 64 
3122 8 1 65 
3737 9 2 65 
4510 13 4 65 
646 7 1 65 
1322 8 2 65 
1483 13 5 65 
3664 14 4 65 
3716 7 2 66 
3861 10 5 66 
391 13 6 66 
409 14 5 66 
752 7 3 67 
796 10 6 67 
2831 13 7 66 
2870 14 6 66 
4557 15 5 66 
4796 7 4 67 
129 10 7 67 
907 15 6 67 
977 16 5 67 
1098 17 4 67 
2943 6 4 68 
204 7 5 68 
464 16 6 68 
929 17 3 68 
1441 17 5 67 
1527 18 4 67 
3125 4 3 69 
61 5 4 69 
184 6 5 69 
500 17 2 68 
696 17 6 68 
913 18 3 68 
1266 18 5 68 
1339 4 2 69 
1471 4 4 69 
1544 5 5 69 
2595 17 1 69 
3803 18 2 69 
4536 18 6 69 
4631 4 1 70 
165 4 5 70 
558 18 1 70 
596 3 1 70 
779 4 6 70 
1656 1 2 70 
3558 2 1 70 
3580 4 7 70 
4415 5 8 70 
741 1 1 71 
893 1 3 71 
1495 3 7 71 
4569 19 8 76 
4409 18 8 76 
4402 19 9 76 
4306 19 19 76 
4193 0 19 76 
4063 17 8 76 
3485 18 9 76 
3306 18 19 76 
3149 19 10 76 
3099 19 18 76 
3078 0 18 76 
3055 1 19 76 
3007 16 8 76 
2618 17 9 76 
2263 17 19 76 
2220 18 10 76 
1148 18 18 76 
836 19 11 76 
801 19 17 76 
742 0 17 76 
575 1 18 76 
491 2 19 76 
69 15 8 76 
41 16 9 76 
4742 16 19 76 
4712 17 10 76 
4454 17 18 76 
4253 18 11 76 
4081 18 17 76 
4050 19 12 76 
3974 19 16 76 
3923 0 14 76 
3817 0 16 76 
3728 1 17 76 
3591 2 18 76 
3467 3 19 76 
3388 15 9 76 
3217 15 19 76 
3203 16 10 76 
3146 16 18 76 
2794 17 11 76 
2636 17 17 76 
2626 18 12 76 
2429 18 16 76 
2183 19 13 76 
1785 19 15 76 
1683 0 15 76 
1461 1 14 76 
1445 1 16 76 
1395 2 17 76 
1346 3 18 76 
1270 4 19 76 
1086 14 9 76 
515 14 19 76 
417 15 10 76 
266 15 18 76 
131 16 11 76 
62 16 17 76 
7 17 12 76 
4876 17 16 76 
4849 18 13 76 
4821 18 15 76 
4795 19 14 76 
4398 1 15 76 
4217 2 14 76 
4130 2 16 76 
4032 3 17 76 
3871 4 18 76 
3829 5 19 76 
3806 11 9 76 
3738 13 9 76 
3567 13 19 76 
3550 14 10 76 
3516 14 18 76 
3461 15 11 76 
3375 15 17 76 
3325 16 12 76 
3223 16 16 76 
3175 17 13 76 
2657 17 15 76 
2610 18 14 76 
2479 2 15 76 
2459 3 14 76 
2423 3 16 76 
2259 4 17 76 
1858 5 18 76 
1474 6 19 76 
1100 11 10 76 
1028 12 9 76 
914 12 19 76 
724 13 10 76 
510 13 18 76 
505 14 11 76 
365 14 17 76 
229 15 12 76 
4774 15 16 76 
4672 16 13 76 
4633 16 15 76 
4581 17 14 76 
4502 3 15 76 
4474 4 14 76 
4212 4 16 76 
3930 5 17 76 
3921 6 18 76 
3908 7 19 76 
3835 11 19 76 
3804 12 10 76 
3521 12 18 76 
3424 13 11 76 
3378 13 17 76 
3328 14 12 76 
3091 14 16 76 
2868 15 13 76 
2488 15 15 76 
2277 16 14 76 
1969 4 15 76 
1895 5 16 76 
1866 6 17 76 
1761 7 18 76 
1691 8 19 76 
1440 10 19 76 
1417 11 18 76 
897 12 11 76 
842 12 17 76 
825 13 12 76 
711 13 16 76 
544 14 13 76 
152 14 15 76 
137 15 14 76 
4943 5 15 76 
4331 6 16 76 
4329 7 17 76 
4326 8 18 76 
4178 9 19 76 
4143 10 18 76 
4027 11 17 76 
4010 12 12 76 
3991 12 16 76 
3559 13 13 76 
3491 13 15 76 
3118 14 14 76 
3068 6 15 76 
2984 7 16 76 
2766 8 17 76 
2645 9 18 76 
2452 10 17 76 
2338 11 16 76 
2288 12 13 76 
2106 12 15 76 
2065 13 14 76 
1898 7 15 76 
1860 8 16 76 
1771 9 17 76 
1539 10 16 76 
1432 11 15 76 
1377 12 14 76 
1013 8 15 76 
975 9 16 76 
683 10 15 76 
566 11 14 76 
397 9 15 76 
121 10 14 76 
33 11 11 76 
4706 11 13 76 
4503 0 13 76 
4358 9 14 76 
4265 10 11 76 
3654 10 13 76 
3595 11 12 76 
3480 0 12 76 
3341 1 13 76 
3260 8 14 76 
2959 9 11 76 
2932 9 13 76 
2928 10 12 76 
2543 0 11 76 
2489 1 12 76 
2228 2 13 76 
2141 7 14 76 
1984 8 11 76 
1903 8 13 76 
1560 9 12 76 
1224 0 10 76 
1217 1 11 76 
1145 2 12 76 
1074 3 13 76 
996 6 14 76 
950 7 11 76 
946 7 13 76 
916 8 12 76 
586 0 9 76 
572 1 10 76 
228 2 11 76 
4828 3 12 76 
4229 4 13 76 
4167 5 14 76 
4104 6 11 76 
4014 6 13 76 
3965 7 12 76 
3949 0 8 76 
3845 1 9 76 
3441 2 10 76 
3436 3 11 76 
3020 4 12 76 
2276 5 13 76 
2209 6 12 76 
2143 8 10 76 
1765 0 5 76 
1650 0 7 76 
1564 1 8 76 
1523 2 9 76 
1396 3 10 76 
1011 4 11 76 
992 5 12 76 
970 7 10 76 
585 8 9 76 
536 0 0 76 
483 0 4 76 
445 0 6 76 
74 1 5 76 
4975 1 7 76 
4917 2 8 76 
4637 3 9 76 
4611 4 10 76 
4560 5 11 76 
4458 6 10 76 
4374 7 9 76 
4173 8 8 76 
4153 0 1 76 
4149 0 3 76 
4045 1 0 76 
3518 1 4 76 
3333 1 6 76 
3309 2 5 76 
3264 2 7 76 
3032 3 8 76 
2996 4 9 76 
2845 5 10 76 
2698 6 9 76 
2273 7 8 76 
2205 8 7 76 
1847 0 2 76 
1519 1 1 76 
1502 1 3 76 
1279 2 0 76 
1208 2 4 76 
1154 2 6 76 
727 3 7 76 
614 4 8 76 
569 5 9 76 
473 6 8 76 
273 7 7 76 
71 1 2 76 
4844 2 1 76 
4688 2 3 76 
4429 3 0 76 
4376 3 6 76 
3749 4 7 76 
3274 5 8 76 
3216 6 7 76 
3196 19 0 76 
2895 2 2 76 
2833 3 1 76 
2812 3 5 76 
2717 4 0 76 
2696 4 6 76 
2101 5 7 76 
1815 18 0 76 
1641 19 1 76 
1620 19 7 76 
1489 3 2 76 
1010 3 4 76 
858 4 1 76 
772 4 5 76 
666 5 0 76 
486 5 6 76 
476 9 10 76 
424 17 0 76 
4181 18 1 76 
4079 18 7 76 
3902 19 2 76 
3840 19 6 76 
3791 3 3 76 
3624 4 2 76 
3506 4 4 76 
3430 5 1 76 
3153 5 5 76 
3090 6 6 76 
2701 9 9 76 
2390 10 10 76 
2269 16 0 76 
2214 17 1 76 
2051 17 7 76 
1989 18 2 76 
1783 18 6 76 
1521 19 3 76 
1136 19 5 76 
1113 4 3 76 
563 5 2 76 
559 5 4 76 
320 6 5 76 
4848 7 6 76 
4806 9 8 76 
4039 10 9 76 
4013 16 1 76 
3776 16 7 76 
3686 17 2 76 
3642 17 6 76 
3571 18 3 76 
3503 18 5 76 
3327 19 4 76 
3267 5 3 76 
3227 6 4 76 
3213 7 5 76 
2906 8 6 76 
2718 9 7 76 
2321 10 8 76 
1970 14 8 76 
1522 15 7 76 
1289 16 2 76 
589 16 6 76 
516 17 3 76 
4677 17 5 76 
4506 18 4 76 
4236 6 3 76 
3439 7 4 76 
3222 8 5 76 
3221 9 6 76 
3160 10 7 76 
3083 11 8 76 
2687 13 8 76 
2649 14 7 76 
2647 15 6 76 
2485 16 3 76 
2383 16 5 76 
1776 17 4 76 
1420 6 2 76 
1310 7 3 76 
587 8 4 76 
222 9 5 76 
4690 10 6 76 
4614 11 7 76 
4495 12 8 76 
4335 13 7 76 
4288 14 6 76 
4244 15 5 76 
4030 16 4 76 
4019 6 1 76 
3889 7 2 76 
3618 8 3 76 
3285 9 4 76 
3094 10 5 76 
2188 11 6 76 
1716 12 7 76 
1430 13 6 76 
1260 14 5 76 
1209 15 4 76 
1058 6 0 76 
906 7 1 76 
802 8 2 76 
361 9 3 76 
338 10 4 76 
123 11 5 76 
4956 12 6 76 
4951 13 5 76 
3833 14 4 76 
3597 15 3 76 
2742 7 0 76 
2324 8 1 76 
1986 9 2 76 
1673 10 3 76 
1505 11 4 76 
1447 12 5 76 
522 13 4 76 
460 14 3 76 
4509 15 2 76 
4407 8 0 76 
3750 9 1 76 
3431 10 2 76 
2993 11 3 76 
2316 12 4 76 
2261 13 3 76 
2179 14 2 76 
1402 15 1 76 
628 9 0 76 
98 10 1 76 
96 11 2 76 
4925 12 3 76 
3676 13 2 76 
3296 14 1 76 
2158 15 0 76 
702 10 0 76 
3747 11 1 76 
1462 12 2 76 
1234 13 1 76 
656 14 0 76 
311 11 0 76 
99 12 1 76 
4776 13 0 76 
3601 12 0 76 
57 12 1 87 
2737 11 1 87 
3891 13 1 87 
53 10 1 89 
3011 11 2 89 
3043 14 1 88 
4810 9 1 89 
545 10 2 89 
2517 11 3 89 
3962 8 1 90 
4255 9 2 90 
202 13 4 90 
549 7 1 91 
2038 8 2 91 
2639 13 5 90 
3226 14 4 90 
3499 7 2 91 
3831 10 5 91 
595 13 6 91 
1078 14 5 91 
1376 7 3 92 
2332 10 6 91 
2530 13 7 91 
2936 14 6 91 
3670 15 5 91 
3787 7 4 92 
4243 10 7 92 
39 15 6 92 
761 16 5 92 
1019 17 4 92 
1059 6 4 93 
1613 7 5 93 
2376 16 6 93 
392 17 3 93 
764 17 5 92 
1057 18 4 92 
2425 4 3 94 
722 5 4 94 
1130 6 5 94 
1591 17 2 93 
1619 17 6 93 
1812 18 3 93 
1870 18 5 93 
2012 4 2 94 
2549 4 4 94 
3695 5 5 94 
3736 17 1 94 
4515 18 2 94 
2 18 6 94 
1406 4 1 95 
2028 4 5 95 
2563 18 1 94 
3207 3 1 95 
3627 4 6 95 
4635 1 2 96 
4693 2 1 95 
66 4 7 95 
325 5 8 95 
2343 1 1 96 
3321 1 3 96 
3398 3 7 96 
3688 5 9 96 
4573 6 8 96 
