1943
6579 19 10 1 
6457 18 10 1 
6344 19 11 1 
6318 17 10 1 
6181 18 11 1 
6123 19 12 1 
5859 16 10 1 
5278 17 11 1 
4393 18 12 1 
4224 19 13 1 
3237 19 19 1 
3161 15 10 1 
2955 16 11 1 
2948 17 12 1 
2861 18 13 1 
2674 18 19 1 
2451 19 14 1 
2183 19 18 1 
2129 15 11 1 
2034 16 12 1 
1857 17 13 1 
1782 17 19 1 
1728 18 14 1 
1574 18 18 1 
1494 19 15 1 
1474 19 17 1 
1256 15 12 1 
1143 16 13 1 
884 16 19 1 
538 17 14 1 
320 17 18 1 
292 18 15 1 
263 18 17 1 
6677 19 16 1 
6450 14 12 1 
6418 15 13 1 
6284 15 19 1 
6031 16 14 1 
5945 16 18 1 
5937 17 15 1 
5933 17 17 1 
5897 18 16 1 
5369 13 12 1 
5275 14 13 1 
4873 14 19 1 
4852 15 14 1 
4839 15 18 1 
4666 16 15 1 
4443 16 17 1 
4438 17 16 1 
4421 13 13 1 
4397 13 19 1 
4217 14 14 1 
3240 14 18 1 
2959 15 15 1 
2793 15 17 1 
2529 16 16 1 
2479 12 19 1 
2344 13 14 1 
2282 13 18 1 
2110 14 15 1 
1886 14 17 1 
1790 15 16 1 
1622 19 0 1 
1557 11 19 1 
1410 12 18 1 
911 13 15 1 
6672 13 17 1 
6546 14 0 1 
6522 14 16 1 
6422 18 0 1 
6316 19 1 1 
6032 10 19 1 
5927 11 18 1 
5920 12 17 1 
5717 13 16 1 
5377 14 1 1 
5258 15 0 1 
5053 17 0 1 
4919 18 1 1 
4611 19 2 1 
4568 9 19 1 
4237 10 18 1 
4181 11 17 1 
3734 12 16 1 
3663 14 2 1 
3576 15 1 1 
3384 16 0 1 
3272 17 1 1 
3259 18 2 1 
2590 19 3 1 
2449 19 9 1 
2292 0 19 1 
2264 8 19 1 
1994 9 18 1 
1986 10 17 1 
1869 11 16 1 
1589 12 15 1 
1452 14 3 1 
1218 15 2 1 
1210 16 1 1 
792 17 2 1 
565 18 3 1 
256 18 9 1 
6630 19 4 1 
6570 19 8 1 
5974 0 18 1 
5862 1 19 1 
5860 7 19 1 
5670 8 18 1 
5562 9 17 1 
5309 10 16 1 
5058 11 15 1 
4904 12 14 1 
4661 14 4 1 
4500 15 3 1 
4415 16 2 1 
4218 17 3 1 
3902 17 9 1 
3658 18 4 1 
3461 18 8 1 
3328 19 5 1 
3222 19 7 1 
3203 0 17 1 
2917 1 18 1 
2816 2 19 1 
2610 6 19 1 
2303 7 18 1 
1431 8 17 1 
1362 9 16 1 
697 10 15 1 
96 11 14 1 
6513 12 13 1 
6435 14 5 1 
6397 14 11 1 
6319 15 4 1 
6308 16 3 1 
6083 16 9 1 
5498 17 4 1 
5438 17 8 1 
5232 18 5 1 
4830 18 7 1 
4812 19 6 1 
4705 0 16 1 
4461 1 17 1 
3550 2 18 1 
3443 3 19 1 
3409 5 19 1 
3192 6 18 1 
2840 7 17 1 
2783 8 16 1 
2552 9 15 1 
2488 10 14 1 
2333 11 13 1 
2302 12 12 1 
2298 13 11 1 
2035 14 10 1 
2022 15 5 1 
1792 15 9 1 
1647 16 4 1 
1206 16 8 1 
1099 17 5 1 
205 17 7 1 
6474 18 6 1 
6321 0 15 1 
6202 1 16 1 
6125 2 17 1 
5539 3 18 1 
5255 4 19 1 
4901 5 18 1 
4559 6 17 1 
4399 7 16 1 
3796 8 15 1 
3675 9 14 1 
3101 10 13 1 
3028 11 12 1 
2842 12 11 1 
2763 13 10 1 
2673 14 9 1 
2651 15 8 1 
2320 16 5 1 
2265 16 7 1 
2171 17 6 1 
1849 0 14 1 
1835 1 15 1 
1592 2 16 1 
1054 3 17 1 
567 4 18 1 
346 5 17 1 
302 6 16 1 
167 7 15 1 
6433 8 14 1 
6053 9 13 1 
5867 10 12 1 
5853 11 11 1 
5646 12 10 1 
4848 13 9 1 
4610 14 8 1 
4269 15 7 1 
4159 16 6 1 
4104 0 13 1 
4087 1 14 1 
4048 2 15 1 
3918 3 16 1 
3583 4 17 1 
3014 5 16 1 
2983 6 7 1 
2677 6 15 1 
2640 7 14 1 
2505 8 13 1 
2371 9 12 1 
1950 10 11 1 
1931 11 10 1 
1883 12 9 1 
1732 13 8 1 
1662 14 7 1 
1285 15 6 1 
1212 0 12 1 
948 1 13 1 
832 2 14 1 
515 3 15 1 
370 4 16 1 
333 5 15 1 
6521 6 6 1 
6493 6 14 1 
6476 7 7 1 
6216 7 13 1 
6199 8 12 1 
6121 9 11 1 
5970 10 10 1 
5940 11 9 1 
5865 12 8 1 
5392 13 7 1 
5389 14 6 1 
5376 0 11 1 
5069 1 12 1 
4462 2 13 1 
4271 3 14 1 
4240 4 15 1 
4037 5 14 1 
4018 6 5 1 
3989 6 13 1 
3471 7 6 1 
3390 7 12 1 
3216 8 7 1 
3185 8 11 1 
3126 9 10 1 
2647 10 9 1 
2621 11 8 1 
2336 12 7 1 
2161 13 6 1 
2010 1 11 1 
1899 2 12 1 
1870 3 13 1 
1767 4 14 1 
1765 5 13 1 
1694 6 4 1 
1660 6 12 1 
1310 7 5 1 
733 7 11 1 
699 8 6 1 
500 8 10 1 
425 9 7 1 
287 9 9 1 
215 10 8 1 
81 11 7 1 
26 12 6 1 
6757 13 5 1 
6576 2 11 1 
6532 3 12 1 
6481 4 13 1 
5731 5 12 1 
5669 6 11 1 
5587 7 4 1 
4579 7 10 1 
4396 8 5 1 
4378 8 9 1 
4212 9 6 1 
4051 9 8 1 
3759 10 7 1 
3751 11 6 1 
3127 12 5 1 
2920 13 4 1 
2796 3 11 1 
2775 4 12 1 
2457 5 11 1 
2374 6 10 1 
2004 7 9 1 
1801 8 4 1 
1375 8 8 1 
1110 9 5 1 
836 10 6 1 
728 11 5 1 
718 12 4 1 
603 13 3 1 
464 4 11 1 
446 5 10 1 
6001 6 9 1 
5807 7 8 1 
5489 9 4 1 
5390 10 5 1 
4817 11 4 1 
4684 12 3 1 
4483 13 2 1 
4475 4 10 1 
4266 5 9 1 
3709 6 8 1 
3592 10 4 1 
3378 11 3 1 
2579 12 2 1 
2573 13 1 1 
2569 3 10 1 
2102 4 9 1 
902 5 8 1 
689 10 3 1 
634 11 2 1 
416 12 1 1 
169 13 0 1 
6441 2 10 1 
6264 3 9 1 
6111 4 8 1 
5796 5 7 1 
5530 9 3 1 
5013 10 2 1 
4872 11 1 1 
4558 12 0 1 
4256 1 10 1 
4238 2 9 1 
3859 3 8 1 
3780 4 7 1 
3659 5 6 1 
3585 8 3 1 
3580 9 2 1 
2954 10 1 1 
2846 11 0 1 
2645 0 10 1 
2607 1 9 1 
2350 2 8 1 
1722 3 7 1 
607 4 6 1 
546 5 5 1 
132 7 3 1 
6632 8 2 1 
6572 9 1 1 
6547 10 0 1 
6105 0 9 1 
4466 1 8 1 
4385 2 7 1 
4156 3 6 1 
3778 4 5 1 
3699 5 4 1 
3169 6 3 1 
3072 7 2 1 
2138 8 1 1 
2071 9 0 1 
1859 0 8 1 
1766 1 7 1 
1511 2 6 1 
487 3 5 1 
233 4 4 1 
203 5 3 1 
5705 6 2 1 
5616 7 1 1 
4801 8 0 1 
4372 0 7 1 
3503 1 6 1 
3281 2 5 1 
3142 3 4 1 
2895 4 3 1 
2250 5 2 1 
1902 6 1 1 
1326 7 0 1 
1217 0 6 1 
1045 1 5 1 
966 2 4 1 
6115 3 3 1 
6046 4 2 1 
5618 5 1 1 
5385 6 0 1 
5383 0 5 1 
4937 1 4 1 
4842 2 3 1 
4247 3 2 1 
2786 4 1 1 
1885 5 0 1 
1167 0 4 1 
171 1 3 1 
6504 2 2 1 
6147 3 1 1 
4492 4 0 1 
4185 0 3 1 
3962 1 2 1 
3708 2 1 1 
3539 3 0 1 
1052 0 2 1 
4376 1 1 1 
4365 2 0 1 
3206 0 1 1 
2603 1 0 1 
2382 0 0 1 
4895 1 1 13 
1697 1 2 14 
2937 2 1 14 
4268 1 3 15 
4767 2 2 14 
5558 3 1 14 
1810 1 4 15 
4503 2 3 15 
343 3 2 15 
352 4 1 15 
1953 1 5 16 
2396 2 4 16 
2413 3 3 15 
2519 4 2 15 
2857 5 1 15 
3163 1 6 16 
4504 2 5 16 
6286 3 4 16 
376 5 2 16 
849 6 1 16 
1741 1 7 17 
1997 2 6 17 
3305 3 5 17 
3667 6 2 16 
4952 7 1 16 
5913 1 8 17 
5915 2 7 17 
875 3 6 17 
2283 4 5 17 
5112 7 2 17 
5524 8 1 17 
6600 1 9 18 
2933 2 8 18 
3277 3 7 18 
3581 4 6 18 
3765 8 2 17 
3830 9 1 17 
3905 2 9 18 
3961 3 8 18 
4451 4 7 18 
5791 9 2 18 
887 10 1 18 
1292 3 9 18 
1654 4 8 18 
1970 10 2 18 
2159 11 1 18 
2602 4 9 19 
3019 11 2 19 
3103 12 1 19 
3526 5 9 19 
5770 11 3 19 
5846 12 2 19 
199 5 10 20 
254 6 9 19 
692 10 5 19 
1343 11 4 19 
1502 12 3 19 
2297 4 12 20 
2555 5 11 20 
3333 6 10 20 
3496 7 9 20 
4495 9 5 20 
4759 10 6 20 
4864 11 5 20 
4903 12 4 20 
5544 3 12 20 
6118 4 13 20 
6402 5 12 20 
6621 6 11 20 
428 7 10 20 
1255 8 5 20 
1630 8 9 20 
1725 9 6 20 
2450 11 6 20 
3166 12 5 20 
3639 2 12 21 
5691 3 13 21 
6738 4 14 21 
6343 19 10 26 
6273 18 10 26 
5727 19 11 26 
5689 17 10 26 
5145 18 11 26 
5033 19 12 26 
5018 16 10 26 
4989 17 11 26 
4968 18 12 26 
4457 19 13 26 
4100 19 19 26 
3717 15 10 26 
3670 16 11 26 
3441 17 12 26 
3141 18 13 26 
2910 18 19 26 
2874 19 14 26 
2437 19 18 26 
1627 15 11 26 
1507 16 12 26 
1211 17 13 26 
1073 17 19 26 
196 18 14 26 
116 18 18 26 
6622 19 15 26 
6473 19 17 26 
5975 15 12 26 
5889 16 13 26 
5719 16 19 26 
5403 17 14 26 
5256 17 18 26 
5212 18 15 26 
5011 18 17 26 
4573 19 16 26 
4358 14 12 26 
4355 15 13 26 
4259 15 19 26 
4086 16 14 26 
4059 16 18 26 
3619 17 15 26 
3521 17 17 26 
3501 18 16 26 
3435 13 12 26 
2923 14 13 26 
2831 14 19 26 
2798 15 14 26 
2732 15 18 26 
2627 16 15 26 
2476 16 17 26 
2248 17 16 26 
1738 13 13 26 
1623 13 19 26 
1489 14 14 26 
240 14 18 26 
6690 15 15 26 
6634 15 17 26 
6633 16 16 26 
6347 12 19 26 
6022 13 14 26 
5437 13 18 26 
5335 14 15 26 
4909 14 17 26 
4394 15 16 26 
3822 19 0 26 
3818 11 19 26 
3548 12 18 26 
3517 13 15 26 
3426 13 17 26 
3197 14 0 26 
3053 14 16 26 
2916 18 0 26 
2849 19 1 26 
2634 10 19 26 
2203 11 18 26 
1780 12 17 26 
1642 13 16 26 
1543 14 1 26 
1367 15 0 26 
1298 17 0 26 
1147 18 1 26 
848 19 2 26 
829 9 19 26 
777 10 18 26 
713 11 17 26 
592 12 16 26 
505 14 2 26 
420 15 1 26 
284 16 0 26 
6748 17 1 26 
6702 18 2 26 
6497 19 3 26 
6488 19 9 26 
6341 0 19 26 
6085 8 19 26 
6058 9 18 26 
5903 10 17 26 
5873 11 16 26 
5329 12 15 26 
5243 14 3 26 
5119 15 2 26 
5088 16 1 26 
5006 17 2 26 
4620 18 3 26 
4403 18 9 26 
4304 19 4 26 
4285 19 8 26 
4162 0 18 26 
4092 1 19 26 
4081 7 19 26 
3869 8 18 26 
3740 9 17 26 
3725 10 16 26 
3627 11 15 26 
3418 12 14 26 
3395 14 4 26 
3310 15 3 26 
2660 16 2 26 
2464 17 3 26 
2392 17 9 26 
2311 18 4 26 
2216 18 8 26 
2124 19 5 26 
2087 19 7 26 
2007 0 17 26 
1930 1 18 26 
1488 2 19 26 
1475 6 19 26 
1381 7 18 26 
1120 8 17 26 
1074 9 16 26 
943 10 15 26 
877 11 14 26 
860 12 13 26 
411 14 5 26 
217 14 11 26 
6753 15 4 26 
6626 16 3 26 
6425 16 9 26 
6327 17 4 26 
6267 17 8 26 
6265 18 5 26 
6210 18 7 26 
6109 19 6 26 
5526 0 16 26 
5435 1 17 26 
5315 2 18 26 
4975 3 19 26 
4782 5 19 26 
4241 6 18 26 
4132 7 17 26 
3987 8 16 26 
3612 9 15 26 
3051 10 14 26 
2914 11 13 26 
2499 12 12 26 
2184 13 11 26 
2108 14 10 26 
2088 15 5 26 
1689 15 9 26 
1688 16 4 26 
1226 16 8 26 
1027 17 5 26 
579 17 7 26 
453 18 6 26 
152 0 15 26 
6717 1 16 26 
6602 2 17 26 
6559 3 18 26 
6339 4 19 26 
6330 5 18 26 
6169 6 17 26 
6146 7 16 26 
5849 8 15 26 
5819 9 14 26 
5513 10 13 26 
5305 11 12 26 
5257 12 11 26 
4774 13 10 26 
4470 14 9 26 
4170 15 8 26 
4118 16 5 26 
3877 16 7 26 
2876 17 6 26 
1873 0 14 26 
1535 1 15 26 
1409 2 16 26 
1267 3 17 26 
1009 4 18 26 
954 5 17 26 
925 6 16 26 
386 7 15 26 
239 8 14 26 
224 9 13 26 
138 10 12 26 
6583 11 11 26 
6561 12 10 26 
6014 13 9 26 
5994 14 8 26 
5668 15 7 26 
5665 16 6 26 
5551 0 13 26 
5236 1 14 26 
4478 2 15 26 
4360 3 16 26 
4137 4 17 26 
3986 5 16 26 
3931 6 7 26 
3546 6 15 26 
3279 7 14 26 
3179 8 13 26 
3073 9 12 26 
2985 10 11 26 
2964 11 10 26 
2407 12 9 26 
2377 13 8 26 
2284 14 7 26 
2151 15 6 26 
2059 0 12 26 
1998 1 13 26 
1963 2 14 26 
1961 3 15 26 
1882 4 16 26 
1493 5 15 26 
1486 6 6 26 
1140 6 14 26 
1107 7 7 26 
992 7 13 26 
710 8 12 26 
436 9 11 26 
424 10 10 26 
296 11 9 26 
155 12 8 26 
6732 13 7 26 
6658 14 6 26 
6496 0 11 26 
6151 1 12 26 
6024 2 13 26 
5864 3 14 26 
5850 4 15 26 
5820 5 14 26 
5113 6 5 26 
5072 6 13 26 
4754 7 6 26 
3977 7 12 26 
3967 8 7 26 
3727 8 11 26 
3688 9 10 26 
3446 10 9 26 
2950 11 8 26 
2791 12 7 26 
2379 13 6 26 
2231 1 11 26 
1547 2 12 26 
1274 3 13 26 
1046 4 14 26 
455 5 13 26 
355 6 4 26 
339 6 12 26 
6788 7 5 26 
6701 7 11 26 
6660 8 6 26 
6261 8 10 26 
6082 9 7 26 
5960 9 9 26 
5681 10 8 26 
5588 11 7 26 
5581 12 6 26 
5393 13 5 26 
5201 2 11 26 
5132 3 12 26 
4749 4 13 26 
4657 5 12 26 
4626 6 11 26 
3971 7 4 26 
3935 7 10 26 
3464 8 5 26 
3321 8 9 26 
2700 9 6 26 
2277 9 8 26 
2064 10 7 26 
1445 11 6 26 
1223 12 5 26 
987 13 4 26 
981 3 11 26 
903 4 12 26 
6747 5 11 26 
6655 6 10 26 
6332 7 9 26 
6269 8 4 26 
6268 8 8 26 
6081 9 5 26 
6062 10 6 26 
6019 11 5 26 
5967 12 4 26 
5735 13 3 26 
5450 4 11 26 
5434 5 10 26 
5157 6 9 26 
5034 7 8 26 
4888 9 4 26 
4808 10 5 26 
4656 11 4 26 
3755 12 3 26 
3368 13 2 26 
3138 4 10 26 
2885 5 9 26 
2714 6 8 26 
2559 10 4 26 
2438 11 3 26 
2398 12 2 26 
2390 13 1 26 
1566 3 10 26 
1380 4 9 26 
909 5 8 26 
751 10 3 26 
6741 11 2 26 
6186 12 1 26 
5992 13 0 26 
5499 2 10 26 
5485 3 9 26 
5414 4 8 26 
5348 5 7 26 
5129 9 3 26 
4528 10 2 26 
4507 11 1 26 
4150 12 0 26 
2962 1 10 26 
2267 2 9 26 
2121 3 8 26 
1408 4 7 26 
1258 5 6 26 
1173 8 3 26 
1006 9 2 26 
1005 10 1 26 
445 11 0 26 
6693 0 10 26 
6439 1 9 26 
5923 2 8 26 
4862 3 7 26 
4720 4 6 26 
4697 5 5 26 
4343 7 3 26 
4246 8 2 26 
4020 9 1 26 
3421 10 0 26 
3359 0 9 26 
2963 1 8 26 
2715 2 7 26 
2193 3 6 26 
1910 4 5 26 
1629 5 4 26 
883 6 3 26 
806 7 2 26 
667 8 1 26 
626 9 0 26 
6353 0 8 26 
6236 1 7 26 
6050 2 6 26 
5803 3 5 26 
5679 4 4 26 
5417 5 3 26 
5173 6 2 26 
4927 7 1 26 
4878 8 0 26 
4388 0 7 26 
4338 1 6 26 
4322 2 5 26 
3974 3 4 26 
3820 4 3 26 
3738 5 2 26 
3284 6 1 26 
3207 7 0 26 
2069 0 6 26 
1999 1 5 26 
1352 2 4 26 
712 3 3 26 
6106 4 2 26 
6078 5 1 26 
5916 6 0 26 
5692 0 5 26 
5311 1 4 26 
5097 2 3 26 
5078 3 2 26 
4981 4 1 26 
4865 5 0 26 
4715 0 4 26 
3640 1 3 26 
3360 2 2 26 
2648 3 1 26 
2570 4 0 26 
1148 0 3 26 
4345 1 2 26 
1945 2 1 26 
1858 3 0 26 
1411 0 2 26 
439 1 1 26 
6617 2 0 26 
6305 0 1 26 
5921 1 0 26 
4234 0 0 26 
251 1 1 39 
1440 1 2 39 
3196 2 1 39 
4377 1 3 40 
1983 2 2 40 
2400 3 1 40 
5682 1 4 40 
168 2 3 40 
5834 3 2 40 
6262 4 1 40 
258 1 5 41 
508 2 4 41 
817 3 3 41 
983 4 2 40 
1250 5 1 40 
1568 1 6 41 
2094 2 5 41 
2945 3 4 41 
4413 5 2 41 
4592 6 1 41 
5511 1 7 41 
126 2 6 41 
749 3 5 41 
1069 6 2 41 
1097 7 1 41 
1313 1 8 42 
1811 2 7 42 
2207 3 6 42 
5452 4 5 42 
57 7 2 42 
79 8 1 42 
683 1 9 42 
2958 2 8 42 
3174 3 7 42 
3498 4 6 42 
3852 8 2 42 
5325 9 1 42 
272 2 9 43 
509 3 8 43 
554 4 7 43 
716 9 2 43 
1558 10 1 43 
2888 3 9 43 
2949 4 8 43 
3332 10 2 43 
4305 11 1 43 
5433 4 9 44 
5811 11 2 43 
6042 12 1 43 
6623 5 9 44 
216 11 3 44 
1026 12 2 44 
3149 5 10 44 
3172 6 9 44 
3648 10 5 44 
3777 11 4 44 
4887 12 3 44 
6369 4 12 45 
6728 5 11 44 
16 6 10 44 
419 7 9 44 
1030 9 5 44 
1432 10 6 44 
1703 11 5 44 
2008 12 4 44 
2117 3 12 45 
2550 4 13 45 
2746 5 12 45 
3244 6 11 45 
4257 7 10 45 
4411 8 5 45 
5379 8 9 45 
5472 9 6 45 
5663 11 6 45 
5979 12 5 45 
6361 2 12 46 
705 3 13 46 
990 4 14 46 
1650 5 13 46 
2028 6 12 46 
2637 7 5 45 
2901 7 11 45 
3522 8 6 45 
3786 8 10 45 
4026 9 9 45 
4826 12 6 45 
5226 1 12 46 
5508 2 13 46 
6136 3 14 46 
6534 19 10 51 
6288 18 10 51 
5858 19 11 51 
5836 17 10 51 
5734 18 11 51 
5721 19 12 51 
5635 16 10 51 
5350 17 11 51 
5134 18 12 51 
4882 19 13 51 
4669 19 19 51 
4491 15 10 51 
4448 16 11 51 
4371 17 12 51 
4368 18 13 51 
4320 18 19 51 
4021 19 14 51 
3982 19 18 51 
3946 15 11 51 
3191 16 12 51 
3026 17 13 51 
2830 17 19 51 
2547 18 14 51 
2501 18 18 51 
2496 19 15 51 
2294 19 17 51 
2232 15 12 51 
2224 16 13 51 
2195 16 19 51 
2133 17 14 51 
1924 17 18 51 
1617 18 15 51 
1495 18 17 51 
1429 19 16 51 
808 14 12 51 
640 15 13 51 
530 15 19 51 
512 16 14 51 
297 16 18 51 
76 17 15 51 
6688 17 17 51 
6155 18 16 51 
6150 13 12 51 
5677 14 13 51 
5655 14 19 51 
5455 15 14 51 
5010 15 18 51 
4811 16 15 51 
4718 16 17 51 
4511 17 16 51 
4296 13 13 51 
4201 13 19 51 
4072 14 14 51 
3899 14 18 51 
3821 15 15 51 
3793 15 17 51 
3356 16 16 51 
3119 12 19 51 
3080 13 14 51 
2944 13 18 51 
2924 14 15 51 
2310 14 17 51 
2291 15 16 51 
2209 19 0 51 
2024 11 19 51 
1915 12 18 51 
1775 13 15 51 
1569 13 17 51 
1512 14 0 51 
1465 14 16 51 
1443 18 0 51 
325 19 1 51 
312 10 19 51 
174 11 18 51 
149 12 17 51 
5707 13 16 51 
5296 14 1 51 
5283 15 0 51 
5205 17 0 51 
5196 18 1 51 
4105 19 2 51 
4078 9 19 51 
4065 10 18 51 
3873 11 17 51 
3711 12 16 51 
3084 14 2 51 
3079 15 1 51 
2730 16 0 51 
2528 17 1 51 
2445 18 2 51 
2037 19 3 51 
1401 19 9 51 
1199 0 19 51 
1130 8 19 51 
921 9 18 51 
864 10 17 51 
367 11 16 51 
161 12 15 51 
6568 14 3 51 
6455 15 2 51 
6238 16 1 51 
6237 17 2 51 
6113 18 3 51 
6060 18 9 51 
5895 19 4 51 
5823 19 8 51 
5793 0 18 51 
5676 1 19 51 
5627 7 19 51 
5203 8 18 51 
5026 9 17 51 
3996 10 16 51 
3355 11 15 51 
3325 12 14 51 
2903 14 4 51 
2384 15 3 51 
2354 16 2 51 
2312 17 3 51 
1033 17 9 51 
972 18 4 51 
908 18 8 51 
891 19 5 51 
858 19 7 51 
816 0 17 51 
738 1 18 51 
307 2 19 51 
273 6 19 51 
130 7 18 51 
6740 8 17 51 
6518 9 16 51 
6465 10 15 51 
6448 11 14 51 
6243 12 13 51 
6222 14 5 51 
6220 14 11 51 
6064 15 4 51 
5885 16 3 51 
5840 16 9 51 
5724 17 4 51 
5279 17 8 51 
4316 18 5 51 
4293 18 7 51 
4244 19 6 51 
4127 0 16 51 
3963 1 17 51 
3641 2 18 51 
3597 3 19 51 
3427 5 19 51 
3373 6 18 51 
3143 7 17 51 
2947 8 16 51 
2246 9 15 51 
2182 10 14 51 
1528 11 13 51 
1307 12 12 51 
900 13 11 51 
441 14 10 51 
261 15 5 51 
47 15 9 51 
6641 16 4 51 
6639 16 8 51 
6328 17 5 51 
6314 17 7 51 
6303 18 6 51 
6290 0 15 51 
6156 1 16 51 
6010 2 17 51 
5900 3 18 51 
5041 4 19 51 
4807 5 18 51 
4679 6 17 51 
4638 7 16 51 
4537 8 15 51 
4479 9 14 51 
4426 10 13 51 
4133 11 12 51 
3838 12 11 51 
3716 13 10 51 
3437 14 9 51 
3063 15 8 51 
2834 16 5 51 
2409 16 7 51 
1270 17 6 51 
437 0 14 51 
100 1 15 51 
99 2 16 51 
6767 3 17 51 
6752 4 18 51 
6712 5 17 51 
6606 6 16 51 
6463 7 15 51 
6348 8 14 51 
6157 9 13 51 
6119 10 12 51 
6117 11 11 51 
5938 12 10 51 
5824 13 9 51 
5726 14 8 51 
5673 15 7 51 
5614 16 6 51 
5352 0 13 51 
5323 1 14 51 
5199 2 15 51 
5021 3 16 51 
4898 4 17 51 
4790 5 16 51 
4007 6 7 51 
3531 6 15 51 
3020 7 14 51 
2862 8 13 51 
2740 9 12 51 
2490 10 11 51 
2428 11 10 51 
2339 12 9 51 
2153 13 8 51 
2111 14 7 51 
2085 15 6 51 
1751 0 12 51 
1189 1 13 51 
1077 2 14 51 
181 3 15 51 
121 4 16 51 
6484 5 15 51 
6148 6 6 51 
6068 6 14 51 
5954 7 7 51 
5814 7 13 51 
5743 8 12 51 
5135 9 11 51 
4996 10 10 51 
4970 11 9 51 
4946 12 8 51 
4923 13 7 51 
4922 14 6 51 
4644 0 11 51 
4317 1 12 51 
4236 2 13 51 
4126 3 14 51 
4058 4 15 51 
3993 5 14 51 
3677 6 5 51 
3653 6 13 51 
3479 7 6 51 
3416 7 12 51 
3139 8 7 51 
2994 8 11 51 
2927 9 10 51 
2893 10 9 51 
2751 11 8 51 
2655 12 7 51 
2600 13 6 51 
2597 1 11 51 
2358 2 12 51 
2326 3 13 51 
2210 4 14 51 
2090 5 13 51 
2026 6 4 51 
1892 6 12 51 
1836 7 5 51 
6478 7 11 51 
6177 8 6 51 
6154 8 10 51 
6092 9 7 51 
5981 9 9 51 
5765 10 8 51 
5700 11 7 51 
5271 12 6 51 
5007 13 5 51 
4941 2 11 51 
4645 3 12 51 
4270 4 13 51 
3811 5 12 51 
3534 6 11 51 
3525 7 4 51 
3350 7 10 51 
3135 8 5 51 
3067 8 9 51 
3054 9 6 51 
2938 9 8 51 
2568 10 7 51 
2531 11 6 51 
1864 12 5 51 
1834 13 4 51 
1652 3 11 51 
1302 4 12 51 
1179 5 11 51 
229 6 10 51 
6751 7 9 51 
6412 8 4 51 
6178 8 8 51 
5572 9 5 51 
5302 10 6 51 
5155 11 5 51 
4944 12 4 51 
4849 13 3 51 
4846 4 11 51 
4527 5 10 51 
4016 6 9 51 
3553 7 8 51 
3105 9 4 51 
2787 10 5 51 
2544 11 4 51 
2540 12 3 51 
2334 13 2 51 
2166 4 10 51 
1927 5 9 51 
1913 6 8 51 
1304 10 4 51 
1072 11 3 51 
988 12 2 51 
776 13 1 51 
630 3 10 51 
599 4 9 51 
395 5 8 51 
6438 10 3 51 
4756 11 2 51 
4540 12 1 51 
4319 13 0 51 
3841 2 10 51 
3591 3 9 51 
2996 4 8 51 
2872 5 7 51 
661 9 3 51 
489 10 2 51 
219 11 1 51 
6296 12 0 51 
6006 1 10 51 
4725 2 9 51 
4589 3 8 51 
4542 4 7 51 
4233 5 6 51 
3807 8 3 51 
3606 9 2 51 
2644 10 1 51 
2293 11 0 51 
2135 0 10 51 
2005 1 9 51 
1956 2 8 51 
1262 3 7 51 
873 4 6 51 
854 5 5 51 
801 7 3 51 
568 8 2 51 
480 9 1 51 
194 10 0 51 
6230 0 9 51 
6174 1 8 51 
6159 2 7 51 
5928 3 6 51 
5523 4 5 51 
5339 5 4 51 
4918 6 3 51 
4859 7 2 51 
4775 8 1 51 
4652 9 0 51 
4599 0 8 51 
3598 1 7 51 
3538 2 6 51 
3528 3 5 51 
3515 4 4 51 
3114 5 3 51 
2412 6 2 51 
2288 7 1 51 
1721 8 0 51 
1598 0 7 51 
1407 1 6 51 
1354 2 5 51 
1181 3 4 51 
1011 4 3 51 
304 5 2 51 
6349 6 1 51 
6225 7 0 51 
5809 0 6 51 
5535 1 5 51 
4869 2 4 51 
4779 3 3 51 
4713 4 2 51 
4653 5 1 51 
4628 6 0 51 
4260 0 5 51 
3560 1 4 51 
3411 2 3 51 
1066 3 2 51 
643 4 1 51 
484 5 0 51 
65 0 4 51 
6335 1 3 51 
5566 2 2 51 
5337 3 1 51 
4641 4 0 51 
3703 0 3 51 
3698 1 2 51 
3618 2 1 51 
2821 3 0 51 
1651 0 2 51 
1245 1 1 51 
935 2 0 51 
328 0 1 51 
6120 1 0 51 
2943 0 0 51 
438 1 1 64 
2572 1 2 64 
2765 2 1 64 
913 1 3 64 
2080 2 2 64 
4160 3 1 64 
4333 1 4 65 
1783 2 3 65 
5559 3 2 65 
5813 4 1 65 
6560 1 5 65 
622 2 4 65 
1496 3 3 65 
2013 4 2 65 
2130 5 1 65 
2884 1 6 66 
3091 2 5 66 
3147 3 4 66 
3363 5 2 66 
4093 6 1 65 
6252 1 7 66 
6498 2 6 66 
242 3 5 66 
833 6 2 66 
1687 7 1 66 
1716 1 8 66 
2345 2 7 66 
2812 3 6 66 
3908 4 5 66 
4130 7 2 66 
5695 8 1 66 
200 1 9 67 
1980 2 8 67 
2729 3 7 67 
2879 4 6 67 
3128 8 2 67 
3296 9 1 67 
3347 2 9 67 
3607 3 8 67 
4157 4 7 67 
4913 9 2 67 
5104 10 1 67 
6530 3 9 68 
344 4 8 68 
1548 10 2 68 
2045 11 1 68 
2681 4 9 69 
3189 11 2 68 
3422 12 1 68 
5277 5 9 69 
223 11 3 69 
897 12 2 69 
1404 5 10 69 
1969 6 9 69 
2936 10 5 69 
3046 11 4 69 
3454 12 3 69 
5090 4 12 70 
5950 5 11 70 
6326 6 10 70 
6697 7 9 69 
341 9 5 69 
364 10 6 69 
714 11 5 69 
899 12 4 69 
1093 3 12 70 
1482 4 13 70 
1800 5 12 70 
2424 6 11 70 
2635 7 10 70 
2784 8 5 70 
3109 8 9 70 
4062 9 6 70 
4751 11 6 70 
4933 12 5 70 
5944 2 12 71 
6671 3 13 71 
847 4 14 71 
1481 5 13 71 
2139 6 12 71 
2433 7 5 71 
2470 7 11 70 
2526 8 6 70 
2546 8 10 70 
2790 9 9 70 
2956 12 6 70 
2969 1 12 71 
3183 2 13 71 
3706 3 14 71 
4856 4 15 71 
5848 5 14 71 
6362 19 10 76 
5805 18 10 76 
5685 19 11 76 
5532 17 10 76 
5422 18 11 76 
5163 19 12 76 
4955 16 10 76 
4845 17 11 76 
4243 18 12 76 
3035 19 13 76 
2909 19 19 76 
2565 15 10 76 
2536 16 11 76 
2319 17 12 76 
1901 18 13 76 
1842 18 19 76 
1522 19 14 76 
1332 19 18 76 
892 15 11 76 
142 16 12 76 
118 17 13 76 
6595 17 19 76 
6499 18 14 76 
6373 18 18 76 
6233 19 15 76 
6055 19 17 76 
5968 15 12 76 
5827 16 13 76 
5779 16 19 76 
5718 17 14 76 
5473 17 18 76 
5344 18 15 76 
5319 18 17 76 
5316 19 16 76 
4988 14 12 76 
4916 15 13 76 
4753 15 19 76 
4242 16 14 76 
3973 16 18 76 
3953 17 15 76 
3066 17 17 76 
3044 18 16 76 
2760 13 12 76 
2247 14 13 76 
2113 14 19 76 
2030 15 14 76 
1905 15 18 76 
1812 16 15 76 
1560 16 17 76 
1551 17 16 76 
1498 13 13 76 
1388 13 19 76 
1347 14 14 76 
1339 14 18 76 
1301 15 15 76 
1169 15 17 76 
1114 16 16 76 
1035 12 19 76 
986 13 14 76 
201 13 18 76 
195 14 15 76 
163 14 17 76 
6631 15 16 76 
6557 19 0 76 
6324 11 19 76 
6229 12 18 76 
5963 13 15 76 
5956 13 17 76 
5832 14 0 76 
5613 14 16 76 
5387 18 0 76 
4980 19 1 76 
4745 10 19 76 
4730 11 18 76 
4721 12 17 76 
4585 13 16 76 
4363 14 1 76 
4223 15 0 76 
3839 17 0 76 
3637 18 1 76 
3569 19 2 76 
3431 9 19 76 
3042 10 18 76 
2757 11 17 76 
2636 12 16 76 
2631 14 2 76 
2360 15 1 76 
2039 16 0 76 
2020 17 1 76 
1854 18 2 76 
1469 19 3 76 
1068 19 9 76 
1029 0 19 76 
861 8 19 76 
740 9 18 76 
652 10 17 76 
528 11 16 76 
458 12 15 76 
70 14 3 76 
6398 15 2 76 
6254 16 1 76 
6187 17 2 76 
5749 18 3 76 
5540 18 9 76 
5537 19 4 76 
5533 19 8 76 
5124 0 18 76 
4471 1 19 76 
4250 7 19 76 
4151 8 18 76 
4124 9 17 76 
3805 10 16 76 
3799 11 15 76 
3494 12 14 76 
3370 14 4 76 
3218 15 3 76 
3186 16 2 76 
2925 17 3 76 
2739 17 9 76 
2646 18 4 76 
2643 18 8 76 
2585 19 5 76 
2234 19 7 76 
1967 0 17 76 
1820 1 18 76 
1056 2 19 76 
536 6 19 76 
175 7 18 76 
125 8 17 76 
97 9 16 76 
6246 10 15 76 
6242 11 14 76 
6188 12 13 76 
5768 14 5 76 
5565 14 11 76 
5391 15 4 76 
4672 16 3 76 
4509 16 9 76 
4193 17 4 76 
4033 17 8 76 
3992 18 5 76 
3614 18 7 76 
3225 19 6 76 
3130 0 16 76 
3111 1 17 76 
3071 2 18 76 
3000 3 19 76 
2805 5 19 76 
2690 6 18 76 
2220 7 17 76 
1866 8 16 76 
1802 9 15 76 
1674 10 14 76 
1521 11 13 76 
1468 12 12 76 
1295 13 11 76 
1079 14 10 76 
923 15 5 76 
510 15 9 76 
413 16 4 76 
146 16 8 76 
1 17 5 76 
6766 17 7 76 
6274 18 6 76 
6170 0 15 76 
6160 1 16 76 
6047 2 17 76 
5988 3 18 76 
5934 4 19 76 
5585 5 18 76 
5395 6 17 76 
4983 7 16 76 
4785 8 15 76 
4490 9 14 76 
4025 10 13 76 
3883 11 12 76 
3655 12 11 76 
3371 13 10 76 
3314 14 9 76 
2385 15 8 76 
1860 16 5 76 
1717 16 7 76 
1584 17 6 76 
1423 0 14 76 
1353 1 15 76 
1003 2 16 76 
970 3 17 76 
672 4 18 76 
646 5 17 76 
6538 6 16 76 
6253 7 15 76 
5808 8 14 76 
5211 9 13 76 
5204 10 12 76 
5105 11 11 76 
4707 12 10 76 
4313 13 9 76 
4299 14 8 76 
4261 15 7 76 
3923 16 6 76 
3769 0 13 76 
3602 1 14 76 
3447 2 15 76 
2198 3 16 76 
1786 4 17 76 
1726 5 16 76 
1632 6 7 76 
1609 6 15 76 
1577 7 14 76 
1564 8 13 76 
920 9 12 76 
904 10 11 76 
807 11 10 76 
621 12 9 76 
351 13 8 76 
6787 14 7 76 
6651 15 6 76 
6571 0 12 76 
6562 1 13 76 
6317 2 14 76 
6100 3 15 76 
6045 4 16 76 
5781 5 15 76 
5654 6 6 76 
5601 6 14 76 
5312 7 7 76 
5099 7 13 76 
4994 8 12 76 
4886 9 11 76 
4660 10 10 76 
4650 11 9 76 
4067 12 8 76 
3915 13 7 76 
3736 14 6 76 
3582 0 11 76 
3492 1 12 76 
3319 2 13 76 
3263 3 14 76 
3159 4 15 76 
2982 5 14 76 
2115 6 5 76 
2054 6 13 76 
1813 7 6 76 
1737 7 12 76 
1503 8 7 76 
936 8 11 76 
830 9 10 76 
732 10 9 76 
620 11 8 76 
253 12 7 76 
221 13 6 76 
5797 1 11 76 
5148 2 12 76 
5137 3 13 76 
5008 4 14 76 
4958 5 13 76 
4695 6 4 76 
4408 6 12 76 
4367 7 5 76 
4352 7 11 76 
4046 8 6 76 
2705 8 10 76 
2638 9 7 76 
2477 9 9 76 
2255 10 8 76 
2176 11 7 76 
2150 12 6 76 
2092 13 5 76 
1992 2 11 76 
1947 3 12 76 
1884 4 13 76 
871 5 12 76 
862 6 11 76 
767 7 4 76 
552 7 10 76 
285 8 5 76 
274 8 9 76 
6681 9 6 76 
6608 9 8 76 
6017 10 7 76 
5575 11 6 76 
5556 12 5 76 
5531 13 4 76 
5465 3 11 76 
4806 4 12 76 
4326 5 11 76 
4169 6 10 76 
4076 7 9 76 
4066 8 4 76 
3776 8 8 76 
3462 9 5 76 
3247 10 6 76 
2562 11 5 76 
1920 12 4 76 
1853 13 3 76 
1805 4 11 76 
1145 5 10 76 
1103 6 9 76 
885 7 8 76 
504 9 4 76 
365 10 5 76 
136 11 4 76 
6567 12 3 76 
6447 13 2 76 
6301 4 10 76 
6299 5 9 76 
6194 6 8 76 
6135 10 4 76 
5500 11 3 76 
5322 12 2 76 
4982 13 1 76 
4639 3 10 76 
4398 4 9 76 
4069 5 8 76 
3381 10 3 76 
3210 11 2 76 
2875 12 1 76 
2795 13 0 76 
2471 2 10 76 
2436 3 9 76 
2352 4 8 76 
2286 5 7 76 
2077 9 3 76 
1789 10 2 76 
1590 11 1 76 
1552 12 0 76 
1249 1 10 76 
1116 2 9 76 
780 3 8 76 
693 4 7 76 
6601 5 6 76 
6161 8 3 76 
5712 9 2 76 
5156 10 1 76 
5144 11 0 76 
5075 0 10 76 
5068 1 9 76 
4991 2 8 76 
4890 3 7 76 
4682 4 6 76 
4513 5 5 76 
4297 7 3 76 
4216 8 2 76 
4197 9 1 76 
4031 10 0 76 
3890 0 9 76 
3380 1 8 76 
2977 2 7 76 
2025 3 6 76 
1413 4 5 76 
1396 5 4 76 
1233 6 3 76 
1112 7 2 76 
670 8 1 76 
448 9 0 76 
291 0 8 76 
6771 1 7 76 
6761 2 6 76 
6429 3 5 76 
6144 4 4 76 
6112 5 3 76 
5737 6 2 76 
5651 7 1 76 
4885 8 0 76 
3995 0 7 76 
3235 1 6 76 
2807 2 5 76 
2710 3 4 76 
1605 4 3 76 
11 5 2 76 
6700 6 1 76 
6685 7 0 76 
6172 0 6 76 
5603 1 5 76 
5190 2 4 76 
5055 3 3 76 
4662 4 2 76 
4535 5 1 76 
4518 6 0 76 
4506 0 5 76 
3783 1 4 76 
3731 2 3 76 
3309 3 2 76 
2815 4 1 76 
2697 5 0 76 
2576 0 4 76 
2023 1 3 76 
1193 2 2 76 
495 3 1 76 
6336 4 0 76 
5084 0 3 76 
5081 1 2 76 
4854 2 1 76 
4794 3 0 76 
1648 0 2 76 
1188 1 1 76 
762 2 0 76 
4800 0 1 76 
4604 1 0 76 
4602 0 0 76 
2820 1 1 89 
4536 1 2 89 
625 2 1 89 
1439 1 3 90 
2112 2 2 90 
5602 3 1 90 
348 1 4 90 
896 2 3 90 
2661 3 2 90 
6756 4 1 90 
6762 1 5 90 
135 2 4 90 
1273 3 3 90 
1923 4 2 90 
2177 5 1 90 
5372 1 6 91 
160 2 5 91 
744 3 4 91 
4148 5 2 91 
4474 6 1 90 
5121 1 7 91 
5340 2 6 91 
5631 3 5 91 
479 6 2 91 
745 7 1 91 
759 1 8 92 
893 2 7 92 
945 3 6 92 
1345 4 5 92 
1371 7 2 92 
3483 8 1 92 
3845 1 9 92 
5912 2 8 92 
6272 3 7 92 
557 4 6 92 
1100 8 2 92 
1386 9 1 92 
2258 2 9 93 
2347 3 8 93 
2365 4 7 93 
2764 9 2 92 
3112 10 1 92 
3747 3 9 93 
3892 4 8 93 
4596 10 2 93 
5917 11 1 93 
154 4 9 93 
736 11 2 93 
1492 12 1 93 
2233 5 9 93 
2737 11 3 93 
3022 12 2 93 
3800 5 10 94 
4746 6 9 94 
4911 10 5 94 
5787 11 4 94 
5943 12 3 93 
664 4 12 94 
2926 5 11 94 
2986 6 10 94 
3575 7 9 94 
4380 9 5 94 
4594 10 6 94 
5423 11 5 94 
6536 12 4 94 
164 3 12 95 
186 4 13 95 
819 5 12 95 
1257 6 11 95 
1403 7 10 95 
1633 8 5 95 
1692 8 9 95 
1974 9 6 94 
2107 11 6 94 
2828 12 5 94 
3233 2 12 95 
3958 3 13 95 
3998 4 14 95 
4219 5 13 95 
4824 6 12 95 
5015 7 5 95 
5241 7 11 95 
5504 8 6 95 
5942 8 10 95 
6664 9 9 95 
