1961
4001 19 0 1 
3976 18 0 1 
3781 19 1 1 
3755 17 0 1 
3740 18 1 1 
3731 19 2 1 
3647 16 0 1 
3563 17 1 1 
3414 18 2 1 
3037 19 3 1 
2660 15 0 1 
2590 16 1 1 
2398 17 2 1 
2318 18 3 1 
2248 19 4 1 
2222 14 0 1 
2194 15 1 1 
1767 16 2 1 
1759 17 3 1 
1740 18 4 1 
1652 19 5 1 
1585 19 19 1 
1504 11 0 1 
1370 13 0 1 
1367 14 1 1 
1308 15 2 1 
1286 16 3 1 
1073 17 4 1 
1041 18 5 1 
952 18 19 1 
886 19 6 1 
484 19 18 1 
289 11 1 1 
223 12 0 1 
64 13 1 1 
4249 14 2 1 
4114 15 3 1 
3950 16 4 1 
3889 17 5 1 
3873 17 19 1 
3864 18 6 1 
3712 18 18 1 
3612 19 7 1 
3443 19 17 1 
3221 11 2 1 
3216 12 1 1 
3005 13 2 1 
2999 14 3 1 
2998 15 4 1 
2930 16 5 1 
2863 16 19 1 
2749 17 6 1 
2643 17 18 1 
2480 18 7 1 
2476 18 17 1 
2365 19 8 1 
2355 19 16 1 
1949 11 3 1 
1940 12 2 1 
1932 13 3 1 
1491 14 4 1 
1391 15 5 1 
1324 15 19 1 
1292 16 6 1 
790 16 18 1 
689 17 7 1 
576 17 17 1 
518 18 8 1 
427 18 16 1 
288 19 9 1 
230 19 15 1 
229 11 4 1 
129 12 3 1 
77 13 4 1 
51 14 5 1 
4321 14 19 1 
4317 15 6 1 
4219 15 18 1 
4095 16 7 1 
3558 16 17 1 
3469 17 8 1 
3464 17 16 1 
3145 18 9 1 
3009 18 15 1 
2781 19 10 1 
2773 19 14 1 
2702 12 4 1 
2374 13 5 1 
2339 13 19 1 
2176 14 6 1 
2132 14 18 1 
1805 15 7 1 
1658 15 17 1 
1600 16 8 1 
1438 16 16 1 
1234 17 9 1 
1160 17 15 1 
1104 18 10 1 
1068 18 14 1 
778 19 11 1 
662 19 13 1 
609 12 5 1 
410 12 19 1 
363 13 6 1 
156 13 18 1 
4137 14 7 1 
4118 14 17 1 
4067 15 8 1 
3886 15 16 1 
3885 16 9 1 
3765 16 15 1 
3667 17 10 1 
3411 17 14 1 
3374 18 11 1 
3371 18 13 1 
3199 19 12 1 
3194 11 19 1 
3178 12 6 1 
2471 12 18 1 
2185 13 7 1 
2152 13 17 1 
2020 14 8 1 
1535 14 16 1 
1468 15 9 1 
1415 15 15 1 
1374 16 10 1 
976 16 14 1 
864 17 11 1 
632 17 13 1 
523 18 12 1 
423 0 19 1 
407 10 19 1 
248 11 18 1 
200 12 7 1 
4200 12 17 1 
4149 13 8 1 
3967 13 16 1 
3952 14 9 1 
3577 14 15 1 
3447 15 10 1 
3421 15 14 1 
3343 16 11 1 
3303 16 13 1 
3191 17 12 1 
3012 0 18 1 
2984 1 19 1 
2877 9 19 1 
2829 10 18 1 
2716 11 17 1 
2588 12 8 1 
2313 12 16 1 
2200 13 9 1 
1788 13 15 1 
1640 14 10 1 
1566 14 14 1 
1563 15 11 1 
1389 15 13 1 
1176 16 12 1 
4327 0 17 1 
4241 1 18 1 
4007 2 19 1 
3847 8 19 1 
3723 9 18 1 
3714 10 17 1 
3679 11 16 1 
3618 12 9 1 
3534 12 15 1 
3512 13 10 1 
3481 13 14 1 
3308 14 11 1 
3023 14 13 1 
2779 15 12 1 
2649 0 16 1 
2391 1 17 1 
1635 2 18 1 
1523 3 19 1 
1494 7 19 1 
1285 8 18 1 
1210 9 17 1 
1019 10 16 1 
614 11 15 1 
210 12 10 1 
3924 12 14 1 
3923 13 11 1 
3617 13 13 1 
3594 14 12 1 
3069 0 15 1 
2813 1 16 1 
2682 2 17 1 
2566 3 18 1 
2267 4 19 1 
2110 6 19 1 
2068 7 18 1 
2012 8 17 1 
1855 9 16 1 
1472 10 15 1 
1263 11 14 1 
1225 12 11 1 
1106 12 13 1 
997 13 12 1 
963 0 14 1 
657 1 15 1 
651 2 16 1 
610 3 17 1 
568 4 18 1 
414 5 19 1 
179 6 18 1 
172 7 17 1 
132 8 16 1 
4287 9 15 1 
4165 10 14 1 
3977 11 13 1 
3800 12 12 1 
3613 0 13 1 
3500 1 14 1 
3163 2 15 1 
2765 3 16 1 
2622 4 17 1 
2618 5 18 1 
2614 6 17 1 
2314 7 16 1 
2025 8 15 1 
1828 9 14 1 
1439 10 13 1 
1425 11 12 1 
1373 0 12 1 
1235 1 13 1 
1219 2 14 1 
841 3 15 1 
746 4 16 1 
624 5 17 1 
123 6 16 1 
108 7 15 1 
15 8 14 1 
3716 9 13 1 
3584 10 12 1 
3549 11 11 1 
3314 0 11 1 
3245 1 12 1 
3138 2 13 1 
3134 3 14 1 
2909 4 15 1 
2680 5 16 1 
2646 6 15 1 
2598 7 14 1 
2591 8 13 1 
2303 9 12 1 
1987 10 11 1 
1673 11 10 1 
1530 0 10 1 
1476 1 11 1 
1326 2 12 1 
1320 3 13 1 
1070 4 14 1 
742 5 15 1 
729 6 14 1 
630 7 13 1 
511 8 12 1 
451 9 11 1 
312 10 10 1 
247 11 9 1 
231 0 9 1 
4295 1 10 1 
4043 2 11 1 
3604 3 12 1 
3407 4 13 1 
3354 5 14 1 
3270 6 13 1 
3246 7 12 1 
3040 8 11 1 
2793 9 10 1 
2756 10 9 1 
2681 11 8 1 
2453 0 8 1 
1261 1 9 1 
1084 2 10 1 
1063 3 11 1 
787 4 12 1 
727 5 13 1 
613 6 12 1 
546 7 11 1 
515 8 10 1 
512 9 9 1 
299 10 8 1 
4269 11 7 1 
4101 0 7 1 
3552 1 8 1 
3480 2 9 1 
3427 3 10 1 
3406 4 11 1 
3383 5 12 1 
3283 6 11 1 
3280 7 10 1 
2967 8 9 1 
2928 9 8 1 
2658 10 7 1 
2605 11 6 1 
2159 1 7 1 
2153 2 8 1 
1876 3 9 1 
1636 4 10 1 
1515 5 11 1 
1496 6 10 1 
1201 7 9 1 
1095 8 8 1 
991 9 7 1 
920 10 6 1 
245 11 5 1 
154 2 7 1 
3947 3 8 1 
3701 4 9 1 
3475 5 10 1 
2798 6 9 1 
2637 7 8 1 
2498 8 7 1 
2135 9 6 1 
1541 10 5 1 
1204 3 7 1 
1065 4 8 1 
970 5 9 1 
873 6 8 1 
542 7 7 1 
375 8 6 1 
204 9 5 1 
4049 10 4 1 
3568 4 7 1 
3363 5 8 1 
3353 6 7 1 
3262 7 6 1 
2187 8 5 1 
1974 9 4 1 
1746 10 3 1 
1337 0 6 1 
1184 5 7 1 
716 6 6 1 
700 7 5 1 
696 8 4 1 
537 9 3 1 
402 10 2 1 
284 0 5 1 
4260 1 6 1 
4176 5 6 1 
4148 6 5 1 
3989 7 4 1 
3108 8 3 1 
3025 9 2 1 
2904 10 1 1 
2833 0 4 1 
2797 1 5 1 
2696 2 6 1 
2467 4 6 1 
2377 5 5 1 
1808 6 4 1 
1379 7 3 1 
1319 8 2 1 
1206 9 1 1 
1163 10 0 1 
445 0 3 1 
373 1 4 1 
353 2 5 1 
304 3 6 1 
4293 4 5 1 
4041 5 4 1 
4003 6 3 1 
3998 7 2 1 
3809 8 1 1 
3399 9 0 1 
2932 0 2 1 
2233 1 3 1 
2215 2 4 1 
1902 3 5 1 
1567 4 4 1 
1562 5 3 1 
868 6 2 1 
737 7 1 1 
358 8 0 1 
4312 0 1 1 
3140 1 2 1 
1518 2 3 1 
1045 3 4 1 
825 4 3 1 
824 5 2 1 
801 6 1 1 
670 7 0 1 
345 0 0 1 
343 1 1 1 
82 2 2 1 
3916 3 3 1 
1838 4 2 1 
1769 5 1 1 
1213 6 0 1 
1116 1 0 1 
870 2 1 1 
688 3 2 1 
4307 4 1 1 
3824 5 0 1 
1576 2 0 1 
1238 3 1 1 
923 4 0 1 
880 3 0 1 
252 3 1 11 
1135 2 1 12 
1983 3 2 12 
308 4 1 11 
805 1 1 13 
1151 2 2 13 
2177 3 3 12 
2443 4 2 12 
2753 5 1 12 
2937 1 2 13 
4154 2 3 13 
558 3 4 13 
626 4 3 13 
1174 5 2 13 
1371 6 1 13 
459 1 3 14 
2382 2 4 14 
3092 3 5 14 
3900 4 4 14 
268 5 3 14 
454 6 2 14 
491 7 1 14 
627 1 4 15 
763 2 5 15 
971 4 5 14 
3075 5 4 14 
3520 6 3 14 
4084 7 2 14 
4218 8 1 14 
1427 1 5 15 
3110 5 5 15 
3144 6 4 15 
3511 7 3 15 
4024 8 2 15 
4127 9 1 15 
233 6 5 15 
1146 7 4 15 
1158 8 3 15 
1522 9 2 15 
2099 6 6 16 
2381 7 5 16 
2770 8 4 16 
2886 9 3 16 
3254 5 8 16 
4143 6 7 16 
274 7 6 16 
395 8 5 16 
396 9 4 16 
1117 4 8 17 
1693 5 9 17 
2452 6 8 17 
2554 7 7 17 
2629 8 6 17 
2657 9 5 17 
2876 3 8 17 
2920 4 9 17 
3029 5 10 17 
3660 7 8 17 
134 8 7 17 
1190 9 6 17 
1325 2 8 18 
2174 3 9 18 
2890 4 10 18 
3174 5 11 18 
3485 8 8 18 
3516 9 7 18 
3610 10 6 18 
3733 1 8 18 
4074 2 9 18 
4300 3 10 18 
463 4 11 18 
618 5 12 18 
663 6 11 18 
832 9 8 18 
833 10 7 18 
2662 1 9 19 
2786 2 10 19 
3294 3 11 19 
73 4 12 19 
87 6 12 19 
707 7 11 19 
1244 10 8 19 
1355 1 10 19 
1612 2 11 19 
2383 3 12 19 
2578 4 13 19 
2841 7 12 19 
3076 8 11 19 
3132 1 11 20 
3159 2 12 20 
3311 3 13 20 
3726 4 14 20 
3944 5 15 20 
4320 19 0 26 
4277 18 0 26 
3940 19 1 26 
3819 17 0 26 
3614 18 1 26 
3493 19 2 26 
3484 16 0 26 
3479 17 1 26 
3358 18 2 26 
3317 19 3 26 
3054 15 0 26 
2803 16 1 26 
2780 17 2 26 
2430 18 3 26 
2317 19 4 26 
2277 14 0 26 
2257 15 1 26 
2122 16 2 26 
1967 17 3 26 
1950 18 4 26 
1695 19 5 26 
1470 19 19 26 
1295 11 0 26 
1289 13 0 26 
1058 14 1 26 
981 15 2 26 
977 16 3 26 
926 17 4 26 
666 18 5 26 
408 18 19 26 
310 19 6 26 
205 19 18 26 
149 11 1 26 
83 12 0 26 
28 13 1 26 
4306 14 2 26 
4221 15 3 26 
4168 16 4 26 
4092 17 5 26 
4090 17 19 26 
4069 18 6 26 
3999 18 18 26 
3758 19 7 26 
3687 19 17 26 
3573 11 2 26 
3472 12 1 26 
3340 13 2 26 
3228 14 3 26 
3149 15 4 26 
3056 16 5 26 
2847 16 19 26 
2584 17 6 26 
2342 17 18 26 
2301 18 7 26 
2113 18 17 26 
2089 19 8 26 
1861 19 16 26 
1751 11 3 26 
1728 12 2 26 
1583 13 3 26 
785 14 4 26 
703 15 5 26 
702 15 19 26 
462 16 6 26 
418 16 18 26 
303 17 7 26 
218 17 17 26 
118 18 8 26 
4082 18 16 26 
4031 19 9 26 
3979 19 15 26 
3965 11 4 26 
3817 12 3 26 
3745 13 4 26 
3743 14 5 26 
3719 14 19 26 
3519 15 6 26 
3396 15 18 26 
3298 16 7 26 
3230 16 17 26 
3197 17 8 26 
3104 17 16 26 
3090 18 9 26 
2806 18 15 26 
2768 19 10 26 
2747 19 14 26 
2746 12 4 26 
2645 13 5 26 
2630 13 19 26 
2496 14 6 26 
2474 14 18 26 
2368 15 7 26 
2162 15 17 26 
1995 16 8 26 
1766 16 16 26 
1738 17 9 26 
1703 17 15 26 
1509 18 10 26 
1436 18 14 26 
1409 19 11 26 
1376 19 13 26 
1257 12 5 26 
1217 12 19 26 
1208 13 6 26 
1112 13 18 26 
953 14 7 26 
863 14 17 26 
782 15 8 26 
769 15 16 26 
629 16 9 26 
535 16 15 26 
4319 17 10 26 
4172 17 14 26 
4169 18 11 26 
3953 18 13 26 
3772 19 12 26 
3355 11 19 26 
3337 12 6 26 
3059 12 18 26 
2927 13 7 26 
2725 13 17 26 
2705 14 8 26 
2690 14 16 26 
2668 15 9 26 
2520 15 15 26 
2394 16 10 26 
2373 16 14 26 
2289 17 11 26 
1860 17 13 26 
1799 18 12 26 
1701 0 19 26 
1633 10 19 26 
1540 11 18 26 
1406 12 7 26 
1251 12 17 26 
185 13 8 26 
128 13 16 26 
17 14 9 26 
4290 14 15 26 
4222 15 10 26 
4037 15 14 26 
3542 16 11 26 
3277 16 13 26 
2949 17 12 26 
2855 0 18 26 
2853 1 19 26 
2040 9 19 26 
2039 10 18 26 
1883 11 17 26 
1854 12 8 26 
1784 12 16 26 
1606 13 9 26 
1287 13 15 26 
1183 14 10 26 
958 14 14 26 
705 15 11 26 
555 15 13 26 
519 16 12 26 
10 0 17 26 
4276 1 18 26 
4212 2 19 26 
4073 8 19 26 
4030 9 18 26 
3851 10 17 26 
3623 11 16 26 
3450 12 9 26 
3431 12 15 26 
3256 13 10 26 
2835 13 14 26 
2832 14 11 26 
2708 14 13 26 
2571 15 12 26 
2552 0 16 26 
2493 1 17 26 
2438 2 18 26 
2420 3 19 26 
2349 7 19 26 
2212 8 18 26 
2072 9 17 26 
1999 10 16 26 
1869 11 15 26 
1826 12 10 26 
1739 12 14 26 
1668 13 11 26 
1313 13 13 26 
1197 14 12 26 
1103 0 15 26 
929 1 16 26 
872 2 17 26 
645 3 18 26 
640 4 19 26 
619 6 19 26 
602 7 18 26 
593 8 17 26 
492 9 16 26 
483 10 15 26 
450 11 14 26 
337 12 11 26 
211 12 13 26 
86 13 12 26 
4257 0 14 26 
4171 1 15 26 
3968 2 16 26 
3507 3 17 26 
3328 4 18 26 
3272 5 19 26 
2324 6 18 26 
2160 7 17 26 
2085 8 16 26 
2007 9 15 26 
1859 10 14 26 
777 11 13 26 
644 12 12 26 
574 0 13 26 
323 1 14 26 
36 2 15 26 
8 3 16 26 
4264 4 17 26 
4201 5 18 26 
3722 6 17 26 
3695 7 16 26 
3666 8 15 26 
3330 9 14 26 
2973 10 13 26 
2834 11 12 26 
2692 0 12 26 
2543 1 13 26 
1722 2 14 26 
1542 3 15 26 
1356 4 16 26 
1001 5 17 26 
987 6 16 26 
897 7 15 26 
590 8 14 26 
516 9 13 26 
513 10 12 26 
430 11 11 26 
333 0 11 26 
4173 1 12 26 
4113 2 13 26 
3919 3 14 26 
3844 4 15 26 
3805 5 16 26 
3619 6 15 26 
3249 7 14 26 
3066 8 13 26 
2941 9 12 26 
2878 10 11 26 
2851 11 10 26 
2651 0 10 26 
2529 1 11 26 
2241 2 12 26 
2231 3 13 26 
1796 4 14 26 
1795 5 15 26 
1642 6 14 26 
1432 7 13 26 
1301 8 12 26 
1120 9 11 26 
931 10 10 26 
552 11 9 26 
534 0 9 26 
269 1 10 26 
244 2 11 26 
3408 3 12 26 
3129 4 13 26 
3078 5 14 26 
2784 6 13 26 
2454 7 12 26 
2206 8 11 26 
1770 9 10 26 
1683 10 9 26 
1553 11 8 26 
1516 0 8 26 
1274 1 9 26 
1181 2 10 26 
1069 3 11 26 
944 4 12 26 
809 5 13 26 
97 6 12 26 
65 7 11 26 
4261 8 10 26 
4058 9 9 26 
4038 10 8 26 
4034 11 7 26 
4026 0 7 26 
3922 1 8 26 
3911 2 9 26 
3777 3 10 26 
3678 4 11 26 
3664 5 12 26 
3661 6 11 26 
3656 7 10 26 
3637 8 9 26 
3445 9 8 26 
3395 10 7 26 
3302 11 6 26 
3079 1 7 26 
2991 2 8 26 
2974 3 9 26 
2970 4 10 26 
2807 5 11 26 
2548 6 10 26 
2445 7 9 26 
2364 8 8 26 
2299 9 7 26 
2164 10 6 26 
2150 11 5 26 
2144 2 7 26 
1813 3 8 26 
1806 4 9 26 
1513 5 10 26 
1060 6 9 26 
1012 7 8 26 
681 8 7 26 
654 9 6 26 
428 10 5 26 
328 3 7 26 
95 4 8 26 
4288 5 9 26 
4236 6 8 26 
4159 7 7 26 
3926 8 6 26 
3417 9 5 26 
3287 10 4 26 
2892 4 7 26 
2599 5 8 26 
2369 6 7 26 
2117 7 6 26 
1948 8 5 26 
1741 9 4 26 
621 10 3 26 
439 0 6 26 
3334 5 7 26 
2785 6 6 26 
2667 7 5 26 
2461 8 4 26 
1972 9 3 26 
1647 10 2 26 
1429 0 5 26 
1240 1 6 26 
622 5 6 26 
448 6 5 26 
4025 7 4 26 
3902 8 3 26 
3741 9 2 26 
3243 10 1 26 
2953 0 4 26 
2801 1 5 26 
2586 2 6 26 
2325 4 6 26 
1763 5 5 26 
1143 6 4 26 
949 7 3 26 
936 8 2 26 
691 9 1 26 
14 10 0 26 
4280 0 3 26 
3729 1 4 26 
3607 2 5 26 
2721 3 6 26 
2706 4 5 26 
1929 5 4 26 
1659 6 3 26 
907 7 2 26 
173 8 1 26 
91 9 0 26 
5 0 2 26 
3771 1 3 26 
3682 2 4 26 
3366 3 5 26 
3265 4 4 26 
3231 5 3 26 
3105 6 2 26 
3058 7 1 26 
2522 8 0 26 
2478 0 1 26 
2126 1 2 26 
2011 2 3 26 
1879 3 4 26 
1479 4 3 26 
1283 5 2 26 
517 6 1 26 
336 7 0 26 
169 0 0 26 
4199 1 1 26 
2640 2 2 26 
2521 3 3 26 
2192 4 2 26 
2051 5 1 26 
1730 6 0 26 
1526 1 0 26 
1333 2 1 26 
560 3 2 26 
56 4 1 26 
4322 5 0 26 
3120 2 0 26 
2470 3 1 26 
2334 4 0 26 
434 3 0 26 
563 3 1 36 
3424 2 1 37 
1905 3 2 37 
4103 4 1 37 
1336 1 1 37 
2148 2 2 37 
3128 3 3 37 
591 4 2 37 
957 5 1 37 
2502 1 2 38 
3416 2 3 38 
3496 3 4 38 
3728 4 3 38 
3956 5 2 38 
23 6 1 38 
383 1 3 38 
912 2 4 38 
1255 3 5 38 
1973 4 4 38 
3409 5 3 38 
4166 6 2 38 
4238 7 1 38 
2127 1 4 39 
2818 2 5 39 
2825 4 5 39 
2881 5 4 39 
116 6 3 39 
177 7 2 39 
797 8 1 39 
827 1 5 40 
2366 5 5 40 
2796 6 4 40 
3301 7 3 40 
3966 8 2 40 
72 9 1 40 
150 6 5 41 
184 7 4 40 
413 8 3 40 
426 9 2 40 
1564 6 6 41 
2583 7 5 41 
3018 8 4 41 
3291 9 3 41 
3869 5 8 42 
7 6 7 42 
212 7 6 42 
1823 8 5 42 
2331 9 4 42 
3749 4 8 43 
221 5 9 42 
440 6 8 42 
553 7 7 42 
717 8 6 42 
908 9 5 42 
1015 3 8 43 
2551 4 9 43 
2555 5 10 43 
2648 7 8 43 
2750 8 7 43 
3154 9 6 43 
3497 2 8 43 
3575 3 9 43 
3881 4 10 43 
3917 5 11 43 
4002 8 8 43 
186 9 7 43 
393 10 6 43 
667 1 8 43 
1300 2 9 43 
1307 3 10 43 
1487 4 11 43 
1837 5 12 43 
2915 6 11 43 
2971 9 8 43 
3376 10 7 43 
3632 1 9 44 
18 2 10 44 
69 3 11 44 
301 4 12 44 
360 6 12 44 
390 7 11 44 
690 10 8 43 
784 1 10 45 
1195 2 11 45 
1533 3 12 44 
2145 4 13 44 
2755 7 12 44 
3036 8 11 44 
3293 1 11 45 
3345 2 12 45 
3645 3 13 45 
4325 19 0 51 
4141 18 0 51 
4079 19 1 51 
3898 17 0 51 
3750 18 1 51 
3587 19 2 51 
3540 16 0 51 
3510 17 1 51 
3486 18 2 51 
3444 19 3 51 
3259 15 0 51 
3247 16 1 51 
3242 17 2 51 
3035 18 3 51 
2931 19 4 51 
2842 14 0 51 
2824 15 1 51 
2809 16 2 51 
2353 17 3 51 
2207 18 4 51 
2188 19 5 51 
2182 19 19 51 
1873 11 0 51 
1846 13 0 51 
1610 14 1 51 
1382 15 2 51 
698 16 3 51 
425 17 4 51 
4215 18 5 51 
3995 18 19 51 
3290 19 6 51 
2897 19 18 51 
2817 11 1 51 
2812 12 0 51 
2676 13 1 51 
2218 14 2 51 
2031 15 3 51 
1955 16 4 51 
1825 17 5 51 
1793 17 19 51 
1768 18 6 51 
1628 18 18 51 
1551 19 7 51 
1362 19 17 51 
1199 11 2 51 
1029 12 1 51 
1009 13 2 51 
876 14 3 51 
764 15 4 51 
761 16 5 51 
378 16 19 51 
26 17 6 51 
4106 17 18 51 
4097 18 7 51 
4018 18 17 51 
3928 19 8 51 
3890 19 16 51 
3746 11 3 51 
3693 12 2 51 
3654 13 3 51 
3572 14 4 51 
3344 15 5 51 
3084 15 19 51 
2843 16 6 51 
2790 16 18 51 
2642 17 7 51 
2490 17 17 51 
2288 18 8 51 
2260 18 16 51 
2143 19 9 51 
2119 19 15 51 
2093 11 4 51 
2090 12 3 51 
1971 13 4 51 
1810 14 5 51 
1697 14 19 51 
1338 15 6 51 
1332 15 18 51 
1280 16 7 51 
1212 16 17 51 
1185 17 8 51 
882 17 16 51 
838 18 9 51 
710 18 15 51 
501 19 10 51 
355 19 14 51 
341 12 4 51 
4235 13 5 51 
4010 13 19 51 
3991 14 6 51 
3814 14 18 51 
3768 15 7 51 
3752 15 17 51 
3674 16 8 51 
3543 16 16 51 
3492 17 9 51 
3255 17 15 51 
2997 18 10 51 
2912 18 14 51 
2741 19 11 51 
2733 19 13 51 
2409 12 5 51 
2258 12 19 51 
2097 13 6 51 
1710 13 18 51 
1273 14 7 51 
1149 14 17 51 
866 15 8 51 
834 15 16 51 
659 16 9 51 
620 16 15 51 
161 17 10 51 
4160 17 14 51 
4132 18 11 51 
4131 18 13 51 
3564 19 12 51 
3260 11 19 51 
3181 12 6 51 
3175 12 18 51 
2903 13 7 51 
2655 13 17 51 
2146 14 8 51 
1962 14 16 51 
1917 15 9 51 
1742 15 15 51 
1581 16 10 51 
1400 16 14 51 
1369 17 11 51 
1246 17 13 51 
1152 18 12 51 
1076 0 19 51 
1048 10 19 51 
796 11 18 51 
776 12 7 51 
653 12 17 51 
340 13 8 51 
305 13 16 51 
279 14 9 51 
217 14 15 51 
85 15 10 51 
4335 15 14 51 
4311 16 11 51 
4206 16 13 51 
4124 17 12 51 
4020 0 18 51 
3983 1 19 51 
3981 9 19 51 
3969 10 18 51 
3432 11 17 51 
3074 12 8 51 
3047 12 16 51 
3008 13 9 51 
2653 13 15 51 
2612 14 10 51 
2329 14 14 51 
2235 15 11 51 
2161 15 13 51 
1865 16 12 51 
1696 0 17 51 
1641 1 18 51 
1393 2 19 51 
1275 8 19 51 
694 9 18 51 
628 10 17 51 
539 11 16 51 
352 12 9 51 
319 12 15 51 
176 13 10 51 
93 13 14 51 
45 14 11 51 
4225 14 13 51 
4123 15 12 51 
4053 0 16 51 
3994 1 17 51 
3993 2 18 51 
3937 3 19 51 
3931 7 19 51 
3828 8 18 51 
3826 9 17 51 
3590 10 16 51 
3531 11 15 51 
3404 12 10 51 
3200 12 14 51 
2894 13 11 51 
2867 13 13 51 
2639 14 12 51 
2259 0 15 51 
1845 1 16 51 
1655 2 17 51 
1395 3 18 51 
1394 4 19 51 
1380 6 19 51 
1322 7 18 51 
1282 8 17 51 
1248 9 16 51 
954 10 15 51 
566 11 14 51 
493 12 11 51 
482 12 13 51 
331 13 12 51 
329 0 14 51 
207 1 15 51 
103 2 16 51 
46 3 17 51 
4231 4 18 51 
4164 5 19 51 
4110 6 18 51 
4080 7 17 51 
3980 8 16 51 
3971 9 15 51 
3832 10 14 51 
3738 11 13 51 
3704 12 12 51 
3368 0 13 51 
3282 1 14 51 
2860 2 15 51 
2744 3 16 51 
2688 4 17 51 
2370 5 18 51 
2323 6 17 51 
1968 7 16 51 
1852 8 15 51 
1829 9 14 51 
1824 10 13 51 
1731 11 12 51 
1685 0 12 51 
1517 1 13 51 
592 2 14 51 
559 3 15 51 
3865 4 16 51 
3699 5 17 51 
3608 6 16 51 
3597 7 15 51 
3327 8 14 51 
3284 9 13 51 
2959 10 12 51 
2580 11 11 51 
2494 0 11 51 
2372 1 12 51 
2264 2 13 51 
1954 3 14 51 
1868 4 15 51 
1864 5 16 51 
1754 6 15 51 
1712 7 14 51 
1690 8 13 51 
1189 9 12 51 
1180 10 11 51 
1018 11 10 51 
983 0 10 51 
412 1 11 51 
302 2 12 51 
32 3 13 51 
4046 4 14 51 
4029 5 15 51 
3949 6 14 51 
3776 7 13 51 
3694 8 12 51 
3446 9 11 51 
3401 10 10 51 
3359 11 9 51 
2379 0 9 51 
2307 1 10 51 
2224 2 11 51 
2149 3 12 51 
1886 4 13 51 
1853 5 14 51 
1850 6 13 51 
1502 7 12 51 
1434 8 11 51 
755 9 10 51 
465 10 9 51 
422 11 8 51 
273 0 8 51 
3798 1 9 51 
3775 2 10 51 
3686 3 11 51 
3562 4 12 51 
3415 5 13 51 
3157 6 12 51 
2947 7 11 51 
2738 8 10 51 
2209 9 9 51 
2175 10 8 51 
2034 11 7 51 
1102 0 7 51 
1008 1 8 51 
1007 2 9 51 
887 3 10 51 
660 4 11 51 
316 5 12 51 
237 6 11 51 
120 7 10 51 
74 8 9 51 
3930 9 8 51 
3720 10 7 51 
3698 11 6 51 
3394 1 7 51 
3198 2 8 51 
2986 3 9 51 
2839 4 10 51 
2528 5 11 51 
2305 6 10 51 
2291 7 9 51 
2047 8 8 51 
2035 9 7 51 
2006 10 6 51 
1895 11 5 51 
1775 2 7 51 
1290 3 8 51 
1153 4 9 51 
752 5 10 51 
604 6 9 51 
444 7 8 51 
392 8 7 51 
227 9 6 51 
50 10 5 51 
4301 3 7 51 
4028 4 8 51 
3958 5 9 51 
3853 6 8 51 
3732 7 7 51 
3640 8 6 51 
3536 9 5 51 
2962 10 4 51 
2882 4 7 51 
2423 5 8 51 
2321 6 7 51 
1944 7 6 51 
1718 8 5 51 
1596 9 4 51 
1463 10 3 51 
1265 0 6 51 
965 5 7 51 
956 6 6 51 
951 7 5 51 
945 8 4 51 
403 9 3 51 
349 10 2 51 
193 0 5 51 
152 1 6 51 
3963 5 6 51 
3868 6 5 51 
3436 7 4 51 
3393 8 3 51 
3188 9 2 51 
3169 10 1 51 
3070 0 4 51 
2767 1 5 51 
2636 2 6 51 
2575 4 6 51 
2477 5 5 51 
1957 6 4 51 
1617 7 3 51 
1465 8 2 51 
1141 9 1 51 
1005 10 0 51 
781 0 3 51 
711 1 4 51 
468 2 5 51 
3921 3 6 51 
3658 4 5 51 
3555 5 4 51 
3523 6 3 51 
3439 7 2 51 
3423 8 1 51 
3286 9 0 51 
2672 0 2 51 
1510 1 3 51 
1398 2 4 51 
1016 3 5 51 
587 4 4 51 
61 5 3 51 
4202 6 2 51 
4085 7 1 51 
3850 8 0 51 
3463 0 1 51 
3168 1 2 51 
2916 2 3 51 
2774 3 4 51 
2079 4 3 51 
1279 5 2 51 
1178 6 1 51 
1025 7 0 51 
917 0 0 51 
232 1 1 51 
187 2 2 51 
3725 3 3 51 
3582 4 2 51 
2964 5 1 51 
2425 6 0 51 
1316 1 0 51 
4134 2 1 51 
3870 3 2 51 
3470 4 1 51 
3257 5 0 51 
2795 2 0 51 
1456 3 1 51 
3063 4 0 51 
2956 3 0 51 
1890 3 1 61 
850 2 1 61 
2167 3 2 61 
3996 4 1 61 
3375 1 1 63 
1194 2 2 63 
2076 3 3 62 
3150 4 2 62 
3324 5 1 62 
2001 1 2 63 
374 2 3 63 
479 3 4 63 
1558 4 3 63 
2447 5 2 63 
3622 6 1 63 
3691 1 3 64 
572 2 4 64 
1061 3 5 64 
1188 4 4 64 
1352 5 3 64 
1368 6 2 63 
1800 7 1 63 
4161 1 4 65 
1098 2 5 65 
2154 4 5 64 
2789 5 4 64 
3624 6 3 64 
4130 7 2 64 
158 8 1 64 
190 1 5 65 
198 5 5 65 
567 6 4 65 
1054 7 3 65 
3910 8 2 65 
4064 9 1 65 
4128 6 5 65 
153 7 4 65 
464 8 3 65 
843 9 2 65 
1906 6 6 66 
2545 7 5 66 
3874 8 4 66 
3908 9 3 66 
4054 5 8 66 
4310 6 7 66 
113 7 6 66 
701 8 5 66 
1299 9 4 66 
1574 4 8 66 
1700 5 9 66 
3201 6 8 66 
3495 7 7 66 
151 8 6 66 
380 9 5 66 
507 3 8 67 
890 4 9 67 
1193 5 10 67 
1891 7 8 67 
2700 8 7 67 
2934 9 6 67 
3554 2 8 67 
4070 3 9 67 
241 4 10 67 
277 5 11 67 
554 8 8 67 
1049 9 7 67 
1080 10 6 67 
1692 1 8 68 
2043 2 9 68 
2066 3 10 68 
2184 4 11 68 
2340 5 12 68 
2595 6 11 68 
2711 9 8 67 
2914 10 7 67 
4281 1 9 68 
181 2 10 68 
497 3 11 68 
1264 4 12 68 
1792 6 12 68 
1965 7 11 68 
2604 10 8 68 
2656 1 10 69 
3634 2 11 69 
3909 3 12 69 
4270 19 0 76 
4076 18 0 76 
3945 19 1 76 
3735 17 0 76 
3670 18 1 76 
3662 19 2 76 
3517 16 0 76 
3373 17 1 76 
3148 18 2 76 
2995 19 3 76 
2712 15 0 76 
2601 16 1 76 
2262 17 2 76 
2186 18 3 76 
2115 19 4 76 
2056 14 0 76 
2021 15 1 76 
1936 16 2 76 
1660 17 3 76 
914 18 4 76 
786 19 5 76 
599 19 19 76 
522 11 0 76 
384 13 0 76 
4326 14 1 76 
4139 15 2 76 
3784 16 3 76 
3778 17 4 76 
3176 18 5 76 
2458 18 19 76 
2269 19 6 76 
2173 19 18 76 
2071 11 1 76 
2026 12 0 76 
1919 13 1 76 
1724 14 2 76 
1525 15 3 76 
1520 16 4 76 
1499 17 5 76 
1222 17 19 76 
1123 18 6 76 
1075 18 18 76 
1036 19 7 76 
879 19 17 76 
848 11 2 76 
589 12 1 76 
584 13 2 76 
404 14 3 76 
371 15 4 76 
259 16 5 76 
226 16 19 76 
220 17 6 76 
121 17 18 76 
119 18 7 76 
4119 18 17 76 
4006 19 8 76 
3934 19 16 76 
3653 11 3 76 
3451 12 2 76 
3264 13 3 76 
3241 14 4 76 
3189 15 5 76 
2885 15 19 76 
2874 16 6 76 
2849 16 18 76 
2827 17 7 76 
2686 17 17 76 
2384 18 8 76 
2246 18 16 76 
2019 19 9 76 
1677 19 15 76 
1512 11 4 76 
1459 12 3 76 
1297 13 4 76 
1215 14 5 76 
1050 14 19 76 
895 15 6 76 
849 15 18 76 
605 16 7 76 
525 16 17 76 
4273 17 8 76 
4104 17 16 76 
4075 18 9 76 
3857 18 15 76 
3818 19 10 76 
3807 19 14 76 
3715 12 4 76 
3676 13 5 76 
3422 13 19 76 
3385 14 6 76 
3362 14 18 76 
3113 15 7 76 
3028 15 17 76 
2875 16 8 76 
2703 16 16 76 
2606 17 9 76 
2597 17 15 76 
2558 18 10 76 
2450 18 14 76 
2432 19 11 76 
2204 19 13 76 
1834 12 5 76 
1832 12 19 76 
1819 13 6 76 
1704 13 18 76 
1686 14 7 76 
1639 14 17 76 
1624 15 8 76 
1537 15 16 76 
1521 16 9 76 
1403 16 15 76 
1390 17 10 76 
1331 17 14 76 
1094 18 11 76 
860 18 13 76 
770 19 12 76 
679 11 19 76 
578 12 6 76 
544 12 18 76 
417 13 7 76 
258 13 17 76 
4189 14 8 76 
4179 14 16 76 
3892 15 9 76 
3888 15 15 76 
3823 16 10 76 
3692 16 14 76 
3528 17 11 76 
3369 17 13 76 
2857 18 12 76 
2685 0 19 76 
2659 10 19 76 
2611 11 18 76 
2550 12 7 76 
1662 12 17 76 
1651 13 8 76 
1625 13 16 76 
1579 14 9 76 
1539 14 15 76 
1134 15 10 76 
1111 15 14 76 
869 16 11 76 
826 16 13 76 
814 17 12 76 
431 0 18 76 
424 1 19 76 
419 9 19 76 
253 10 18 76 
39 11 17 76 
4142 12 8 76 
4068 12 16 76 
4022 13 9 76 
3642 13 15 76 
3588 14 10 76 
3208 14 14 76 
3097 15 11 76 
2950 15 13 76 
2777 16 12 76 
2616 0 17 76 
2069 1 18 76 
2065 2 19 76 
1998 8 19 76 
1863 9 18 76 
1818 10 17 76 
1735 11 16 76 
1726 12 9 76 
1653 12 15 76 
1483 13 10 76 
1471 13 14 76 
1441 14 11 76 
1357 14 13 76 
1079 15 12 76 
1040 0 16 76 
946 1 17 76 
939 2 18 76 
918 3 19 76 
898 7 19 76 
625 8 18 76 
338 9 17 76 
326 10 16 76 
191 11 15 76 
31 12 10 76 
12 12 14 76 
4324 13 11 76 
3700 13 13 76 
3387 14 12 76 
3306 0 15 76 
3235 1 16 76 
3177 2 17 76 
3156 3 18 76 
3041 4 19 76 
2868 6 19 76 
2821 7 18 76 
2619 8 17 76 
2016 9 16 76 
2005 10 15 76 
1930 11 14 76 
1889 12 11 76 
1780 12 13 76 
1736 13 12 76 
1679 0 14 76 
1674 1 15 76 
1072 2 16 76 
1044 3 17 76 
885 4 18 76 
486 5 19 76 
368 6 18 76 
263 7 17 76 
139 8 16 76 
49 9 15 76 
4198 10 14 76 
3761 11 13 76 
3744 12 12 76 
3633 0 13 76 
3455 1 14 76 
3213 2 15 76 
3082 3 16 76 
3067 4 17 76 
3030 5 18 76 
2603 6 17 76 
2592 7 16 76 
2436 8 15 76 
2434 9 14 76 
2410 10 13 76 
2399 11 12 76 
2077 0 12 76 
1732 1 13 76 
1599 2 14 76 
1448 3 15 76 
1099 4 16 76 
765 5 17 76 
433 6 16 76 
4136 7 15 76 
4111 8 14 76 
3986 9 13 76 
3961 10 12 76 
3901 11 11 76 
3565 0 11 76 
3350 1 12 76 
2859 2 13 76 
2644 3 14 76 
2628 4 15 76 
2497 5 16 76 
2426 6 15 76 
2405 7 14 76 
2287 8 13 76 
2121 9 12 76 
2098 10 11 76 
1920 11 10 76 
1900 0 10 76 
1419 1 11 76 
1397 2 12 76 
1101 3 13 76 
855 4 14 76 
741 5 15 76 
481 6 14 76 
309 7 13 76 
6 8 12 76 
4283 9 11 76 
4252 10 10 76 
4093 11 9 76 
3903 0 9 76 
3862 1 10 76 
3780 2 11 76 
3677 3 12 76 
3579 4 13 76 
3548 5 14 76 
3204 6 13 76 
3051 7 12 76 
2406 8 11 76 
2319 9 10 76 
2239 10 9 76 
2129 11 8 76 
1993 0 8 76 
1986 1 9 76 
1888 2 10 76 
1848 3 11 76 
1761 4 12 76 
1269 5 13 76 
1242 6 12 76 
1144 7 11 76 
665 8 10 76 
549 9 9 76 
510 10 8 76 
490 11 7 76 
455 0 7 76 
4226 1 8 76 
4062 2 9 76 
3595 3 10 76 
3218 4 11 76 
3193 5 12 76 
3179 6 11 76 
3127 7 10 76 
3107 8 9 76 
3046 9 8 76 
2987 10 7 76 
2981 11 6 76 
2954 1 7 76 
2945 2 8 76 
2942 3 9 76 
2525 4 10 76 
2455 5 11 76 
2190 6 10 76 
2163 7 9 76 
1680 8 8 76 
1314 9 7 76 
967 10 6 76 
960 11 5 76 
706 2 7 76 
598 3 8 76 
379 4 9 76 
330 5 10 76 
25 6 9 76 
3839 7 8 76 
3532 8 7 76 
3236 9 6 76 
3196 10 5 76 
2814 3 7 76 
2737 4 8 76 
2570 5 9 76 
2074 6 8 76 
2060 7 7 76 
1896 8 6 76 
1801 9 5 76 
1043 10 4 76 
577 4 7 76 
67 5 8 76 
24 6 7 76 
4040 7 6 76 
4013 8 5 76 
3783 9 4 76 
3727 10 3 76 
3673 0 6 76 
3668 5 7 76 
3126 6 6 76 
2845 7 5 76 
2401 8 4 76 
2220 9 3 76 
2189 10 2 76 
2053 0 5 76 
1844 1 6 76 
1618 5 6 76 
1492 6 5 76 
1335 7 4 76 
1298 8 3 76 
1186 9 2 76 
964 10 1 76 
871 0 4 76 
676 1 5 76 
243 2 6 76 
4318 4 6 76 
4275 5 5 76 
3644 6 4 76 
3295 7 3 76 
3001 8 2 76 
2983 9 1 76 
2435 10 0 76 
2009 0 3 76 
1921 1 4 76 
1643 2 5 76 
1514 3 6 76 
1462 4 5 76 
1360 5 4 76 
1218 6 3 76 
947 7 2 76 
583 8 1 76 
278 9 0 76 
157 0 2 76 
4272 1 3 76 
1912 2 4 76 
1875 3 5 76 
234 4 4 76 
21 5 3 76 
2623 6 2 76 
2333 7 1 76 
2046 8 0 76 
1977 0 1 76 
1342 1 2 76 
1121 2 3 76 
1071 3 4 76 
830 4 3 76 
685 5 2 76 
600 6 1 76 
487 7 0 76 
3535 0 0 76 
3504 1 1 76 
3010 2 2 76 
2758 3 3 76 
2565 4 2 76 
2387 5 1 76 
2102 6 0 76 
1132 1 0 76 
1126 2 1 76 
224 3 2 76 
175 4 1 76 
3559 5 0 76 
2238 2 0 76 
2123 3 1 76 
2059 4 0 76 
1721 3 0 76 
2101 3 1 86 
686 2 1 87 
2674 3 2 87 
2561 4 1 87 
2731 1 1 87 
3841 2 2 87 
1771 3 3 87 
1856 4 2 87 
2003 5 1 87 
3567 1 2 88 
3946 2 3 88 
4170 3 4 88 
3 4 3 88 
81 5 2 88 
201 6 1 88 
4019 1 3 89 
4254 2 4 89 
810 3 5 89 
1277 4 4 89 
1833 5 3 89 
2070 6 2 88 
2134 7 1 88 
2362 1 4 90 
2560 2 5 90 
2567 4 5 90 
2791 5 4 90 
3400 6 3 90 
4063 7 2 90 
4144 8 1 90 
1309 1 5 91 
1359 5 5 90 
2275 6 4 90 
147 7 3 90 
774 8 2 90 
788 9 1 90 
1315 6 5 91 
1378 7 4 91 
1711 8 3 91 
2125 9 2 91 
3338 6 6 91 
3525 7 5 91 
3801 8 4 91 
159 9 3 91 
597 5 8 92 
1205 6 7 92 
1414 7 6 91 
1669 8 5 91 
2237 9 4 91 
101 4 8 92 
723 5 9 92 
1321 6 8 92 
1346 7 7 92 
1474 8 6 92 
1866 9 5 92 
2519 3 8 93 
2697 4 9 93 
2754 5 10 93 
3253 7 8 92 
3894 8 7 92 
59 9 6 92 
581 2 8 93 
794 3 9 93 
1364 4 10 93 
1729 5 11 93 
2456 8 8 93 
3842 9 7 93 
3951 10 6 93 
125 1 8 93 
254 2 9 93 
362 3 10 93 
398 4 11 93 
496 5 12 93 
603 6 11 93 
1022 9 8 93 
1154 10 7 93 
1528 1 9 94 
1620 2 10 94 
3392 3 11 94 
4060 4 12 94 
94 6 12 94 
144 7 11 94 
661 10 8 94 
915 1 10 94 
1249 2 11 94 
1372 3 12 94 
1638 4 13 94 
1702 7 12 94 
2240 8 11 94 
2344 1 11 95 
2448 2 12 95 
2627 3 13 95 
3611 4 14 95 
