1671
5185 9 19 1 
5170 19 19 1 
4895 9 18 1 
4418 10 19 1 
4404 18 19 1 
4377 19 6 1 
4359 19 18 1 
4212 9 17 1 
4155 10 18 1 
4082 11 19 1 
4017 17 19 1 
3744 18 6 1 
3689 18 18 1 
3587 19 5 1 
3532 19 17 1 
3409 9 16 1 
3382 10 17 1 
3321 11 18 1 
3293 12 19 1 
3192 15 6 1 
3105 16 19 1 
3051 17 6 1 
3024 17 18 1 
2937 18 5 1 
2897 18 17 1 
2457 19 4 1 
1663 19 16 1 
1646 9 15 1 
1631 10 16 1 
1532 11 17 1 
1529 12 18 1 
1528 13 19 1 
1355 15 5 1 
1219 15 19 1 
1180 16 6 1 
1028 16 18 1 
656 17 5 1 
562 17 17 1 
464 18 4 1 
290 18 16 1 
222 19 3 1 
28 19 15 1 
4623 9 12 1 
4512 9 14 1 
4414 10 15 1 
4173 11 16 1 
4116 12 17 1 
3817 13 18 1 
3812 14 19 1 
3600 15 4 1 
3289 15 18 1 
3248 16 5 1 
2820 16 17 1 
2382 17 4 1 
2181 17 16 1 
2066 18 3 1 
1922 18 15 1 
1837 19 0 1 
1784 19 2 1 
1731 19 14 1 
1643 9 13 1 
1527 10 12 1 
1043 10 14 1 
900 11 15 1 
643 12 16 1 
553 13 17 1 
431 14 18 1 
390 15 17 1 
283 16 4 1 
197 16 16 1 
58 17 3 1 
5235 17 15 1 
5025 18 0 1 
4969 18 2 1 
4791 18 14 1 
4726 19 1 1 
4603 19 7 1 
4394 0 19 1 
4309 10 13 1 
4307 11 12 1 
4198 11 14 1 
4091 12 15 1 
4074 13 16 1 
4033 14 17 1 
3596 15 16 1 
3434 16 3 1 
3277 16 7 1 
3124 16 15 1 
2950 17 0 1 
2870 17 2 1 
2785 17 14 1 
2701 18 1 1 
2336 18 7 1 
2036 19 8 1 
1925 0 18 1 
1888 1 19 1 
1806 10 0 1 
1469 11 13 1 
1455 12 14 1 
1373 13 15 1 
849 14 16 1 
806 15 15 1 
750 16 0 1 
645 16 2 1 
622 16 8 1 
360 16 14 1 
312 17 1 1 
27 17 7 1 
4545 18 8 1 
4349 19 9 1 
4149 19 11 1 
3943 19 13 1 
3762 0 13 1 
3711 0 17 1 
3578 1 18 1 
3466 2 19 1 
3361 8 19 1 
2938 10 1 1 
2742 11 0 1 
2197 12 13 1 
2075 13 14 1 
1918 14 15 1 
1850 15 0 1 
1785 15 14 1 
1698 16 1 1 
1688 17 8 1 
1223 18 9 1 
1129 18 11 1 
884 18 13 1 
793 19 10 1 
710 19 12 1 
709 0 14 1 
481 0 16 1 
385 1 13 1 
217 1 17 1 
74 2 18 1 
5334 3 19 1 
5332 7 19 1 
5253 8 18 1 
5118 11 1 1 
4857 12 0 1 
4789 13 13 1 
4420 14 0 1 
4378 14 14 1 
4335 15 1 1 
4271 17 9 1 
4210 17 11 1 
3861 17 13 1 
3737 18 10 1 
3601 18 12 1 
3560 0 15 1 
3378 1 14 1 
3338 1 16 1 
3309 2 17 1 
3054 3 16 1 
2768 3 18 1 
2259 4 19 1 
2135 6 19 1 
1866 7 18 1 
1835 8 17 1 
1738 12 1 1 
1710 13 0 1 
1222 14 1 1 
1095 14 13 1 
722 15 2 1 
689 16 9 1 
610 16 13 1 
5154 17 10 1 
5141 17 12 1 
5135 1 15 1 
5128 2 16 1 
4759 3 17 1 
4677 4 18 1 
4395 5 19 1 
4303 6 18 1 
3934 7 17 1 
3871 8 16 1 
3747 10 2 1 
3563 12 12 1 
3465 13 1 1 
3147 14 2 1 
2854 14 12 1 
2484 15 3 1 
2379 15 13 1 
2297 16 10 1 
2130 16 12 1 
2031 2 13 1 
2002 2 15 1 
1828 3 8 1 
1670 3 12 1 
1452 4 17 1 
1394 5 18 1 
1193 6 17 1 
1122 7 16 1 
702 8 15 1 
685 10 3 1 
609 11 2 1 
536 12 11 1 
332 13 2 1 
5249 13 12 1 
5209 14 3 1 
5168 15 12 1 
4872 16 11 1 
4846 0 8 1 
4766 0 12 1 
4329 2 8 1 
3375 2 14 1 
3065 3 9 1 
2770 3 13 1 
2730 3 15 1 
2695 4 12 1 
2568 4 16 1 
2408 5 17 1 
2390 6 16 1 
2040 7 15 1 
1445 11 3 1 
1406 12 2 1 
1079 12 10 1 
1059 13 3 1 
778 13 11 1 
736 14 4 1 
690 15 11 1 
582 0 9 1 
206 0 11 1 
72 1 8 1 
5217 1 12 1 
4864 2 9 1 
4796 3 14 1 
4656 4 13 1 
4541 4 15 1 
4493 5 16 1 
4408 6 15 1 
4396 9 4 1 
4012 12 3 1 
3830 13 4 1 
3266 13 10 1 
3169 14 5 1 
3122 14 11 1 
3063 15 10 1 
2734 0 10 1 
2491 1 9 1 
2288 1 11 1 
2282 2 12 1 
2265 4 14 1 
2163 5 15 1 
2132 8 14 1 
2119 9 5 1 
1766 10 4 1 
1314 12 4 1 
1303 13 5 1 
1215 14 6 1 
1170 14 10 1 
1120 15 7 1 
810 15 9 1 
480 1 10 1 
448 2 11 1 
128 5 14 1 
71 7 14 1 
5393 8 13 1 
4965 10 5 1 
4794 11 4 1 
4586 12 5 1 
4444 13 6 1 
4226 14 7 1 
4218 14 9 1 
4063 15 8 1 
3980 2 10 1 
3959 3 11 1 
3924 5 13 1 
3917 6 14 1 
3730 7 13 1 
2752 11 5 1 
2504 11 11 1 
2435 12 6 1 
2254 13 7 1 
2195 13 9 1 
1934 14 8 1 
1878 3 10 1 
1634 4 11 1 
1615 5 12 1 
925 6 13 1 
869 10 11 1 
532 11 6 1 
4876 11 10 1 
4827 12 7 1 
4675 12 9 1 
4501 13 8 1 
4313 4 10 1 
4263 5 11 1 
3966 6 12 1 
3889 8 12 1 
3799 9 11 1 
3785 10 6 1 
3013 10 10 1 
2830 11 7 1 
2218 11 9 1 
2008 12 8 1 
5225 4 9 1 
4908 5 10 1 
4837 6 11 1 
4810 7 12 1 
4280 8 11 1 
4077 9 6 1 
4065 9 10 1 
3402 10 7 1 
3392 10 9 1 
2507 11 8 1 
2481 4 8 1 
2471 5 9 1 
2308 6 10 1 
2219 7 11 1 
1635 8 10 1 
761 9 7 1 
653 9 9 1 
452 10 8 1 
364 5 8 1 
4963 6 9 1 
4852 7 10 1 
4724 8 9 1 
4706 9 8 1 
4533 6 8 1 
4397 7 9 1 
4103 8 8 1 
3778 5 0 1 
3201 5 2 1 
3021 7 8 1 
1763 8 7 1 
1715 9 0 1 
1707 5 1 1 
1639 6 0 1 
1375 7 7 1 
1346 8 0 1 
833 8 4 1 
494 8 6 1 
118 9 1 1 
106 9 3 1 
25 6 1 1 
4688 6 7 1 
4497 7 0 1 
4035 7 6 1 
3667 8 1 1 
2115 8 3 1 
604 8 5 1 
549 9 2 1 
435 5 7 1 
380 6 6 1 
133 7 1 1 
5259 7 5 1 
5210 8 2 1 
5156 0 7 1 
4919 4 7 1 
4227 5 6 1 
4193 6 5 1 
4114 7 2 1 
3738 7 4 1 
3108 0 6 1 
3067 1 7 1 
2947 3 7 1 
2694 4 6 1 
2370 5 5 1 
2312 6 2 1 
2198 6 4 1 
951 7 3 1 
585 0 5 1 
258 1 6 1 
4915 2 7 1 
4571 3 6 1 
4569 4 5 1 
3968 5 4 1 
3580 6 3 1 
3366 0 4 1 
2222 1 5 1 
1067 2 6 1 
1063 3 5 1 
382 4 4 1 
261 5 3 1 
246 1 4 1 
2 2 5 1 
4219 3 4 1 
3677 4 3 1 
3464 2 4 1 
3220 3 3 1 
2769 4 2 1 
2284 0 3 1 
1543 2 3 1 
1396 3 2 1 
1109 4 1 1 
899 0 2 1 
873 1 3 1 
548 2 2 1 
5138 3 1 1 
5089 4 0 1 
3857 0 1 1 
3418 1 2 1 
1793 2 1 1 
1652 3 0 1 
1036 0 0 1 
513 1 1 1 
5384 2 0 1 
4953 1 0 1 
3958 1 1 12 
4670 1 2 12 
350 3 3 13 
4997 3 4 13 
2427 1 5 14 
4102 1 6 15 
5010 4 6 15 
1603 5 6 15 
2319 8 1 16 
370 6 11 18 
664 14 8 20 
442 1 11 21 
528 3 14 21 
2013 6 16 22 
203 5 18 23 
1179 7 16 23 
2584 4 18 23 
3776 1 16 24 
5363 9 19 26 
5269 19 19 26 
5126 9 18 26 
4977 10 19 26 
4902 18 19 26 
4455 19 6 26 
4239 19 18 26 
4200 9 17 26 
4164 10 18 26 
4143 11 19 26 
4073 17 19 26 
3892 18 6 26 
3487 18 18 26 
3452 19 5 26 
3303 19 17 26 
3296 9 16 26 
3285 10 17 26 
3023 11 18 26 
2860 12 19 26 
2378 15 6 26 
2366 16 19 26 
2138 17 6 26 
2099 17 18 26 
1693 18 5 26 
391 18 17 26 
286 19 4 26 
212 19 16 26 
5350 9 15 26 
5345 10 16 26 
5214 11 17 26 
5146 12 18 26 
5076 13 19 26 
4320 15 5 26 
4222 15 19 26 
4182 16 6 26 
4024 16 18 26 
3764 17 5 26 
3566 17 17 26 
3541 18 4 26 
3537 18 16 26 
3186 19 3 26 
3159 19 15 26 
2988 9 12 26 
2669 9 14 26 
2335 10 15 26 
2209 11 16 26 
1941 12 17 26 
1758 13 18 26 
1598 14 19 26 
1561 15 4 26 
1324 15 18 26 
1277 16 5 26 
1160 16 17 26 
819 17 4 26 
740 17 16 26 
646 18 3 26 
618 18 15 26 
600 19 0 26 
566 19 2 26 
434 19 14 26 
415 9 13 26 
371 10 12 26 
109 10 14 26 
5381 11 15 26 
5283 12 16 26 
5258 13 17 26 
5114 14 18 26 
4834 15 17 26 
4761 16 4 26 
4596 16 16 26 
4473 17 3 26 
4310 17 15 26 
4224 18 0 26 
4044 18 2 26 
3802 18 14 26 
3751 19 1 26 
3511 19 7 26 
3478 0 19 26 
3183 10 13 26 
3047 11 12 26 
3009 11 14 26 
2961 12 15 26 
2865 13 16 26 
2794 14 17 26 
2473 15 16 26 
2355 16 3 26 
2320 16 7 26 
2227 16 15 26 
2038 17 0 26 
1980 17 2 26 
1570 17 14 26 
1181 18 1 26 
1030 18 7 26 
990 19 8 26 
916 0 18 26 
640 1 19 26 
613 10 0 26 
554 11 13 26 
396 12 14 26 
152 13 15 26 
5321 14 16 26 
5279 15 15 26 
5175 16 0 26 
5116 16 2 26 
4765 16 8 26 
3894 16 14 26 
3646 17 1 26 
3636 17 7 26 
3605 18 8 26 
3574 19 9 26 
3411 19 11 26 
3079 19 13 26 
3060 0 13 26 
2985 0 17 26 
2930 1 18 26 
2817 2 19 26 
2776 8 19 26 
2772 10 1 26 
2755 11 0 26 
2251 12 13 26 
2127 13 14 26 
2117 14 15 26 
2094 15 0 26 
1751 15 14 26 
1582 16 1 26 
878 17 8 26 
867 18 9 26 
679 18 11 26 
668 18 13 26 
560 19 10 26 
475 19 12 26 
291 0 14 26 
270 0 16 26 
216 1 13 26 
210 1 17 26 
125 2 18 26 
4725 3 19 26 
4641 7 19 26 
4613 8 18 26 
4208 11 1 26 
4118 12 0 26 
3999 13 13 26 
3981 14 0 26 
3972 14 14 26 
3930 15 1 26 
3445 17 9 26 
3174 17 11 26 
3156 17 13 26 
2837 18 10 26 
2653 18 12 26 
2482 0 15 26 
2391 1 14 26 
2357 1 16 26 
2264 2 17 26 
2192 3 16 26 
2143 3 18 26 
2096 4 19 26 
2086 6 19 26 
1741 7 18 26 
1699 8 17 26 
1194 12 1 26 
1100 13 0 26 
986 14 1 26 
927 14 13 26 
822 15 2 26 
784 16 9 26 
5351 16 13 26 
5213 17 10 26 
4987 17 12 26 
4909 1 15 26 
4828 2 16 26 
4251 3 17 26 
4070 4 18 26 
4062 5 19 26 
3845 6 18 26 
3765 7 17 26 
3680 8 16 26 
3559 10 2 26 
3528 12 12 26 
3520 13 1 26 
3394 14 2 26 
2925 14 12 26 
2726 15 3 26 
2605 15 13 26 
2256 16 10 26 
2140 16 12 26 
1792 2 13 26 
1150 2 15 26 
642 3 8 26 
527 3 12 26 
5344 4 17 26 
4930 5 18 26 
4927 6 17 26 
4833 7 16 26 
4797 8 15 26 
4764 10 3 26 
4744 11 2 26 
4664 12 11 26 
4630 13 2 26 
4523 13 12 26 
4122 14 3 26 
4003 15 12 26 
3811 16 11 26 
3761 0 8 26 
3629 0 12 26 
3594 2 8 26 
3547 2 14 26 
3291 3 9 26 
3240 3 13 26 
3185 3 15 26 
2802 4 12 26 
2712 4 16 26 
2710 5 17 26 
2637 6 16 26 
2626 7 15 26 
2431 11 3 26 
2318 12 2 26 
2234 12 10 26 
1320 13 3 26 
1310 13 11 26 
1298 14 4 26 
994 15 11 26 
949 0 9 26 
847 0 11 26 
545 1 8 26 
533 1 12 26 
436 2 9 26 
293 3 14 26 
187 4 13 26 
124 4 15 26 
5403 5 16 26 
5316 6 15 26 
5292 9 4 26 
5282 12 3 26 
5007 13 4 26 
4973 13 10 26 
4786 14 5 26 
3854 14 11 26 
3628 15 10 26 
3536 0 10 26 
3330 1 9 26 
3272 1 11 26 
2795 2 12 26 
2656 4 14 26 
2625 5 15 26 
2397 8 14 26 
2261 9 5 26 
2109 10 4 26 
1799 12 4 26 
1708 13 5 26 
1531 14 6 26 
1378 14 10 26 
1297 15 7 26 
1104 15 9 26 
1009 1 10 26 
1001 2 11 26 
851 5 14 26 
684 7 14 26 
509 8 13 26 
458 10 5 26 
399 11 4 26 
5375 12 5 26 
5027 13 6 26 
4544 14 7 26 
4231 14 9 26 
3955 15 8 26 
3891 2 10 26 
3790 3 11 26 
3102 5 13 26 
2978 6 14 26 
2646 7 13 26 
2466 11 5 26 
2156 11 11 26 
1571 12 6 26 
1552 13 7 26 
1540 13 9 26 
1402 14 8 26 
1327 3 10 26 
991 4 11 26 
639 5 12 26 
367 6 13 26 
267 10 11 26 
54 11 6 26 
5204 11 10 26 
5015 12 7 26 
4994 12 9 26 
4880 13 8 26 
4672 4 10 26 
4644 5 11 26 
4426 6 12 26 
4235 8 12 26 
4196 9 11 26 
4107 10 6 26 
4047 10 10 26 
3884 11 7 26 
3772 11 9 26 
3665 12 8 26 
3210 4 9 26 
2413 5 10 26 
1692 6 11 26 
1623 7 12 26 
1311 8 11 26 
1233 9 6 26 
319 9 10 26 
288 10 7 26 
232 10 9 26 
4939 11 8 26 
4640 4 8 26 
4612 5 9 26 
4284 6 10 26 
4028 7 11 26 
3947 8 10 26 
3850 9 7 26 
3748 9 9 26 
3746 10 8 26 
3117 5 8 26 
3012 6 9 26 
2912 7 10 26 
2559 8 9 26 
2067 9 8 26 
1971 6 8 26 
1441 7 9 26 
930 8 8 26 
765 5 0 26 
738 5 2 26 
5347 7 8 26 
4894 8 7 26 
4869 9 0 26 
4591 5 1 26 
4159 6 0 26 
4040 7 7 26 
4029 8 0 26 
3225 8 4 26 
2838 8 6 26 
2834 9 1 26 
2736 9 3 26 
2389 6 1 26 
1493 6 7 26 
1309 7 0 26 
670 7 6 26 
1 8 1 26 
5319 8 3 26 
4433 8 5 26 
4247 9 2 26 
4166 5 7 26 
4126 6 6 26 
4106 7 1 26 
3973 7 5 26 
3687 8 2 26 
3666 0 7 26 
3406 4 7 26 
3312 5 6 26 
3207 6 5 26 
3148 7 2 26 
3110 7 4 26 
3090 0 6 26 
2467 1 7 26 
1807 3 7 26 
1546 4 6 26 
1447 5 5 26 
1096 6 2 26 
265 6 4 26 
5056 7 3 26 
5052 0 5 26 
5004 1 6 26 
4699 2 7 26 
4179 3 6 26 
4072 4 5 26 
3982 5 4 26 
3111 6 3 26 
3099 0 4 26 
2822 1 5 26 
2793 2 6 26 
2541 3 5 26 
2058 4 4 26 
1502 5 3 26 
1473 1 4 26 
829 2 5 26 
449 3 4 26 
211 4 3 26 
5172 2 4 26 
4974 3 3 26 
3916 4 2 26 
3823 0 3 26 
3692 2 3 26 
3637 3 2 26 
3555 4 1 26 
3513 0 2 26 
3180 1 3 26 
2211 2 2 26 
5240 3 1 26 
4592 4 0 26 
3607 0 1 26 
1128 1 2 26 
905 2 1 26 
798 3 0 26 
4599 0 0 26 
4170 1 1 26 
3531 2 0 26 
3460 1 0 26 
3412 1 1 37 
4245 1 2 38 
302 3 3 39 
3649 3 4 40 
4868 1 5 40 
607 1 6 40 
4406 4 6 41 
1819 5 6 41 
2666 8 1 42 
2499 6 11 44 
4964 14 8 45 
2517 1 11 46 
711 3 14 47 
139 6 16 47 
1261 5 18 47 
1372 7 16 47 
1694 4 18 48 
5101 9 19 51 
4970 19 19 51 
4867 9 18 51 
4840 10 19 51 
4606 18 19 51 
4145 19 6 51 
3569 19 18 51 
3553 9 17 51 
3350 10 18 51 
3316 11 19 51 
3056 17 19 51 
2964 18 6 51 
2782 18 18 51 
2633 19 5 51 
2529 19 17 51 
2388 9 16 51 
2323 10 17 51 
2240 11 18 51 
2223 12 19 51 
2019 15 6 51 
1682 16 19 51 
1667 17 6 51 
1072 17 18 51 
912 18 5 51 
757 18 17 51 
630 19 4 51 
596 19 16 51 
49 9 15 51 
5362 10 16 51 
5251 11 17 51 
5139 12 18 51 
5137 13 19 51 
5064 15 5 51 
4808 15 19 51 
4483 16 6 51 
4434 16 18 51 
4289 17 5 51 
4241 17 17 51 
3742 18 4 51 
3655 18 16 51 
3510 19 3 51 
3450 19 15 51 
3413 9 12 51 
3354 9 14 51 
3206 10 15 51 
3188 11 16 51 
2990 12 17 51 
2882 13 18 51 
2618 14 19 51 
2419 15 4 51 
2365 15 18 51 
2298 16 5 51 
2286 16 17 51 
2093 17 4 51 
1855 17 16 51 
1744 18 3 51 
1732 18 15 51 
1459 19 0 51 
1362 19 2 51 
1330 19 14 51 
1301 9 13 51 
1288 10 12 51 
1089 10 14 51 
938 11 15 51 
705 12 16 51 
376 13 17 51 
356 14 18 51 
334 15 17 51 
235 16 4 51 
45 16 16 51 
5158 17 3 51 
4825 17 15 51 
4753 18 0 51 
4618 18 2 51 
4490 18 14 51 
4207 19 1 51 
3581 19 7 51 
3336 0 19 51 
3235 10 13 51 
3181 11 12 51 
3078 11 14 51 
3066 12 15 51 
2963 13 16 51 
2741 14 17 51 
1990 15 16 51 
1800 16 3 51 
1765 16 7 51 
1704 16 15 51 
1686 17 0 51 
1655 17 2 51 
898 17 14 51 
662 18 1 51 
605 18 7 51 
597 19 8 51 
430 0 18 51 
276 1 19 51 
5311 10 0 51 
5305 11 13 51 
5105 12 14 51 
5072 13 15 51 
4380 14 16 51 
4079 15 15 51 
3995 16 0 51 
3925 16 2 51 
3597 16 8 51 
3369 16 14 51 
3301 17 1 51 
3230 17 7 51 
3052 18 8 51 
3046 19 9 51 
2923 19 11 51 
2827 19 13 51 
2314 0 13 51 
2009 0 17 51 
2007 1 18 51 
1972 2 19 51 
1969 8 19 51 
1841 10 1 51 
1787 11 0 51 
1584 12 13 51 
1555 13 14 51 
1210 14 15 51 
1158 15 0 51 
934 15 14 51 
322 16 1 51 
121 17 8 51 
5396 18 9 51 
5388 18 11 51 
5385 18 13 51 
5088 19 10 51 
5044 19 12 51 
4921 0 14 51 
4883 0 16 51 
4667 1 13 51 
4504 1 17 51 
4325 2 18 51 
3979 3 19 51 
3915 7 19 51 
3753 8 18 51 
3433 11 1 51 
3294 12 0 51 
3244 13 13 51 
3042 14 0 51 
2841 14 14 51 
2591 15 1 51 
2306 17 9 51 
2241 17 11 51 
2148 17 13 51 
1569 18 10 51 
1525 18 12 51 
1202 0 15 51 
1200 1 14 51 
964 1 16 51 
915 2 17 51 
788 3 16 51 
655 3 18 51 
583 4 19 51 
537 6 19 51 
292 7 18 51 
4966 8 17 51 
4903 12 1 51 
4848 13 0 51 
4812 14 1 51 
4793 14 13 51 
4589 15 2 51 
4297 16 9 51 
3952 16 13 51 
3927 17 10 51 
3866 17 12 51 
3858 1 15 51 
3808 2 16 51 
3733 3 17 51 
3631 4 18 51 
3584 5 19 51 
3459 6 18 51 
3400 7 17 51 
2986 8 16 51 
2934 10 2 51 
2693 12 12 51 
1997 13 1 51 
1319 14 2 51 
1073 14 12 51 
758 15 3 51 
102 15 13 51 
5364 16 10 51 
5252 16 12 51 
5094 2 13 51 
4912 2 15 51 
4901 3 8 51 
4891 3 12 51 
4787 4 17 51 
4749 5 18 51 
4674 6 17 51 
4555 7 16 51 
4457 8 15 51 
4250 10 3 51 
3990 11 2 51 
3887 12 11 51 
3712 13 2 51 
3641 13 12 51 
3346 14 3 51 
3335 15 12 51 
3322 16 11 51 
3145 0 8 51 
2508 0 12 51 
2402 2 8 51 
2212 2 14 51 
2160 3 9 51 
1565 3 13 51 
1187 3 15 51 
1157 4 12 51 
961 4 16 51 
402 5 17 51 
95 6 16 51 
5405 7 15 51 
5291 11 3 51 
4800 12 2 51 
4648 12 10 51 
4260 13 3 51 
4131 13 11 51 
4117 14 4 51 
4083 15 11 51 
3996 0 9 51 
3932 0 11 51 
3749 1 8 51 
3463 1 12 51 
3428 2 9 51 
3389 3 14 51 
3231 4 13 51 
2786 4 15 51 
2651 5 16 51 
2371 6 15 51 
2170 9 4 51 
2146 12 3 51 
2103 13 4 51 
1967 13 10 51 
1677 14 5 51 
1426 14 11 51 
1279 15 10 51 
1097 0 10 51 
1075 1 9 51 
799 1 11 51 
81 2 12 51 
5370 4 14 51 
5250 5 15 51 
5247 8 14 51 
5194 9 5 51 
4806 10 4 51 
4624 12 4 51 
4287 13 5 51 
4169 14 6 51 
4027 14 10 51 
3931 15 7 51 
3919 15 9 51 
3815 1 10 51 
3379 2 11 51 
3319 5 14 51 
3299 7 14 51 
3104 8 13 51 
2642 10 5 51 
2553 11 4 51 
2474 12 5 51 
2454 13 6 51 
2436 14 7 51 
2018 14 9 51 
1963 15 8 51 
1883 2 10 51 
1573 3 11 51 
1491 5 13 51 
1461 6 14 51 
1429 7 13 51 
1245 11 5 51 
474 11 11 51 
208 12 6 51 
5301 13 7 51 
5288 13 9 51 
5098 14 8 51 
4998 3 10 51 
4733 4 11 51 
4481 5 12 51 
4345 6 13 51 
4080 10 11 51 
3993 11 6 51 
3964 11 10 51 
3913 12 7 51 
3281 12 9 51 
3224 13 8 51 
3010 4 10 51 
2759 5 11 51 
2173 6 12 51 
2149 8 12 51 
1719 9 11 51 
1642 10 6 51 
1358 10 10 51 
1199 11 7 51 
1148 11 9 51 
1112 12 8 51 
1061 4 9 51 
1011 5 10 51 
826 6 11 51 
659 7 12 51 
345 8 11 51 
80 9 6 51 
5245 9 10 51 
4988 10 7 51 
4913 10 9 51 
4890 11 8 51 
4742 4 8 51 
4741 5 9 51 
4666 6 10 51 
4542 7 11 51 
4401 8 10 51 
4299 9 7 51 
4128 9 9 51 
4049 10 8 51 
3129 5 8 51 
3113 6 9 51 
2918 7 10 51 
2889 8 9 51 
2673 9 8 51 
2021 6 8 51 
1147 7 9 51 
944 8 8 51 
913 5 0 51 
519 5 2 51 
282 7 8 51 
43 8 7 51 
5012 9 0 51 
4922 5 1 51 
4886 6 0 51 
4658 7 7 51 
4016 8 0 51 
3698 8 4 51 
3613 8 6 51 
3388 9 1 51 
3340 9 3 51 
2606 6 1 51 
2448 6 7 51 
2290 7 0 51 
2230 7 6 51 
1467 8 1 51 
508 8 3 51 
486 8 5 51 
313 9 2 51 
172 5 7 51 
4989 6 6 51 
4798 7 1 51 
4777 7 5 51 
4731 8 2 51 
4402 0 7 51 
4346 4 7 51 
4139 5 6 51 
3250 6 5 51 
3187 7 2 51 
2954 7 4 51 
2818 0 6 51 
1621 1 7 51 
1562 3 7 51 
1107 4 6 51 
7 5 5 51 
5260 6 2 51 
5241 6 4 51 
4505 7 3 51 
4283 0 5 51 
2927 1 6 51 
2500 2 7 51 
2456 3 6 51 
2294 4 5 51 
1711 5 4 51 
1499 6 3 51 
1282 0 4 51 
1255 1 5 51 
1108 2 6 51 
922 3 5 51 
886 4 4 51 
510 5 3 51 
188 1 4 51 
4614 2 5 51 
4392 3 4 51 
3773 4 3 51 
2864 2 4 51 
2540 3 3 51 
2155 4 2 51 
1183 0 3 51 
1008 2 3 51 
294 3 2 51 
4990 4 1 51 
4615 0 2 51 
4431 1 3 51 
4188 2 2 51 
3610 3 1 51 
2647 4 0 51 
1113 0 1 51 
629 1 2 51 
446 2 1 51 
5233 3 0 51 
4718 0 0 51 
4478 1 1 51 
4160 2 0 51 
3954 1 0 51 
2879 1 1 62 
4109 1 2 63 
2913 3 3 64 
4595 3 4 64 
337 1 5 65 
1752 1 6 65 
4608 4 6 66 
1332 5 6 66 
2124 8 1 67 
151 6 11 69 
696 14 8 69 
1449 1 11 71 
1988 3 14 71 
454 6 16 72 
2572 5 18 72 
2806 7 16 72 
3405 4 18 73 
5395 9 19 76 
5036 19 19 76 
4850 9 18 76 
4757 10 19 76 
4643 18 19 76 
4495 19 6 76 
4163 19 18 76 
3675 9 17 76 
3557 10 18 76 
3328 11 19 76 
3179 17 19 76 
3095 18 6 76 
2025 18 18 76 
1987 19 5 76 
1611 19 17 76 
1106 9 16 76 
837 10 17 76 
603 11 18 76 
571 12 19 76 
518 15 6 76 
42 16 19 76 
5120 17 6 76 
4929 17 18 76 
4743 18 5 76 
4344 18 17 76 
3774 19 4 76 
3756 19 16 76 
3653 9 15 76 
3651 10 16 76 
3535 11 17 76 
3262 12 18 76 
3125 13 19 76 
2881 15 5 76 
2844 15 19 76 
2775 16 6 76 
2681 16 18 76 
2641 17 5 76 
2622 17 17 76 
2398 18 4 76 
2331 18 16 76 
2325 19 3 76 
2226 19 15 76 
2171 9 12 76 
2116 9 14 76 
1844 10 15 76 
1809 11 16 76 
1580 12 17 76 
1437 13 18 76 
1413 14 19 76 
1365 15 4 76 
1080 15 18 76 
1002 16 5 76 
948 16 17 76 
815 17 4 76 
547 17 16 76 
546 18 3 76 
218 18 15 76 
5115 19 0 76 
4952 19 2 76 
4690 19 14 76 
4625 9 13 76 
4616 10 12 76 
4468 10 14 76 
4454 11 15 76 
4421 12 16 76 
4362 13 17 76 
4232 14 18 76 
4038 15 17 76 
3834 16 4 76 
3549 16 16 76 
3540 17 3 76 
3119 17 15 76 
2872 18 0 76 
2788 18 2 76 
2461 18 14 76 
2349 19 1 76 
2274 19 7 76 
2273 0 19 76 
2258 10 13 76 
2202 11 12 76 
2167 11 14 76 
1924 12 15 76 
1854 13 16 76 
1431 14 17 76 
892 15 16 76 
835 16 3 76 
52 16 7 76 
5104 16 15 76 
4938 17 0 76 
4710 17 2 76 
4679 17 14 76 
4389 18 1 76 
4372 18 7 76 
4258 19 8 76 
4197 0 18 76 
4127 1 19 76 
3696 10 0 76 
3630 11 13 76 
3470 12 14 76 
3313 13 15 76 
3072 14 16 76 
2999 15 15 76 
2943 16 0 76 
2850 16 2 76 
2808 16 8 76 
2571 16 14 76 
2029 17 1 76 
2014 17 7 76 
1768 18 8 76 
1560 19 9 76 
1395 19 11 76 
1025 19 13 76 
888 0 13 76 
854 0 17 76 
775 1 18 76 
746 2 19 76 
698 8 19 76 
419 10 1 76 
336 11 0 76 
329 12 13 76 
196 13 14 76 
78 14 15 76 
5336 15 0 76 
5000 15 14 76 
4968 16 1 76 
4561 17 8 76 
3736 18 9 76 
3729 18 11 76 
3676 18 13 76 
3521 19 10 76 
3461 19 12 76 
3339 0 14 76 
2972 0 16 76 
2921 1 13 76 
2245 1 17 76 
2034 2 18 76 
1919 3 19 76 
1853 7 19 76 
1759 8 18 76 
1489 11 1 76 
1366 12 0 76 
1052 13 13 76 
1006 14 0 76 
920 14 14 76 
817 15 1 76 
774 17 9 76 
739 17 11 76 
667 17 13 76 
641 18 10 76 
488 18 12 76 
432 0 15 76 
4928 1 14 76 
4917 1 16 76 
4847 2 17 76 
4775 3 16 76 
4551 3 18 76 
4550 4 19 76 
4357 6 19 76 
4317 7 18 76 
3718 8 17 76 
3672 12 1 76 
3251 13 0 76 
3209 14 1 76 
2880 14 13 76 
2847 15 2 76 
2509 16 9 76 
2372 16 13 76 
2220 17 10 76 
1937 17 12 76 
1614 1 15 76 
1566 2 16 76 
1479 3 17 76 
1384 4 18 76 
1359 5 19 76 
1237 6 18 76 
1182 7 17 76 
985 8 16 76 
931 10 2 76 
693 12 12 76 
574 13 1 76 
568 14 2 76 
422 14 12 76 
316 15 3 76 
112 15 13 76 
5203 16 10 76 
5040 16 12 76 
4918 2 13 76 
4885 2 15 76 
4782 3 8 76 
4760 3 12 76 
4405 4 17 76 
4101 5 18 76 
4046 6 17 76 
3984 7 16 76 
3759 8 15 76 
3368 10 3 76 
3215 11 2 76 
2247 12 11 76 
1632 13 2 76 
1601 13 12 76 
1559 14 3 76 
1536 15 12 76 
1521 16 11 76 
1488 0 8 76 
1453 0 12 76 
1275 2 8 76 
1228 2 14 76 
1212 3 9 76 
796 3 13 76 
523 3 15 76 
387 4 12 76 
363 4 16 76 
44 5 17 76 
5166 6 16 76 
5140 7 15 76 
4737 11 3 76 
4712 12 2 76 
4368 12 10 76 
4354 13 3 76 
4130 13 11 76 
4058 14 4 76 
3786 15 11 76 
3704 0 9 76 
3686 0 11 76 
3502 1 8 76 
3424 1 12 76 
3268 2 9 76 
2667 3 14 76 
2609 4 13 76 
2543 4 15 76 
2513 5 16 76 
2205 6 15 76 
2165 9 4 76 
2043 12 3 76 
1859 13 4 76 
1604 13 10 76 
1348 14 5 76 
996 14 11 76 
973 15 10 76 
484 0 10 76 
5063 1 9 76 
4899 1 11 76 
4636 2 12 76 
4565 4 14 76 
4088 5 15 76 
4008 8 14 76 
3902 9 5 76 
3685 10 4 76 
3551 12 4 76 
3407 13 5 76 
3398 14 6 76 
3352 14 10 76 
3341 15 7 76 
3019 15 9 76 
2810 1 10 76 
2721 2 11 76 
2415 5 14 76 
2266 7 14 76 
2183 8 13 76 
1862 10 5 76 
1391 11 4 76 
1287 12 5 76 
1236 13 6 76 
1156 14 7 76 
1033 14 9 76 
469 15 8 76 
373 2 10 76 
5277 3 11 76 
5195 5 13 76 
4954 6 14 76 
4767 7 13 76 
4607 11 5 76 
4427 11 11 76 
4365 12 6 76 
4275 13 7 76 
3994 13 9 76 
3978 14 8 76 
3787 3 10 76 
3714 4 11 76 
3609 5 12 76 
3527 6 13 76 
3297 10 11 76 
3196 11 6 76 
3178 11 10 76 
3026 12 7 76 
2962 12 9 76 
2807 13 8 76 
2801 4 10 76 
2789 5 11 76 
2583 6 12 76 
1683 8 12 76 
1539 9 11 76 
1515 10 6 76 
1003 10 10 76 
937 11 7 76 
933 11 9 76 
745 12 8 76 
331 4 9 76 
122 5 10 76 
5191 6 11 76 
4942 7 12 76 
4360 8 11 76 
4186 9 6 76 
3617 9 10 76 
3591 10 7 76 
3274 10 9 76 
3271 11 8 76 
3263 4 8 76 
3084 5 9 76 
3058 6 10 76 
2735 7 11 76 
2711 8 10 76 
2684 9 7 76 
2557 9 9 76 
1965 10 8 76 
1794 5 8 76 
1356 6 9 76 
1209 7 10 76 
1208 8 9 76 
657 9 8 76 
623 6 8 76 
573 7 9 76 
564 8 8 76 
463 5 0 76 
24 5 2 76 
5026 7 8 76 
4500 8 7 76 
4485 9 0 76 
3900 5 1 76 
3837 6 0 76 
3616 7 7 76 
3327 8 0 76 
3304 8 4 76 
3136 8 6 76 
2928 9 1 76 
2706 9 3 76 
2689 6 1 76 
2672 6 7 76 
2650 7 0 76 
2573 7 6 76 
2496 8 1 76 
2307 8 3 76 
2026 8 5 76 
1913 9 2 76 
1706 5 7 76 
1633 6 6 76 
1476 7 1 76 
1368 7 5 76 
1110 8 2 76 
850 0 7 76 
845 4 7 76 
572 5 6 76 
503 6 5 76 
168 7 2 76 
135 7 4 76 
5 0 6 76 
5379 1 7 76 
5152 3 7 76 
4816 4 6 76 
3370 5 5 76 
3158 6 2 76 
3030 6 4 76 
2627 7 3 76 
2430 0 5 76 
1300 1 6 76 
968 2 7 76 
807 3 6 76 
5201 4 5 76 
5058 5 4 76 
4981 6 3 76 
4722 0 4 76 
3643 1 5 76 
3614 2 6 76 
3509 3 5 76 
2953 4 4 76 
2892 5 3 76 
2601 1 4 76 
1805 2 5 76 
1347 3 4 76 
856 4 3 76 
843 2 4 76 
97 3 3 76 
75 4 2 76 
5386 0 3 76 
5302 2 3 76 
5270 3 2 76 
5226 4 1 76 
5070 0 2 76 
3813 1 3 76 
3707 2 2 76 
2778 3 1 76 
2255 4 0 76 
1563 0 1 76 
5207 1 2 76 
4659 2 1 76 
3404 3 0 76 
3133 0 0 76 
1964 1 1 76 
1146 2 0 76 
1053 1 0 76 
2409 1 1 88 
236 1 2 88 
2973 3 3 90 
158 3 4 90 
2231 1 5 90 
3218 1 6 91 
3270 4 6 91 
260 5 6 92 
1535 8 1 92 
5360 6 11 93 
1077 14 8 94 
405 1 11 95 
1505 3 14 96 
116 6 16 96 
1917 5 18 97 
2479 7 16 97 
2162 4 18 98 
3438 1 16 98 
3576 1 17 99 
