1869
3784 19 10 1 
3706 18 10 1 
3656 19 11 1 
3624 17 10 1 
3605 18 11 1 
3574 19 0 1 
3373 19 12 1 
3315 17 11 1 
3296 18 0 1 
3180 18 12 1 
3103 19 1 1 
2966 19 13 1 
2945 19 19 1 
2906 0 19 1 
2856 17 0 1 
2791 17 12 1 
2475 18 1 1 
2379 18 13 1 
2283 18 19 1 
2075 19 2 1 
1902 19 14 1 
1642 19 18 1 
1443 0 18 1 
1369 1 19 1 
1285 16 0 1 
1182 17 1 1 
1039 17 13 1 
845 17 19 1 
660 18 2 1 
199 18 14 1 
105 18 18 1 
88 19 3 1 
10 19 15 1 
3870 19 17 1 
3842 0 15 1 
3800 0 17 1 
3781 1 18 1 
3493 2 19 1 
3487 15 0 1 
3368 16 1 1 
3350 16 13 1 
2838 16 19 1 
2798 17 2 1 
2733 17 14 1 
2664 17 18 1 
2608 18 3 1 
2251 18 15 1 
2030 18 17 1 
1868 19 4 1 
1861 19 16 1 
1124 0 16 1 
915 1 15 1 
889 1 17 1 
823 2 18 1 
786 3 19 1 
755 10 0 1 
691 14 0 1 
611 15 1 1 
600 15 13 1 
554 15 19 1 
537 16 2 1 
511 16 14 1 
92 16 18 1 
77 17 3 1 
3732 17 15 1 
3644 17 17 1 
3389 18 4 1 
3379 18 16 1 
3318 19 5 1 
3188 1 16 1 
3051 2 15 1 
2962 2 17 1 
2759 3 18 1 
2140 4 19 1 
1726 10 1 1 
1547 11 0 1 
1416 13 0 1 
1366 14 1 1 
783 14 13 1 
705 14 19 1 
251 15 2 1 
119 15 14 1 
3562 15 18 1 
3536 16 3 1 
3081 16 15 1 
3061 16 17 1 
2960 17 4 1 
2841 17 16 1 
2804 18 5 1 
2565 19 6 1 
2463 0 8 1 
2445 0 14 1 
2353 2 16 1 
2182 3 15 1 
2170 3 17 1 
2164 4 18 1 
2104 5 19 1 
2005 10 2 1 
1958 11 1 1 
1912 12 0 1 
1695 13 1 1 
1637 13 19 1 
1142 14 2 1 
1109 14 14 1 
961 14 18 1 
768 15 3 1 
264 15 15 1 
261 15 17 1 
179 16 4 1 
96 16 16 1 
3847 17 5 1 
3793 18 6 1 
3723 19 7 1 
3547 0 9 1 
3542 0 13 1 
3364 1 8 1 
3358 1 14 1 
3194 3 16 1 
3162 4 15 1 
3048 4 17 1 
3013 5 18 1 
2927 6 19 1 
2458 10 3 1 
2359 11 2 1 
2312 12 1 1 
2162 12 19 1 
2033 13 2 1 
1908 13 18 1 
1743 14 3 1 
1615 14 15 1 
1586 14 17 1 
1553 15 4 1 
1325 15 16 1 
1289 16 5 1 
1013 17 6 1 
865 18 7 1 
653 19 8 1 
274 0 10 1 
41 0 12 1 
3824 1 9 1 
3608 1 13 1 
3486 2 8 1 
3335 2 14 1 
3234 4 16 1 
3224 5 15 1 
3222 5 17 1 
3104 6 18 1 
2858 7 19 1 
2830 11 3 1 
2814 11 19 1 
2461 12 2 1 
2299 12 18 1 
2157 13 3 1 
2150 13 17 1 
1971 14 4 1 
1815 14 16 1 
1779 15 5 1 
1563 16 6 1 
1357 17 7 1 
1339 18 8 1 
1128 19 9 1 
1010 0 11 1 
968 1 10 1 
813 1 12 1 
580 2 9 1 
403 2 13 1 
273 3 14 1 
150 5 16 1 
107 6 15 1 
3770 6 17 1 
3689 7 18 1 
3633 8 19 1 
3617 10 19 1 
3578 11 18 1 
3482 12 3 1 
3420 12 17 1 
3346 13 4 1 
2878 13 16 1 
2826 14 5 1 
2597 15 6 1 
2596 16 7 1 
2594 17 8 1 
2265 18 9 1 
2242 1 11 1 
2177 2 10 1 
2173 2 12 1 
2096 3 13 1 
1950 4 14 1 
1939 6 16 1 
1916 7 17 1 
1648 8 18 1 
1504 9 19 1 
1466 10 18 1 
733 11 17 1 
531 12 4 1 
512 12 16 1 
329 13 5 1 
190 13 13 1 
46 13 15 1 
3510 14 6 1 
3422 15 7 1 
3176 16 8 1 
3137 16 12 1 
2651 17 9 1 
2650 2 11 1 
2453 3 12 1 
2095 4 13 1 
1493 5 14 1 
1288 7 16 1 
1200 8 17 1 
1096 9 18 1 
977 10 17 1 
806 11 16 1 
749 12 5 1 
373 12 13 1 
314 12 15 1 
293 13 6 1 
72 13 14 1 
70 14 7 1 
51 15 8 1 
40 15 12 1 
3735 16 9 1 
3541 16 11 1 
3470 3 11 1 
3240 4 12 1 
2934 5 13 1 
2898 6 14 1 
2785 7 15 1 
2782 8 16 1 
2317 9 17 1 
1872 10 16 1 
1719 11 15 1 
1666 12 6 1 
1350 12 14 1 
1181 13 7 1 
1095 14 8 1 
933 14 12 1 
504 15 9 1 
267 15 11 1 
3293 16 10 1 
3149 3 10 1 
2809 4 11 1 
2740 5 12 1 
2413 6 13 1 
2272 7 14 1 
2175 8 15 1 
2155 9 16 1 
2154 10 15 1 
2012 11 14 1 
1761 12 7 1 
1656 13 8 1 
1601 13 12 1 
1406 14 9 1 
1257 14 11 1 
958 15 10 1 
844 3 9 1 
830 4 10 1 
585 5 11 1 
405 6 12 1 
3834 7 13 1 
3757 8 14 1 
3571 9 15 1 
3515 10 14 1 
3507 11 13 1 
3407 12 8 1 
3330 12 12 1 
3323 13 9 1 
3316 13 11 1 
3225 14 10 1 
3210 0 7 1 
3183 3 8 1 
3109 4 9 1 
3066 5 10 1 
2994 6 11 1 
2677 7 12 1 
2638 8 13 1 
2402 9 14 1 
2375 10 13 1 
2279 11 12 1 
2268 12 9 1 
2229 12 11 1 
1716 13 10 1 
1605 0 6 1 
1311 1 7 1 
886 4 8 1 
774 5 9 1 
759 6 10 1 
748 7 11 1 
518 8 12 1 
385 9 13 1 
3651 10 12 1 
3369 11 11 1 
3056 12 10 1 
2901 0 5 1 
2707 1 6 1 
2555 2 7 1 
2407 5 8 1 
2374 6 9 1 
2144 7 10 1 
2110 8 11 1 
1736 9 12 1 
1704 10 11 1 
1683 11 10 1 
1633 0 4 1 
1562 1 5 1 
1378 2 6 1 
1303 3 7 1 
1036 6 8 1 
1005 7 9 1 
989 8 10 1 
696 9 11 1 
639 10 10 1 
635 11 9 1 
223 0 3 1 
173 1 4 1 
67 2 5 1 
35 3 6 1 
7 4 7 1 
3750 6 7 1 
3516 7 8 1 
2897 8 9 1 
2393 9 10 1 
2129 10 9 1 
1891 11 8 1 
1749 0 2 1 
1635 1 3 1 
1483 2 4 1 
1469 3 5 1 
1462 4 6 1 
1420 5 7 1 
1367 7 7 1 
892 8 8 1 
862 9 9 1 
571 10 8 1 
342 11 7 1 
212 0 1 1 
55 1 2 1 
3715 2 3 1 
3428 3 4 1 
3247 4 5 1 
3027 5 6 1 
2509 8 7 1 
2296 9 8 1 
1998 10 7 1 
1826 11 6 1 
1782 0 0 1 
1344 1 1 1 
1247 2 2 1 
1130 3 3 1 
787 4 4 1 
615 5 5 1 
3766 6 6 1 
3438 9 7 1 
3388 10 6 1 
3251 11 5 1 
2996 1 0 1 
2704 2 1 1 
2451 3 2 1 
2347 4 3 1 
2222 5 4 1 
2103 6 5 1 
1517 7 6 1 
1379 9 6 1 
1295 10 5 1 
1217 11 4 1 
918 2 0 1 
3695 3 1 1 
3658 4 2 1 
3404 5 3 1 
2233 6 4 1 
1841 7 5 1 
985 8 6 1 
625 9 5 1 
414 10 4 1 
19 3 0 1 
3467 4 1 1 
3456 5 2 1 
3439 6 3 1 
3326 7 4 1 
3185 8 5 1 
3134 9 4 1 
2795 4 0 1 
2637 5 1 1 
2610 6 2 1 
2515 7 3 1 
1975 8 4 1 
1807 9 3 1 
1507 5 0 1 
189 6 1 1 
183 7 2 1 
3000 8 3 1 
2495 9 2 1 
2304 6 0 1 
1718 7 1 1 
1674 8 2 1 
400 9 1 1 
348 7 0 1 
3524 8 1 1 
3322 9 0 1 
1621 8 0 1 
1636 8 1 10 
1058 7 1 11 
3751 8 2 11 
380 6 1 12 
2111 7 2 12 
2984 8 3 11 
2332 5 1 12 
32 6 2 12 
139 7 3 12 
431 8 4 12 
1619 4 1 12 
2464 6 3 12 
2922 7 4 12 
3589 8 5 12 
20 3 1 13 
408 7 5 13 
513 9 5 13 
712 2 1 14 
2043 3 2 14 
2197 10 5 14 
555 1 1 15 
2195 2 2 15 
2295 10 6 14 
3401 1 2 16 
3501 4 5 15 
974 9 8 15 
1081 10 7 15 
3232 3 5 16 
3764 4 6 16 
235 8 8 16 
288 10 8 16 
3522 2 5 17 
3875 3 6 17 
1851 8 9 16 
2358 1 5 17 
2410 2 6 17 
2512 7 9 17 
3063 9 11 17 
3514 1 6 17 
441 6 9 17 
560 9 12 17 
898 10 11 17 
1566 5 9 18 
1865 8 12 18 
2338 9 13 18 
2585 10 12 17 
2629 11 11 17 
2968 4 9 18 
2989 5 10 18 
3492 8 13 18 
33 9 14 18 
253 10 13 18 
254 12 11 18 
420 4 10 19 
2539 8 14 18 
2623 10 14 18 
2741 13 11 18 
2781 10 15 19 
3158 13 8 19 
445 14 11 19 
1107 9 17 20 
1144 11 15 20 
2542 13 7 20 
2647 14 8 20 
2935 15 11 20 
3554 3 12 21 
3616 8 17 21 
3802 19 10 26 
3701 18 10 26 
3659 19 11 26 
3641 17 10 26 
3448 18 11 26 
2936 19 0 26 
2890 19 12 26 
2449 17 11 26 
2437 18 0 26 
2415 18 12 26 
2238 19 1 26 
2053 19 13 26 
1978 19 19 26 
1696 0 19 26 
1677 17 0 26 
1616 17 12 26 
1515 18 1 26 
1368 18 13 26 
1335 18 19 26 
1134 19 2 26 
1119 19 14 26 
1114 19 18 26 
997 0 18 26 
988 1 19 26 
838 16 0 26 
800 17 1 26 
797 17 13 26 
588 17 19 26 
201 18 2 26 
156 18 14 26 
39 18 18 26 
3871 19 3 26 
3798 19 15 26 
3733 19 17 26 
3573 0 15 26 
3546 0 17 26 
3348 1 18 26 
3267 2 19 26 
3206 15 0 26 
3072 16 1 26 
2932 16 13 26 
2580 16 19 26 
2049 17 2 26 
1922 17 14 26 
1867 17 18 26 
1866 18 3 26 
1813 18 15 26 
1705 18 17 26 
1678 19 4 26 
1653 19 16 26 
1645 0 16 26 
1509 1 15 26 
1390 1 17 26 
1293 2 18 26 
1082 3 19 26 
893 10 0 26 
770 14 0 26 
641 15 1 26 
317 15 13 26 
307 15 19 26 
170 16 2 26 
3864 16 14 26 
3788 16 18 26 
3028 17 3 26 
2917 17 15 26 
2903 17 17 26 
2900 18 4 26 
2851 18 16 26 
2829 19 5 26 
2783 1 16 26 
2599 2 15 26 
2543 2 17 26 
2384 3 18 26 
2278 4 19 26 
2165 10 1 26 
2055 11 0 26 
1864 13 0 26 
1748 14 1 26 
1742 14 13 26 
1417 14 19 26 
1400 15 2 26 
1274 15 14 26 
1271 15 18 26 
1196 16 3 26 
828 16 15 26 
371 16 17 26 
174 17 4 26 
3623 17 16 26 
3458 18 5 26 
3436 19 6 26 
3220 0 8 26 
3178 0 14 26 
3017 2 16 26 
2988 3 15 26 
2916 3 17 26 
2892 4 18 26 
2823 5 19 26 
2812 10 2 26 
2678 11 1 26 
1948 12 0 26 
1626 13 1 26 
1575 13 19 26 
1346 14 2 26 
1276 14 14 26 
1215 14 18 26 
1212 15 3 26 
1190 15 15 26 
214 15 17 26 
29 16 4 26 
12 16 16 26 
3442 17 5 26 
3308 18 6 26 
3146 19 7 26 
2862 0 9 26 
2648 0 13 26 
2526 1 8 26 
2513 1 14 26 
2502 3 16 26 
2370 4 15 26 
2360 4 17 26 
2334 5 18 26 
2260 6 19 26 
2223 10 3 26 
1960 11 2 26 
1929 12 1 26 
1647 12 19 26 
1539 13 2 26 
1467 13 18 26 
1411 14 3 26 
1290 14 15 26 
1238 14 17 26 
1033 15 4 26 
996 15 16 26 
854 16 5 26 
827 17 6 26 
726 18 7 26 
523 19 8 26 
375 0 10 26 
211 0 12 26 
202 1 9 26 
106 1 13 26 
3561 2 8 26 
3461 2 14 26 
3366 4 16 26 
3272 5 15 26 
3228 5 17 26 
3199 6 18 26 
3086 7 19 26 
3044 11 3 26 
2876 11 19 26 
2736 12 2 26 
2386 12 18 26 
2346 13 3 26 
1886 13 17 26 
1816 14 4 26 
1634 14 16 26 
1594 15 5 26 
1535 16 6 26 
1473 17 7 26 
1413 18 8 26 
1372 19 9 26 
1224 0 11 26 
1151 1 10 26 
1077 1 12 26 
1053 2 9 26 
799 2 13 26 
720 3 14 26 
634 5 16 26 
558 6 15 26 
198 6 17 26 
3877 7 18 26 
3765 8 19 26 
3638 10 19 26 
3591 11 18 26 
3526 12 3 26 
3499 12 17 26 
3383 13 4 26 
3342 13 16 26 
3139 14 5 26 
2706 15 6 26 
2680 16 7 26 
2553 17 8 26 
2519 18 9 26 
2395 1 11 26 
2285 2 10 26 
2066 2 12 26 
2017 3 13 26 
1997 4 14 26 
1914 6 16 26 
1640 7 17 26 
1581 8 18 26 
1525 9 19 26 
1140 10 18 26 
1115 11 17 26 
994 12 4 26 
767 12 16 26 
731 13 5 26 
624 13 13 26 
553 13 15 26 
3687 14 6 26 
3685 15 7 26 
3529 16 8 26 
3207 16 12 26 
3074 17 9 26 
3071 2 11 26 
2970 3 12 26 
2950 4 13 26 
2766 5 14 26 
2659 7 16 26 
2626 8 17 26 
2364 9 18 26 
2274 10 17 26 
2213 11 16 26 
2115 12 5 26 
1954 12 13 26 
1924 12 15 26 
1556 13 6 26 
1385 13 14 26 
746 14 7 26 
706 15 8 26 
668 15 12 26 
508 16 9 26 
3663 16 11 26 
3600 3 11 26 
3464 4 12 26 
3352 5 13 26 
3235 6 14 26 
2995 7 15 26 
2786 8 16 26 
2737 9 17 26 
2485 10 16 26 
2344 11 15 26 
2270 12 6 26 
2011 12 14 26 
1969 13 7 26 
1925 14 8 26 
1775 14 12 26 
1510 15 9 26 
1352 15 11 26 
861 16 10 26 
582 3 10 26 
438 4 11 26 
316 5 12 26 
27 6 13 26 
3872 7 14 26 
3859 8 15 26 
3599 9 16 26 
3564 10 15 26 
3545 11 14 26 
3030 12 7 26 
2622 13 8 26 
2613 13 12 26 
2221 14 9 26 
2180 14 11 26 
2034 15 10 26 
1812 3 9 26 
1538 4 10 26 
1489 5 11 26 
1302 6 12 26 
1294 7 13 26 
1108 8 14 26 
839 9 15 26 
205 10 14 26 
83 11 13 26 
3851 12 8 26 
3828 12 12 26 
3813 13 9 26 
3682 13 11 26 
3274 14 10 26 
3135 0 7 26 
3006 3 8 26 
2701 4 9 26 
2689 5 10 26 
2477 6 11 26 
2252 7 12 26 
2219 8 13 26 
1944 9 14 26 
1435 10 13 26 
1365 11 12 26 
1336 12 9 26 
1127 12 11 26 
181 13 10 26 
49 0 6 26 
13 1 7 26 
3863 4 8 26 
3736 5 9 26 
3731 6 10 26 
3726 7 11 26 
3673 8 12 26 
3670 9 13 26 
3488 10 12 26 
3483 11 11 26 
3302 12 10 26 
3106 0 5 26 
2896 1 6 26 
2849 2 7 26 
2773 5 8 26 
2724 6 9 26 
2723 7 10 26 
2665 8 11 26 
2511 9 12 26 
2421 10 11 26 
2201 11 10 26 
2168 0 4 26 
2001 1 5 26 
1968 2 6 26 
1588 3 7 26 
1574 6 8 26 
1309 7 9 26 
821 8 10 26 
676 9 11 26 
3854 10 10 26 
3646 11 9 26 
3426 0 3 26 
3159 1 4 26 
3157 2 5 26 
2895 3 6 26 
2722 4 7 26 
2522 6 7 26 
2455 7 8 26 
2426 8 9 26 
2106 9 10 26 
1899 10 9 26 
1780 11 8 26 
1698 0 2 26 
837 1 3 26 
704 2 4 26 
278 3 5 26 
146 4 6 26 
109 5 7 26 
44 7 7 26 
26 8 8 26 
3657 9 9 26 
3161 10 8 26 
3151 11 7 26 
3105 0 1 26 
3020 1 2 26 
3001 2 3 26 
2882 3 4 26 
2749 4 5 26 
2315 5 6 26 
2291 8 7 26 
2037 9 8 26 
1817 10 7 26 
1261 11 6 26 
1197 0 0 26 
709 1 1 26 
38 2 2 26 
3628 3 3 26 
3399 4 4 26 
3098 5 5 26 
2938 6 6 26 
2860 9 7 26 
2431 10 6 26 
1982 11 5 26 
1942 1 0 26 
1543 2 1 26 
1329 3 2 26 
1269 4 3 26 
1202 5 4 26 
1006 6 5 26 
341 7 6 26 
3289 9 6 26 
3239 10 5 26 
2873 11 4 26 
2847 2 0 26 
2843 3 1 26 
2747 4 2 26 
2517 5 3 26 
2112 6 4 26 
1980 7 5 26 
1835 8 6 26 
1681 9 5 26 
1355 10 4 26 
703 3 0 26 
564 4 1 26 
399 5 2 26 
396 6 3 26 
169 7 4 26 
60 8 5 26 
3855 9 4 26 
3836 4 0 26 
3424 5 1 26 
3203 6 2 26 
3153 7 3 26 
2482 8 4 26 
2438 9 3 26 
1703 5 0 26 
1083 6 1 26 
3527 7 2 26 
2837 8 3 26 
2471 9 2 26 
2389 6 0 26 
2273 7 1 26 
2246 8 2 26 
1771 9 1 26 
1084 7 0 26 
929 8 1 26 
2760 9 0 26 
740 8 0 26 
1791 8 1 36 
3484 7 1 36 
3782 8 2 36 
127 6 1 37 
162 7 2 36 
1299 8 3 36 
1463 5 1 37 
3611 6 2 37 
351 7 3 37 
417 8 4 37 
547 4 1 38 
1216 6 3 38 
1739 7 4 38 
1766 8 5 38 
2142 3 1 38 
3122 7 5 38 
3629 9 5 38 
682 2 1 39 
872 3 2 39 
1576 10 5 38 
2442 1 1 40 
3412 2 2 40 
160 10 6 39 
622 1 2 40 
725 4 5 40 
777 9 8 40 
1923 10 7 40 
3645 3 5 41 
2937 4 6 41 
3705 8 8 41 
3812 10 8 40 
514 2 5 41 
901 3 6 41 
1052 8 9 41 
1542 1 5 42 
2092 2 6 42 
2204 7 9 42 
2875 9 11 42 
3012 1 6 42 
65 6 9 42 
236 9 12 42 
239 10 11 42 
1702 5 9 42 
1747 8 12 42 
2447 9 13 42 
2653 10 12 42 
2685 11 11 42 
3460 4 9 43 
1750 5 10 43 
2617 8 13 43 
2745 9 14 43 
3469 10 13 43 
3523 12 11 43 
62 4 10 44 
73 8 14 44 
528 10 14 44 
590 13 11 43 
852 10 15 44 
1446 13 8 44 
1506 14 11 44 
1570 9 17 45 
2122 11 15 45 
2309 13 7 45 
3534 14 8 45 
353 15 11 45 
397 3 12 46 
750 8 17 46 
1531 9 18 46 
2277 12 15 46 
2423 13 6 46 
2679 14 7 46 
3666 19 10 51 
3450 18 10 51 
3417 19 11 51 
3299 17 10 51 
3246 18 11 51 
3198 19 0 51 
3114 19 12 51 
3053 17 11 51 
2986 18 0 51 
2549 18 12 51 
2505 19 1 51 
2434 19 13 51 
2324 19 19 51 
2194 0 19 51 
2118 17 0 51 
2100 17 12 51 
1786 18 1 51 
1717 18 13 51 
1651 18 19 51 
1629 19 2 51 
1487 19 14 51 
1464 19 18 51 
930 0 18 51 
890 1 19 51 
867 16 0 51 
766 17 1 51 
493 17 13 51 
471 17 19 51 
270 18 2 51 
3868 18 14 51 
3729 18 18 51 
3477 19 3 51 
3445 19 15 51 
3286 19 17 51 
3200 0 15 51 
3110 0 17 51 
2831 1 18 51 
2668 2 19 51 
2584 15 0 51 
2305 16 1 51 
2284 16 13 51 
2199 16 19 51 
2098 17 2 51 
1983 17 14 51 
1765 17 18 51 
1684 18 3 51 
1673 18 15 51 
1478 18 17 51 
1465 19 4 51 
1402 19 16 51 
1320 0 16 51 
1213 1 15 51 
1141 1 17 51 
1029 2 18 51 
826 3 19 51 
803 10 0 51 
727 14 0 51 
482 15 1 51 
447 15 13 51 
357 15 19 51 
84 16 2 51 
3874 16 14 51 
3867 16 18 51 
3818 17 3 51 
3738 17 15 51 
3722 17 17 51 
3661 18 4 51 
3490 18 16 51 
3489 19 5 51 
3182 1 16 51 
2912 2 15 51 
2754 2 17 51 
2662 3 18 51 
2574 4 19 51 
2520 10 1 51 
2301 11 0 51 
2282 13 0 51 
2123 14 1 51 
2061 14 13 51 
2042 14 19 51 
1972 15 2 51 
1725 15 14 51 
1670 15 18 51 
1559 16 3 51 
1491 16 15 51 
1370 16 17 51 
1314 17 4 51 
1250 17 16 51 
1004 18 5 51 
811 19 6 51 
503 0 8 51 
406 0 14 51 
268 2 16 51 
228 3 15 51 
147 3 17 51 
124 4 18 51 
48 5 19 51 
3826 10 2 51 
3693 11 1 51 
3660 12 0 51 
3479 13 1 51 
3429 13 19 51 
3209 14 2 51 
3097 14 14 51 
3082 14 18 51 
2762 15 3 51 
2738 15 15 51 
2688 15 17 51 
2600 16 4 51 
2582 16 16 51 
2528 17 5 51 
2469 18 6 51 
2362 19 7 51 
2193 0 9 51 
1926 0 13 51 
1692 1 8 51 
1607 1 14 51 
1169 3 16 51 
1105 4 15 51 
1071 4 17 51 
1012 5 18 51 
986 6 19 51 
979 10 3 51 
966 11 2 51 
857 12 1 51 
788 12 19 51 
744 13 2 51 
685 13 18 51 
367 14 3 51 
285 14 15 51 
192 14 17 51 
3681 15 4 51 
3626 15 16 51 
3462 16 5 51 
3130 17 6 51 
3036 18 7 51 
2883 19 8 51 
2819 0 10 51 
2498 0 12 51 
2292 1 9 51 
2160 1 13 51 
2120 2 8 51 
2045 2 14 51 
1905 4 16 51 
1874 5 15 51 
1778 5 17 51 
1755 6 18 51 
1741 7 19 51 
1669 11 3 51 
1654 11 19 51 
1598 12 2 51 
1519 12 18 51 
1244 13 3 51 
993 13 17 51 
917 14 4 51 
836 14 16 51 
738 15 5 51 
722 16 6 51 
455 17 7 51 
339 18 8 51 
131 19 9 51 
97 0 11 51 
3712 1 10 51 
3435 1 12 51 
3309 2 9 51 
3150 2 13 51 
3107 3 14 51 
3087 5 16 51 
2939 6 15 51 
2867 6 17 51 
2716 7 18 51 
2703 8 19 51 
2592 10 19 51 
2590 11 18 51 
2537 12 3 51 
2398 12 17 51 
2330 13 4 51 
2185 13 16 51 
2167 14 5 51 
2018 15 6 51 
1799 16 7 51 
1425 17 8 51 
1389 18 9 51 
1318 1 11 51 
1051 2 10 51 
775 2 12 51 
762 3 13 51 
647 4 14 51 
574 6 16 51 
437 7 17 51 
3876 8 18 51 
3741 9 19 51 
3451 10 18 51 
3434 11 17 51 
3213 12 4 51 
3073 12 16 51 
3059 13 5 51 
2721 13 13 51 
2654 13 15 51 
2631 14 6 51 
2593 15 7 51 
2280 16 8 51 
2093 16 12 51 
2081 17 9 51 
2080 2 11 51 
2028 3 12 51 
1419 4 13 51 
1228 5 14 51 
1218 7 16 51 
1159 8 17 51 
1137 9 18 51 
834 10 17 51 
487 11 16 51 
465 12 5 51 
260 12 13 51 
177 12 15 51 
103 13 6 51 
3881 13 14 51 
3650 14 7 51 
3570 15 8 51 
3540 15 12 51 
3237 16 9 51 
2702 16 11 51 
2640 3 11 51 
2633 4 12 51 
2572 5 13 51 
2354 6 14 51 
2318 7 15 51 
2210 8 16 51 
2190 9 17 51 
1710 10 16 51 
1267 11 15 51 
1061 12 6 51 
1042 12 14 51 
728 13 7 51 
672 14 8 51 
289 14 12 51 
234 15 9 51 
158 15 11 51 
99 16 10 51 
3686 3 10 51 
3539 4 11 51 
3273 5 12 51 
3170 6 13 51 
2870 7 14 51 
2834 8 15 51 
2635 9 16 51 
2609 10 15 51 
2601 11 14 51 
1797 12 7 51 
1745 13 8 51 
1658 13 12 51 
1630 14 9 51 
1593 14 11 51 
1501 15 10 51 
1408 3 9 51 
1337 4 10 51 
1148 5 11 51 
1066 6 12 51 
1008 7 13 51 
472 8 14 51 
3725 9 15 51 
3719 10 14 51 
3704 11 13 51 
3233 12 8 51 
3129 12 12 51 
3127 13 9 51 
2924 13 11 51 
2735 14 10 51 
2571 0 7 51 
2454 3 8 51 
2253 4 9 51 
2245 5 10 51 
2074 6 11 51 
2068 7 12 51 
2044 8 13 51 
1671 9 14 51 
1495 10 13 51 
1457 11 12 51 
1310 12 9 51 
1236 12 11 51 
1235 13 10 51 
1165 0 6 51 
814 1 7 51 
702 4 8 51 
415 5 9 51 
412 6 10 51 
308 7 11 51 
175 8 12 51 
87 9 13 51 
3572 10 12 51 
3391 11 11 51 
3046 12 10 51 
2909 0 5 51 
2880 1 6 51 
2642 2 7 51 
2340 5 8 51 
2257 6 9 51 
2101 7 10 51 
1893 8 11 51 
1714 9 12 51 
1526 10 11 51 
1437 11 10 51 
1432 0 4 51 
1396 1 5 51 
1120 2 6 51 
932 3 7 51 
928 6 8 51 
916 7 9 51 
681 8 10 51 
3598 9 11 51 
3533 10 10 51 
3336 11 9 51 
3248 0 3 51 
3116 1 4 51 
2952 2 5 51 
2533 3 6 51 
2428 4 7 51 
2355 6 7 51 
2087 7 8 51 
2009 8 9 51 
1530 9 10 51 
1298 10 9 51 
1273 11 8 51 
1225 0 2 51 
1143 1 3 51 
1106 2 4 51 
876 3 5 51 
831 4 6 51 
665 5 7 51 
633 7 7 51 
426 8 8 51 
194 9 9 51 
3700 10 8 51 
3637 11 7 51 
3192 0 1 51 
2869 1 2 51 
2767 2 3 51 
2763 3 4 51 
2569 4 5 51 
2544 5 6 51 
2460 8 7 51 
2419 9 8 51 
2378 10 7 51 
2113 11 6 51 
2070 0 0 51 
1805 1 1 51 
1772 2 2 51 
1622 3 3 51 
1139 4 4 51 
1080 5 5 51 
940 6 6 51 
920 9 7 51 
662 10 6 51 
427 11 5 51 
3236 1 0 51 
3221 2 1 51 
2948 3 2 51 
2821 4 3 51 
2739 5 4 51 
1904 6 5 51 
1624 7 6 51 
1602 9 6 51 
1152 10 5 51 
752 11 4 51 
3530 2 0 51 
2758 3 1 51 
2263 4 2 51 
1843 5 3 51 
1638 6 4 51 
1427 7 5 51 
1220 8 6 51 
942 9 5 51 
133 10 4 51 
16 3 0 51 
3776 4 1 51 
3556 5 2 51 
2628 6 3 51 
2051 7 4 51 
2050 8 5 51 
3703 9 4 51 
3509 4 0 51 
3144 5 1 51 
2732 6 2 51 
2727 7 3 51 
2248 8 4 51 
2062 9 3 51 
2046 5 0 51 
981 6 1 51 
825 7 2 51 
579 8 3 51 
578 9 2 51 
302 6 0 51 
3582 7 1 51 
3282 8 2 51 
2507 9 1 51 
2139 7 0 51 
1849 8 1 51 
1650 9 0 51 
3809 8 0 51 
904 8 1 61 
3654 7 1 61 
1102 8 2 61 
2646 6 1 62 
436 7 2 62 
715 8 3 62 
751 5 1 62 
2264 6 2 62 
240 7 3 62 
457 8 4 62 
3226 4 1 63 
3555 6 3 63 
3632 7 4 63 
735 8 5 63 
209 3 1 64 
275 7 5 64 
334 9 5 64 
956 2 1 65 
1567 3 2 65 
1854 10 5 65 
366 1 1 66 
2443 2 2 66 
2666 10 6 66 
2954 1 2 66 
3266 4 5 66 
3344 9 8 66 
3396 10 7 66 
266 3 5 67 
3075 4 6 67 
3241 8 8 67 
11 10 8 66 
1259 2 5 67 
3143 3 6 67 
3642 8 9 67 
215 1 5 68 
354 2 6 68 
591 7 9 68 
817 9 11 67 
1246 1 6 68 
1516 6 9 68 
2606 9 12 68 
2800 10 11 68 
453 5 9 69 
855 8 12 69 
1091 9 13 69 
1111 10 12 68 
1773 11 11 68 
71 4 9 69 
350 5 10 69 
383 8 13 69 
967 9 14 69 
1022 10 13 69 
1431 12 11 69 
2218 4 10 70 
2806 8 14 70 
3447 10 14 69 
98 13 11 69 
233 10 15 70 
637 13 8 70 
654 14 11 70 
1226 9 17 71 
1380 11 15 71 
2516 13 7 71 
3792 19 10 76 
3543 18 10 76 
3491 19 11 76 
3328 17 10 76 
3253 18 11 76 
3128 19 0 76 
3043 19 12 76 
3033 17 11 76 
2964 18 0 76 
2564 18 12 76 
2404 19 1 76 
2085 19 13 76 
2008 19 19 76 
1977 0 19 76 
1949 17 0 76 
1809 17 12 76 
1720 18 1 76 
1554 18 13 76 
1441 18 19 76 
1241 19 2 76 
1050 19 14 76 
851 19 18 76 
724 0 18 76 
661 1 19 76 
384 16 0 76 
319 17 1 76 
204 17 13 76 
129 17 19 76 
3878 18 2 76 
3786 18 14 76 
3743 18 18 76 
3310 19 3 76 
3306 19 15 76 
3281 19 17 76 
3193 0 15 76 
2793 0 17 76 
2383 1 18 76 
2091 2 19 76 
2052 15 0 76 
1852 16 1 76 
1757 16 13 76 
1387 16 19 76 
1375 17 2 76 
1078 17 14 76 
1017 17 18 76 
894 18 3 76 
891 18 15 76 
507 18 17 76 
69 19 4 76 
14 19 16 76 
3835 0 16 76 
3604 1 15 76 
3588 1 17 76 
3485 2 18 76 
3452 3 19 76 
3440 10 0 76 
3290 14 0 76 
3245 15 1 76 
3132 15 13 76 
3045 15 19 76 
2787 16 2 76 
2579 16 14 76 
1672 16 18 76 
1620 17 3 76 
1590 17 15 76 
1580 17 17 76 
1476 18 4 76 
1219 18 16 76 
1047 19 5 76 
954 1 16 76 
897 2 15 76 
896 2 17 76 
887 3 18 76 
880 4 19 76 
792 10 1 76 
535 11 0 76 
219 13 0 76 
180 14 1 76 
82 14 13 76 
3553 14 19 76 
3532 15 2 76 
3480 15 14 76 
3421 15 18 76 
3070 16 3 76 
2698 16 15 76 
2694 16 17 76 
2657 17 4 76 
2418 17 16 76 
2189 18 5 76 
2149 19 6 76 
2121 0 8 76 
1973 0 14 76 
1753 2 16 76 
1376 3 15 76 
1333 3 17 76 
1313 4 18 76 
1123 5 19 76 
1020 10 2 76 
955 11 1 76 
853 12 0 76 
816 13 1 76 
742 13 19 76 
674 14 2 76 
231 14 14 76 
152 14 18 76 
68 15 3 76 
3671 15 15 76 
3669 15 17 76 
3550 16 4 76 
3437 16 16 76 
3397 17 5 76 
3394 18 6 76 
3314 19 7 76 
3288 0 9 76 
3230 0 13 76 
3216 1 8 76 
3123 1 14 76 
3018 3 16 76 
2985 4 15 76 
2857 4 17 76 
2796 5 18 76 
2625 6 19 76 
2619 10 3 76 
2514 11 2 76 
2403 12 1 76 
2388 12 19 76 
2216 13 2 76 
2145 13 18 76 
2047 14 3 76 
2026 14 15 76 
1993 14 17 76 
1989 15 4 76 
1911 15 16 76 
1877 16 5 76 
1808 17 6 76 
1781 18 7 76 
1611 19 8 76 
1418 0 10 76 
1382 0 12 76 
1308 1 9 76 
1129 1 13 76 
991 2 8 76 
815 2 14 76 
776 4 16 76 
439 5 15 76 
42 5 17 76 
3879 6 18 76 
3796 7 19 76 
3756 11 3 76 
3749 11 19 76 
3298 12 2 76 
3292 12 18 76 
3223 13 3 76 
2974 13 17 76 
2750 14 4 76 
2618 14 16 76 
2595 15 5 76 
2411 16 6 76 
2401 17 7 76 
2287 18 8 76 
2116 19 9 76 
2054 0 11 76 
2040 1 10 76 
2003 1 12 76 
2000 2 9 76 
1936 2 13 76 
1921 3 14 76 
999 5 16 76 
859 6 15 76 
782 6 17 76 
322 7 18 76 
291 8 19 76 
3166 10 19 76 
3125 11 18 76 
3069 12 3 76 
2981 12 17 76 
2919 13 4 76 
2818 13 16 76 
2744 14 5 76 
2720 15 6 76 
2552 16 7 76 
2290 17 8 76 
2249 18 9 76 
2082 1 11 76 
1992 2 10 76 
1928 2 12 76 
1836 3 13 76 
1811 4 14 76 
1631 6 16 76 
1424 7 17 76 
1410 8 18 76 
1398 9 19 76 
1191 10 18 76 
1179 11 17 76 
1160 12 4 76 
847 12 16 76 
687 13 5 76 
669 13 13 76 
589 13 15 76 
501 14 6 76 
246 15 7 76 
148 16 8 76 
140 16 12 76 
3724 17 9 76 
3672 2 11 76 
3181 3 12 76 
2825 4 13 76 
2815 5 14 76 
2797 7 16 76 
2634 8 17 76 
2588 9 18 76 
2414 10 17 76 
2373 11 16 76 
2188 12 5 76 
2127 12 13 76 
1987 12 15 76 
1947 13 6 76 
1934 13 14 76 
1884 14 7 76 
1701 15 8 76 
1617 15 12 76 
1522 16 9 76 
1223 16 11 76 
1164 3 11 76 
869 4 12 76 
713 5 13 76 
562 6 14 76 
548 7 15 76 
525 8 16 76 
411 9 17 76 
3866 10 16 76 
3821 11 15 76 
3466 12 6 76 
3403 12 14 76 
3378 13 7 76 
3264 14 8 76 
2993 14 12 76 
2877 15 9 76 
2840 15 11 76 
2757 16 10 76 
2570 3 10 76 
2409 4 11 76 
2351 5 12 76 
2078 6 13 76 
2031 7 14 76 
1994 8 15 76 
1951 9 16 76 
1930 10 15 76 
1729 11 14 76 
1578 12 7 76 
1545 13 8 76 
1500 13 12 76 
1480 14 9 76 
1338 14 11 76 
1317 15 10 76 
1297 3 9 76 
1110 4 10 76 
1086 5 11 76 
1062 6 12 76 
689 7 13 76 
294 8 14 76 
3808 9 15 76 
3643 10 14 76 
3620 11 13 76 
3566 12 8 76 
3418 12 12 76 
3400 13 9 76 
3270 13 11 76 
3131 14 10 76 
3101 0 7 76 
2983 3 8 76 
2730 4 9 76 
2632 5 10 76 
2432 6 11 76 
2425 7 12 76 
2350 8 13 76 
2311 9 14 76 
2308 10 13 76 
2289 11 12 76 
2200 12 9 76 
1688 12 11 76 
1183 13 10 76 
1088 0 6 76 
1001 1 7 76 
779 4 8 76 
347 5 9 76 
3865 6 10 76 
3191 7 11 76 
2977 8 12 76 
2342 9 13 76 
2266 10 12 76 
2133 11 11 76 
1848 12 10 76 
1822 0 5 76 
1768 1 6 76 
1694 2 7 76 
1551 5 8 76 
1498 6 9 76 
807 7 10 76 
698 8 11 76 
568 9 12 76 
369 10 11 76 
364 11 10 76 
303 0 4 76 
121 1 5 76 
37 2 6 76 
3873 3 7 76 
3850 6 8 76 
3716 7 9 76 
3679 8 10 76 
3504 9 11 76 
3382 10 10 76 
3327 11 9 76 
3208 0 3 76 
3187 1 4 76 
3142 2 5 76 
2982 3 6 76 
2649 4 7 76 
2363 6 7 76 
2269 7 8 76 
2256 8 9 76 
1456 9 10 76 
1386 10 9 76 
1117 11 8 76 
1103 0 2 76 
1101 1 3 76 
1030 2 4 76 
873 3 5 76 
711 4 6 76 
680 5 7 76 
50 7 7 76 
3839 8 8 76 
3707 9 9 76 
3284 10 8 76 
3090 11 7 76 
2923 0 1 76 
2714 1 2 76 
2493 2 3 76 
2010 3 4 76 
1842 4 5 76 
1731 5 6 76 
1138 8 7 76 
900 9 8 76 
581 10 7 76 
577 11 6 76 
218 0 0 76 
86 1 1 76 
18 2 2 76 
3758 3 3 76 
3734 4 4 76 
3667 5 5 76 
3067 6 6 76 
2925 9 7 76 
2850 10 6 76 
2673 11 5 76 
2322 1 0 76 
1777 2 1 76 
1606 3 2 76 
1360 4 3 76 
3702 5 4 76 
3601 6 5 76 
3496 7 6 76 
3353 9 6 76 
2953 10 5 76 
2911 11 4 76 
2824 2 0 76 
2530 3 1 76 
2372 4 2 76 
1855 5 3 76 
1744 6 4 76 
963 7 5 76 
842 8 6 76 
510 9 5 76 
279 10 4 76 
4 3 0 76 
3844 4 1 76 
3769 5 2 76 
2928 6 3 76 
2775 7 4 76 
941 8 5 76 
499 9 4 76 
309 4 0 76 
3698 5 1 76 
3408 6 2 76 
3345 7 3 76 
3243 8 4 76 
2575 9 3 76 
2444 5 0 76 
2391 6 1 76 
2377 7 2 76 
1708 8 3 76 
1536 9 2 76 
1502 6 0 76 
3783 7 1 76 
3568 8 2 76 
3463 9 1 76 
3113 7 0 76 
1758 8 1 76 
3597 9 0 76 
3565 8 0 76 
1330 8 1 86 
1454 7 1 86 
326 8 2 86 
2321 6 1 87 
2448 7 2 87 
2822 8 3 87 
3303 5 1 87 
1486 6 2 87 
1919 7 3 87 
2881 8 4 87 
442 4 1 88 
1326 6 3 88 
1449 7 4 88 
3229 8 5 88 
230 3 1 89 
734 7 5 89 
1155 9 5 89 
1614 2 1 90 
2554 3 2 90 
3259 10 5 89 
3747 1 1 91 
1697 2 2 91 
2656 10 6 90 
608 1 2 91 
617 4 5 91 
721 9 8 91 
1676 10 7 91 
2099 3 5 92 
3312 4 6 92 
423 8 8 91 
542 10 8 91 
3602 2 5 92 
304 3 6 92 
771 8 9 92 
1300 1 5 93 
1641 2 6 93 
1643 7 9 92 
2316 9 11 92 
2474 1 6 93 
3471 6 9 93 
54 9 12 93 
136 10 11 93 
407 5 9 94 
1986 8 12 93 
3761 9 13 93 
3841 10 12 93 
153 11 11 93 
576 4 9 94 
822 5 10 94 
902 8 13 94 
1092 9 14 94 
1384 10 13 94 
1913 12 11 94 
2529 4 10 95 
2893 8 14 95 
3402 10 14 94 
3759 13 11 94 
31 10 15 95 
432 13 8 95 
452 14 11 95 
908 9 17 96 
1296 11 15 95 
1415 13 7 95 
1898 14 8 95 
2072 15 11 95 
2105 3 12 96 
2228 8 17 96 
3163 9 18 96 
