1921
4740 19 19 1 
4633 18 19 1 
4596 19 10 1 
4273 19 18 1 
4012 17 19 1 
3987 18 10 1 
3665 18 18 1 
3447 19 11 1 
3445 19 17 1 
3323 16 19 1 
3117 17 10 1 
3068 17 18 1 
3066 18 11 1 
3065 18 17 1 
2703 19 12 1 
2677 19 16 1 
2579 15 19 1 
2352 16 10 1 
2247 16 18 1 
2236 17 11 1 
1969 17 17 1 
1385 18 12 1 
791 18 16 1 
376 19 13 1 
374 19 15 1 
111 14 19 1 
20 15 10 1 
4893 15 18 1 
4861 16 11 1 
4824 16 17 1 
4661 17 12 1 
4542 17 16 1 
4450 18 13 1 
4277 18 15 1 
4248 19 14 1 
3959 13 19 1 
3760 14 10 1 
3563 14 18 1 
3494 15 11 1 
3138 15 17 1 
3082 16 12 1 
3021 16 16 1 
2951 17 13 1 
2291 17 15 1 
1881 18 14 1 
1677 12 19 1 
1030 13 10 1 
981 13 18 1 
364 14 11 1 
155 14 17 1 
48 15 12 1 
4781 15 16 1 
4752 16 13 1 
4719 16 15 1 
4654 17 14 1 
4231 11 19 1 
4011 12 18 1 
3894 13 11 1 
3406 13 17 1 
3147 14 12 1 
2910 14 16 1 
2761 15 13 1 
2658 15 15 1 
2635 16 14 1 
2565 0 19 1 
2173 10 19 1 
2154 11 18 1 
2061 12 17 1 
1791 13 12 1 
1747 13 16 1 
1628 14 13 1 
1552 14 15 1 
1509 15 14 1 
1349 0 18 1 
1099 1 19 1 
818 9 19 1 
801 10 18 1 
533 11 17 1 
454 12 16 1 
433 13 13 1 
165 13 15 1 
163 14 14 1 
4952 0 17 1 
4780 1 18 1 
4723 2 19 1 
4635 8 19 1 
4592 9 18 1 
4455 10 17 1 
4444 11 16 1 
4307 12 15 1 
4262 13 14 1 
4254 0 16 1 
4247 1 17 1 
4241 2 18 1 
4239 3 19 1 
3649 7 19 1 
3488 8 18 1 
3429 9 17 1 
3027 10 16 1 
2847 11 15 1 
2491 12 14 1 
2331 0 15 1 
2087 1 16 1 
1943 2 17 1 
1867 3 18 1 
1716 4 19 1 
1605 6 19 1 
1355 7 18 1 
1335 8 17 1 
1068 9 16 1 
906 10 15 1 
666 11 14 1 
162 12 13 1 
4820 0 14 1 
4791 1 15 1 
4741 2 16 1 
4700 3 17 1 
4416 4 18 1 
4358 5 19 1 
4286 6 18 1 
4111 7 17 1 
4004 8 16 1 
3926 9 15 1 
3852 10 14 1 
3846 11 13 1 
3746 12 10 1 
3723 12 12 1 
3714 1 14 1 
3541 2 15 1 
3209 3 16 1 
3128 4 17 1 
2509 5 18 1 
2496 6 17 1 
2318 7 16 1 
1999 8 15 1 
1766 9 14 1 
1664 10 13 1 
1618 11 10 1 
1532 11 12 1 
1212 12 11 1 
950 2 14 1 
929 3 15 1 
763 4 16 1 
724 5 17 1 
120 6 16 1 
4890 7 15 1 
4819 8 14 1 
4674 9 13 1 
4637 10 12 1 
4180 11 11 1 
3897 3 14 1 
3673 4 15 1 
3044 5 16 1 
2766 6 15 1 
2683 7 14 1 
2630 8 13 1 
2461 9 12 1 
2375 10 11 1 
1870 4 14 1 
1681 5 15 1 
1660 6 14 1 
1513 7 13 1 
1438 8 12 1 
1226 9 11 1 
999 0 13 1 
889 5 14 1 
829 6 13 1 
775 7 12 1 
768 8 11 1 
684 0 12 1 
3 1 13 1 
4914 5 13 1 
4403 6 12 1 
4203 7 11 1 
4172 0 11 1 
4087 1 12 1 
4007 2 13 1 
3957 4 13 1 
3949 5 12 1 
3862 6 11 1 
3686 0 10 1 
3035 1 11 1 
2616 2 12 1 
2445 3 13 1 
2411 4 12 1 
2314 5 11 1 
2251 0 9 1 
2188 1 10 1 
2175 2 11 1 
2153 3 12 1 
2099 4 11 1 
2068 0 8 1 
1856 1 9 1 
1836 2 10 1 
1814 3 11 1 
1732 10 10 1 
1504 0 7 1 
1471 1 8 1 
1434 2 9 1 
1333 3 10 1 
1307 9 10 1 
1280 10 9 1 
1215 0 6 1 
823 1 7 1 
728 2 8 1 
717 3 9 1 
525 4 10 1 
447 8 10 1 
412 9 9 1 
405 10 8 1 
270 0 5 1 
196 1 6 1 
157 2 7 1 
151 3 8 1 
74 4 9 1 
4870 5 10 1 
4428 7 10 1 
4339 8 9 1 
4279 9 8 1 
4175 10 7 1 
4160 0 4 1 
4107 1 5 1 
4049 2 6 1 
3945 3 7 1 
3642 4 8 1 
3313 5 9 1 
3279 6 10 1 
3197 7 9 1 
2945 8 8 1 
2679 9 7 1 
2568 10 6 1 
2179 19 9 1 
2176 0 3 1 
1978 1 4 1 
1947 2 5 1 
1912 3 6 1 
1773 4 7 1 
1672 5 8 1 
1582 6 9 1 
1537 7 8 1 
1339 8 7 1 
1199 9 6 1 
975 10 5 1 
854 18 9 1 
677 19 8 1 
501 0 2 1 
417 1 3 1 
226 2 4 1 
4734 3 5 1 
4695 4 6 1 
4602 5 7 1 
4520 6 8 1 
4500 7 7 1 
4023 8 6 1 
3748 9 5 1 
3462 10 4 1 
3373 17 9 1 
3215 18 8 1 
3210 19 7 1 
3039 0 1 1 
2690 1 2 1 
2639 2 3 1 
2280 3 4 1 
1942 4 5 1 
1820 5 6 1 
1817 6 7 1 
1606 7 6 1 
1344 8 5 1 
1024 9 4 1 
1014 16 9 1 
1001 17 8 1 
719 18 7 1 
710 19 6 1 
540 0 0 1 
388 1 1 1 
338 2 2 1 
303 3 3 1 
215 4 4 1 
204 5 5 1 
4940 6 6 1 
4735 7 5 1 
4651 8 4 1 
4599 11 9 1 
4449 15 9 1 
4353 16 8 1 
4333 17 7 1 
4305 18 6 1 
3958 19 5 1 
3908 1 0 1 
3512 2 1 1 
3484 3 2 1 
3148 4 3 1 
3109 5 4 1 
2474 6 5 1 
2158 7 4 1 
2157 11 8 1 
1242 12 9 1 
1227 14 9 1 
1185 15 8 1 
984 16 7 1 
491 17 6 1 
127 18 5 1 
4957 19 4 1 
4802 2 0 1 
4503 3 1 1 
4488 4 2 1 
4302 5 3 1 
4144 6 4 1 
3922 11 7 1 
3669 12 8 1 
3558 13 9 1 
3426 14 8 1 
3360 15 7 1 
3126 16 6 1 
2805 17 5 1 
2759 18 4 1 
2141 19 3 1 
1968 3 0 1 
1562 4 1 1 
1556 5 2 1 
1487 6 3 1 
1379 11 6 1 
784 12 7 1 
756 13 8 1 
219 14 7 1 
103 15 6 1 
4627 16 5 1 
4543 17 4 1 
4468 18 3 1 
3887 19 2 1 
3411 4 0 1 
3174 5 1 1 
1864 6 2 1 
1578 7 3 1 
1542 11 5 1 
1044 12 6 1 
90 13 7 1 
19 14 6 1 
4817 15 5 1 
4677 16 4 1 
4539 17 3 1 
4459 18 2 1 
4267 19 1 1 
4200 5 0 1 
3728 6 1 1 
3241 7 2 1 
3106 8 3 1 
3102 11 4 1 
3000 12 5 1 
2493 13 6 1 
2321 14 5 1 
2115 15 4 1 
2105 16 3 1 
2045 17 2 1 
943 18 1 1 
712 19 0 1 
568 6 0 1 
551 7 1 1 
499 8 2 1 
408 9 3 1 
282 12 4 1 
4845 13 5 1 
4587 14 4 1 
4472 15 3 1 
3920 16 2 1 
3726 17 1 1 
3453 18 0 1 
2699 7 0 1 
1940 8 1 1 
1777 9 2 1 
1527 10 3 1 
1071 13 4 1 
1031 14 3 1 
558 15 2 1 
545 16 1 1 
335 17 0 1 
4951 8 0 1 
3942 9 1 1 
3571 10 2 1 
3402 11 3 1 
3011 13 3 1 
2674 14 2 1 
2284 15 1 1 
1594 16 0 1 
1206 9 0 1 
143 10 1 1 
4567 11 2 1 
4093 12 3 1 
3992 13 2 1 
3837 14 1 1 
2075 15 0 1 
1399 10 0 1 
301 11 1 1 
4229 12 2 1 
3361 13 1 1 
3127 14 0 1 
554 11 0 1 
239 12 1 1 
4753 13 0 1 
4318 12 0 1 
172 12 1 12 
1810 11 1 13 
4171 12 2 12 
1287 13 1 12 
451 10 1 14 
2692 11 2 13 
4696 13 2 13 
944 14 1 13 
2392 9 1 14 
2449 10 2 14 
3405 14 2 14 
3951 15 1 14 
1108 8 1 15 
1356 9 2 15 
4572 14 3 15 
29 15 2 15 
181 16 1 15 
1357 7 1 16 
379 8 2 16 
608 13 5 15 
734 14 4 15 
1495 15 3 15 
2539 16 2 15 
2916 17 1 15 
3061 6 1 16 
3251 7 2 16 
3734 12 5 16 
567 13 6 16 
1050 15 4 16 
1478 16 3 16 
1494 17 2 16 
1874 18 1 16 
2465 5 1 17 
3773 6 2 17 
4338 12 6 17 
4751 13 7 17 
516 16 4 16 
715 17 3 16 
846 18 2 16 
1666 4 1 18 
2288 5 2 18 
2650 12 7 18 
3266 13 8 18 
3498 16 5 17 
3513 17 4 17 
3551 18 3 17 
3570 3 1 18 
4154 4 2 18 
4838 5 3 18 
249 12 8 18 
683 16 6 18 
1040 17 5 18 
1259 18 4 18 
1293 2 1 19 
1623 3 2 19 
1634 4 3 19 
1925 5 4 19 
2498 6 5 19 
3857 16 7 19 
3895 17 6 19 
4608 18 5 19 
118 1 1 20 
668 2 2 20 
1020 3 3 20 
3332 4 4 20 
3933 6 6 19 
4145 7 5 19 
4852 16 8 19 
148 17 7 19 
765 18 6 19 
770 1 2 20 
1314 2 3 20 
2018 3 4 20 
2248 6 7 20 
2701 7 6 20 
2968 8 5 20 
3299 17 8 20 
3326 18 7 20 
3510 1 3 21 
3989 2 4 21 
4512 5 7 20 
4733 6 8 20 
4897 7 7 20 
4779 19 19 26 
4746 18 19 26 
4408 19 10 26 
4347 19 18 26 
4290 17 19 26 
4228 18 10 26 
4220 18 18 26 
3713 19 11 26 
3622 19 17 26 
3577 16 19 26 
3542 17 10 26 
3516 17 18 26 
3507 18 11 26 
3448 18 17 26 
3354 19 12 26 
3353 19 16 26 
3169 15 19 26 
3120 16 10 26 
3104 16 18 26 
3050 17 11 26 
2862 17 17 26 
2721 18 12 26 
2624 18 16 26 
2503 19 13 26 
2093 19 15 26 
1365 14 19 26 
1288 15 10 26 
1275 15 18 26 
1271 16 11 26 
1241 16 17 26 
890 17 12 26 
752 17 16 26 
566 18 13 26 
543 18 15 26 
446 19 14 26 
362 13 19 26 
231 14 10 26 
135 14 18 26 
85 15 11 26 
23 15 17 26 
4930 16 12 26 
4894 16 16 26 
4662 17 13 26 
4579 17 15 26 
4382 18 14 26 
4352 12 19 26 
4224 13 10 26 
4213 13 18 26 
4005 14 11 26 
3806 14 17 26 
3706 15 12 26 
3486 15 16 26 
3310 16 13 26 
3221 16 15 26 
3211 17 14 26 
2728 11 19 26 
2390 12 18 26 
2223 13 11 26 
2205 13 17 26 
2102 14 12 26 
2046 14 16 26 
1894 15 13 26 
1826 15 15 26 
1464 16 14 26 
1159 0 19 26 
928 10 19 26 
794 11 18 26 
706 12 17 26 
696 13 12 26 
663 13 16 26 
493 14 13 26 
72 14 15 26 
4815 15 14 26 
4710 0 18 26 
4639 1 19 26 
4448 9 19 26 
4017 10 18 26 
3767 11 17 26 
3709 12 16 26 
3690 13 13 26 
3320 13 15 26 
3286 14 14 26 
3258 0 17 26 
3204 1 18 26 
3096 2 19 26 
3067 8 19 26 
2617 9 18 26 
1967 10 17 26 
1936 11 16 26 
1788 12 15 26 
1687 13 14 26 
1518 0 16 26 
1395 1 17 26 
1188 2 18 26 
1166 3 19 26 
1161 7 19 26 
1074 8 18 26 
885 9 17 26 
742 10 16 26 
33 11 15 26 
4855 12 14 26 
4726 0 15 26 
4565 1 16 26 
4515 2 17 26 
4253 3 18 26 
4221 4 19 26 
4157 6 19 26 
4126 7 18 26 
4078 8 17 26 
3965 9 16 26 
3939 10 15 26 
3871 11 14 26 
3628 12 13 26 
3568 0 14 26 
3387 1 15 26 
3337 2 16 26 
2818 3 17 26 
2668 4 18 26 
2603 5 19 26 
2576 6 18 26 
2513 7 17 26 
2502 8 16 26 
2337 9 15 26 
2126 10 14 26 
2077 11 13 26 
2056 12 10 26 
2012 12 12 26 
1599 1 14 26 
976 2 15 26 
835 3 16 26 
792 4 17 26 
453 5 18 26 
452 6 17 26 
82 7 16 26 
4803 8 15 26 
4795 9 14 26 
4686 10 13 26 
4312 11 10 26 
4297 11 12 26 
4139 12 11 26 
4131 2 14 26 
3745 3 15 26 
3741 4 16 26 
3427 5 17 26 
3409 6 16 26 
3202 7 15 26 
3172 8 14 26 
2845 9 13 26 
2536 10 12 26 
2440 11 11 26 
2210 3 14 26 
2066 4 15 26 
2032 5 16 26 
1851 6 15 26 
1539 7 14 26 
1501 8 13 26 
1500 9 12 26 
1392 10 11 26 
1123 4 14 26 
905 5 15 26 
305 6 14 26 
191 7 13 26 
140 8 12 26 
54 9 11 26 
46 0 13 26 
4929 5 14 26 
4925 6 13 26 
4720 7 12 26 
4667 8 11 26 
4581 0 12 26 
4577 1 13 26 
4451 5 13 26 
4292 6 12 26 
4055 7 11 26 
4025 0 11 26 
3785 1 12 26 
3674 2 13 26 
3485 4 13 26 
3436 5 12 26 
3296 6 11 26 
3243 0 10 26 
2886 1 11 26 
2745 2 12 26 
2681 3 13 26 
2593 4 12 26 
2019 5 11 26 
2000 0 9 26 
1806 1 10 26 
1796 2 11 26 
1757 3 12 26 
1653 4 11 26 
1310 0 8 26 
1237 1 9 26 
746 2 10 26 
26 3 11 26 
4789 10 10 26 
4759 0 7 26 
4609 1 8 26 
4555 2 9 26 
4436 3 10 26 
4308 9 10 26 
4298 10 9 26 
4014 0 6 26 
3984 1 7 26 
3946 2 8 26 
3938 3 9 26 
3795 4 10 26 
3722 8 10 26 
3618 9 9 26 
3597 10 8 26 
3525 0 5 26 
3467 1 6 26 
3205 2 7 26 
3054 3 8 26 
2457 4 9 26 
2302 5 10 26 
2293 7 10 26 
2273 8 9 26 
2230 9 8 26 
2185 10 7 26 
2014 0 4 26 
1910 1 5 26 
1908 2 6 26 
1852 3 7 26 
1437 4 8 26 
1345 5 9 26 
1028 6 10 26 
960 7 9 26 
822 8 8 26 
760 9 7 26 
749 10 6 26 
676 19 9 26 
626 0 3 26 
573 1 4 26 
283 2 5 26 
4896 3 6 26 
4876 4 7 26 
4712 5 8 26 
4668 6 9 26 
4551 7 8 26 
4322 8 7 26 
3260 9 6 26 
3242 10 5 26 
2839 18 9 26 
2824 19 8 26 
2723 0 2 26 
2640 1 3 26 
2407 2 4 26 
2335 3 5 26 
2271 4 6 26 
1736 5 7 26 
1298 6 8 26 
1262 7 7 26 
1249 8 6 26 
738 9 5 26 
670 10 4 26 
390 17 9 26 
369 18 8 26 
4544 19 7 26 
4421 0 1 26 
3324 1 2 26 
3123 2 3 26 
2980 3 4 26 
2654 4 5 26 
2243 5 6 26 
2129 6 7 26 
2036 7 6 26 
1920 8 5 26 
1919 9 4 26 
1751 16 9 26 
1735 17 8 26 
1614 18 7 26 
1557 19 6 26 
1508 0 0 26 
1414 1 1 26 
79 2 2 26 
4892 3 3 26 
4511 4 4 26 
4422 5 5 26 
4365 6 6 26 
4346 7 5 26 
4283 8 4 26 
4179 11 9 26 
4070 15 9 26 
3930 16 8 26 
3841 17 7 26 
3820 18 6 26 
3814 19 5 26 
3656 1 0 26 
3637 2 1 26 
3633 3 2 26 
3623 4 3 26 
2103 5 4 26 
2030 6 5 26 
1977 7 4 26 
1915 11 8 26 
1173 12 9 26 
1160 14 9 26 
1083 15 8 26 
489 16 7 26 
360 17 6 26 
93 18 5 26 
41 19 4 26 
4645 2 0 26 
4207 3 1 26 
3944 4 2 26 
3924 5 3 26 
3648 6 4 26 
3545 11 7 26 
3227 12 8 26 
2869 13 9 26 
2835 14 8 26 
1988 15 7 26 
1411 16 6 26 
1303 17 5 26 
532 18 4 26 
119 19 3 26 
4961 3 0 26 
4931 4 1 26 
4782 5 2 26 
4669 6 3 26 
4537 11 6 26 
4475 12 7 26 
4112 13 8 26 
4006 14 7 26 
3851 15 6 26 
3533 16 5 26 
2979 17 4 26 
2973 18 3 26 
2828 19 2 26 
2447 4 0 26 
2097 5 1 26 
1966 6 2 26 
1574 7 3 26 
656 11 5 26 
597 12 6 26 
419 13 7 26 
366 14 6 26 
87 15 5 26 
24 16 4 26 
4926 17 3 26 
4906 18 2 26 
4887 19 1 26 
4731 5 0 26 
4649 6 1 26 
4622 7 2 26 
4529 8 3 26 
3978 11 4 26 
3910 12 5 26 
3735 13 6 26 
3275 14 5 26 
2811 15 4 26 
2717 16 3 26 
2659 17 2 26 
2452 18 1 26 
2211 19 0 26 
1935 6 0 26 
1923 7 1 26 
1913 8 2 26 
1408 9 3 26 
1048 12 4 26 
815 13 5 26 
561 14 4 26 
4874 15 3 26 
4831 16 2 26 
4238 17 1 26 
4234 18 0 26 
3936 7 0 26 
2524 8 1 26 
2399 9 2 26 
2364 10 3 26 
2290 13 4 26 
2148 14 3 26 
2107 15 2 26 
1934 16 1 26 
1905 17 0 26 
1846 8 0 26 
1691 9 1 26 
1404 10 2 26 
1323 11 3 26 
1209 13 3 26 
4153 14 2 26 
4061 15 1 26 
3998 16 0 26 
2344 9 0 26 
851 10 1 26 
613 11 2 26 
470 12 3 26 
117 13 2 26 
2631 14 1 26 
2557 15 0 26 
2462 10 0 26 
1603 11 1 26 
1512 12 2 26 
4068 13 1 26 
3057 14 0 26 
2238 11 0 26 
1739 12 1 26 
1502 13 0 26 
986 12 0 26 
837 12 1 37 
1243 11 1 38 
3056 12 2 38 
3599 13 1 37 
4214 10 1 39 
3736 11 2 39 
1863 13 2 39 
2648 14 1 38 
686 9 1 40 
896 10 2 40 
2676 14 2 39 
3059 15 1 39 
3527 8 1 40 
4532 9 2 40 
4681 14 3 40 
4853 15 2 40 
510 16 1 40 
635 7 1 41 
3517 8 2 41 
4560 13 5 41 
106 14 4 41 
110 15 3 40 
290 16 2 40 
821 17 1 40 
1819 6 1 41 
2208 7 2 41 
2306 12 5 41 
2366 13 6 41 
2532 15 4 41 
3850 16 3 41 
3904 17 2 41 
4062 18 1 41 
4453 5 1 42 
355 6 2 42 
1146 12 6 42 
1208 13 7 42 
1299 16 4 42 
1457 17 3 41 
1815 18 2 41 
1946 4 1 42 
2789 5 2 42 
2851 12 7 42 
3124 13 8 42 
3658 16 5 42 
4187 17 4 42 
4242 18 3 42 
4773 3 1 43 
177 4 2 43 
750 5 3 43 
1347 12 8 43 
1898 16 6 43 
2454 17 5 43 
2758 18 4 43 
3422 2 1 44 
3947 3 2 44 
4075 4 3 44 
4168 5 4 44 
4836 6 5 44 
658 16 7 44 
685 17 6 44 
766 18 5 44 
1096 1 1 45 
1600 2 2 45 
1608 3 3 44 
1609 4 4 44 
2218 6 6 44 
2373 7 5 44 
2888 16 8 44 
3681 17 7 44 
4032 18 6 44 
174 1 2 45 
240 2 3 45 
625 3 4 45 
945 6 7 45 
1263 7 6 45 
1317 8 5 45 
1492 17 8 45 
1892 18 7 45 
2356 1 3 46 
4554 19 19 51 
4489 18 19 51 
4406 19 10 51 
4215 19 18 51 
4166 17 19 51 
4010 18 10 51 
3844 18 18 51 
3450 19 11 51 
3415 19 17 51 
3160 16 19 51 
3152 17 10 51 
3079 17 18 51 
2981 18 11 51 
2751 18 17 51 
2495 19 12 51 
2276 19 16 51 
2219 15 19 51 
2150 16 10 51 
2147 16 18 51 
2145 17 11 51 
2098 17 17 51 
1938 18 12 51 
1917 18 16 51 
1833 19 13 51 
1490 19 15 51 
1488 14 19 51 
1285 15 10 51 
1219 15 18 51 
921 16 11 51 
907 16 17 51 
796 17 12 51 
619 17 16 51 
587 18 13 51 
444 18 15 51 
263 19 14 51 
4716 13 19 51 
4152 14 10 51 
4106 14 18 51 
4104 15 11 51 
4042 15 17 51 
3842 16 12 51 
3725 16 16 51 
3650 17 13 51 
3410 17 15 51 
3349 18 14 51 
3182 12 19 51 
3149 13 10 51 
3058 13 18 51 
2787 14 11 51 
2772 14 17 51 
2551 15 12 51 
2351 15 16 51 
2264 16 13 51 
1949 16 15 51 
1948 17 14 51 
1890 11 19 51 
1650 12 18 51 
1486 13 11 51 
1343 13 17 51 
1247 14 12 51 
1072 14 16 51 
1066 15 13 51 
1041 15 15 51 
996 16 14 51 
834 0 19 51 
550 10 19 51 
300 11 18 51 
62 12 17 51 
4776 13 12 51 
4676 13 16 51 
4513 14 13 51 
4385 14 15 51 
4348 15 14 51 
4108 0 18 51 
4056 1 19 51 
3593 9 19 51 
3586 10 18 51 
3557 11 17 51 
3392 12 16 51 
3225 13 13 51 
3199 13 15 51 
3180 14 14 51 
3161 0 17 51 
3155 1 18 51 
2785 2 19 51 
2520 8 19 51 
2269 9 18 51 
2080 10 17 51 
1914 11 16 51 
1441 12 15 51 
1427 13 14 51 
1325 0 16 51 
1061 1 17 51 
974 2 18 51 
868 3 19 51 
810 7 19 51 
778 8 18 51 
665 9 17 51 
661 10 16 51 
630 11 15 51 
528 12 14 51 
349 0 15 51 
134 1 16 51 
71 2 17 51 
4905 3 18 51 
4675 4 19 51 
4485 6 19 51 
4430 7 18 51 
4425 8 17 51 
4295 9 16 51 
4129 10 15 51 
4115 11 14 51 
3971 12 13 51 
3744 0 14 51 
3613 1 15 51 
3612 2 16 51 
3574 3 17 51 
3553 4 18 51 
3308 5 19 51 
3075 6 18 51 
3017 7 17 51 
2809 8 16 51 
2089 9 15 51 
2004 10 14 51 
1770 11 13 51 
1391 12 10 51 
1375 12 12 51 
957 1 14 51 
956 2 15 51 
805 3 16 51 
773 4 17 51 
737 5 18 51 
601 6 17 51 
496 7 16 51 
469 8 15 51 
436 9 14 51 
350 10 13 51 
316 11 10 51 
65 11 12 51 
45 12 11 51 
4900 2 14 51 
4470 3 15 51 
4125 4 16 51 
3906 5 17 51 
3890 6 16 51 
3874 7 15 51 
3668 8 14 51 
3456 9 13 51 
3430 10 12 51 
3319 11 11 51 
3168 3 14 51 
3141 4 15 51 
2380 5 16 51 
1909 6 15 51 
1827 7 14 51 
1803 8 13 51 
1613 9 12 51 
1470 10 11 51 
1195 4 14 51 
811 5 15 51 
650 6 14 51 
570 7 13 51 
185 8 12 51 
4919 9 11 51 
4913 0 13 51 
4848 5 14 51 
4334 6 13 51 
3870 7 12 51 
3587 8 11 51 
3461 0 12 51 
3226 1 13 51 
3091 5 13 51 
3023 6 12 51 
2987 7 11 51 
2768 0 11 51 
2570 1 12 51 
2330 2 13 51 
2263 4 13 51 
1327 5 12 51 
1217 6 11 51 
1205 0 10 51 
891 1 11 51 
853 2 12 51 
634 3 13 51 
477 4 12 51 
193 5 11 51 
15 0 9 51 
4788 1 10 51 
4714 2 11 51 
4698 3 12 51 
4531 4 11 51 
4256 0 8 51 
4169 1 9 51 
4081 2 10 51 
3727 3 11 51 
3572 10 10 51 
3502 0 7 51 
3090 1 8 51 
3008 2 9 51 
2913 3 10 51 
2874 9 10 51 
2850 10 9 51 
2632 0 6 51 
2267 1 7 51 
2214 2 8 51 
2109 3 9 51 
2001 4 10 51 
1785 8 10 51 
1648 9 9 51 
1645 10 8 51 
1638 0 5 51 
1627 1 6 51 
1328 2 7 51 
1277 3 8 51 
1189 4 9 51 
1169 5 10 51 
1109 7 10 51 
1085 8 9 51 
953 9 8 51 
611 10 7 51 
596 0 4 51 
523 1 5 51 
383 2 6 51 
347 3 7 51 
322 4 8 51 
150 5 9 51 
4883 6 10 51 
4812 7 9 51 
4650 8 8 51 
4480 9 7 51 
4251 10 6 51 
3843 19 9 51 
3716 0 3 51 
3271 1 4 51 
3121 2 5 51 
3110 3 6 51 
3108 4 7 51 
2992 5 8 51 
2858 6 9 51 
2515 7 8 51 
2044 8 7 51 
1432 9 6 51 
1156 10 5 51 
761 18 9 51 
458 19 8 51 
449 0 2 51 
384 1 3 51 
365 2 4 51 
4963 3 5 51 
4809 4 6 51 
4384 5 7 51 
4162 6 8 51 
4030 7 7 51 
3963 8 6 51 
3776 9 5 51 
3738 10 4 51 
3544 17 9 51 
3514 18 8 51 
3295 19 7 51 
3018 0 1 51 
3014 1 2 51 
2625 2 3 51 
2602 3 4 51 
2090 4 5 51 
2083 5 6 51 
1941 6 7 51 
711 7 6 51 
621 8 5 51 
173 9 4 51 
4879 16 9 51 
4844 17 8 51 
4761 18 7 51 
4708 19 6 51 
4528 0 0 51 
4293 1 1 51 
4217 2 2 51 
4143 3 3 51 
3969 4 4 51 
3219 5 5 51 
3046 6 6 51 
2739 7 5 51 
2606 8 4 51 
2588 11 9 51 
2394 15 9 51 
2225 16 8 51 
2085 17 7 51 
2009 18 6 51 
1547 19 5 51 
1373 1 0 51 
1289 2 1 51 
1034 3 2 51 
1015 4 3 51 
927 5 4 51 
513 6 5 51 
4769 7 4 51 
4464 11 8 51 
4074 12 9 51 
4052 14 9 51 
3975 15 8 51 
3778 16 7 51 
3768 17 6 51 
3528 18 5 51 
3479 19 4 51 
3473 2 0 51 
3335 3 1 51 
2975 4 2 51 
2731 5 3 51 
2698 6 4 51 
2216 11 7 51 
1454 12 8 51 
1389 13 9 51 
1045 14 8 51 
745 15 7 51 
564 16 6 51 
197 17 5 51 
4864 18 4 51 
4341 19 3 51 
4233 3 0 51 
3635 4 1 51 
3235 5 2 51 
2899 6 3 51 
2684 11 6 51 
2133 12 7 51 
1643 13 8 51 
1154 14 7 51 
574 15 6 51 
514 16 5 51 
4755 17 4 51 
4597 18 3 51 
4315 19 2 51 
3631 4 0 51 
3627 5 1 51 
3470 6 2 51 
2870 7 3 51 
2756 11 5 51 
2519 12 6 51 
1884 13 7 51 
1652 14 6 51 
1264 15 5 51 
1006 16 4 51 
577 17 3 51 
49 18 2 51 
4618 19 1 51 
3771 5 0 51 
3163 6 1 51 
2961 7 2 51 
2864 8 3 51 
2794 11 4 51 
2753 12 5 51 
2573 13 6 51 
1997 14 5 51 
1855 15 4 51 
1818 16 3 51 
1346 17 2 51 
1340 18 1 51 
1322 19 0 51 
989 6 0 51 
978 7 1 51 
4774 8 2 51 
4601 9 3 51 
4008 12 4 51 
2996 13 5 51 
2736 14 4 51 
2508 15 3 51 
2383 16 2 51 
2300 17 1 51 
2156 18 0 51 
1991 7 0 51 
1690 8 1 51 
1388 9 2 51 
940 10 3 51 
259 13 4 51 
22 14 3 51 
4742 15 2 51 
4621 16 1 51 
4186 17 0 51 
4046 8 0 51 
3775 9 1 51 
3687 10 2 51 
3548 11 3 51 
3088 13 3 51 
3070 14 2 51 
1655 15 1 51 
1544 16 0 51 
1222 9 0 51 
315 10 1 51 
4851 11 2 51 
4373 12 3 51 
4204 13 2 51 
3145 14 1 51 
3032 15 0 51 
2642 10 0 51 
2492 11 1 51 
1771 12 2 51 
1644 13 1 51 
963 14 0 51 
3547 11 0 51 
3170 12 1 51 
1767 13 0 51 
1744 12 0 51 
3131 12 1 61 
180 11 1 62 
2017 12 2 62 
4321 13 1 62 
3777 10 1 63 
64 11 2 62 
1876 13 2 62 
2374 14 1 62 
4443 9 1 63 
4631 10 2 63 
459 14 2 63 
588 15 1 63 
1436 8 1 64 
1782 9 2 64 
490 14 3 64 
1111 15 2 63 
1452 16 1 63 
1825 7 1 65 
2867 8 2 64 
3175 13 5 64 
3442 14 4 64 
3981 15 3 64 
4101 16 2 64 
4291 17 1 64 
4335 6 1 65 
4361 7 2 65 
4643 12 5 65 
2325 13 6 65 
2504 15 4 65 
4067 16 3 65 
4156 17 2 65 
380 18 1 65 
1546 5 1 66 
2622 6 2 66 
2800 12 6 66 
2923 13 7 66 
3552 16 4 66 
4018 17 3 66 
243 18 2 66 
403 4 1 67 
2777 5 2 67 
2990 12 7 67 
4699 13 8 67 
4806 16 5 67 
367 17 4 66 
882 18 3 66 
1725 3 1 68 
2486 4 2 68 
2712 5 3 68 
4257 12 8 68 
4917 16 6 68 
310 17 5 68 
435 18 4 67 
1928 2 1 69 
34 3 2 69 
156 4 3 69 
386 5 4 69 
662 6 5 69 
795 16 7 68 
845 17 6 68 
1073 18 5 68 
1128 1 1 69 
1378 2 2 69 
1795 3 3 69 
2008 4 4 69 
3244 6 6 69 
4476 7 5 69 
4498 16 8 69 
4765 17 7 69 
598 18 6 69 
788 1 2 70 
2042 2 3 70 
2305 3 4 70 
3261 6 7 70 
3626 7 6 70 
4958 19 19 76 
4697 18 19 76 
4301 19 10 76 
3764 19 18 76 
3624 17 19 76 
3302 18 10 76 
3267 18 18 76 
3080 19 11 76 
2732 19 17 76 
2653 16 19 76 
2643 17 10 76 
2641 17 18 76 
2446 18 11 76 
2389 18 17 76 
2369 19 12 76 
2212 19 16 76 
2196 15 19 76 
2038 16 10 76 
1983 16 18 76 
1843 17 11 76 
1433 17 17 76 
1424 18 12 76 
1313 18 16 76 
1149 19 13 76 
1059 19 15 76 
939 14 19 76 
741 15 10 76 
487 15 18 76 
333 16 11 76 
331 16 17 76 
1 17 12 76 
4785 17 16 76 
4783 18 13 76 
4591 18 15 76 
4493 19 14 76 
4437 13 19 76 
4354 14 10 76 
4188 14 18 76 
4151 15 11 76 
3813 15 17 76 
3809 16 12 76 
3808 16 16 76 
3756 17 13 76 
3481 17 15 76 
2810 18 14 76 
2784 12 19 76 
2741 13 10 76 
2571 13 18 76 
2567 14 11 76 
2398 14 17 76 
2376 15 12 76 
2215 15 16 76 
2203 16 13 76 
1904 16 15 76 
1622 17 14 76 
1401 11 19 76 
1079 12 18 76 
492 13 11 76 
327 13 17 76 
222 14 12 76 
161 14 16 76 
4527 15 13 76 
4477 15 15 76 
4000 16 14 76 
3766 0 19 76 
3718 10 19 76 
3698 11 18 76 
3595 12 17 76 
3569 13 12 76 
3531 13 16 76 
3520 14 13 76 
3316 14 15 76 
3086 15 14 76 
3064 0 18 76 
2760 1 19 76 
2686 9 19 76 
2614 10 18 76 
2592 11 17 76 
2546 12 16 76 
2510 13 13 76 
2348 13 15 76 
2168 14 14 76 
1726 0 17 76 
1324 1 18 76 
1306 2 19 76 
1167 8 19 76 
1130 9 18 76 
1122 10 17 76 
1062 11 16 76 
964 12 15 76 
932 13 14 76 
863 0 16 76 
654 1 17 76 
638 2 18 76 
602 3 19 76 
4922 7 19 76 
4854 8 18 76 
4787 9 17 76 
4218 10 16 76 
4036 11 15 76 
3889 12 14 76 
3707 0 15 76 
3625 1 16 76 
3583 2 17 76 
3333 3 18 76 
3281 4 19 76 
3139 6 19 76 
3130 7 18 76 
2898 8 17 76 
2815 9 16 76 
2720 10 15 76 
2558 11 14 76 
2041 12 13 76 
1994 0 14 76 
1993 1 15 76 
1588 2 16 76 
1555 3 17 76 
1507 4 18 76 
1482 5 19 76 
1372 6 18 76 
1231 7 17 76 
1201 8 16 76 
1116 9 15 76 
1114 10 14 76 
951 11 13 76 
848 12 10 76 
713 12 12 76 
484 1 14 76 
314 2 15 76 
232 3 16 76 
129 4 17 76 
50 5 18 76 
21 6 17 76 
4888 7 16 76 
4306 8 15 76 
3970 9 14 76 
3832 10 13 76 
3694 11 10 76 
3399 11 12 76 
3157 12 11 76 
3081 2 14 76 
3012 3 15 76 
3004 4 16 76 
2985 5 17 76 
2386 6 16 76 
2226 7 15 76 
2181 8 14 76 
1895 9 13 76 
1017 10 12 76 
968 11 11 76 
914 3 14 76 
860 4 15 76 
826 5 16 76 
714 6 15 76 
671 7 14 76 
622 8 13 76 
494 9 12 76 
268 10 11 76 
55 4 14 76 
4872 5 15 76 
4764 6 14 76 
4688 7 13 76 
4672 8 12 76 
4574 9 11 76 
4446 0 13 76 
4414 5 14 76 
4337 6 13 76 
4327 7 12 76 
3923 8 11 76 
3860 0 12 76 
3358 1 13 76 
3265 5 13 76 
3085 6 12 76 
3016 7 11 76 
2934 0 11 76 
2900 1 12 76 
2762 2 13 76 
2722 4 13 76 
2537 5 12 76 
2483 6 11 76 
2254 0 10 76 
2124 1 11 76 
1963 2 12 76 
1729 3 13 76 
1233 4 12 76 
1214 5 11 76 
1213 0 9 76 
1124 1 10 76 
580 2 11 76 
344 3 12 76 
281 4 11 76 
195 0 8 76 
102 1 9 76 
4867 2 10 76 
4717 3 11 76 
4553 10 10 76 
4445 0 7 76 
4176 1 8 76 
4134 2 9 76 
4124 3 10 76 
4048 9 10 76 
3603 10 9 76 
2977 0 6 76 
2849 1 7 76 
2776 2 8 76 
2608 3 9 76 
2209 4 10 76 
1832 8 10 76 
1799 9 9 76 
1711 10 8 76 
1477 0 5 76 
1134 1 6 76 
1049 2 7 76 
864 3 8 76 
753 4 9 76 
657 5 10 76 
631 7 10 76 
258 8 9 76 
112 9 8 76 
4837 10 7 76 
4771 0 4 76 
4466 1 5 76 
4288 2 6 76 
4246 3 7 76 
3378 4 8 76 
3113 5 9 76 
3042 6 10 76 
3020 7 9 76 
2932 8 8 76 
2790 9 7 76 
2638 10 6 76 
2521 19 9 76 
2079 0 3 76 
2072 1 4 76 
1899 2 5 76 
1630 3 6 76 
1449 4 7 76 
869 5 8 76 
667 6 9 76 
539 7 8 76 
461 8 7 76 
442 9 6 76 
326 10 5 76 
4932 18 9 76 
4420 19 8 76 
4390 0 2 76 
4374 1 3 76 
4319 2 4 76 
4202 3 5 76 
4190 4 6 76 
4038 5 7 76 
3902 6 8 76 
3859 7 7 76 
3393 8 6 76 
3366 9 5 76 
3317 10 4 76 
3186 17 9 76 
2448 18 8 76 
1860 19 7 76 
1384 0 1 76 
1101 1 2 76 
859 2 3 76 
824 3 4 76 
808 4 5 76 
618 5 6 76 
336 6 7 76 
108 7 6 76 
4768 8 5 76 
4660 9 4 76 
4610 16 9 76 
4497 17 8 76 
4324 18 7 76 
4243 19 6 76 
4015 0 0 76 
3840 1 1 76 
3779 2 2 76 
3385 3 3 76 
3116 4 4 76 
2792 5 5 76 
2748 6 6 76 
2599 7 5 76 
2535 8 4 76 
2518 11 9 76 
2413 15 9 76 
2341 16 8 76 
1584 17 7 76 
1125 18 6 76 
985 19 5 76 
900 1 0 76 
4507 2 1 76 
4467 3 2 76 
4438 4 3 76 
4317 5 4 76 
4223 6 5 76 
4097 7 4 76 
4072 11 8 76 
3917 12 9 76 
3900 14 9 76 
3751 15 8 76 
3692 16 7 76 
3671 17 6 76 
3524 18 5 76 
2959 19 4 76 
2695 2 0 76 
2404 3 1 76 
1724 4 2 76 
1689 5 3 76 
1168 6 4 76 
875 11 7 76 
762 12 8 76 
527 13 9 76 
401 14 8 76 
4784 15 7 76 
4647 16 6 76 
4123 17 5 76 
3967 18 4 76 
3689 19 3 76 
2880 3 0 76 
2798 4 1 76 
2774 5 2 76 
2661 6 3 76 
2358 11 6 76 
2333 12 7 76 
2274 13 8 76 
2053 14 7 76 
2048 15 6 76 
1787 16 5 76 
1706 17 4 76 
1178 18 3 76 
1174 19 2 76 
1103 4 0 76 
772 5 1 76 
727 6 2 76 
357 7 3 76 
104 11 5 76 
83 12 6 76 
4899 13 7 76 
4573 14 6 76 
4447 15 5 76 
4399 16 4 76 
4377 17 3 76 
4303 18 2 76 
4102 19 1 76 
3999 5 0 76 
3375 6 1 76 
3330 7 2 76 
2769 8 3 76 
2569 11 4 76 
2410 12 5 76 
2244 13 6 76 
1839 14 5 76 
1702 15 4 76 
1496 16 3 76 
1309 17 2 76 
873 18 1 76 
858 19 0 76 
4927 6 0 76 
4167 7 1 76 
4121 8 2 76 
4031 9 3 76 
3421 12 4 76 
3222 13 5 76 
1710 14 4 76 
1698 15 3 76 
1596 16 2 76 
1560 17 1 76 
1012 18 0 76 
500 7 0 76 
113 8 1 76 
31 9 2 76 
4546 10 3 76 
4205 13 4 76 
3702 14 3 76 
3496 15 2 76 
2884 16 1 76 
2709 17 0 76 
2167 8 0 76 
1865 9 1 76 
1853 10 2 76 
1693 11 3 76 
1410 13 3 76 
855 14 2 76 
836 15 1 76 
457 16 0 76 
4762 9 0 76 
4568 10 1 76 
4398 11 2 76 
3831 12 3 76 
3559 13 2 76 
3105 14 1 76 
2556 15 0 76 
2372 10 0 76 
1981 11 1 76 
4614 12 2 76 
1844 13 1 76 
941 14 0 76 
915 11 0 76 
884 12 1 76 
799 13 0 76 
460 12 0 76 
1070 12 1 87 
73 11 1 88 
880 12 2 87 
2057 13 1 87 
2441 10 1 88 
4280 11 2 88 
1046 13 2 88 
2705 14 1 88 
2755 9 1 89 
373 10 2 89 
2829 14 2 89 
3416 15 1 89 
3532 8 1 90 
797 9 2 90 
2823 14 3 89 
3238 15 2 89 
4091 16 1 89 
560 7 1 90 
1587 8 2 90 
1715 13 5 90 
1821 14 4 90 
2336 15 3 90 
3278 16 2 90 
3441 17 1 90 
4525 6 1 91 
420 7 2 91 
426 12 5 91 
1880 13 6 91 
2841 15 4 91 
2885 16 3 91 
3245 17 2 91 
3564 18 1 91 
1098 5 1 92 
1778 6 2 92 
1985 12 6 92 
2429 13 7 91 
2618 16 4 91 
2856 17 3 91 
3135 18 2 91 
329 4 1 92 
1872 5 2 92 
2159 12 7 92 
2580 13 8 92 
3013 16 5 92 
3477 17 4 92 
3823 18 3 92 
4133 3 1 93 
581 4 2 93 
600 5 3 93 
980 12 8 93 
1089 16 6 92 
1875 17 5 92 
1961 18 4 92 
2035 2 1 93 
3492 3 2 93 
3594 4 3 93 
3763 5 4 93 
4357 6 5 93 
4506 16 7 93 
4589 17 6 93 
138 18 5 93 
807 1 1 94 
1734 2 2 94 
2015 3 3 94 
2139 4 4 94 
2711 6 6 94 
2994 7 5 94 
3452 16 8 94 
3884 17 7 94 
4745 18 6 94 
478 1 2 95 
1361 2 3 95 
1576 3 4 95 
1959 6 7 95 
2237 7 6 95 
2439 8 5 94 
3007 17 8 94 
3304 18 7 94 
3602 1 3 95 
3853 2 4 95 
4001 5 7 95 
4474 6 8 95 
4632 7 7 95 
4691 8 6 95 
