1944
6338 0 19 1 
6305 0 18 1 
6125 1 19 1 
6044 0 17 1 
5929 1 18 1 
5798 2 19 1 
5417 0 16 1 
5323 1 17 1 
5273 2 18 1 
5227 3 19 1 
5140 0 15 1 
4878 1 16 1 
4456 2 17 1 
3940 3 18 1 
3937 4 19 1 
3918 0 14 1 
3899 1 15 1 
3769 2 16 1 
3274 3 17 1 
3221 4 18 1 
3211 5 19 1 
3075 9 19 1 
2953 0 13 1 
2924 1 14 1 
2827 2 15 1 
2731 3 16 1 
2535 4 17 1 
2259 5 18 1 
2045 6 19 1 
1880 8 19 1 
1641 9 18 1 
1434 0 12 1 
1182 1 13 1 
1163 2 14 1 
1136 3 15 1 
988 4 16 1 
885 5 17 1 
793 6 18 1 
772 7 19 1 
646 8 18 1 
635 9 17 1 
311 0 11 1 
48 1 12 1 
6236 2 13 1 
6230 3 14 1 
6196 4 15 1 
5945 5 16 1 
5745 6 17 1 
5693 7 18 1 
5663 8 17 1 
5562 9 16 1 
5545 10 19 1 
5478 0 0 1 
5233 0 10 1 
5105 1 11 1 
4981 2 12 1 
4916 3 13 1 
4907 4 14 1 
4857 5 15 1 
4555 6 16 1 
4370 7 17 1 
3552 8 16 1 
3249 9 15 1 
3155 10 18 1 
2448 11 19 1 
1965 19 19 1 
1786 0 1 1 
1777 0 9 1 
1625 1 0 1 
1585 1 10 1 
1489 2 11 1 
662 3 12 1 
512 4 13 1 
373 5 14 1 
47 6 15 1 
6218 7 16 1 
5774 8 15 1 
5662 9 14 1 
5623 10 11 1 
5516 10 17 1 
5444 11 18 1 
5217 12 19 1 
4930 18 19 1 
4777 19 18 1 
4510 0 2 1 
4426 0 8 1 
4311 1 1 1 
4156 1 9 1 
3631 2 0 1 
3592 2 10 1 
3499 3 11 1 
3345 4 12 1 
3144 5 13 1 
3120 6 14 1 
3048 7 15 1 
2887 8 14 1 
2633 9 13 1 
2071 10 12 1 
1766 10 16 1 
1647 11 11 1 
1629 11 17 1 
1622 12 18 1 
1590 13 19 1 
1423 17 19 1 
1133 18 18 1 
872 19 17 1 
483 0 3 1 
385 0 7 1 
99 1 2 1 
57 1 8 1 
6258 2 1 1 
6222 2 9 1 
6103 3 0 1 
6068 3 10 1 
5556 4 11 1 
5251 5 12 1 
4716 6 13 1 
4681 7 14 1 
4487 8 13 1 
4295 9 12 1 
3752 10 13 1 
3530 10 15 1 
3432 11 12 1 
3259 11 16 1 
3178 12 11 1 
2699 12 17 1 
2263 13 18 1 
2169 14 19 1 
2035 16 19 1 
2032 17 18 1 
1929 18 17 1 
1872 19 16 1 
1793 0 4 1 
1677 0 6 1 
1446 1 3 1 
745 1 7 1 
698 2 2 1 
579 2 8 1 
525 3 1 1 
169 3 9 1 
105 4 0 1 
6384 4 10 1 
6252 5 11 1 
6142 6 12 1 
5917 7 13 1 
5348 8 12 1 
5309 9 11 1 
5281 10 14 1 
5226 11 13 1 
5055 11 15 1 
5048 12 12 1 
5025 12 16 1 
4991 13 17 1 
4770 14 18 1 
4351 15 19 1 
4264 16 18 1 
4093 17 17 1 
3768 18 16 1 
3702 19 15 1 
3685 0 5 1 
3254 1 4 1 
3157 1 6 1 
2957 2 3 1 
2665 2 7 1 
2528 3 2 1 
2470 3 8 1 
2375 4 1 1 
2201 4 9 1 
2034 5 10 1 
1791 6 11 1 
1765 7 12 1 
1595 8 11 1 
1570 11 14 1 
1453 12 13 1 
1270 12 15 1 
1257 13 16 1 
1106 14 17 1 
1098 15 18 1 
878 16 17 1 
806 17 16 1 
575 18 15 1 
567 19 14 1 
133 1 5 1 
6350 2 4 1 
5832 2 6 1 
5778 3 3 1 
5760 3 7 1 
5725 4 2 1 
5015 4 8 1 
4742 5 9 1 
4386 6 10 1 
4256 7 11 1 
4149 12 14 1 
3979 13 15 1 
3803 14 16 1 
3648 15 17 1 
3625 16 16 1 
3479 17 15 1 
2203 18 14 1 
1826 19 13 1 
1753 2 5 1 
1740 3 4 1 
1502 3 6 1 
1242 4 3 1 
922 4 7 1 
880 5 8 1 
744 6 9 1 
580 7 10 1 
171 13 14 1 
6185 14 15 1 
5857 15 16 1 
5800 16 15 1 
5076 17 14 1 
4766 18 13 1 
4111 19 12 1 
3853 3 5 1 
3818 4 4 1 
3683 4 6 1 
3450 5 7 1 
3371 6 8 1 
3164 7 9 1 
2603 8 10 1 
2416 14 14 1 
2336 15 15 1 
1320 16 14 1 
1073 17 13 1 
1072 18 12 1 
716 19 11 1 
384 4 5 1 
203 5 6 1 
5825 6 7 1 
5489 7 8 1 
5458 8 9 1 
5291 9 10 1 
5270 15 14 1 
5108 16 13 1 
5077 17 12 1 
4971 18 11 1 
4900 19 10 1 
4846 5 5 1 
4662 6 6 1 
4425 7 7 1 
4231 8 8 1 
3993 9 9 1 
3566 10 10 1 
3310 13 13 1 
3275 15 13 1 
3104 16 12 1 
3096 17 11 1 
2750 18 10 1 
2747 19 9 1 
2744 5 4 1 
2563 6 5 1 
2141 7 6 1 
1608 8 7 1 
883 9 8 1 
638 10 9 1 
6207 11 10 1 
6197 13 12 1 
6052 14 13 1 
5942 15 12 1 
5398 16 11 1 
5236 17 10 1 
5152 18 9 1 
4903 19 8 1 
4776 5 3 1 
4646 6 4 1 
3712 7 5 1 
2473 8 6 1 
2172 9 7 1 
2072 10 8 1 
1714 11 9 1 
791 12 10 1 
592 13 11 1 
559 14 12 1 
466 15 11 1 
445 16 10 1 
250 17 9 1 
150 18 8 1 
74 19 7 1 
6191 5 2 1 
6085 6 3 1 
5882 7 4 1 
5576 8 5 1 
5252 9 6 1 
4997 10 7 1 
4797 11 8 1 
4752 12 9 1 
3575 13 10 1 
3488 14 11 1 
3245 15 10 1 
3106 16 9 1 
2984 17 8 1 
2551 18 7 1 
1971 19 6 1 
1665 5 1 1 
1077 6 2 1 
1069 7 3 1 
717 8 4 1 
6084 9 5 1 
6080 10 6 1 
5671 11 7 1 
5581 12 8 1 
5419 13 9 1 
5235 14 10 1 
4795 15 9 1 
4755 16 8 1 
4627 17 7 1 
3934 18 6 1 
3791 19 5 1 
3707 5 0 1 
3672 6 1 1 
3658 7 2 1 
3483 8 3 1 
3372 9 4 1 
3356 10 5 1 
2818 11 6 1 
2812 12 7 1 
2770 13 8 1 
2396 14 9 1 
1985 15 8 1 
1946 16 7 1 
1885 17 6 1 
1856 18 5 1 
1517 6 0 1 
1508 7 1 1 
1293 8 2 1 
955 9 3 1 
262 10 4 1 
6301 11 5 1 
6101 12 6 1 
6074 13 7 1 
5988 14 8 1 
5507 15 7 1 
5372 16 6 1 
5247 17 5 1 
5128 7 0 1 
4802 8 1 1 
4707 9 2 1 
4390 10 3 1 
4376 11 4 1 
4170 12 5 1 
4167 13 6 1 
3970 14 7 1 
3695 15 6 1 
3531 16 5 1 
3308 8 0 1 
2906 9 1 1 
2310 10 2 1 
2277 11 3 1 
2177 12 4 1 
2160 13 5 1 
2054 14 6 1 
1999 15 5 1 
1644 9 0 1 
1092 10 1 1 
6154 11 2 1 
5799 12 3 1 
5681 13 4 1 
5285 14 5 1 
4179 10 0 1 
3606 11 1 1 
3481 12 2 1 
3248 13 3 1 
1770 14 4 1 
1649 11 0 1 
1616 12 1 1 
1387 13 2 1 
794 14 3 1 
208 15 4 1 
5901 19 4 1 
5741 12 0 1 
5584 13 1 1 
5512 14 2 1 
4483 15 3 1 
3997 16 4 1 
3866 18 4 1 
2138 19 3 1 
2055 13 0 1 
1611 14 1 1 
1282 15 2 1 
1037 16 3 1 
276 17 4 1 
6015 18 3 1 
5317 19 2 1 
5311 14 0 1 
4715 15 1 1 
4285 16 2 1 
2381 17 3 1 
1841 18 2 1 
1547 19 1 1 
1166 15 0 1 
1091 16 1 1 
5580 17 2 1 
4621 18 1 1 
4583 19 0 1 
3343 16 0 1 
3196 17 1 1 
2815 18 0 1 
1928 17 0 1 
3262 17 1 13 
441 16 1 14 
2103 17 2 13 
5194 18 1 13 
5613 15 1 14 
1962 16 2 14 
3282 17 3 14 
6332 18 2 14 
694 14 1 15 
2486 15 2 15 
2869 16 3 15 
3011 18 3 14 
3273 13 1 15 
3602 14 2 15 
3761 15 3 15 
5740 12 1 16 
1318 13 2 16 
1738 14 3 16 
1972 11 1 16 
2919 12 2 16 
4013 13 3 16 
266 10 1 17 
462 11 2 16 
1680 12 3 16 
1715 13 4 16 
3020 9 1 17 
3380 10 2 17 
3495 11 3 17 
4327 12 4 17 
4873 13 5 17 
104 14 6 17 
643 8 1 17 
1083 9 2 17 
1621 10 3 17 
1750 11 4 17 
1837 12 5 17 
2228 13 6 17 
2272 14 7 17 
3082 15 6 17 
4352 7 1 18 
4843 8 2 18 
5133 9 3 18 
5847 10 4 18 
6317 11 5 17 
170 12 6 17 
186 13 7 17 
949 14 8 17 
1156 15 7 17 
1232 16 6 17 
1581 6 1 18 
3690 7 2 18 
3823 8 3 18 
4083 9 4 18 
5214 10 5 18 
5546 11 6 18 
5824 12 7 18 
6310 14 9 18 
162 15 8 18 
677 16 7 18 
837 17 6 18 
1339 6 2 19 
2162 7 3 19 
3323 8 4 19 
3327 9 5 18 
3466 10 6 18 
3679 11 7 18 
3871 14 10 18 
4005 15 9 18 
4316 16 8 18 
4596 17 7 18 
4729 18 6 18 
5783 6 3 19 
6266 7 4 19 
6293 8 5 19 
49 9 6 19 
138 10 7 19 
679 11 8 19 
768 14 11 19 
1909 15 10 19 
2413 16 9 19 
2500 17 8 19 
2558 18 7 19 
2938 6 4 20 
4633 7 5 20 
106 9 7 20 
1551 10 8 20 
1743 11 9 20 
2326 14 12 20 
2353 15 11 20 
2440 16 10 20 
2629 17 9 20 
3299 18 8 20 
4119 6 5 21 
4224 9 8 21 
5465 10 9 21 
6019 15 12 20 
6208 16 11 20 
6263 17 10 20 
5854 0 19 26 
5796 0 18 26 
5351 1 19 26 
5330 0 17 26 
5063 1 18 26 
4625 2 19 26 
4120 0 16 26 
4068 1 17 26 
3955 2 18 26 
3903 3 19 26 
3542 0 15 26 
3537 1 16 26 
3162 2 17 26 
3095 3 18 26 
2706 4 19 26 
2620 0 14 26 
2460 1 15 26 
2370 2 16 26 
2131 3 17 26 
2002 4 18 26 
1919 5 19 26 
1840 9 19 26 
1831 0 13 26 
1579 1 14 26 
1503 2 15 26 
1355 3 16 26 
1319 4 17 26 
1115 5 18 26 
1019 6 19 26 
929 8 19 26 
861 9 18 26 
530 0 12 26 
435 1 13 26 
196 2 14 26 
6349 3 15 26 
6322 4 16 26 
6151 5 17 26 
6098 6 18 26 
6073 7 19 26 
5384 8 18 26 
5229 9 17 26 
5206 0 11 26 
5184 1 12 26 
5175 2 13 26 
5078 3 14 26 
4925 4 15 26 
4922 5 16 26 
4381 6 17 26 
3612 7 18 26 
3505 8 17 26 
3322 9 16 26 
3004 10 19 26 
2983 0 0 26 
2496 0 10 26 
2213 1 11 26 
1634 2 12 26 
1631 3 13 26 
1606 4 14 26 
1563 5 15 26 
1012 6 16 26 
669 7 17 26 
624 8 16 26 
396 9 15 26 
268 10 18 26 
5828 11 19 26 
5777 19 19 26 
5643 0 1 26 
5455 0 9 26 
5442 1 0 26 
5222 1 10 26 
5221 2 11 26 
4838 3 12 26 
4810 4 13 26 
4637 5 14 26 
4582 6 15 26 
4511 7 16 26 
4442 8 15 26 
4302 9 14 26 
4232 10 11 26 
4102 10 17 26 
3976 11 18 26 
3877 12 19 26 
3799 18 19 26 
3634 19 18 26 
3557 0 2 26 
3472 0 8 26 
3365 1 1 26 
3065 1 9 26 
3016 2 0 26 
2865 2 10 26 
2808 3 11 26 
2777 4 12 26 
2749 5 13 26 
2624 6 14 26 
2420 7 15 26 
2331 8 14 26 
2033 9 13 26 
1874 10 12 26 
1114 10 16 26 
1034 11 11 26 
970 11 17 26 
947 12 18 26 
810 13 19 26 
783 17 19 26 
731 18 18 26 
594 19 17 26 
345 0 3 26 
335 0 7 26 
207 1 2 26 
6335 1 8 26 
6309 2 1 26 
5148 2 9 26 
4943 3 0 26 
4763 3 10 26 
4645 4 11 26 
4547 5 12 26 
4188 6 13 26 
3651 7 14 26 
3543 8 13 26 
3510 9 12 26 
3381 10 13 26 
3192 10 15 26 
3023 11 12 26 
2726 11 16 26 
2716 12 11 26 
2581 12 17 26 
2538 13 18 26 
2393 14 19 26 
1702 16 19 26 
1500 17 18 26 
1476 18 17 26 
1404 19 16 26 
1219 0 4 26 
1169 0 6 26 
1064 1 3 26 
1023 1 7 26 
962 2 2 26 
780 2 8 26 
740 3 1 26 
689 3 9 26 
686 4 0 26 
621 4 10 26 
5539 5 11 26 
5459 6 12 26 
5432 7 13 26 
5198 8 12 26 
5089 9 11 26 
5012 10 14 26 
4828 11 13 26 
4649 11 15 26 
4480 12 12 26 
4338 12 16 26 
2902 13 17 26 
2772 14 18 26 
2730 15 19 26 
2366 16 18 26 
2351 17 17 26 
2343 18 16 26 
2108 19 15 26 
2086 0 5 26 
1894 1 4 26 
1781 1 6 26 
1670 2 3 26 
1521 2 7 26 
1307 3 2 26 
1043 3 8 26 
325 4 1 26 
55 4 9 26 
6319 5 10 26 
6134 6 11 26 
5924 7 12 26 
5886 8 11 26 
5365 11 14 26 
4985 12 13 26 
4647 12 15 26 
4639 13 16 26 
4591 14 17 26 
4433 15 18 26 
4166 16 17 26 
4155 17 16 26 
3961 18 15 26 
3896 19 14 26 
3705 1 5 26 
3574 2 4 26 
3452 2 6 26 
3429 3 3 26 
2999 3 7 26 
2977 4 2 26 
2941 4 8 26 
2570 5 9 26 
2361 6 10 26 
2043 7 11 26 
1302 12 14 26 
1093 13 15 26 
964 14 16 26 
755 15 17 26 
747 16 16 26 
623 17 15 26 
526 18 14 26 
261 19 13 26 
238 2 5 26 
116 3 4 26 
6247 3 6 26 
6238 4 3 26 
6118 4 7 26 
5926 5 8 26 
5680 6 9 26 
5625 7 10 26 
5575 13 14 26 
5391 14 15 26 
5186 15 16 26 
4923 16 15 26 
4760 17 14 26 
4568 18 13 26 
4505 19 12 26 
4459 3 5 26 
4422 4 4 26 
4400 4 6 26 
4235 5 7 26 
3587 6 8 26 
3546 7 9 26 
3287 8 10 26 
3263 14 14 26 
3133 15 15 26 
2883 16 14 26 
2867 17 13 26 
2663 18 12 26 
2517 19 11 26 
2511 4 5 26 
2395 5 6 26 
2319 6 7 26 
2282 7 8 26 
1313 8 9 26 
1252 9 10 26 
918 15 14 26 
6430 16 13 26 
6372 17 12 26 
6326 18 11 26 
6243 19 10 26 
6100 5 5 26 
5948 6 6 26 
5759 7 7 26 
5585 8 8 26 
5103 9 9 26 
4926 10 10 26 
4466 13 13 26 
3975 15 13 26 
3944 16 12 26 
3629 17 11 26 
3464 18 10 26 
3408 19 9 26 
3258 5 4 26 
2573 6 5 26 
2303 7 6 26 
2229 8 7 26 
1970 9 8 26 
1760 10 9 26 
1643 11 10 26 
1431 13 12 26 
1255 14 13 26 
1108 15 12 26 
884 16 11 26 
865 17 10 26 
602 18 9 26 
81 19 8 26 
79 5 3 26 
6233 6 4 26 
6201 7 5 26 
5869 8 6 26 
5223 9 7 26 
5007 10 8 26 
4578 11 9 26 
4482 12 10 26 
4336 13 11 26 
4318 14 12 26 
4304 15 11 26 
3405 16 10 26 
3127 17 9 26 
3006 18 8 26 
2642 19 7 26 
2349 5 2 26 
2125 6 3 26 
1997 7 4 26 
1930 8 5 26 
1789 9 6 26 
1526 10 7 26 
1468 11 8 26 
779 12 9 26 
640 13 10 26 
167 14 11 26 
6329 15 10 26 
6303 16 9 26 
6136 17 8 26 
5831 18 7 26 
5752 19 6 26 
5708 5 1 26 
5355 6 2 26 
4947 7 3 26 
4462 8 4 26 
4372 9 5 26 
4207 10 6 26 
4089 11 7 26 
3225 12 8 26 
3098 13 9 26 
2933 14 10 26 
2814 15 9 26 
2622 16 8 26 
2556 17 7 26 
2204 18 6 26 
1807 19 5 26 
1429 5 0 26 
1363 6 1 26 
1056 7 2 26 
817 8 3 26 
725 9 4 26 
500 10 5 26 
411 11 6 26 
232 12 7 26 
144 13 8 26 
6406 14 9 26 
6251 15 8 26 
6093 16 7 26 
6086 17 6 26 
5605 18 5 26 
5279 6 0 26 
3590 7 1 26 
3427 8 2 26 
3384 9 3 26 
3010 10 4 26 
2566 11 5 26 
2456 12 6 26 
1876 13 7 26 
1676 14 8 26 
1448 15 7 26 
1160 16 6 26 
1020 17 5 26 
1001 7 0 26 
831 8 1 26 
521 9 2 26 
5100 10 3 26 
5033 11 4 26 
4623 12 5 26 
4523 13 6 26 
4501 14 7 26 
4499 15 6 26 
3368 16 5 26 
2692 8 0 26 
2106 9 1 26 
1920 10 2 26 
1905 11 3 26 
1883 12 4 26 
1466 13 5 26 
1433 14 6 26 
1134 15 5 26 
773 9 0 26 
364 10 1 26 
271 11 2 26 
6065 12 3 26 
5415 13 4 26 
5132 14 5 26 
4146 10 0 26 
3985 11 1 26 
3594 12 2 26 
3055 13 3 26 
2605 14 4 26 
2226 11 0 26 
2154 12 1 26 
1759 13 2 26 
1695 14 3 26 
1612 15 4 26 
1394 19 4 26 
1097 12 0 26 
1051 13 1 26 
963 14 2 26 
6286 15 3 26 
4853 16 4 26 
4575 18 4 26 
4494 19 3 26 
3857 13 0 26 
3111 14 1 26 
1663 15 2 26 
632 16 3 26 
492 17 4 26 
5925 18 3 26 
5669 19 2 26 
5456 14 0 26 
4986 15 1 26 
4787 16 2 26 
3972 17 3 26 
2843 18 2 26 
2304 19 1 26 
1529 15 0 26 
1271 16 1 26 
576 17 2 26 
410 18 1 26 
5905 19 0 26 
2107 16 0 26 
1729 17 1 26 
1619 18 0 26 
6106 17 0 26 
518 17 1 38 
2969 16 1 39 
3099 17 2 39 
5858 18 1 39 
5949 15 1 39 
943 16 2 39 
2019 17 3 39 
3150 18 2 39 
4122 14 1 40 
4896 15 2 40 
5064 16 3 40 
5717 18 3 39 
862 13 1 41 
1088 14 2 41 
2192 15 3 40 
3963 12 1 41 
4448 13 2 41 
4535 14 3 41 
4584 11 1 41 
5337 12 2 41 
668 13 3 41 
1405 10 1 42 
5212 11 2 42 
5481 12 3 41 
5846 13 4 41 
733 9 1 42 
920 10 2 42 
1087 11 3 42 
1298 12 4 42 
1683 13 5 42 
2986 14 6 42 
4066 8 1 43 
5956 9 2 43 
6159 10 3 42 
342 11 4 42 
898 12 5 42 
1263 13 6 42 
1456 14 7 42 
1979 15 6 42 
2782 7 1 43 
3706 8 2 43 
4070 9 3 43 
4153 10 4 43 
6397 11 5 43 
753 12 6 43 
976 13 7 43 
1065 14 8 43 
1189 15 7 43 
1287 16 6 43 
2681 6 1 44 
3028 7 2 44 
4035 8 3 44 
4476 9 4 44 
6348 10 5 44 
30 11 6 44 
367 12 7 44 
847 14 9 43 
923 15 8 43 
1205 16 7 43 
2242 17 6 43 
2275 6 2 44 
2386 7 3 44 
2845 8 4 44 
3069 9 5 44 
3742 10 6 44 
3880 11 7 44 
4385 14 10 44 
4665 15 9 44 
4694 16 8 44 
5371 17 7 44 
5505 18 6 44 
5704 6 3 45 
291 7 4 45 
649 8 5 45 
1289 9 6 45 
1402 10 7 45 
1413 11 8 45 
1522 14 11 45 
1562 15 10 44 
1808 16 9 44 
2027 17 8 44 
2098 18 7 44 
2186 6 4 45 
2512 7 5 45 
3130 9 7 45 
3272 10 8 45 
4587 11 9 45 
4687 14 12 45 
5654 15 11 45 
6417 0 19 51 
6050 0 18 51 
6002 1 19 51 
5964 0 17 51 
5533 1 18 51 
5104 2 19 51 
4723 0 16 51 
4520 1 17 51 
4508 2 18 51 
3889 3 19 51 
3728 0 15 51 
3485 1 16 51 
3237 2 17 51 
3212 3 18 51 
2760 4 19 51 
2636 0 14 51 
2338 1 15 51 
2234 2 16 51 
2136 3 17 51 
2127 4 18 51 
2040 5 19 51 
1991 9 19 51 
1624 0 13 51 
1278 1 14 51 
1172 2 15 51 
1082 3 16 51 
959 4 17 51 
657 5 18 51 
470 6 19 51 
320 8 19 51 
6300 9 18 51 
6249 0 12 51 
6013 1 13 51 
5598 2 14 51 
5522 3 15 51 
5510 4 16 51 
5312 5 17 51 
5197 6 18 51 
4889 7 19 51 
4852 8 18 51 
4710 9 17 51 
4636 0 11 51 
4607 1 12 51 
4504 2 13 51 
4417 3 14 51 
4378 4 15 51 
4326 5 16 51 
3693 6 17 51 
3538 7 18 51 
3100 8 17 51 
2828 9 16 51 
2729 10 19 51 
2698 0 0 51 
2660 0 10 51 
2640 1 11 51 
2481 2 12 51 
2239 3 13 51 
2193 4 14 51 
2132 5 15 51 
2110 6 16 51 
1902 7 17 51 
1747 8 16 51 
1090 9 15 51 
867 10 18 51 
259 11 19 51 
91 19 19 51 
26 0 1 51 
5912 0 9 51 
5689 1 0 51 
5587 1 10 51 
5213 2 11 51 
5193 3 12 51 
4999 4 13 51 
4973 5 14 51 
4941 6 15 51 
4488 7 16 51 
4384 8 15 51 
4229 9 14 51 
4196 10 11 51 
4181 10 17 51 
3071 11 18 51 
3017 12 19 51 
2715 18 19 51 
2707 19 18 51 
2613 0 2 51 
2495 0 8 51 
2286 1 1 51 
2251 1 9 51 
2231 2 0 51 
2038 2 10 51 
1520 3 11 51 
1484 4 12 51 
1441 5 13 51 
1173 6 14 51 
910 7 15 51 
833 8 14 51 
606 9 13 51 
522 10 12 51 
145 10 16 51 
6410 11 11 51 
6360 11 17 51 
6237 12 18 51 
6205 13 19 51 
6149 17 19 51 
5841 18 18 51 
5495 19 17 51 
5431 0 3 51 
5367 0 7 51 
5094 1 2 51 
5038 1 8 51 
5024 2 1 51 
4778 2 9 51 
4736 3 0 51 
4496 3 10 51 
4135 4 11 51 
4010 5 12 51 
3969 6 13 51 
3777 7 14 51 
3504 8 13 51 
3346 9 12 51 
3228 10 13 51 
3213 10 15 51 
3180 11 12 51 
2567 11 16 51 
2510 12 11 51 
2410 12 17 51 
2409 13 18 51 
1804 14 19 51 
1638 16 19 51 
1474 17 18 51 
1273 18 17 51 
1269 19 16 51 
1250 0 4 51 
921 0 6 51 
888 1 3 51 
637 1 7 51 
628 2 2 51 
6031 2 8 51 
5835 3 1 51 
5765 3 9 51 
5715 4 0 51 
5276 4 10 51 
4894 5 11 51 
4768 6 12 51 
4711 7 13 51 
4573 8 12 51 
4539 9 11 51 
4320 10 14 51 
4245 11 13 51 
4091 11 15 51 
3763 12 12 51 
3443 12 16 51 
3297 13 17 51 
3233 14 18 51 
2947 15 19 51 
2799 16 18 51 
2779 17 17 51 
2619 18 16 51 
2616 19 15 51 
2465 0 5 51 
2441 1 4 51 
2276 1 6 51 
1888 2 3 51 
1438 2 7 51 
1352 3 2 51 
836 3 8 51 
627 4 1 51 
304 4 9 51 
295 5 10 51 
6029 6 11 51 
5600 7 12 51 
5376 8 11 51 
5335 11 14 51 
4855 12 13 51 
4732 12 15 51 
4577 13 16 51 
4192 14 17 51 
4121 15 18 51 
4012 16 17 51 
3950 17 16 51 
3932 18 15 51 
3714 19 14 51 
3512 1 5 51 
3431 2 4 51 
3147 2 6 51 
3060 3 3 51 
2899 3 7 51 
2796 4 2 51 
2436 4 8 51 
2344 5 9 51 
2290 6 10 51 
1369 7 11 51 
1367 12 14 51 
1366 13 15 51 
1358 14 16 51 
1343 15 17 51 
1335 16 16 51 
1304 17 15 51 
1229 18 14 51 
1017 19 13 51 
925 2 5 51 
743 3 4 51 
182 3 6 51 
5687 4 3 51 
5676 4 7 51 
5327 5 8 51 
5170 6 9 51 
5163 7 10 51 
5013 13 14 51 
4933 14 15 51 
4594 15 16 51 
4233 16 15 51 
4095 17 14 51 
4069 18 13 51 
3921 19 12 51 
3580 3 5 51 
3463 4 4 51 
3455 4 6 51 
3220 5 7 51 
3058 6 8 51 
3029 7 9 51 
2912 8 10 51 
2910 14 14 51 
2861 15 15 51 
2674 16 14 51 
2564 17 13 51 
2499 18 12 51 
2479 19 11 51 
2129 4 5 51 
1803 5 6 51 
1556 6 7 51 
1415 7 8 51 
1159 8 9 51 
1081 9 10 51 
549 15 14 51 
400 16 13 51 
128 17 12 51 
6407 18 11 51 
6370 19 10 51 
5958 5 5 51 
5896 6 6 51 
5441 7 7 51 
5046 8 8 51 
4867 9 9 51 
4816 10 10 51 
4780 13 13 51 
4667 15 13 51 
4624 16 12 51 
4268 17 11 51 
4254 18 10 51 
4220 19 9 51 
4038 5 4 51 
4031 6 5 51 
3708 7 6 51 
3549 8 7 51 
3335 9 8 51 
3038 10 9 51 
3000 11 10 51 
2714 13 12 51 
2297 14 13 51 
2039 15 12 51 
2001 16 11 51 
1703 17 10 51 
1447 18 9 51 
1384 19 8 51 
1233 5 3 51 
617 6 4 51 
258 7 5 51 
28 8 6 51 
6437 9 7 51 
6418 10 8 51 
6246 11 9 51 
5935 12 10 51 
5786 13 11 51 
5553 14 12 51 
5382 15 11 51 
5306 16 10 51 
5283 17 9 51 
5052 18 8 51 
5010 19 7 51 
4890 5 2 51 
4223 6 3 51 
4003 7 4 51 
3529 8 5 51 
3446 9 6 51 
3441 10 7 51 
3366 11 8 51 
3250 12 9 51 
2743 13 10 51 
2298 14 11 51 
2191 15 10 51 
1861 16 9 51 
1823 17 8 51 
1486 18 7 51 
1389 19 6 51 
1208 5 1 51 
995 6 2 51 
761 7 3 51 
140 8 4 51 
6155 9 5 51 
6102 10 6 51 
5888 11 7 51 
5589 12 8 51 
5254 13 9 51 
5144 14 10 51 
4567 15 9 51 
4176 16 8 51 
3954 17 7 51 
3755 18 6 51 
3598 19 5 51 
3555 5 0 51 
3503 6 1 51 
3467 7 2 51 
3340 8 3 51 
2315 9 4 51 
2198 10 5 51 
2121 11 6 51 
2015 12 7 51 
1912 13 8 51 
1692 14 9 51 
442 15 8 51 
227 16 7 51 
155 17 6 51 
5647 18 5 51 
4598 6 0 51 
4421 7 1 51 
4081 8 2 51 
3737 9 3 51 
3569 10 4 51 
2996 11 5 51 
2967 12 6 51 
2850 13 7 51 
2847 14 8 51 
2617 15 7 51 
2371 16 6 51 
2076 17 5 51 
1487 7 0 51 
1341 8 1 51 
1238 9 2 51 
974 10 3 51 
889 11 4 51 
683 12 5 51 
534 13 6 51 
6145 14 7 51 
5706 15 6 51 
5421 16 5 51 
5136 8 0 51 
4692 9 1 51 
4356 10 2 51 
3214 11 3 51 
3113 12 4 51 
3091 13 5 51 
2929 14 6 51 
2736 15 5 51 
2476 9 0 51 
2329 10 1 51 
1828 11 2 51 
1188 12 3 51 
1158 13 4 51 
924 14 5 51 
818 10 0 51 
715 11 1 51 
695 12 2 51 
507 13 3 51 
6423 14 4 51 
6330 11 0 51 
5879 12 1 51 
5532 13 2 51 
5159 14 3 51 
5000 15 4 51 
4717 19 4 51 
4203 12 0 51 
2990 13 1 51 
2944 14 2 51 
2884 15 3 51 
2873 16 4 51 
2601 18 4 51 
2354 19 3 51 
2111 13 0 51 
2097 14 1 51 
792 15 2 51 
554 16 3 51 
6181 17 4 51 
5939 18 3 51 
5366 19 2 51 
4886 14 0 51 
4697 15 1 51 
4163 16 2 51 
3773 17 3 51 
2115 18 2 51 
1220 19 1 51 
758 15 0 51 
5293 16 1 51 
3758 17 2 51 
3753 18 1 51 
3184 19 0 51 
2424 16 0 51 
36 17 1 51 
5215 18 0 51 
1120 17 0 51 
402 17 1 64 
2048 16 1 64 
2238 17 2 64 
4113 18 1 64 
5008 15 1 65 
2579 16 2 65 
3992 17 3 65 
4141 18 2 65 
4957 14 1 66 
735 15 2 66 
1112 16 3 66 
1998 18 3 65 
4601 13 1 66 
5922 14 2 66 
504 15 3 66 
956 12 1 66 
1390 13 2 66 
1544 14 3 66 
2571 11 1 67 
3489 12 2 67 
4439 13 3 67 
5107 10 1 67 
5418 11 2 67 
5646 12 3 67 
971 13 4 67 
2788 9 1 67 
2866 10 2 67 
2946 11 3 67 
3367 12 4 67 
3416 13 5 67 
4347 14 6 67 
4518 8 1 68 
4824 9 2 68 
5438 10 3 68 
5445 11 4 68 
2507 12 5 68 
4368 13 6 68 
4747 14 7 67 
5775 15 6 67 
102 7 1 68 
272 8 2 68 
1783 9 3 68 
2363 10 4 68 
4322 11 5 68 
4395 12 6 68 
5147 13 7 68 
5488 14 8 68 
5918 15 7 68 
190 16 6 68 
328 6 1 69 
425 7 2 69 
1945 8 3 69 
2161 9 4 69 
2385 10 5 69 
2643 11 6 69 
3239 12 7 69 
3938 14 9 69 
4380 15 8 69 
4746 16 7 69 
4783 17 6 69 
6150 6 2 70 
285 7 3 70 
855 8 4 70 
1249 9 5 69 
1651 10 6 69 
1947 11 7 69 
2652 14 10 69 
2857 15 9 69 
3526 16 8 69 
3540 17 7 69 
3668 18 6 69 
4150 6 3 70 
5005 7 4 70 
6379 0 19 76 
6327 0 18 76 
6250 1 19 76 
6163 0 17 76 
6107 1 18 76 
5967 2 19 76 
5894 0 16 76 
5770 1 17 76 
5608 2 18 76 
5557 3 19 76 
5537 0 15 76 
5470 1 16 76 
5462 2 17 76 
5409 3 18 76 
5403 4 19 76 
5322 0 14 76 
5267 1 15 76 
5059 2 16 76 
5056 3 17 76 
4748 4 18 76 
4730 5 19 76 
4169 9 19 76 
3885 0 13 76 
3832 1 14 76 
3713 2 15 76 
3581 3 16 76 
3369 4 17 76 
3229 5 18 76 
2394 6 19 76 
2004 8 19 76 
1833 9 18 76 
1628 0 12 76 
1365 1 13 76 
1101 2 14 76 
586 3 15 76 
331 4 16 76 
6399 5 17 76 
6291 6 18 76 
6280 7 19 76 
6157 8 18 76 
5921 9 17 76 
5597 0 11 76 
5528 1 12 76 
5178 2 13 76 
5001 3 14 76 
4988 4 15 76 
4964 5 16 76 
4952 6 17 76 
4619 7 18 76 
4599 8 17 76 
4534 9 16 76 
4415 10 19 76 
4315 0 0 76 
4216 0 10 76 
4132 1 11 76 
3833 2 12 76 
3633 3 13 76 
3605 4 14 76 
3311 5 15 76 
3152 6 16 76 
3122 7 17 76 
2892 8 16 76 
2786 9 15 76 
2583 10 18 76 
2539 11 19 76 
2449 19 19 76 
2419 0 1 76 
2232 0 9 76 
2084 1 0 76 
1836 1 10 76 
1795 2 11 76 
1594 3 12 76 
1322 4 13 76 
1258 5 14 76 
278 6 15 76 
143 7 16 76 
19 8 15 76 
5788 9 14 76 
5318 10 11 76 
5232 10 17 76 
5083 11 18 76 
5067 12 19 76 
5045 18 19 76 
4847 19 18 76 
4658 0 2 76 
3536 0 8 76 
3470 1 1 76 
2879 1 9 76 
2751 2 0 76 
2637 2 10 76 
2451 3 11 76 
2427 4 12 76 
2159 5 13 76 
2101 6 14 76 
2081 7 15 76 
1983 8 14 76 
1557 9 13 76 
1548 10 12 76 
1375 10 16 76 
917 11 11 76 
913 11 17 76 
821 12 18 76 
620 13 19 76 
590 17 19 76 
469 18 18 76 
468 19 17 76 
401 0 3 76 
300 0 7 76 
175 1 2 76 
126 1 8 76 
6241 2 1 76 
6058 2 9 76 
6038 3 0 76 
5386 3 10 76 
4869 4 11 76 
4553 5 12 76 
4237 6 13 76 
4186 7 14 76 
4178 8 13 76 
4137 9 12 76 
4129 10 13 76 
3884 10 15 76 
3878 11 12 76 
3743 11 16 76 
3733 12 11 76 
3573 12 17 76 
3551 13 18 76 
3477 14 19 76 
3473 16 19 76 
3119 17 18 76 
2982 18 17 76 
2414 19 16 76 
2364 0 4 76 
2287 0 6 76 
1940 1 3 76 
1927 1 7 76 
1812 2 2 76 
1514 2 8 76 
1149 3 1 76 
1027 3 9 76 
951 4 0 76 
732 4 10 76 
493 5 11 76 
339 6 12 76 
312 7 13 76 
269 8 12 76 
52 9 11 76 
6374 10 14 76 
6169 11 13 76 
6070 11 15 76 
5743 12 12 76 
5451 12 16 76 
5224 13 17 76 
4972 14 18 76 
4538 15 19 76 
4408 16 18 76 
3907 17 17 76 
3584 18 16 76 
3518 19 15 76 
3302 0 5 76 
3085 1 4 76 
3070 1 6 76 
2903 2 3 76 
2459 2 7 76 
2438 3 2 76 
2407 3 8 76 
2241 4 1 76 
2058 4 9 76 
2042 5 10 76 
2025 6 11 76 
1869 7 12 76 
1818 8 11 76 
1737 11 14 76 
1584 12 13 76 
1493 12 15 76 
1401 13 16 76 
1280 14 17 76 
1187 15 18 76 
982 16 17 76 
648 17 16 76 
380 18 15 76 
270 19 14 76 
6373 1 5 76 
6120 2 4 76 
5784 2 6 76 
5429 3 3 76 
5228 3 7 76 
5191 4 2 76 
5019 4 8 76 
4830 5 9 76 
4331 6 10 76 
4212 7 11 76 
4101 12 14 76 
4085 13 15 76 
3281 14 16 76 
3219 15 17 76 
3203 16 16 76 
3177 17 15 76 
3007 18 14 76 
2768 19 13 76 
2724 2 5 76 
1988 3 4 76 
1499 3 6 76 
1420 4 3 76 
1240 4 7 76 
1118 5 8 76 
665 6 9 76 
566 7 10 76 
474 13 14 76 
374 14 15 76 
309 15 16 76 
6071 16 15 76 
6025 17 14 76 
5764 18 13 76 
5729 19 12 76 
5712 3 5 76 
5641 4 4 76 
5388 4 6 76 
5187 5 7 76 
4614 6 8 76 
4521 7 9 76 
4270 8 10 76 
4200 14 14 76 
3083 15 15 76 
2994 16 14 76 
2824 17 13 76 
2742 18 12 76 
2480 19 11 76 
2102 4 5 76 
1787 5 6 76 
1771 6 7 76 
1689 7 8 76 
1525 8 9 76 
807 9 10 76 
242 15 14 76 
101 16 13 76 
93 17 12 76 
6076 18 11 76 
5867 19 10 76 
5622 5 5 76 
5450 6 6 76 
5405 7 7 76 
5125 8 8 76 
4908 9 9 76 
4811 10 10 76 
4562 13 13 76 
4238 15 13 76 
4159 16 12 76 
3810 17 11 76 
3700 18 10 76 
3544 19 9 76 
3373 5 4 76 
3018 6 5 76 
2758 7 6 76 
2406 8 7 76 
2197 9 8 76 
1733 10 9 76 
1411 11 10 76 
1392 13 12 76 
1344 14 13 76 
1275 15 12 76 
760 16 11 76 
721 17 10 76 
84 18 9 76 
23 19 8 76 
6281 5 3 76 
6211 6 4 76 
6115 7 5 76 
6072 8 6 76 
5802 9 7 76 
5644 10 8 76 
5596 11 9 76 
5515 12 10 76 
5401 13 11 76 
5315 14 12 76 
4927 15 11 76 
4750 16 10 76 
4354 17 9 76 
4287 18 8 76 
4142 19 7 76 
3746 5 2 76 
2988 6 3 76 
2805 7 4 76 
2475 8 5 76 
2281 9 6 76 
1957 10 7 76 
1798 11 8 76 
1701 12 9 76 
1477 13 10 76 
1306 14 11 76 
1142 15 10 76 
1044 16 9 76 
353 17 8 76 
6279 18 7 76 
5985 19 6 76 
5696 5 1 76 
5428 6 2 76 
5363 7 3 76 
5188 8 4 76 
4655 9 5 76 
4628 10 6 76 
3968 11 7 76 
3409 12 8 76 
2862 13 9 76 
2478 14 10 76 
2471 15 9 76 
2428 16 8 76 
2089 17 7 76 
2028 18 6 76 
2016 19 5 76 
1987 5 0 76 
1472 6 1 76 
1284 7 2 76 
1241 8 3 76 
386 9 4 76 
146 10 5 76 
6295 11 6 76 
5873 12 7 76 
5748 13 8 76 
5350 14 9 76 
4818 15 8 76 
4741 16 7 76 
4703 17 6 76 
4653 18 5 76 
4414 6 0 76 
4371 7 1 76 
3361 8 2 76 
2684 9 3 76 
1620 10 4 76 
482 11 5 76 
417 12 6 76 
388 13 7 76 
6368 14 8 76 
6351 15 7 76 
6020 16 6 76 
5943 17 5 76 
5826 7 0 76 
5326 8 1 76 
5238 9 2 76 
5131 10 3 76 
4098 11 4 76 
3764 12 5 76 
3699 13 6 76 
2712 14 7 76 
2607 15 6 76 
1924 16 5 76 
1461 8 0 76 
1397 9 1 76 
919 10 2 76 
908 11 3 76 
59 12 4 76 
6362 13 5 76 
6009 14 6 76 
5171 15 5 76 
4348 9 0 76 
3817 10 1 76 
3643 11 2 76 
3456 12 3 76 
3436 13 4 76 
2739 14 5 76 
2255 10 0 76 
1858 11 1 76 
1591 12 2 76 
1498 13 3 76 
1162 14 4 76 
1067 11 0 76 
682 12 1 76 
484 13 2 76 
332 14 3 76 
265 15 4 76 
69 19 4 76 
46 12 0 76 
5971 13 1 76 
5572 14 2 76 
5210 15 3 76 
4617 16 4 76 
4036 18 4 76 
3886 19 3 76 
3644 13 0 76 
1881 14 1 76 
1418 15 2 76 
1226 16 3 76 
340 17 4 76 
216 18 3 76 
6138 19 2 76 
6061 14 0 76 
6034 15 1 76 
4897 16 2 76 
4733 17 3 76 
3765 18 2 76 
2911 19 1 76 
1769 15 0 76 
481 16 1 76 
5709 17 2 76 
4987 18 1 76 
4486 19 0 76 
2723 16 0 76 
2096 17 1 76 
705 18 0 76 
434 17 0 76 
5043 17 1 88 
1326 16 1 89 
6434 17 2 88 
154 18 1 88 
1122 15 1 89 
3278 16 2 89 
3608 17 3 89 
3778 18 2 89 
4475 14 1 90 
456 15 2 90 
816 16 3 90 
1265 18 3 90 
3013 13 1 90 
4049 14 2 90 
4909 15 3 90 
3492 12 1 91 
4609 13 2 91 
6096 14 3 91 
2806 11 1 91 
3289 12 2 91 
3545 13 3 91 
4022 10 1 91 
4782 11 2 91 
4864 12 3 91 
236 13 4 91 
1669 9 1 92 
2109 10 2 92 
2443 11 3 92 
2810 12 4 92 
3266 13 5 91 
8 14 6 91 
708 8 1 92 
3719 9 2 92 
4158 10 3 92 
4507 11 4 92 
5298 12 5 92 
5683 13 6 92 
5996 14 7 92 
15 15 6 92 
1475 7 1 93 
1495 8 2 93 
1630 9 3 93 
1938 10 4 93 
4443 11 5 93 
4767 12 6 93 
5726 13 7 93 
5861 14 8 92 
5883 15 7 92 
6192 16 6 92 
397 6 1 94 
622 7 2 94 
981 8 3 94 
1022 9 4 94 
1357 10 5 94 
1574 11 6 93 
2980 12 7 93 
3667 14 9 93 
4809 15 8 93 
4913 16 7 93 
5665 17 6 93 
1094 6 2 94 
1283 7 3 94 
1379 8 4 94 
2163 9 5 94 
2455 10 6 94 
3422 11 7 94 
3548 14 10 94 
3567 15 9 94 
5249 16 8 94 
5353 17 7 94 
5633 18 6 94 
5829 6 3 95 
1 7 4 95 
581 8 5 95 
2244 9 6 95 
3829 10 7 95 
3973 11 8 95 
4171 14 11 95 
4367 15 10 95 
4428 16 9 95 
4759 17 8 95 
5305 18 7 94 
5738 6 4 95 
5927 7 5 95 
