1674
5039 0 10 1 
4795 0 12 1 
4569 0 11 1 
4491 0 13 1 
4462 0 19 1 
4421 1 10 1 
4285 1 12 1 
4190 0 14 1 
4138 0 18 1 
3931 1 11 1 
3687 1 13 1 
3637 1 19 1 
3358 2 10 1 
2843 2 12 1 
2731 0 15 1 
2715 0 17 1 
2666 1 14 1 
2618 1 18 1 
2097 2 11 1 
1827 2 19 1 
1355 3 10 1 
935 0 16 1 
922 1 15 1 
704 1 17 1 
615 2 14 1 
377 2 18 1 
330 3 11 1 
250 3 19 1 
33 4 10 1 
5134 8 10 1 
4924 1 16 1 
4607 2 13 1 
4579 2 15 1 
4323 2 17 1 
4221 3 12 1 
4101 3 14 1 
4010 3 18 1 
3799 4 11 1 
3339 4 19 1 
3242 5 10 1 
3196 7 10 1 
2986 8 11 1 
2893 2 16 1 
2747 3 13 1 
2422 3 15 1 
2353 3 17 1 
1661 4 12 1 
1591 4 18 1 
1528 5 11 1 
1427 5 19 1 
1220 6 10 1 
1036 7 11 1 
941 3 16 1 
893 4 13 1 
516 4 17 1 
460 5 12 1 
176 5 18 1 
5085 6 11 1 
5004 6 19 1 
4866 10 19 1 
4864 4 14 1 
4744 4 16 1 
4689 5 13 1 
4625 5 17 1 
4617 6 12 1 
4516 6 18 1 
4071 7 19 1 
3758 9 19 1 
3749 10 18 1 
3700 4 15 1 
3389 5 14 1 
2623 5 16 1 
2421 6 13 1 
2403 6 17 1 
2293 7 12 1 
2120 7 18 1 
1785 8 19 1 
1729 9 18 1 
1640 10 17 1 
1626 5 15 1 
1603 6 14 1 
1531 6 16 1 
1474 7 13 1 
1446 7 17 1 
1351 8 12 1 
1268 8 18 1 
1249 9 17 1 
974 6 15 1 
943 7 14 1 
857 7 16 1 
807 8 13 1 
790 8 17 1 
549 7 15 1 
361 8 14 1 
27 8 16 1 
5000 11 19 1 
4731 19 19 1 
4643 8 15 1 
4506 9 14 1 
4428 9 16 1 
4408 11 18 1 
4317 12 19 1 
4302 16 7 1 
4227 16 19 1 
4114 18 19 1 
3811 19 18 1 
3636 9 15 1 
3334 10 14 1 
3252 10 16 1 
2786 11 17 1 
2510 12 18 1 
2400 13 19 1 
2223 15 19 1 
2031 16 8 1 
1920 16 18 1 
1839 17 7 1 
1456 17 19 1 
1169 18 18 1 
1121 19 7 1 
1000 19 17 1 
623 10 15 1 
468 11 14 1 
168 11 16 1 
42 12 17 1 
5088 13 18 1 
5070 14 19 1 
4952 15 18 1 
4779 16 15 1 
4706 16 17 1 
4655 17 8 1 
4597 17 18 1 
4542 18 7 1 
4475 18 17 1 
4400 19 8 1 
3908 19 12 1 
3897 19 16 1 
3668 11 15 1 
3611 12 14 1 
3424 12 16 1 
3329 13 17 1 
3155 14 18 1 
3026 15 15 1 
2981 15 17 1 
2928 16 16 1 
2901 17 17 1 
2767 18 8 1 
2537 18 12 1 
2075 18 16 1 
1289 19 9 1 
1177 19 11 1 
1122 19 15 1 
447 12 15 1 
5131 13 16 1 
5080 14 17 1 
4959 15 16 1 
4872 17 16 1 
4333 18 9 1 
4087 18 11 1 
3926 18 15 1 
3731 19 10 1 
3727 19 14 1 
3502 13 15 1 
3486 14 16 1 
3336 17 9 1 
3223 17 15 1 
3058 18 10 1 
2925 18 14 1 
2775 19 13 1 
2440 13 14 1 
2324 14 15 1 
2006 16 9 1 
1814 17 10 1 
1486 17 14 1 
1396 18 13 1 
740 13 13 1 
505 14 14 1 
386 16 10 1 
222 16 14 1 
135 17 11 1 
4916 17 13 1 
4685 14 13 1 
4546 15 14 1 
4535 16 11 1 
3910 16 13 1 
3843 17 12 1 
3222 15 13 1 
3096 16 12 1 
2551 15 12 1 
2384 14 12 1 
2247 15 11 1 
2194 14 11 1 
2010 15 10 1 
1810 14 10 1 
1647 15 7 1 
1284 15 9 1 
971 14 7 1 
408 14 9 1 
389 15 8 1 
349 13 7 1 
164 14 8 1 
159 12 7 1 
4887 13 8 1 
4853 12 8 1 
4834 13 9 1 
4833 12 9 1 
4177 12 13 1 
3883 13 10 1 
3820 13 12 1 
3383 11 13 1 
3338 12 10 1 
3118 12 12 1 
2960 13 11 1 
2697 0 9 1 
2634 10 13 1 
2499 11 12 1 
2152 12 11 1 
1829 19 0 1 
1776 0 0 1 
1620 0 8 1 
1496 1 9 1 
1483 9 13 1 
906 10 12 1 
902 11 11 1 
639 18 0 1 
466 19 1 1 
448 0 1 1 
348 0 7 1 
271 1 0 1 
4975 1 8 1 
4971 2 9 1 
4958 9 12 1 
4769 10 11 1 
4301 11 10 1 
3947 17 0 1 
3828 18 1 1 
3714 19 2 1 
3487 0 2 1 
3225 0 6 1 
3201 1 1 1 
2985 1 7 1 
2930 2 0 1 
2881 2 8 1 
2752 3 9 1 
2606 9 11 1 
2183 10 10 1 
1777 11 9 1 
1634 17 1 1 
1461 18 2 1 
1377 19 3 1 
878 0 3 1 
762 0 5 1 
585 1 2 1 
487 1 6 1 
467 2 1 1 
351 2 7 1 
332 3 0 1 
55 3 8 1 
5145 4 9 1 
5037 9 10 1 
4433 10 9 1 
4432 11 8 1 
4281 17 2 1 
4038 18 3 1 
3852 19 4 1 
3635 19 6 1 
3609 0 4 1 
3603 1 3 1 
3079 1 5 1 
3075 2 2 1 
2917 2 6 1 
2868 3 1 1 
2839 3 7 1 
2678 4 0 1 
2386 4 8 1 
2346 5 9 1 
2205 9 9 1 
1908 10 8 1 
1846 14 0 1 
1723 16 0 1 
1540 16 2 1 
1522 17 3 1 
1320 18 4 1 
1107 18 6 1 
1013 19 5 1 
636 1 4 1 
573 2 3 1 
463 2 5 1 
334 3 2 1 
233 3 6 1 
5103 4 1 1 
4676 4 7 1 
4654 5 8 1 
4581 6 9 1 
4201 8 9 1 
4068 9 8 1 
3710 14 1 1 
3616 15 0 1 
3402 16 1 1 
2728 16 3 1 
2557 17 4 1 
2545 17 6 1 
2502 18 5 1 
2424 2 4 1 
2358 3 3 1 
2231 3 5 1 
1993 4 2 1 
1260 4 6 1 
1126 5 7 1 
972 6 8 1 
342 7 9 1 
235 8 8 1 
137 9 7 1 
59 14 2 1 
14 15 1 1 
4917 16 4 1 
4892 16 6 1 
4825 17 5 1 
4759 3 4 1 
4646 4 3 1 
4194 4 5 1 
3429 5 6 1 
3279 6 7 1 
2992 7 8 1 
2922 8 7 1 
2816 9 6 1 
2690 13 0 1 
2631 14 3 1 
2401 15 2 1 
1951 15 6 1 
1155 16 5 1 
839 4 4 1 
727 5 3 1 
58 5 5 1 
5092 6 6 1 
4337 7 7 1 
4293 8 6 1 
4149 9 5 1 
3790 12 0 1 
3679 13 1 1 
3516 14 6 1 
2573 15 3 1 
2512 15 5 1 
2477 5 4 1 
2005 6 5 1 
1762 7 6 1 
1708 8 5 1 
1382 11 0 1 
1205 12 1 1 
877 13 2 1 
760 13 6 1 
48 14 5 1 
5006 15 4 1 
4966 6 4 1 
4893 7 5 1 
4745 8 4 1 
4635 11 1 1 
4131 11 7 1 
3766 12 2 1 
3762 12 6 1 
3522 13 3 1 
2415 13 5 1 
2018 14 4 1 
1077 5 2 1 
883 6 3 1 
832 7 4 1 
149 8 3 1 
4928 10 7 1 
4539 11 2 1 
4526 11 6 1 
4247 12 3 1 
4126 12 5 1 
4099 13 4 1 
3933 5 1 1 
3882 6 2 1 
3866 7 3 1 
3814 8 2 1 
3153 10 6 1 
2953 11 3 1 
2170 11 5 1 
1518 12 4 1 
501 5 0 1 
183 6 1 1 
4567 7 2 1 
4215 9 4 1 
4043 10 5 1 
3842 11 4 1 
2669 6 0 1 
2080 7 1 1 
1479 9 3 1 
867 10 4 1 
100 7 0 1 
4986 8 1 1 
4411 9 2 1 
4023 10 3 1 
3901 8 0 1 
3777 9 1 1 
3702 10 2 1 
3692 9 0 1 
1546 10 1 1 
1102 10 0 1 
1855 6 1 14 
2972 7 3 14 
1904 11 5 14 
2565 12 3 14 
993 12 2 15 
2611 12 1 16 
224 14 5 16 
1404 8 6 16 
1550 3 3 18 
2300 1 4 19 
3173 1 5 19 
1570 3 8 20 
3704 10 9 19 
3986 1 1 20 
682 2 8 20 
700 10 10 20 
1557 1 8 20 
2663 18 1 20 
4077 18 14 23 
768 18 15 23 
5118 0 10 26 
5048 0 12 26 
4540 0 11 26 
4403 0 13 26 
4388 0 19 26 
4193 1 10 26 
4148 1 12 26 
3964 0 14 26 
3707 0 18 26 
3694 1 11 26 
3585 1 13 26 
3441 1 19 26 
3360 2 10 26 
3325 2 12 26 
3264 0 15 26 
3191 0 17 26 
3186 1 14 26 
3146 1 18 26 
3134 2 11 26 
3083 2 19 26 
2528 3 10 26 
1986 0 16 26 
1845 1 15 26 
1779 1 17 26 
1767 2 14 26 
1604 2 18 26 
1524 3 11 26 
1509 3 19 26 
1419 4 10 26 
939 8 10 26 
929 1 16 26 
808 2 13 26 
735 2 15 26 
575 2 17 26 
538 3 12 26 
515 3 14 26 
151 3 18 26 
118 4 11 26 
4956 4 19 26 
4860 5 10 26 
4653 7 10 26 
4557 8 11 26 
4498 2 16 26 
4463 3 13 26 
3606 3 15 26 
3548 3 17 26 
3547 4 12 26 
3499 4 18 26 
3357 5 11 26 
3163 5 19 26 
3078 6 10 26 
2887 7 11 26 
2850 3 16 26 
2614 4 13 26 
2359 4 17 26 
2302 5 12 26 
2068 5 18 26 
1958 6 11 26 
1794 6 19 26 
871 10 19 26 
811 4 14 26 
784 4 16 26 
667 5 13 26 
648 5 17 26 
537 6 12 26 
387 6 18 26 
374 7 19 26 
290 9 19 26 
248 10 18 26 
171 4 15 26 
4980 5 14 26 
4820 5 16 26 
4691 6 13 26 
4662 6 17 26 
4426 7 12 26 
4224 7 18 26 
4054 8 19 26 
3967 9 18 26 
3804 10 17 26 
3793 5 15 26 
3705 6 14 26 
3498 6 16 26 
3298 7 13 26 
3152 7 17 26 
2944 8 12 26 
2518 8 18 26 
2417 9 17 26 
2178 6 15 26 
2089 7 14 26 
1853 7 16 26 
1838 8 13 26 
1731 8 17 26 
1711 7 15 26 
1625 8 14 26 
1512 8 16 26 
1214 11 19 26 
1136 19 19 26 
947 8 15 26 
946 9 14 26 
771 9 16 26 
689 11 18 26 
618 12 19 26 
464 16 7 26 
239 16 19 26 
210 18 19 26 
60 19 18 26 
5106 9 15 26 
4957 10 14 26 
4955 10 16 26 
4880 11 17 26 
4877 12 18 26 
4724 13 19 26 
4458 15 19 26 
4457 16 8 26 
4199 16 18 26 
4137 17 7 26 
4108 17 19 26 
3879 18 18 26 
3859 19 7 26 
3674 19 17 26 
3595 10 15 26 
3517 11 14 26 
3049 11 16 26 
3036 12 17 26 
2939 13 18 26 
2846 14 19 26 
2830 15 18 26 
2801 16 15 26 
2741 16 17 26 
2406 17 8 26 
2190 17 18 26 
2071 18 7 26 
2045 18 17 26 
1999 19 8 26 
1926 19 12 26 
1836 19 16 26 
1552 11 15 26 
1520 12 14 26 
1043 12 16 26 
1031 13 17 26 
849 14 18 26 
753 15 15 26 
684 15 17 26 
454 16 16 26 
245 17 17 26 
126 18 8 26 
5138 18 12 26 
5120 18 16 26 
5059 19 9 26 
4976 19 11 26 
4897 19 15 26 
4836 12 15 26 
4551 13 16 26 
4442 14 17 26 
4187 15 16 26 
4029 17 16 26 
3818 18 9 26 
3683 18 11 26 
3654 18 15 26 
3115 19 10 26 
3114 19 14 26 
3040 13 15 26 
2790 14 16 26 
2221 17 9 26 
2220 17 15 26 
2131 18 10 26 
1867 18 14 26 
1788 19 13 26 
1707 13 14 26 
1413 14 15 26 
1328 16 9 26 
1114 17 10 26 
723 17 14 26 
647 18 13 26 
583 13 13 26 
518 14 14 26 
502 16 10 26 
493 16 14 26 
240 17 11 26 
4847 17 13 26 
4711 14 13 26 
4615 15 14 26 
4605 16 11 26 
4213 16 13 26 
4124 17 12 26 
4100 15 13 26 
4086 16 12 26 
3871 15 12 26 
3854 14 12 26 
3721 15 11 26 
2889 14 11 26 
2643 15 10 26 
2146 14 10 26 
2082 15 7 26 
2070 15 9 26 
1961 14 7 26 
1897 14 9 26 
1087 15 8 26 
895 13 7 26 
202 14 8 26 
99 12 7 26 
4739 13 8 26 
4683 12 8 26 
4670 13 9 26 
4574 12 9 26 
4514 12 13 26 
4228 13 10 26 
4025 13 12 26 
3934 11 13 26 
3745 12 10 26 
3717 12 12 26 
3699 13 11 26 
3431 0 9 26 
3174 10 13 26 
3038 11 12 26 
2913 12 11 26 
2882 19 0 26 
2814 0 0 26 
2558 0 8 26 
2529 1 9 26 
2319 9 13 26 
2260 10 12 26 
1849 11 11 26 
1633 18 0 26 
1314 19 1 26 
533 0 1 26 
184 0 7 26 
127 1 0 26 
5 1 8 26 
5058 2 9 26 
4994 9 12 26 
4478 10 11 26 
4042 11 10 26 
3681 17 0 26 
3642 18 1 26 
3442 19 2 26 
3205 0 2 26 
2646 0 6 26 
2329 1 1 26 
2136 1 7 26 
1930 2 0 26 
1925 2 8 26 
1571 3 9 26 
1526 9 11 26 
1256 10 10 26 
1250 11 9 26 
716 17 1 26 
268 18 2 26 
182 19 3 26 
128 0 3 26 
20 0 5 26 
4848 1 2 26 
4454 1 6 26 
4157 2 1 26 
4132 2 7 26 
3980 3 0 26 
3697 3 8 26 
3546 4 9 26 
2838 9 10 26 
2794 10 9 26 
2766 11 8 26 
2549 17 2 26 
2480 18 3 26 
2282 19 4 26 
2198 19 6 26 
1983 0 4 26 
1863 1 3 26 
1704 1 5 26 
1418 2 2 26 
1373 2 6 26 
1147 3 1 26 
1098 3 7 26 
903 4 0 26 
813 4 8 26 
770 5 9 26 
635 9 9 26 
503 10 8 26 
70 14 0 26 
4753 16 0 26 
4738 16 2 26 
4584 17 3 26 
3831 18 4 26 
3399 18 6 26 
3043 19 5 26 
3022 1 4 26 
2900 2 3 26 
2888 2 5 26 
2387 3 2 26 
1933 3 6 26 
1782 4 1 26 
1721 4 7 26 
1611 5 8 26 
1554 6 9 26 
1133 8 9 26 
801 9 8 26 
553 14 1 26 
5033 15 0 26 
4801 16 1 26 
4734 16 3 26 
3869 17 4 26 
3853 17 6 26 
3788 18 5 26 
3769 2 4 26 
3639 3 3 26 
3598 3 5 26 
3582 4 2 26 
3192 4 6 26 
3131 5 7 26 
3048 6 8 26 
2961 7 9 26 
2892 8 8 26 
2770 9 7 26 
2753 14 2 26 
2751 15 1 26 
2318 16 4 26 
1866 16 6 26 
1757 17 5 26 
1345 3 4 26 
1282 4 3 26 
1200 4 5 26 
1011 5 6 26 
304 6 7 26 
186 7 8 26 
4666 8 7 26 
4510 9 6 26 
3691 13 0 26 
3513 14 3 26 
3414 15 2 26 
3337 15 6 26 
2903 16 5 26 
2829 4 4 26 
2805 5 3 26 
2778 5 5 26 
2613 6 6 26 
2446 7 7 26 
2432 8 6 26 
1508 9 5 26 
1465 12 0 26 
1248 13 1 26 
1143 14 6 26 
1100 15 3 26 
1004 15 5 26 
546 5 4 26 
417 6 5 26 
356 7 6 26 
4990 8 5 26 
4613 11 0 26 
4191 12 1 26 
4008 13 2 26 
3619 13 6 26 
2826 14 5 26 
2755 15 4 26 
2543 6 4 26 
1968 7 5 26 
1561 8 4 26 
1443 11 1 26 
1290 11 7 26 
605 12 2 26 
5105 12 6 26 
4130 13 3 26 
4058 13 5 26 
3938 14 4 26 
3187 5 2 26 
2854 6 3 26 
2276 7 4 26 
1876 8 3 26 
1862 10 7 26 
1120 11 2 26 
1046 11 6 26 
62 12 3 26 
12 12 5 26 
4918 13 4 26 
4371 5 1 26 
4220 6 2 26 
3809 7 3 26 
3379 8 2 26 
3301 10 6 26 
3021 11 3 26 
3005 11 5 26 
2864 12 4 26 
2171 5 0 26 
1375 6 1 26 
988 7 2 26 
333 9 4 26 
215 10 5 26 
4039 11 4 26 
3474 6 0 26 
3001 7 1 26 
2680 9 3 26 
2119 10 4 26 
1374 7 0 26 
742 8 1 26 
736 9 2 26 
3545 10 3 26 
2727 8 0 26 
2710 9 1 26 
2501 10 2 26 
2130 9 0 26 
1222 10 1 26 
1104 10 0 26 
3117 6 1 39 
4384 7 3 39 
1263 11 5 39 
1703 12 3 40 
196 12 2 41 
2605 12 1 41 
776 14 5 41 
1759 8 6 42 
2085 3 3 43 
3983 1 4 44 
1132 1 5 45 
282 3 8 45 
299 10 9 45 
200 1 1 46 
1523 2 8 46 
1942 10 10 46 
4765 1 8 47 
4793 18 1 46 
5115 0 10 51 
4973 0 12 51 
4930 0 11 51 
4810 0 13 51 
4787 0 19 51 
4381 1 10 51 
4376 1 12 51 
4236 0 14 51 
4007 0 18 51 
3873 1 11 51 
3540 1 13 51 
2906 1 19 51 
2758 2 10 51 
2121 2 12 51 
1527 0 15 51 
1499 0 17 51 
1341 1 14 51 
1304 1 18 51 
1223 2 11 51 
1053 2 19 51 
1001 3 10 51 
752 0 16 51 
608 1 15 51 
511 1 17 51 
372 2 14 51 
352 2 18 51 
208 3 11 51 
143 3 19 51 
87 4 10 51 
51 8 10 51 
50 1 16 51 
2 2 13 51 
4870 2 15 51 
4695 2 17 51 
4561 3 12 51 
4493 3 14 51 
3984 3 18 51 
3826 4 11 51 
3739 4 19 51 
3292 5 10 51 
2979 7 10 51 
2763 8 11 51 
2704 2 16 51 
2652 3 13 51 
2449 3 15 51 
2356 3 17 51 
2354 4 12 51 
2336 4 18 51 
2309 5 11 51 
2262 5 19 51 
2218 6 10 51 
2165 7 11 51 
1756 3 16 51 
1658 4 13 51 
1478 4 17 51 
1234 5 12 51 
1210 5 18 51 
957 6 11 51 
933 6 19 51 
681 10 19 51 
679 4 14 51 
628 4 16 51 
462 5 13 51 
430 5 17 51 
217 6 12 51 
41 6 18 51 
23 7 19 51 
5025 9 19 51 
4960 10 18 51 
4802 4 15 51 
4740 5 14 51 
4673 5 16 51 
4628 6 13 51 
4424 6 17 51 
4393 7 12 51 
4202 7 18 51 
3485 8 19 51 
3408 9 18 51 
3147 10 17 51 
3054 5 15 51 
2815 6 14 51 
2636 6 16 51 
2597 7 13 51 
2580 7 17 51 
2569 8 12 51 
2547 8 18 51 
2526 9 17 51 
2390 6 15 51 
2332 7 14 51 
2271 7 16 51 
2189 8 13 51 
2029 8 17 51 
1823 7 15 51 
1327 8 14 51 
1283 8 16 51 
1176 11 19 51 
892 19 19 51 
744 8 15 51 
316 9 14 51 
296 9 16 51 
5110 11 18 51 
4878 12 19 51 
4789 16 7 51 
4751 16 19 51 
4479 18 19 51 
4436 19 18 51 
3918 9 15 51 
3763 10 14 51 
3734 10 16 51 
3451 11 17 51 
3450 12 18 51 
3291 13 19 51 
2940 15 19 51 
2797 16 8 51 
2719 16 18 51 
2650 17 7 51 
2475 17 19 51 
2287 18 18 51 
2259 19 7 51 
1254 19 17 51 
1008 10 15 51 
909 11 14 51 
810 11 16 51 
519 12 17 51 
366 13 18 51 
310 14 19 51 
230 15 18 51 
154 16 15 51 
136 16 17 51 
120 17 8 51 
5024 17 18 51 
4970 18 7 51 
4931 18 17 51 
4896 19 8 51 
4750 19 12 51 
4748 19 16 51 
4728 11 15 51 
4621 12 14 51 
4359 12 16 51 
4350 13 17 51 
4335 14 18 51 
4291 15 15 51 
4256 15 17 51 
4244 16 16 51 
4226 17 17 51 
4147 18 8 51 
4036 18 12 51 
3878 18 16 51 
3715 19 9 51 
3672 19 11 51 
3649 19 15 51 
3638 12 15 51 
3554 13 16 51 
3482 14 17 51 
3172 15 16 51 
3166 17 16 51 
3151 18 9 51 
3110 18 11 51 
2915 18 15 51 
2891 19 10 51 
2773 19 14 51 
2464 13 15 51 
2182 14 16 51 
2030 17 9 51 
1917 17 15 51 
1734 18 10 51 
1639 18 14 51 
1399 19 13 51 
1332 13 14 51 
838 14 15 51 
805 16 9 51 
480 17 10 51 
427 17 14 51 
318 18 13 51 
107 13 13 51 
5090 14 14 51 
5078 16 10 51 
4803 16 14 51 
4717 17 11 51 
4716 17 13 51 
4547 14 13 51 
3518 15 14 51 
3438 16 11 51 
3320 16 13 51 
3130 17 12 51 
2381 15 13 51 
2209 16 12 51 
2179 15 12 51 
1772 14 12 51 
1651 15 11 51 
1406 14 11 51 
1211 15 10 51 
800 14 10 51 
315 15 7 51 
209 15 9 51 
133 14 7 51 
68 14 9 51 
5099 15 8 51 
4782 13 7 51 
4538 14 8 51 
4422 12 7 51 
4330 13 8 51 
4320 12 8 51 
4270 13 9 51 
4262 12 9 51 
4240 12 13 51 
3725 13 10 51 
3633 13 12 51 
3267 11 13 51 
3193 12 10 51 
2895 12 12 51 
2800 13 11 51 
2656 0 9 51 
2141 10 13 51 
2020 11 12 51 
1994 12 11 51 
1817 19 0 51 
1044 0 0 51 
685 0 8 51 
469 1 9 51 
413 9 13 51 
368 10 12 51 
192 11 11 51 
113 18 0 51 
13 19 1 51 
9 0 1 51 
5042 0 7 51 
4940 1 0 51 
4500 1 8 51 
4165 2 9 51 
4152 9 12 51 
3640 10 11 51 
3490 11 10 51 
3468 17 0 51 
3375 18 1 51 
3369 19 2 51 
2966 0 2 51 
2214 0 6 51 
1990 1 1 51 
1541 1 7 51 
1285 2 0 51 
1264 2 8 51 
1154 3 9 51 
859 9 11 51 
794 10 10 51 
756 11 9 51 
676 17 1 51 
619 18 2 51 
584 19 3 51 
532 0 3 51 
393 0 5 51 
360 1 2 51 
206 1 6 51 
79 2 1 51 
4533 2 7 51 
4523 3 0 51 
4255 3 8 51 
4251 4 9 51 
4186 9 10 51 
3467 10 9 51 
3444 11 8 51 
3214 17 2 51 
2853 18 3 51 
2113 19 4 51 
2103 19 6 51 
2099 0 4 51 
2035 1 3 51 
1781 1 5 51 
1245 2 2 51 
1221 2 6 51 
1085 3 1 51 
651 3 7 51 
500 4 0 51 
338 4 8 51 
5139 5 9 51 
4843 9 9 51 
4824 10 8 51 
4708 14 0 51 
4417 16 0 51 
3666 16 2 51 
3310 17 3 51 
3023 18 4 51 
2748 18 6 51 
2139 19 5 51 
2110 1 4 51 
2040 2 3 51 
1812 2 5 51 
1768 3 2 51 
1679 3 6 51 
1549 4 1 51 
1491 4 7 51 
1195 5 8 51 
1135 6 9 51 
1101 8 9 51 
572 9 8 51 
550 14 1 51 
95 15 0 51 
54 16 1 51 
4544 16 3 51 
4235 17 4 51 
3829 17 6 51 
3653 18 5 51 
3362 2 4 51 
3275 3 3 51 
2959 3 5 51 
2492 4 2 51 
2350 4 6 51 
2167 5 7 51 
2004 6 8 51 
1914 7 9 51 
1662 8 8 51 
1360 9 7 51 
1241 14 2 51 
1066 15 1 51 
643 16 4 51 
475 16 6 51 
458 17 5 51 
227 3 4 51 
173 4 3 51 
5095 4 5 51 
4974 5 6 51 
4894 6 7 51 
4800 7 8 51 
4799 8 7 51 
4619 9 6 51 
4443 13 0 51 
3963 14 3 51 
3543 15 2 51 
3407 15 6 51 
3077 16 5 51 
2799 4 4 51 
2578 5 3 51 
2535 5 5 51 
2373 6 6 51 
2278 7 7 51 
1825 8 6 51 
1646 9 5 51 
1457 12 0 51 
1294 13 1 51 
950 14 6 51 
98 15 3 51 
4449 15 5 51 
4260 5 4 51 
4234 6 5 51 
4164 7 6 51 
3634 8 5 51 
3506 11 0 51 
3209 12 1 51 
2995 13 2 51 
2632 13 6 51 
2137 14 5 51 
2053 15 4 51 
1587 6 4 51 
1503 7 5 51 
1460 8 4 51 
1007 11 1 51 
710 11 7 51 
488 12 2 51 
4953 12 6 51 
4832 13 3 51 
4733 13 5 51 
4513 14 4 51 
4435 5 2 51 
4223 6 3 51 
3935 7 4 51 
3821 8 3 51 
3626 10 7 51 
3074 11 2 51 
2875 11 6 51 
2841 12 3 51 
2057 12 5 51 
1998 13 4 51 
1602 5 1 51 
1521 6 2 51 
1507 7 3 51 
956 8 2 51 
672 10 6 51 
255 11 3 51 
4446 11 5 51 
3752 12 4 51 
3103 5 0 51 
2856 6 1 51 
2048 7 2 51 
1585 9 4 51 
978 10 5 51 
3309 11 4 51 
2236 6 0 51 
2107 7 1 51 
1980 9 3 51 
1511 10 4 51 
1207 7 0 51 
869 8 1 51 
611 9 2 51 
4913 10 3 51 
4696 8 0 51 
3138 9 1 51 
1057 10 2 51 
472 9 0 51 
6 10 1 51 
4624 10 0 51 
600 6 1 64 
104 7 3 65 
1387 11 5 64 
2228 12 3 65 
2977 12 2 66 
4816 12 1 66 
399 14 5 66 
4295 8 6 67 
4623 3 3 68 
1371 1 4 69 
1657 1 5 70 
1923 3 8 70 
938 10 9 70 
2269 1 1 71 
3352 2 8 71 
4492 10 10 71 
52 1 8 71 
65 18 1 71 
5069 0 10 76 
5003 0 12 76 
4737 0 11 76 
4631 0 13 76 
4504 0 19 76 
4503 1 10 76 
4461 1 12 76 
4328 0 14 76 
3916 0 18 76 
3896 1 11 76 
3880 1 13 76 
3605 1 19 76 
3494 2 10 76 
3119 2 12 76 
2971 0 15 76 
2825 0 17 76 
2675 1 14 76 
2515 1 18 76 
2234 2 11 76 
2173 2 19 76 
2061 3 10 76 
1760 0 16 76 
1674 1 15 76 
1614 1 17 76 
1529 2 14 76 
1192 2 18 76 
1083 3 11 76 
732 3 19 76 
580 4 10 76 
204 8 10 76 
5147 1 16 76 
4933 2 13 76 
4903 2 15 76 
4723 2 17 76 
4701 3 12 76 
4680 3 14 76 
4640 3 18 76 
4602 4 11 76 
4437 4 19 76 
4327 5 10 76 
4218 7 10 76 
4208 8 11 76 
4175 2 16 76 
4048 3 13 76 
3952 3 15 76 
3796 3 17 76 
3630 4 12 76 
3625 4 18 76 
3596 5 11 76 
3589 5 19 76 
3556 6 10 76 
3538 7 11 76 
3434 3 16 76 
2866 4 13 76 
2749 4 17 76 
2273 5 12 76 
2206 5 18 76 
1960 6 11 76 
1899 6 19 76 
1868 10 19 76 
1808 4 14 76 
1648 4 16 76 
1082 5 13 76 
964 5 17 76 
913 6 12 76 
862 6 18 76 
822 7 19 76 
749 9 19 76 
551 10 18 76 
453 4 15 76 
205 5 14 76 
5082 5 16 76 
5055 6 13 76 
5016 6 17 76 
4851 7 12 76 
4749 7 18 76 
4686 8 19 76 
4650 9 18 76 
4469 10 17 76 
4344 5 15 76 
4238 6 14 76 
4113 6 16 76 
3452 7 13 76 
3416 7 17 76 
2272 8 12 76 
2240 8 18 76 
1824 9 17 76 
1709 6 15 76 
1685 7 14 76 
1344 7 16 76 
1230 8 13 76 
1159 8 17 76 
767 7 15 76 
680 8 14 76 
677 8 16 76 
637 11 19 76 
376 19 19 76 
163 8 15 76 
22 9 14 76 
5011 9 16 76 
4944 11 18 76 
4780 12 19 76 
4674 16 7 76 
4591 16 19 76 
4562 18 19 76 
4084 19 18 76 
4046 9 15 76 
3861 10 14 76 
3850 10 16 76 
3713 11 17 76 
3283 12 18 76 
2785 13 19 76 
2455 15 19 76 
2308 16 8 76 
2160 16 18 76 
2055 17 7 76 
1813 17 19 76 
1628 18 18 76 
1271 19 7 76 
1064 19 17 76 
936 10 15 76 
644 11 14 76 
638 11 16 76 
442 12 17 76 
325 13 18 76 
220 14 19 76 
3 15 18 76 
5072 16 15 76 
4948 16 17 76 
4531 17 8 76 
4524 17 18 76 
4395 18 7 76 
4354 18 17 76 
4325 19 8 76 
4266 19 12 76 
4197 19 16 76 
4188 11 15 76 
3906 12 14 76 
3660 12 16 76 
3278 13 17 76 
3011 14 18 76 
2943 15 15 76 
2883 15 17 76 
2837 16 16 76 
2575 17 17 76 
2439 18 8 76 
2379 18 12 76 
2017 18 16 76 
2014 19 9 76 
1965 19 11 76 
1718 19 15 76 
1506 12 15 76 
1469 13 16 76 
1297 14 17 76 
1174 15 16 76 
1037 17 16 76 
668 18 9 76 
269 18 11 76 
218 18 15 76 
5104 19 10 76 
5007 19 14 76 
4941 13 15 76 
4920 14 16 76 
4812 17 9 76 
4502 17 15 76 
4150 18 10 76 
4135 18 14 76 
3954 19 13 76 
3939 13 14 76 
3761 14 15 76 
3646 16 9 76 
3481 17 10 76 
3230 17 14 76 
2803 18 13 76 
2494 13 13 76 
2371 14 14 76 
2303 16 10 76 
2161 16 14 76 
2022 17 11 76 
1905 17 13 76 
1780 14 13 76 
1538 15 14 76 
1316 16 11 76 
1164 16 13 76 
835 17 12 76 
602 15 13 76 
521 16 12 76 
440 15 12 76 
429 14 12 76 
428 15 11 76 
418 14 11 76 
97 15 10 76 
4755 14 10 76 
3992 15 7 76 
3990 15 9 76 
3658 14 7 76 
3641 14 9 76 
3571 15 8 76 
3472 13 7 76 
3299 14 8 76 
3254 12 7 76 
3002 13 8 76 
2987 12 8 76 
2737 13 9 76 
2661 12 9 76 
2633 12 13 76 
2560 13 10 76 
2419 13 12 76 
2367 11 13 76 
2348 12 10 76 
1910 12 12 76 
1893 13 11 76 
1432 0 9 76 
1265 10 13 76 
1187 11 12 76 
1125 12 11 76 
726 19 0 76 
329 0 0 76 
101 0 8 76 
34 1 9 76 
5111 9 13 76 
4914 10 12 76 
4767 11 11 76 
4647 18 0 76 
4568 19 1 76 
4541 0 1 76 
4145 0 7 76 
4128 1 0 76 
4103 1 8 76 
3632 2 9 76 
3418 9 12 76 
3391 10 11 76 
3256 11 10 76 
3169 17 0 76 
3047 18 1 76 
2858 19 2 76 
2590 0 2 76 
2445 0 6 76 
2360 1 1 76 
1934 1 7 76 
1215 2 0 76 
1186 2 8 76 
900 3 9 76 
631 9 11 76 
590 10 10 76 
542 11 9 76 
514 17 1 76 
281 18 2 76 
5119 19 3 76 
4353 0 3 76 
4319 0 5 76 
3884 1 2 76 
3536 1 6 76 
3478 2 1 76 
3266 2 7 76 
2920 3 0 76 
2902 3 8 76 
2639 4 9 76 
2443 9 10 76 
2382 10 9 76 
2380 11 8 76 
937 17 2 76 
416 18 3 76 
335 19 4 76 
189 19 6 76 
5143 0 4 76 
5129 1 3 76 
5013 1 5 76 
4590 2 2 76 
4555 2 6 76 
4438 3 1 76 
4419 3 7 76 
4394 4 0 76 
4183 4 8 76 
4061 5 9 76 
4021 9 9 76 
4003 10 8 76 
3898 14 0 76 
3716 16 0 76 
3473 16 2 76 
3326 17 3 76 
2796 18 4 76 
2210 18 6 76 
1935 19 5 76 
1774 1 4 76 
1766 2 3 76 
1510 2 5 76 
1233 3 2 76 
1035 3 6 76 
570 4 1 76 
4781 4 7 76 
4663 5 8 76 
4212 6 9 76 
3887 8 9 76 
3508 9 8 76 
3462 14 1 76 
3013 15 0 76 
2867 16 1 76 
2804 16 3 76 
2604 17 4 76 
2482 17 6 76 
2361 18 5 76 
2317 2 4 76 
2298 3 3 76 
2254 3 5 76 
1738 4 2 76 
1705 4 6 76 
1581 5 7 76 
1564 6 8 76 
1476 7 9 76 
1239 8 8 76 
1139 9 7 76 
632 14 2 76 
598 15 1 76 
4693 16 4 76 
4622 16 6 76 
4159 17 5 76 
3608 3 4 76 
2905 4 3 76 
2689 4 5 76 
2377 5 6 76 
1967 6 7 76 
1722 7 8 76 
1516 8 7 76 
1301 9 6 76 
470 13 0 76 
298 14 3 76 
228 15 2 76 
172 15 6 76 
5142 16 5 76 
4912 4 4 76 
4908 5 3 76 
3966 5 5 76 
3815 6 6 76 
3684 7 7 76 
3656 8 6 76 
3624 9 5 76 
3376 12 0 76 
2660 13 1 76 
2658 14 6 76 
2567 15 3 76 
2428 15 5 76 
2105 5 4 76 
1112 6 5 76 
1095 7 6 76 
973 8 5 76 
799 11 0 76 
369 12 1 76 
4915 13 2 76 
4434 13 6 76 
3987 14 5 76 
3741 15 4 76 
3415 6 4 76 
3387 7 5 76 
3364 8 4 76 
3340 11 1 76 
3281 11 7 76 
3246 12 2 76 
3236 12 6 76 
3220 13 3 76 
2622 13 5 76 
2397 14 4 76 
1361 5 2 76 
1349 6 3 76 
267 7 4 76 
4965 8 3 76 
4890 10 7 76 
4858 11 2 76 
4290 11 6 76 
4207 12 3 76 
4056 12 5 76 
3994 13 4 76 
3797 5 1 76 
2983 6 2 76 
2292 7 3 76 
2049 8 2 76 
1608 10 6 76 
885 11 3 76 
741 11 5 76 
596 12 4 76 
4687 5 0 76 
3682 6 1 76 
3623 7 2 76 
3255 9 4 76 
3159 10 5 76 
3142 11 4 76 
1487 6 0 76 
1405 7 1 76 
1202 9 3 76 
987 10 4 76 
948 7 0 76 
236 8 1 76 
8 9 2 76 
4963 10 3 76 
3503 8 0 76 
3165 9 1 76 
2256 10 2 76 
724 9 0 76 
714 10 1 76 
4000 10 0 76 
1338 6 1 88 
2304 7 3 89 
4059 11 5 89 
288 12 3 89 
1347 12 2 90 
729 12 1 91 
910 14 5 90 
1690 8 6 91 
4120 3 3 93 
4648 1 4 94 
1364 1 5 94 
3961 3 8 95 
4528 10 9 95 
2044 1 1 96 
1003 2 8 96 
2681 10 10 96 
4610 1 8 96 
179 18 1 96 
