1865
4482 12 11 1 
4306 12 12 1 
4185 13 11 1 
4016 19 11 1 
3984 12 13 1 
3971 13 12 1 
3692 14 11 1 
3551 18 11 1 
3354 19 12 1 
3352 12 14 1 
3130 13 13 1 
3056 14 12 1 
2927 15 11 1 
2926 17 11 1 
2897 18 12 1 
2847 19 13 1 
2765 13 14 1 
2705 14 13 1 
2694 15 12 1 
2583 16 11 1 
2438 17 12 1 
2304 18 13 1 
2266 19 14 1 
2071 14 14 1 
1957 15 13 1 
1690 16 12 1 
1546 17 13 1 
1368 18 14 1 
1094 19 15 1 
986 19 19 1 
862 0 13 1 
826 15 14 1 
746 16 13 1 
697 17 14 1 
591 18 15 1 
589 18 19 1 
481 19 16 1 
360 19 18 1 
64 0 14 1 
4525 1 13 1 
4224 16 14 1 
3988 17 15 1 
3817 17 19 1 
3684 18 16 1 
3477 18 18 1 
2886 19 17 1 
2843 0 15 1 
2666 0 19 1 
2518 1 14 1 
2365 2 13 1 
2213 16 15 1 
2081 16 19 1 
1636 17 16 1 
1386 17 18 1 
1362 18 17 1 
1229 0 16 1 
1189 0 18 1 
739 1 15 1 
557 1 19 1 
515 2 14 1 
407 3 13 1 
380 5 13 1 
4509 15 19 1 
4478 16 16 1 
4471 16 18 1 
4456 17 17 1 
4366 0 17 1 
4243 1 16 1 
4200 1 18 1 
3795 2 15 1 
3713 2 19 1 
3501 3 14 1 
3466 4 13 1 
3399 5 14 1 
3334 14 19 1 
3321 15 18 1 
3309 16 17 1 
2748 0 6 1 
2531 1 17 1 
2370 2 16 1 
2363 2 18 1 
2312 3 15 1 
2064 3 19 1 
2042 4 14 1 
1589 5 15 1 
1474 13 19 1 
1339 14 18 1 
1282 15 17 1 
789 0 7 1 
764 1 6 1 
724 2 17 1 
586 3 16 1 
314 3 18 1 
110 4 15 1 
4574 4 19 1 
4402 5 16 1 
4321 12 19 1 
4153 13 18 1 
3969 14 17 1 
3940 15 16 1 
3839 0 8 1 
3756 1 7 1 
3703 2 6 1 
3609 3 17 1 
3564 4 16 1 
3479 4 18 1 
3401 5 19 1 
3341 11 19 1 
3257 12 18 1 
3040 13 17 1 
2870 14 16 1 
2846 15 15 1 
2542 0 9 1 
2447 1 8 1 
2103 2 7 1 
1905 3 6 1 
1488 4 17 1 
1447 5 18 1 
1227 6 19 1 
1047 10 19 1 
1034 11 18 1 
989 12 17 1 
699 13 16 1 
565 14 15 1 
383 19 10 1 
324 0 10 1 
141 0 12 1 
4538 1 9 1 
4523 2 8 1 
4457 3 7 1 
4325 4 6 1 
4191 5 17 1 
4090 6 18 1 
4042 7 19 1 
4008 9 19 1 
3879 10 18 1 
3687 11 17 1 
3525 12 16 1 
3463 13 15 1 
3277 18 10 1 
3259 19 9 1 
3034 0 11 1 
2996 1 10 1 
2888 1 12 1 
2789 2 9 1 
2728 3 8 1 
2578 4 7 1 
2453 5 6 1 
2340 6 17 1 
2151 7 6 1 
2007 7 18 1 
1879 8 19 1 
1853 9 18 1 
1832 10 17 1 
1792 11 16 1 
1785 12 15 1 
1761 17 10 1 
1437 18 9 1 
1272 19 0 1 
1084 19 8 1 
1062 1 11 1 
984 2 10 1 
844 2 12 1 
750 3 9 1 
621 4 8 1 
471 5 7 1 
434 6 6 1 
293 6 16 1 
50 7 7 1 
4514 7 17 1 
4397 8 18 1 
4227 9 17 1 
4119 10 16 1 
4070 11 15 1 
3997 14 10 1 
3876 16 10 1 
3407 17 9 1 
3385 18 0 1 
3359 18 8 1 
3315 19 1 1 
3053 19 7 1 
2851 2 11 1 
2803 3 10 1 
2729 3 12 1 
2557 4 9 1 
2118 5 8 1 
2108 6 7 1 
1898 6 15 1 
1772 7 8 1 
1452 7 16 1 
1320 8 17 1 
1299 9 16 1 
1250 10 15 1 
1172 11 14 1 
997 14 9 1 
916 15 10 1 
903 16 9 1 
810 17 0 1 
504 17 8 1 
240 18 1 1 
25 18 7 1 
4398 19 2 1 
4273 19 6 1 
4039 3 11 1 
3957 4 10 1 
3866 4 12 1 
3710 5 9 1 
3621 6 8 1 
3361 6 14 1 
3174 7 15 1 
2956 8 16 1 
2760 9 15 1 
2524 10 14 1 
2455 11 13 1 
2335 14 8 1 
2296 15 9 1 
2196 16 0 1 
1862 16 8 1 
1607 17 1 1 
1559 17 7 1 
1461 18 2 1 
1405 18 6 1 
855 19 3 1 
92 19 5 1 
4473 4 11 1 
4330 5 10 1 
4149 5 12 1 
3856 6 9 1 
3852 6 13 1 
3819 7 14 1 
3803 8 15 1 
3758 9 14 1 
3748 10 13 1 
3742 11 12 1 
3585 15 0 1 
3239 15 8 1 
3223 16 1 1 
2663 16 7 1 
2568 17 2 1 
2400 17 6 1 
2337 18 3 1 
2235 18 5 1 
1691 19 4 1 
1332 5 11 1 
1210 6 10 1 
919 6 12 1 
809 7 13 1 
443 8 14 1 
203 9 13 1 
4319 10 12 1 
4114 14 0 1 
3665 15 1 1 
3373 15 7 1 
3330 16 2 1 
3023 16 6 1 
2959 17 3 1 
2639 17 5 1 
2634 18 4 1 
2545 0 5 1 
2501 6 11 1 
2311 7 12 1 
2239 8 13 1 
2122 9 12 1 
2075 13 0 1 
1797 14 1 1 
1482 15 2 1 
1060 15 6 1 
900 16 3 1 
600 16 5 1 
598 17 4 1 
556 0 4 1 
446 1 5 1 
201 7 11 1 
4 8 12 1 
4575 12 0 1 
4409 13 1 1 
4336 14 2 1 
4072 15 3 1 
4020 15 5 1 
3678 16 4 1 
3671 0 3 1 
3606 1 4 1 
3460 2 5 1 
3434 7 10 1 
3431 8 11 1 
3181 11 0 1 
2991 12 1 1 
2852 13 2 1 
2781 13 10 1 
2607 14 3 1 
2477 15 4 1 
2383 0 2 1 
2257 1 3 1 
1353 2 4 1 
1132 3 5 1 
1030 7 9 1 
769 8 10 1 
678 9 11 1 
489 11 1 1 
352 11 11 1 
275 12 2 1 
4460 12 10 1 
4400 13 3 1 
4080 13 9 1 
4018 14 4 1 
3872 0 1 1 
3787 1 2 1 
3526 2 3 1 
3489 3 4 1 
3448 4 5 1 
3071 8 9 1 
2932 9 10 1 
2458 10 11 1 
2393 11 2 1 
2063 11 10 1 
867 12 3 1 
144 12 9 1 
4205 13 4 1 
4176 13 8 1 
4105 14 5 1 
4013 14 7 1 
3985 0 0 1 
3982 1 1 1 
3522 2 2 1 
3450 3 3 1 
3392 4 4 1 
3377 5 5 1 
3280 8 8 1 
2481 9 9 1 
2466 10 10 1 
2123 11 3 1 
1845 11 9 1 
1782 12 4 1 
1659 12 8 1 
1430 13 5 1 
1180 13 7 1 
1169 14 6 1 
825 1 0 1 
540 2 1 1 
331 3 2 1 
298 4 3 1 
258 5 4 1 
4533 6 5 1 
4246 8 7 1 
3062 9 8 1 
2764 10 9 1 
2380 11 4 1 
1963 11 8 1 
1500 12 5 1 
1376 12 7 1 
1173 13 6 1 
686 2 0 1 
4377 3 1 1 
4271 4 2 1 
4255 5 3 1 
3663 6 4 1 
3503 7 5 1 
3289 8 6 1 
2859 9 7 1 
2619 10 8 1 
2253 11 5 1 
1711 11 7 1 
1418 12 6 1 
736 3 0 1 
410 4 1 1 
124 5 2 1 
30 6 3 1 
4431 7 4 1 
3944 8 5 1 
3398 9 6 1 
3318 10 7 1 
3288 11 6 1 
2754 4 0 1 
2169 5 1 1 
1977 6 2 1 
1570 7 3 1 
1358 8 4 1 
1202 9 5 1 
1122 10 6 1 
302 5 0 1 
4557 6 1 1 
4540 7 2 1 
3884 8 3 1 
3823 9 4 1 
3484 10 5 1 
2881 6 0 1 
1928 7 1 1 
1037 8 2 1 
726 9 3 1 
215 10 4 1 
3916 7 0 1 
3312 8 1 1 
3190 9 2 1 
2402 10 3 1 
1605 8 0 1 
1441 9 1 1 
3467 10 2 1 
2732 9 0 1 
1994 10 1 1 
1698 10 0 1 
723 9 1 12 
1410 8 1 12 
563 9 2 12 
1389 7 1 13 
3561 8 2 13 
2805 9 3 13 
4318 6 1 13 
106 8 3 13 
238 9 4 13 
1321 5 1 14 
1555 8 4 14 
1658 9 5 14 
796 4 1 15 
1166 7 4 14 
1875 9 6 14 
2534 10 7 14 
2691 3 1 15 
3555 6 4 15 
186 9 7 15 
1131 11 7 15 
3204 12 6 15 
4440 2 1 17 
1124 3 2 17 
1183 9 8 16 
1315 12 5 16 
1651 12 7 16 
1835 13 6 16 
3293 1 1 17 
4323 2 2 17 
1107 3 3 17 
1151 9 9 17 
1661 10 10 17 
2182 12 4 17 
2490 13 5 17 
2023 1 2 18 
3440 2 3 18 
3622 3 4 18 
357 9 10 18 
369 12 3 18 
461 13 4 17 
594 1 3 19 
987 2 4 19 
1289 8 10 19 
3587 12 2 19 
4026 1 4 19 
4342 12 1 19 
15 15 3 19 
493 7 12 20 
2124 8 13 20 
2459 15 2 20 
3001 16 5 20 
3082 5 11 21 
310 7 13 21 
733 8 14 21 
1044 9 13 21 
1074 15 1 20 
1541 16 2 20 
1773 16 6 20 
2950 17 5 20 
4572 4 11 21 
4391 12 11 26 
4355 12 12 26 
4229 13 11 26 
4002 19 11 26 
3815 12 13 26 
3806 13 12 26 
3782 14 11 26 
3691 18 11 26 
3628 19 12 26 
3497 12 14 26 
3014 13 13 26 
2513 14 12 26 
2274 15 11 26 
2175 17 11 26 
2035 18 12 26 
1938 19 13 26 
1882 13 14 26 
1872 14 13 26 
1493 15 12 26 
1019 16 11 26 
1010 17 12 26 
539 18 13 26 
387 19 14 26 
4223 14 14 26 
4157 15 13 26 
4111 16 12 26 
3901 17 13 26 
3898 18 14 26 
3658 19 15 26 
3264 19 19 26 
2690 0 13 26 
2537 15 14 26 
2423 16 13 26 
2420 17 14 26 
2415 18 15 26 
2029 18 19 26 
2011 19 16 26 
1856 19 18 26 
1820 0 14 26 
1304 1 13 26 
1209 16 14 26 
1061 17 15 26 
897 17 19 26 
786 18 16 26 
766 18 18 26 
582 19 17 26 
4441 0 15 26 
4418 0 19 26 
3834 1 14 26 
3824 2 13 26 
3814 16 15 26 
3735 16 19 26 
3718 17 16 26 
3370 17 18 26 
3342 18 17 26 
3015 0 16 26 
2978 0 18 26 
2779 1 15 26 
2759 1 19 26 
2744 2 14 26 
2721 3 13 26 
2707 5 13 26 
2656 15 19 26 
2564 16 16 26 
2444 16 18 26 
2424 17 17 26 
2362 0 17 26 
2341 1 16 26 
2302 1 18 26 
2208 2 15 26 
2098 2 19 26 
1692 3 14 26 
1565 4 13 26 
1413 5 14 26 
1295 14 19 26 
1155 15 18 26 
184 16 17 26 
115 0 6 26 
90 1 17 26 
35 2 16 26 
4569 2 18 26 
4564 3 15 26 
4504 3 19 26 
4363 4 14 26 
4123 5 15 26 
4010 13 19 26 
3918 14 18 26 
3769 15 17 26 
3413 0 7 26 
3324 1 6 26 
3303 2 17 26 
3287 3 16 26 
2984 3 18 26 
2761 4 15 26 
2722 4 19 26 
2706 5 16 26 
2702 12 19 26 
2641 13 18 26 
2474 14 17 26 
2318 15 16 26 
2245 0 8 26 
2241 1 7 26 
2113 2 6 26 
2028 3 17 26 
2020 4 16 26 
1906 4 18 26 
1880 5 19 26 
1713 11 19 26 
1207 12 18 26 
823 13 17 26 
559 14 16 26 
432 15 15 26 
402 0 9 26 
323 1 8 26 
4541 2 7 26 
4312 3 6 26 
3811 4 17 26 
3560 5 18 26 
3482 6 19 26 
3478 10 19 26 
3335 11 18 26 
3196 12 17 26 
2988 13 16 26 
2924 14 15 26 
2872 19 10 26 
2684 0 10 26 
2570 0 12 26 
2427 1 9 26 
2413 2 8 26 
2412 3 7 26 
2293 4 6 26 
2056 5 17 26 
1897 6 18 26 
1684 7 19 26 
1449 9 19 26 
1063 10 18 26 
781 11 17 26 
542 12 16 26 
509 13 15 26 
451 18 10 26 
344 19 9 26 
326 0 11 26 
4545 1 10 26 
4450 1 12 26 
4369 2 9 26 
4356 3 8 26 
4210 4 7 26 
4083 5 6 26 
3989 6 17 26 
3152 7 6 26 
3052 7 18 26 
3050 8 19 26 
2983 9 18 26 
2940 10 17 26 
2914 11 16 26 
2806 12 15 26 
2657 17 10 26 
2615 18 9 26 
2469 19 0 26 
2307 19 8 26 
2161 1 11 26 
1937 2 10 26 
1719 2 12 26 
1588 3 9 26 
1235 4 8 26 
1218 5 7 26 
1002 6 6 26 
932 6 16 26 
911 7 7 26 
775 7 17 26 
765 8 18 26 
601 9 17 26 
597 10 16 26 
418 11 15 26 
327 14 10 26 
188 16 10 26 
68 17 9 26 
4211 18 0 26 
3842 18 8 26 
3668 19 1 26 
3660 19 7 26 
3302 2 11 26 
3027 3 10 26 
3000 3 12 26 
2344 4 9 26 
2145 5 8 26 
1763 6 7 26 
1678 6 15 26 
1401 7 8 26 
1198 7 16 26 
822 8 17 26 
709 9 16 26 
655 10 15 26 
640 11 14 26 
593 14 9 26 
536 15 10 26 
518 16 9 26 
488 17 0 26 
472 17 8 26 
405 18 1 26 
379 18 7 26 
132 19 2 26 
4458 19 6 26 
4242 3 11 26 
4196 4 10 26 
4160 4 12 26 
4075 5 9 26 
3893 6 8 26 
3850 6 14 26 
3840 7 15 26 
3805 8 16 26 
3498 9 15 26 
3447 10 14 26 
3394 11 13 26 
3393 14 8 26 
3282 15 9 26 
3275 16 0 26 
2506 16 8 26 
2131 17 1 26 
1609 17 7 26 
1128 18 2 26 
1096 18 6 26 
1024 19 3 26 
832 19 5 26 
777 4 11 26 
717 5 10 26 
627 5 12 26 
263 6 9 26 
4435 6 13 26 
4347 7 14 26 
4109 8 15 26 
4074 9 14 26 
4060 10 13 26 
3965 11 12 26 
3895 15 0 26 
3672 15 8 26 
3529 16 1 26 
3362 16 7 26 
2937 17 2 26 
2828 17 6 26 
2827 18 3 26 
2704 18 5 26 
2679 19 4 26 
2667 5 11 26 
2470 6 10 26 
2310 6 12 26 
2138 7 13 26 
2110 8 14 26 
1921 9 13 26 
1781 10 12 26 
1476 14 0 26 
1427 15 1 26 
1303 15 7 26 
1120 16 2 26 
1103 16 6 26 
955 17 3 26 
266 17 5 26 
181 18 4 26 
158 0 5 26 
4498 6 11 26 
3744 7 12 26 
3641 8 13 26 
3603 9 12 26 
3593 13 0 26 
3423 14 1 26 
3176 15 2 26 
3112 15 6 26 
2863 16 3 26 
2649 16 5 26 
2602 17 4 26 
2330 0 4 26 
2227 1 5 26 
1890 7 11 26 
1510 8 12 26 
1322 12 0 26 
1033 13 1 26 
847 14 2 26 
843 15 3 26 
561 15 5 26 
153 16 4 26 
4477 0 3 26 
4237 1 4 26 
4145 2 5 26 
4131 7 10 26 
3481 8 11 26 
3410 11 0 26 
2869 12 1 26 
2701 13 2 26 
2668 13 10 26 
2650 14 3 26 
2352 15 4 26 
2345 0 2 26 
2218 1 3 26 
2139 2 4 26 
1970 3 5 26 
1850 7 9 26 
1812 8 10 26 
1793 9 11 26 
1522 11 1 26 
884 11 11 26 
607 12 2 26 
482 12 10 26 
454 13 3 26 
77 13 9 26 
37 14 4 26 
4284 0 1 26 
4240 1 2 26 
4063 2 3 26 
3906 3 4 26 
3778 4 5 26 
3751 8 9 26 
3520 9 10 26 
3351 10 11 26 
3125 11 2 26 
2814 11 10 26 
2647 12 3 26 
2555 12 9 26 
2538 13 4 26 
2158 13 8 26 
2018 14 5 26 
1868 14 7 26 
1645 0 0 26 
1644 1 1 26 
740 2 2 26 
501 3 3 26 
414 4 4 26 
346 5 5 26 
85 8 8 26 
4430 9 9 26 
4272 10 10 26 
4183 11 3 26 
3730 11 9 26 
3570 12 4 26 
3433 12 8 26 
3381 13 5 26 
3032 13 7 26 
3020 14 6 26 
2906 1 0 26 
2740 2 1 26 
2660 3 2 26 
2044 4 3 26 
1955 5 4 26 
1631 6 5 26 
1404 8 7 26 
938 9 8 26 
771 10 9 26 
530 11 4 26 
61 11 8 26 
4186 12 5 26 
4004 12 7 26 
3060 13 6 26 
3042 2 0 26 
2964 3 1 26 
2963 4 2 26 
2473 5 3 26 
1795 6 4 26 
1728 7 5 26 
1281 8 6 26 
804 9 7 26 
681 10 8 26 
4303 11 5 26 
4206 11 7 26 
4006 12 6 26 
3860 3 0 26 
3650 4 1 26 
3437 5 2 26 
3240 6 3 26 
3184 7 4 26 
2965 8 5 26 
2826 9 6 26 
2652 10 7 26 
2369 11 6 26 
2250 4 0 26 
2079 5 1 26 
142 6 2 26 
19 7 3 26 
3395 8 4 26 
2979 9 5 26 
2972 10 6 26 
2776 5 0 26 
2749 6 1 26 
2738 7 2 26 
2476 8 3 26 
1239 9 4 26 
975 10 5 26 
675 6 0 26 
340 7 1 26 
127 8 2 26 
3271 9 3 26 
3199 10 4 26 
2049 7 0 26 
1672 8 1 26 
1457 9 2 26 
592 10 3 26 
499 8 0 26 
169 9 1 26 
3544 10 2 26 
3290 9 0 26 
2025 10 1 26 
1899 10 0 26 
606 9 1 37 
3465 8 1 37 
255 9 2 37 
2376 7 1 38 
232 8 2 38 
246 9 3 37 
537 6 1 38 
646 8 3 38 
1125 9 4 38 
1966 5 1 39 
2951 8 4 38 
962 9 5 38 
1057 4 1 39 
1232 7 4 39 
2008 9 6 39 
2401 10 7 39 
2774 3 1 40 
354 6 4 40 
1257 9 7 40 
1597 11 7 39 
3822 12 6 39 
273 2 1 41 
926 3 2 41 
1867 9 8 41 
2295 12 5 40 
3475 12 7 40 
4021 13 6 40 
4385 1 1 42 
4507 2 2 42 
171 3 3 42 
176 9 9 41 
197 10 10 41 
416 12 4 41 
590 13 5 41 
634 1 2 42 
1285 2 3 42 
1830 3 4 42 
1990 9 10 42 
2750 12 3 42 
507 13 4 42 
2100 1 3 43 
2497 2 4 43 
2692 8 10 43 
3816 12 2 43 
229 1 4 43 
525 12 1 43 
1685 15 3 44 
2802 7 12 44 
3589 8 13 44 
70 15 2 44 
1981 16 5 44 
497 5 11 45 
703 7 13 45 
956 8 14 45 
1013 9 13 45 
1526 15 1 45 
1777 16 2 45 
2102 16 6 45 
2553 17 5 45 
2716 4 11 46 
2929 5 10 46 
3296 7 14 45 
21 8 15 45 
477 9 14 45 
864 10 13 45 
1186 16 1 45 
2322 16 7 45 
2574 17 2 45 
2820 17 6 45 
3379 18 5 45 
4544 12 11 51 
4510 12 12 51 
4387 13 11 51 
4343 19 11 51 
4334 12 13 51 
4314 13 12 51 
4174 14 11 51 
3961 18 11 51 
3818 19 12 51 
3468 12 14 51 
3415 13 13 51 
3006 14 12 51 
2899 15 11 51 
2595 17 11 51 
2463 18 12 51 
2450 19 13 51 
2336 13 14 51 
2177 14 13 51 
2090 15 12 51 
2087 16 11 51 
2041 17 12 51 
1834 18 13 51 
1705 19 14 51 
1392 14 14 51 
1369 15 13 51 
1149 16 12 51 
780 17 13 51 
528 18 14 51 
480 19 15 51 
445 19 19 51 
382 0 13 51 
146 15 14 51 
4508 16 13 51 
4403 17 14 51 
4389 18 15 51 
4096 18 19 51 
3802 19 16 51 
3523 19 18 51 
3388 0 14 51 
3210 1 13 51 
3147 16 14 51 
2743 17 15 51 
2240 17 19 51 
2205 18 16 51 
2112 18 18 51 
2060 19 17 51 
1865 0 15 51 
1726 0 19 51 
1578 1 14 51 
1535 2 13 51 
1121 16 15 51 
947 16 19 51 
934 17 16 51 
701 17 18 51 
366 18 17 51 
214 0 16 51 
211 0 18 51 
178 1 15 51 
170 1 19 51 
135 2 14 51 
4513 3 13 51 
4141 5 13 51 
3801 15 19 51 
3749 16 16 51 
3601 16 18 51 
3462 17 17 51 
3339 0 17 51 
3226 1 16 51 
3094 1 18 51 
3043 2 15 51 
2923 2 19 51 
2918 3 14 51 
2770 4 13 51 
2724 5 14 51 
2432 14 19 51 
2238 15 18 51 
2201 16 17 51 
1805 0 6 51 
1596 1 17 51 
1520 2 16 51 
1468 2 18 51 
1445 3 15 51 
1224 3 19 51 
1197 4 14 51 
1193 5 15 51 
1043 13 19 51 
1008 14 18 51 
870 15 17 51 
619 0 7 51 
491 1 6 51 
428 2 17 51 
88 3 16 51 
4539 3 18 51 
4452 4 15 51 
4288 4 19 51 
4277 5 16 51 
4257 12 19 51 
4254 13 18 51 
4046 14 17 51 
3670 15 16 51 
3632 0 8 51 
3387 1 7 51 
2659 2 6 51 
2600 3 17 51 
2445 4 16 51 
2411 4 18 51 
2382 5 19 51 
2320 11 19 51 
2121 12 18 51 
1769 13 17 51 
1616 14 16 51 
1409 15 15 51 
1123 0 9 51 
993 1 8 51 
969 2 7 51 
879 3 6 51 
790 4 17 51 
737 5 18 51 
728 6 19 51 
682 10 19 51 
579 11 18 51 
532 12 17 51 
526 13 16 51 
312 14 15 51 
162 19 10 51 
140 0 10 51 
104 0 12 51 
4560 1 9 51 
4278 2 8 51 
4193 3 7 51 
3900 4 6 51 
3791 5 17 51 
3768 6 18 51 
3737 7 19 51 
3298 9 19 51 
3222 10 18 51 
3101 11 17 51 
2737 12 16 51 
2669 13 15 51 
2618 18 10 51 
2258 19 9 51 
2144 0 11 51 
2096 1 10 51 
2084 1 12 51 
1956 2 9 51 
1836 3 8 51 
1697 4 7 51 
1176 5 6 51 
991 6 17 51 
901 7 6 51 
550 7 18 51 
513 8 19 51 
435 9 18 51 
257 10 17 51 
241 11 16 51 
208 12 15 51 
16 17 10 51 
4565 18 9 51 
4551 19 0 51 
4322 19 8 51 
3883 1 11 51 
3666 2 10 51 
3084 2 12 51 
2934 3 9 51 
2842 4 8 51 
2614 5 7 51 
2576 6 6 51 
2372 6 16 51 
1998 7 7 51 
1851 7 17 51 
1682 8 18 51 
1253 9 17 51 
1223 10 16 51 
1071 11 15 51 
1014 14 10 51 
868 16 10 51 
795 17 9 51 
759 18 0 51 
665 18 8 51 
657 19 1 51 
260 19 7 51 
253 2 11 51 
29 3 10 51 
4535 3 12 51 
3655 4 9 51 
3372 5 8 51 
3168 6 7 51 
3151 6 15 51 
2809 7 8 51 
2697 7 16 51 
2591 8 17 51 
2511 9 16 51 
2498 10 15 51 
2379 11 14 51 
2105 14 9 51 
2034 15 10 51 
2004 16 9 51 
1513 17 0 51 
1204 17 8 51 
1099 18 1 51 
332 18 7 51 
189 19 2 51 
74 19 6 51 
14 3 11 51 
4486 4 10 51 
4139 4 12 51 
3869 5 9 51 
3100 6 8 51 
2700 6 14 51 
2592 7 15 51 
2561 8 16 51 
2036 9 15 51 
2010 10 14 51 
1687 11 13 51 
1614 14 8 51 
1396 15 9 51 
1244 16 0 51 
1199 16 8 51 
828 17 1 51 
799 17 7 51 
776 18 2 51 
683 18 6 51 
249 19 3 51 
52 19 5 51 
4515 4 11 51 
4467 5 10 51 
4247 5 12 51 
3685 6 9 51 
3567 6 13 51 
3546 7 14 51 
3350 8 15 51 
3111 9 14 51 
3024 10 13 51 
3017 11 12 51 
3010 15 0 51 
2621 15 8 51 
2095 16 1 51 
1753 16 7 51 
1738 17 2 51 
1538 17 6 51 
1531 18 3 51 
1361 18 5 51 
1171 19 4 51 
1144 5 11 51 
948 6 10 51 
909 6 12 51 
663 7 13 51 
393 8 14 51 
289 9 13 51 
4285 10 12 51 
3741 14 0 51 
3454 15 1 51 
3411 15 7 51 
3329 16 2 51 
3219 16 6 51 
3177 17 3 51 
3123 17 5 51 
2930 18 4 51 
2544 0 5 51 
2523 6 11 51 
1913 7 12 51 
1846 8 13 51 
1624 9 12 51 
1460 13 0 51 
1284 14 1 51 
1208 15 2 51 
853 15 6 51 
852 16 3 51 
658 16 5 51 
24 17 4 51 
4464 0 4 51 
4372 1 5 51 
4168 7 11 51 
4061 8 12 51 
4041 12 0 51 
3891 13 1 51 
3734 14 2 51 
3700 15 3 51 
3108 15 5 51 
2858 16 4 51 
2742 0 3 51 
2373 1 4 51 
2279 2 5 51 
1930 7 10 51 
1922 8 11 51 
1884 11 0 51 
1822 12 1 51 
1566 13 2 51 
1533 13 10 51 
1478 14 3 51 
1109 15 4 51 
1078 0 2 51 
983 1 3 51 
935 2 4 51 
881 3 5 51 
788 7 9 51 
666 8 10 51 
650 9 11 51 
583 11 1 51 
297 11 11 51 
264 12 2 51 
195 12 10 51 
165 13 3 51 
11 13 9 51 
4521 14 4 51 
4436 0 1 51 
4267 1 2 51 
4164 2 3 51 
4044 3 4 51 
3739 4 5 51 
3576 8 9 51 
3356 9 10 51 
3328 10 11 51 
3246 11 2 51 
3230 11 10 51 
2752 12 3 51 
2674 12 9 51 
2462 13 4 51 
2185 13 8 51 
2147 14 5 51 
1893 14 7 51 
1745 0 0 51 
1489 1 1 51 
1453 2 2 51 
917 3 3 51 
816 4 4 51 
453 5 5 51 
254 8 8 51 
4529 9 9 51 
4249 10 10 51 
4048 11 3 51 
4047 11 9 51 
4025 12 4 51 
3657 12 8 51 
3311 13 5 51 
3170 13 7 51 
3039 14 6 51 
2993 1 0 51 
2900 2 1 51 
2632 3 2 51 
2464 4 3 51 
2329 5 4 51 
2033 6 5 51 
2015 8 7 51 
1759 9 8 51 
1723 10 9 51 
1720 11 4 51 
1694 11 8 51 
1611 12 5 51 
1403 12 7 51 
1267 13 6 51 
936 2 0 51 
278 3 1 51 
4517 4 2 51 
4161 5 3 51 
3865 6 4 51 
3851 7 5 51 
3611 8 6 51 
3336 9 7 51 
3250 10 8 51 
2873 11 5 51 
2404 11 7 51 
1739 12 6 51 
1550 3 0 51 
1415 4 1 51 
1265 5 2 51 
906 6 3 51 
707 7 4 51 
103 8 5 51 
60 9 6 51 
4559 10 7 51 
4407 11 6 51 
3688 4 0 51 
2287 5 1 51 
1859 6 2 51 
1395 7 3 51 
1236 8 4 51 
871 9 5 51 
850 10 6 51 
566 5 0 51 
306 6 1 51 
301 7 2 51 
265 8 3 51 
4487 9 4 51 
4386 10 5 51 
2890 6 0 51 
2804 7 1 51 
2735 8 2 51 
1700 9 3 51 
985 10 4 51 
519 7 0 51 
424 8 1 51 
3682 9 2 51 
3667 10 3 51 
2397 8 0 51 
2005 9 1 51 
2893 10 2 51 
2174 9 0 51 
1889 10 1 51 
1779 10 0 51 
2751 9 1 62 
3118 8 1 63 
602 9 2 62 
2080 7 1 63 
2465 8 2 63 
3486 9 3 63 
3712 6 1 64 
3927 8 3 64 
4064 9 4 63 
4489 5 1 64 
3707 8 4 64 
3720 9 5 64 
175 4 1 65 
1053 7 4 65 
1626 9 6 65 
1638 10 7 64 
2975 3 1 66 
3193 6 4 65 
49 9 7 65 
1163 11 7 65 
1473 12 6 65 
2255 2 1 66 
2313 3 2 66 
2381 9 8 66 
2665 12 5 66 
2791 12 7 66 
3783 13 6 66 
95 1 1 67 
689 2 2 67 
1219 3 3 67 
1354 9 9 66 
1423 10 10 66 
1586 12 4 66 
1839 13 5 66 
2215 1 2 67 
2259 2 3 67 
2593 3 4 67 
3274 9 10 67 
3571 12 3 67 
4054 13 4 67 
388 1 3 68 
1175 2 4 68 
1704 8 10 68 
3078 12 2 68 
3220 1 4 68 
3252 12 1 68 
3755 15 3 68 
4364 7 12 69 
4459 8 13 69 
1056 15 2 69 
2407 16 5 69 
2816 5 11 70 
2947 7 13 70 
3669 8 14 70 
4214 9 13 70 
4368 15 1 69 
4506 16 2 69 
449 16 6 69 
998 17 5 69 
1130 4 11 70 
1987 5 10 70 
2297 7 14 70 
3857 8 15 70 
113 9 14 70 
1731 10 13 70 
1855 16 1 70 
3807 16 7 70 
4298 17 2 70 
4313 12 11 76 
4167 12 12 76 
4030 13 11 76 
4012 19 11 76 
3975 12 13 76 
3934 13 12 76 
3859 14 11 76 
3828 18 11 76 
3616 19 12 76 
3565 12 14 76 
3301 13 13 76 
3171 14 12 76 
2882 15 11 76 
2288 17 11 76 
2199 18 12 76 
2162 19 13 76 
2093 13 14 76 
1950 14 13 76 
1667 15 12 76 
1443 16 11 76 
1439 17 12 76 
1433 18 13 76 
1335 19 14 76 
1145 14 14 76 
880 15 13 76 
787 16 12 76 
317 17 13 76 
79 18 14 76 
75 19 15 76 
4570 19 19 76 
4268 0 13 76 
4146 15 14 76 
4117 16 13 76 
4087 17 14 76 
3538 18 15 76 
3248 18 19 76 
2898 19 16 76 
2795 19 18 76 
2587 0 14 76 
2577 1 13 76 
2491 16 14 76 
2328 17 15 76 
2148 17 19 76 
1924 18 16 76 
1424 18 18 76 
1137 19 17 76 
1083 0 15 76 
929 0 19 76 
794 1 14 76 
713 2 13 76 
684 16 15 76 
512 16 19 76 
349 17 16 76 
318 17 18 76 
185 18 17 76 
4357 0 16 76 
4286 0 18 76 
4144 1 15 76 
4102 1 19 76 
3897 2 14 76 
3588 3 13 76 
2865 5 13 76 
2597 15 19 76 
2567 16 16 76 
2525 16 18 76 
2290 17 17 76 
2275 0 17 76 
2171 1 16 76 
2152 1 18 76 
1655 2 15 76 
1628 2 19 76 
1428 3 14 76 
1414 4 13 76 
669 5 14 76 
534 14 19 76 
371 15 18 76 
230 16 17 76 
220 0 6 76 
120 1 17 76 
4462 2 16 76 
4379 2 18 76 
4341 3 15 76 
4338 3 19 76 
3845 4 14 76 
3763 5 15 76 
3647 13 19 76 
3139 14 18 76 
3064 15 17 76 
2989 0 7 76 
2946 1 6 76 
2796 2 17 76 
2778 3 16 76 
2428 3 18 76 
2357 4 15 76 
2289 4 19 76 
2285 5 16 76 
1770 12 19 76 
1754 13 18 76 
1752 14 17 76 
1673 15 16 76 
1491 0 8 76 
1419 1 7 76 
1327 2 6 76 
1311 3 17 76 
1277 4 16 76 
1203 4 18 76 
1114 5 19 76 
1093 11 19 76 
1026 12 18 76 
923 13 17 76 
863 14 16 76 
430 15 15 76 
409 0 9 76 
283 1 8 76 
235 2 7 76 
100 3 6 76 
4422 4 17 76 
4307 5 18 76 
3987 6 19 76 
3721 10 19 76 
3483 11 18 76 
3425 12 17 76 
3244 13 16 76 
3205 14 15 76 
3166 19 10 76 
3127 0 10 76 
3072 0 12 76 
2998 1 9 76 
2997 2 8 76 
2992 3 7 76 
2896 4 6 76 
2446 5 17 76 
2211 6 18 76 
2133 7 19 76 
2068 9 19 76 
1978 10 18 76 
1952 11 17 76 
1854 12 16 76 
1810 13 15 76 
1649 18 10 76 
1049 19 9 76 
999 0 11 76 
827 1 10 76 
813 1 12 76 
738 2 9 76 
320 3 8 76 
194 4 7 76 
179 5 6 76 
58 6 17 76 
56 7 6 76 
43 7 18 76 
4578 8 19 76 
4362 9 18 76 
4140 10 17 76 
4005 11 16 76 
3899 12 15 76 
3848 17 10 76 
3631 18 9 76 
3180 19 0 76 
3055 19 8 76 
3048 1 11 76 
2977 2 10 76 
2967 2 12 76 
2916 3 9 76 
2677 4 8 76 
2604 5 7 76 
2300 6 6 76 
2210 6 16 76 
2066 7 7 76 
1972 7 17 76 
1916 8 18 76 
1676 9 17 76 
1506 10 16 76 
1390 11 15 76 
1387 14 10 76 
1254 16 10 76 
1080 17 9 76 
1076 18 0 76 
1032 18 8 76 
974 19 1 76 
803 19 7 76 
802 2 11 76 
429 3 10 76 
218 3 12 76 
17 4 9 76 
4494 5 8 76 
4331 6 7 76 
4289 6 15 76 
4073 7 8 76 
3931 7 16 76 
3777 8 17 76 
3449 9 16 76 
3406 10 15 76 
3346 11 14 76 
3231 14 9 76 
3229 15 10 76 
3021 16 9 76 
2980 17 0 76 
2808 17 8 76 
2442 18 1 76 
2284 18 7 76 
2247 19 2 76 
2246 19 6 76 
1904 3 11 76 
1764 4 10 76 
1608 4 12 76 
1325 5 9 76 
1110 6 8 76 
543 6 14 76 
420 7 15 76 
308 8 16 76 
136 9 15 76 
3761 10 14 76 
3659 11 13 76 
3648 14 8 76 
3610 15 9 76 
3579 16 0 76 
3572 16 8 76 
3485 17 1 76 
3374 17 7 76 
3349 18 2 76 
3008 18 6 76 
2283 19 3 76 
2091 19 5 76 
2022 4 11 76 
2013 5 10 76 
1927 5 12 76 
1829 6 9 76 
1451 6 13 76 
1301 7 14 76 
872 8 15 76 
651 9 14 76 
329 10 13 76 
322 11 12 76 
4201 15 0 76 
4115 15 8 76 
3929 16 1 76 
3913 16 7 76 
3838 17 2 76 
3527 17 6 76 
3383 18 3 76 
3255 18 5 76 
3241 19 4 76 
2953 5 11 76 
2908 6 10 76 
2848 6 12 76 
2747 7 13 76 
2713 8 14 76 
2425 9 13 76 
2128 10 12 76 
2054 14 0 76 
1979 15 1 76 
1931 15 7 76 
1784 16 2 76 
1377 16 6 76 
1143 17 3 76 
845 17 5 76 
710 18 4 76 
642 0 5 76 
546 6 11 76 
160 7 12 76 
3864 8 13 76 
3215 9 12 76 
3206 13 0 76 
2957 14 1 76 
2931 15 2 76 
2719 15 6 76 
2528 16 3 76 
2273 16 5 76 
2135 17 4 76 
2126 0 4 76 
1969 1 5 76 
1945 7 11 76 
1888 8 12 76 
1647 12 0 76 
1615 13 1 76 
1604 14 2 76 
1211 15 3 76 
1196 15 5 76 
1127 16 4 76 
1090 0 3 76 
1041 1 4 76 
1027 2 5 76 
960 7 10 76 
912 8 11 76 
773 11 0 76 
688 12 1 76 
644 13 2 76 
483 13 10 76 
439 14 3 76 
111 15 4 76 
4495 0 2 76 
4204 1 3 76 
4009 2 4 76 
4007 3 5 76 
3970 7 9 76 
3868 8 10 76 
3797 9 11 76 
3771 11 1 76 
3732 11 11 76 
3633 12 2 76 
3338 12 10 76 
3243 13 3 76 
3235 13 9 76 
3090 14 4 76 
2925 0 1 76 
2861 1 2 76 
2715 2 3 76 
2658 3 4 76 
2631 4 5 76 
2608 8 9 76 
2556 9 10 76 
2403 10 11 76 
2220 11 2 76 
1852 11 10 76 
1490 12 3 76 
1000 12 9 76 
841 13 4 76 
754 13 8 76 
734 14 5 76 
466 14 7 76 
279 0 0 76 
204 1 1 76 
34 2 2 76 
31 3 3 76 
4394 4 4 76 
4320 5 5 76 
4294 8 8 76 
3958 9 9 76 
3888 10 10 76 
3541 11 3 76 
3158 11 9 76 
3156 12 4 76 
2982 12 8 76 
2585 13 5 76 
2502 13 7 76 
2167 14 6 76 
2107 1 0 76 
2097 2 1 76 
1634 3 2 76 
1042 4 3 76 
924 5 4 76 
510 6 5 76 
155 8 7 76 
4424 9 8 76 
4235 10 9 76 
4222 11 4 76 
4194 11 8 76 
4125 12 5 76 
3677 12 7 76 
3304 13 6 76 
3294 2 0 76 
3270 3 1 76 
3254 4 2 76 
2811 5 3 76 
2395 6 4 76 
2301 7 5 76 
562 8 6 76 
133 9 7 76 
4423 10 8 76 
4198 11 5 76 
4135 11 7 76 
3785 12 6 76 
3774 3 0 76 
3767 4 1 76 
3729 5 2 76 
3266 6 3 76 
2485 7 4 76 
2254 8 5 76 
1946 9 6 76 
1627 10 7 76 
1505 11 6 76 
1035 4 0 76 
950 5 1 76 
820 6 2 76 
122 7 3 76 
97 8 4 76 
4417 9 5 76 
3833 10 6 76 
3629 5 0 76 
3137 6 1 76 
2565 7 2 76 
793 8 3 76 
458 9 4 76 
191 10 5 76 
4410 6 0 76 
3540 7 1 76 
3136 8 2 76 
2496 9 3 76 
1718 10 4 76 
659 7 0 76 
635 8 1 76 
47 9 2 76 
4315 10 3 76 
4034 8 0 76 
3403 9 1 76 
1858 10 2 76 
892 9 0 76 
4522 10 1 76 
3326 10 0 76 
2267 9 1 87 
1252 8 1 88 
1484 9 2 88 
1537 7 1 88 
2860 8 2 88 
2943 9 3 88 
33 6 1 89 
1871 8 3 89 
673 9 4 89 
3500 5 1 90 
3574 8 4 90 
4022 9 5 89 
304 4 1 90 
729 7 4 90 
731 9 6 90 
791 10 7 90 
1365 3 1 91 
2088 6 4 91 
2819 9 7 91 
3077 11 7 90 
4043 12 6 90 
1097 2 1 92 
2758 3 2 92 
2766 9 8 91 
3058 12 5 91 
3711 12 7 91 
3820 13 6 91 
3994 1 1 93 
647 2 2 93 
1475 3 3 93 
1730 9 9 92 
2449 10 10 92 
2817 12 4 92 
3973 13 5 92 
190 1 2 93 
339 2 3 93 
400 3 4 93 
401 9 10 93 
714 12 3 93 
2117 13 4 93 
2793 1 3 93 
2823 2 4 93 
2995 8 10 93 
3134 12 2 93 
3495 1 4 94 
4493 12 1 94 
4543 15 3 94 
259 7 12 95 
1276 8 13 94 
1960 15 2 94 
3116 16 5 94 
4317 5 11 95 
4519 7 13 95 
276 8 14 95 
2039 9 13 95 
2495 15 1 95 
762 16 2 95 
875 16 6 95 
1539 17 5 95 
1544 4 11 96 
1716 5 10 96 
1968 7 14 96 
1976 8 15 96 
2303 9 14 96 
3524 10 13 96 
3812 16 1 95 
4088 16 7 95 
