1935
5718 0 13 1 
5327 0 19 1 
5256 0 14 1 
4232 0 18 1 
4183 1 13 1 
4127 1 19 1 
4112 0 15 1 
4043 0 17 1 
3986 1 14 1 
3752 1 18 1 
3710 2 13 1 
3687 2 19 1 
3617 8 19 1 
3531 0 16 1 
3346 1 15 1 
2955 1 17 1 
1823 2 14 1 
1731 2 18 1 
1584 3 13 1 
1337 3 19 1 
1158 7 19 1 
857 8 18 1 
746 1 16 1 
442 2 15 1 
288 2 17 1 
259 3 14 1 
115 3 18 1 
5683 4 13 1 
5661 4 19 1 
5457 6 19 1 
4916 7 18 1 
4834 8 17 1 
4675 2 16 1 
4632 3 15 1 
4483 3 17 1 
4106 4 14 1 
4088 4 18 1 
4013 5 19 1 
3956 6 18 1 
3857 7 17 1 
3786 8 16 1 
3727 3 16 1 
3613 4 15 1 
3211 4 17 1 
2987 5 18 1 
2276 6 17 1 
2003 7 16 1 
1987 8 15 1 
1813 4 16 1 
1743 5 17 1 
1667 6 16 1 
1483 7 15 1 
1334 5 16 1 
941 6 15 1 
915 7 14 1 
834 0 12 1 
815 5 15 1 
729 6 14 1 
679 7 13 1 
487 19 19 1 
483 0 11 1 
449 1 12 1 
432 5 14 1 
196 6 13 1 
5688 7 12 1 
5406 18 19 1 
5259 19 18 1 
5139 0 0 1 
5034 0 10 1 
4864 1 11 1 
4800 2 12 1 
4772 5 13 1 
4590 6 12 1 
4170 7 11 1 
3899 9 19 1 
3855 17 19 1 
3720 18 18 1 
3406 19 17 1 
3305 0 1 1 
3112 0 9 1 
2998 1 0 1 
2823 1 10 1 
2814 2 11 1 
2759 3 12 1 
2650 5 12 1 
2385 6 11 1 
2281 7 10 1 
2120 8 9 1 
2086 9 18 1 
1992 10 19 1 
1980 16 19 1 
1793 17 18 1 
1490 18 17 1 
1465 19 16 1 
1292 0 2 1 
1201 0 8 1 
1035 1 1 1 
954 1 9 1 
742 2 0 1 
702 2 10 1 
363 3 11 1 
189 4 12 1 
168 5 11 1 
130 6 10 1 
114 7 9 1 
97 8 8 1 
34 9 17 1 
5660 10 18 1 
5646 11 19 1 
5475 15 19 1 
5445 16 18 1 
5375 17 17 1 
5347 18 16 1 
5245 19 15 1 
4891 0 3 1 
4704 0 7 1 
4274 1 2 1 
3801 1 8 1 
3701 2 1 1 
3456 2 9 1 
3355 3 0 1 
3354 3 10 1 
2881 4 11 1 
2789 5 10 1 
2210 6 9 1 
1917 7 8 1 
1796 8 7 1 
1726 9 16 1 
1589 10 17 1 
1229 11 18 1 
1131 12 19 1 
1046 14 19 1 
974 15 18 1 
806 16 17 1 
669 17 16 1 
456 18 15 1 
164 19 14 1 
44 0 4 1 
5609 0 6 1 
5314 1 3 1 
5144 1 7 1 
4716 2 2 1 
4674 2 8 1 
4200 3 1 1 
4137 3 9 1 
3826 4 0 1 
3781 4 10 1 
3771 5 9 1 
3748 6 8 1 
3446 7 7 1 
3411 9 15 1 
3219 10 16 1 
3046 11 17 1 
2713 12 18 1 
2534 13 19 1 
2501 14 18 1 
2433 15 17 1 
2305 16 16 1 
1871 17 15 1 
1826 18 14 1 
1674 19 13 1 
1658 0 5 1 
1459 1 4 1 
1287 1 6 1 
1212 2 3 1 
803 2 7 1 
253 3 2 1 
155 3 8 1 
5711 4 1 1 
5489 4 9 1 
4465 5 0 1 
3988 5 8 1 
3889 6 7 1 
3729 10 15 1 
3529 11 16 1 
3504 12 17 1 
2986 13 18 1 
2872 14 17 1 
2810 15 16 1 
2696 16 15 1 
2671 17 14 1 
2570 18 13 1 
2559 19 10 1 
2316 19 12 1 
2301 1 5 1 
2198 2 4 1 
2176 2 6 1 
2033 3 3 1 
2000 3 7 1 
1525 4 2 1 
1371 4 8 1 
1332 5 1 1 
1148 5 7 1 
1001 6 0 1 
946 8 14 1 
868 11 15 1 
769 12 16 1 
622 13 17 1 
371 14 16 1 
242 15 15 1 
5676 16 14 1 
5586 17 13 1 
5346 18 10 1 
5339 18 12 1 
5123 19 11 1 
5118 2 5 1 
4992 3 4 1 
4947 3 6 1 
4905 4 3 1 
4724 4 7 1 
4684 5 2 1 
4541 6 1 1 
4370 7 0 1 
3881 8 13 1 
3877 9 14 1 
3707 12 15 1 
3502 13 16 1 
3199 14 15 1 
3131 15 14 1 
3116 16 13 1 
3096 17 10 1 
3060 17 12 1 
2647 18 11 1 
1958 3 5 1 
1944 4 4 1 
1873 4 6 1 
1856 5 3 1 
1758 6 2 1 
1751 7 1 1 
1400 8 0 1 
1092 8 12 1 
1049 9 13 1 
1041 10 14 1 
770 13 15 1 
755 14 14 1 
378 15 13 1 
354 16 10 1 
343 16 12 1 
336 17 11 1 
109 4 5 1 
82 5 4 1 
1 5 6 1 
5755 6 3 1 
5693 7 2 1 
5662 8 1 1 
5016 8 11 1 
4790 9 0 1 
3918 9 12 1 
3837 10 13 1 
3486 11 14 1 
3373 13 14 1 
3269 14 13 1 
3174 15 12 1 
3161 16 11 1 
3037 5 5 1 
3010 6 4 1 
2845 6 6 1 
2486 7 3 1 
2302 8 2 1 
1699 8 10 1 
1526 9 1 1 
1504 9 11 1 
1493 10 0 1 
1442 10 12 1 
1320 11 13 1 
1252 12 14 1 
1139 13 13 1 
553 14 12 1 
326 15 11 1 
324 6 5 1 
208 7 4 1 
4986 7 6 1 
4774 8 3 1 
4714 9 2 1 
4099 9 10 1 
3975 10 1 1 
3788 10 11 1 
3746 11 0 1 
3698 11 12 1 
3626 12 13 1 
3439 13 12 1 
3352 14 11 1 
3125 7 5 1 
2264 8 4 1 
1687 8 6 1 
1624 9 3 1 
1142 9 9 1 
1016 10 2 1 
817 10 10 1 
734 11 1 1 
665 11 11 1 
558 12 0 1 
457 12 12 1 
389 13 11 1 
5748 8 5 1 
5700 9 4 1 
5553 9 8 1 
5498 10 3 1 
5442 10 9 1 
5113 11 2 1 
4867 11 10 1 
4609 12 1 1 
4003 12 11 1 
3809 9 5 1 
3807 9 7 1 
3667 10 4 1 
3145 10 8 1 
2341 11 3 1 
2150 11 9 1 
2091 12 2 1 
1923 12 10 1 
1864 19 9 1 
1788 9 6 1 
1761 10 5 1 
1480 10 7 1 
1457 11 4 1 
1414 11 8 1 
1032 12 3 1 
830 12 9 1 
512 13 10 1 
98 18 9 1 
5673 19 8 1 
5522 10 6 1 
5033 11 5 1 
4686 11 7 1 
4441 12 4 1 
4357 12 8 1 
4066 13 9 1 
3395 14 10 1 
2985 17 9 1 
2589 18 8 1 
2563 19 7 1 
2126 11 6 1 
1811 12 5 1 
1652 12 7 1 
607 13 8 1 
561 14 9 1 
195 15 10 1 
5773 16 9 1 
5769 17 8 1 
5591 18 7 1 
4850 19 6 1 
4705 12 6 1 
4249 13 7 1 
3419 14 8 1 
2512 15 9 1 
2228 16 8 1 
1283 17 7 1 
1203 18 6 1 
1110 19 5 1 
865 13 6 1 
753 14 7 1 
713 15 8 1 
38 16 7 1 
5464 17 6 1 
5102 18 5 1 
4927 19 4 1 
4744 14 6 1 
4461 15 7 1 
4244 16 6 1 
4005 17 5 1 
3978 18 4 1 
3818 19 3 1 
3635 15 6 1 
3233 16 5 1 
2899 17 4 1 
2353 18 3 1 
2006 19 2 1 
1730 15 5 1 
1646 16 4 1 
1173 17 3 1 
726 18 2 1 
623 19 1 1 
498 14 5 1 
397 15 4 1 
390 16 3 1 
243 17 2 1 
5732 18 1 1 
5303 19 0 1 
4195 13 5 1 
3768 14 4 1 
3327 15 3 1 
3298 16 2 1 
2601 17 1 1 
2241 18 0 1 
2139 13 4 1 
2114 14 3 1 
5759 15 2 1 
5074 16 1 1 
4710 17 0 1 
4275 13 3 1 
4224 14 2 1 
3856 15 1 1 
3535 16 0 1 
1301 13 2 1 
392 14 1 1 
2977 15 0 1 
2001 13 1 1 
5455 14 0 1 
2801 13 0 1 
2786 14 1 14 
78 14 2 14 
3149 15 1 14 
1694 14 3 15 
182 15 2 14 
958 16 1 14 
1206 14 4 15 
1520 15 3 15 
3615 16 2 15 
4046 17 1 15 
4203 15 4 16 
556 16 3 16 
1715 17 2 16 
1807 18 1 15 
3581 16 4 16 
4291 17 3 16 
4811 18 2 16 
141 16 5 16 
289 17 4 16 
609 18 3 16 
779 15 7 16 
1213 16 6 16 
1396 17 5 16 
2171 18 4 16 
3142 14 7 17 
3932 15 8 17 
4218 16 7 17 
4388 17 6 16 
5108 18 5 16 
643 13 7 17 
749 14 8 17 
934 16 8 17 
1534 17 7 17 
2459 18 6 17 
3673 11 6 18 
5173 12 7 18 
642 13 8 18 
725 14 9 18 
1176 17 8 17 
1365 18 7 17 
2154 10 6 18 
2490 11 5 18 
3588 11 7 18 
4295 12 8 18 
4367 13 9 18 
4520 18 8 18 
5322 10 5 19 
5554 10 7 19 
5645 11 4 19 
74 11 8 19 
369 12 9 19 
699 10 4 19 
1869 10 8 19 
2493 11 3 19 
2503 11 9 19 
3574 9 4 19 
3708 10 3 19 
3942 10 9 19 
4471 11 2 19 
514 11 10 19 
1074 7 5 20 
2042 8 4 20 
2621 9 3 20 
3814 10 2 20 
4117 10 10 20 
4225 11 1 20 
4807 11 11 20 
153 12 12 20 
385 6 5 21 
549 7 4 21 
847 8 3 20 
1462 9 2 20 
1821 10 1 20 
3059 10 11 20 
3069 11 12 20 
3513 12 13 20 
3723 13 12 20 
3860 5 5 21 
4306 6 4 21 
5608 7 3 21 
5655 0 13 26 
5196 0 19 26 
4980 0 14 26 
4938 0 18 26 
4481 1 13 26 
3960 1 19 26 
3658 0 15 26 
3645 0 17 26 
3555 1 14 26 
3435 1 18 26 
3188 2 13 26 
3009 2 19 26 
2573 8 19 26 
2309 0 16 26 
2271 1 15 26 
2152 1 17 26 
2140 2 14 26 
1663 2 18 26 
1600 3 13 26 
1567 3 19 26 
1057 7 19 26 
919 8 18 26 
866 1 16 26 
820 2 15 26 
181 2 17 26 
136 3 14 26 
72 3 18 26 
62 4 13 26 
5438 4 19 26 
5364 6 19 26 
4991 7 18 26 
4975 8 17 26 
4974 2 16 26 
4915 3 15 26 
4894 3 17 26 
4728 4 14 26 
4487 4 18 26 
4482 5 19 26 
4293 6 18 26 
4096 7 17 26 
3692 8 16 26 
3587 3 16 26 
3281 4 15 26 
3080 4 17 26 
2980 5 18 26 
2832 6 17 26 
2766 7 16 26 
2652 8 15 26 
2628 4 16 26 
2550 5 17 26 
2506 6 16 26 
2112 7 15 26 
1778 5 16 26 
1096 6 15 26 
858 7 14 26 
705 0 12 26 
661 5 15 26 
612 6 14 26 
445 7 13 26 
366 19 19 26 
131 0 11 26 
69 1 12 26 
5764 5 14 26 
5507 6 13 26 
5367 7 12 26 
5351 18 19 26 
5328 19 18 26 
5253 0 0 26 
5232 0 10 26 
5225 1 11 26 
5096 2 12 26 
5006 5 13 26 
4937 6 12 26 
4862 7 11 26 
4857 9 19 26 
4768 17 19 26 
4447 18 18 26 
4436 19 17 26 
4258 0 1 26 
4227 0 9 26 
3844 1 0 26 
3838 1 10 26 
3630 2 11 26 
3464 3 12 26 
3330 5 12 26 
3189 6 11 26 
2778 7 10 26 
2747 8 9 26 
2731 9 18 26 
2704 10 19 26 
2595 16 19 26 
2371 17 18 26 
2284 18 17 26 
2130 19 16 26 
1577 0 2 26 
1516 0 8 26 
1326 1 1 26 
1144 1 9 26 
780 2 0 26 
727 2 10 26 
252 3 11 26 
183 4 12 26 
5687 5 11 26 
5639 6 10 26 
5154 7 9 26 
5043 8 8 26 
4933 9 17 26 
4539 10 18 26 
4485 11 19 26 
4409 15 19 26 
3893 16 18 26 
3669 17 17 26 
3577 18 16 26 
2932 19 15 26 
2836 0 3 26 
2694 0 7 26 
2466 1 2 26 
2455 1 8 26 
2212 2 1 26 
2173 2 9 26 
2051 3 0 26 
1830 3 10 26 
1650 4 11 26 
1610 5 10 26 
1419 6 9 26 
1199 7 8 26 
905 8 7 26 
307 9 16 26 
246 10 17 26 
5771 11 18 26 
5684 12 19 26 
5255 14 19 26 
5207 15 18 26 
5186 16 17 26 
5066 17 16 26 
5012 18 15 26 
5000 19 14 26 
4964 0 4 26 
4533 0 6 26 
4256 1 3 26 
4171 1 7 26 
4093 2 2 26 
3971 2 8 26 
3689 3 1 26 
3686 3 9 26 
3488 4 0 26 
3158 4 10 26 
2805 5 9 26 
2741 6 8 26 
2587 7 7 26 
2488 9 15 26 
2485 10 16 26 
2404 11 17 26 
2293 12 18 26 
2117 13 19 26 
1840 14 18 26 
1127 15 17 26 
884 16 16 26 
684 17 15 26 
367 18 14 26 
355 19 13 26 
299 0 5 26 
35 1 4 26 
5456 1 6 26 
5385 2 3 26 
4595 2 7 26 
4065 3 2 26 
3759 3 8 26 
3681 4 1 26 
3349 4 9 26 
3190 5 0 26 
3138 5 8 26 
3103 6 7 26 
3082 10 15 26 
2765 11 16 26 
2736 12 17 26 
2306 13 18 26 
2245 14 17 26 
2200 15 16 26 
1952 16 15 26 
1916 17 14 26 
1752 18 13 26 
1749 19 10 26 
1639 19 12 26 
1317 1 5 26 
1315 2 4 26 
1164 2 6 26 
795 3 3 26 
537 3 7 26 
403 4 2 26 
268 4 8 26 
5659 5 1 26 
5579 5 7 26 
5501 6 0 26 
5449 8 14 26 
5435 11 15 26 
5045 12 16 26 
5001 13 17 26 
4945 14 16 26 
4917 15 15 26 
4795 16 14 26 
4620 17 13 26 
4416 18 10 26 
4157 18 12 26 
4124 19 11 26 
4076 2 5 26 
4056 3 4 26 
3906 3 6 26 
3879 4 3 26 
3874 4 7 26 
3829 5 2 26 
3514 6 1 26 
3365 7 0 26 
3159 8 13 26 
3104 9 14 26 
2944 12 15 26 
2616 13 16 26 
1659 14 15 26 
1316 15 14 26 
1220 16 13 26 
1219 17 10 26 
1174 17 12 26 
993 18 11 26 
362 3 5 26 
5274 4 4 26 
5250 4 6 26 
4837 5 3 26 
4677 6 2 26 
4404 7 1 26 
4375 8 0 26 
4365 8 12 26 
3957 9 13 26 
3795 10 14 26 
3783 13 15 26 
3682 14 14 26 
3329 15 13 26 
3324 16 10 26 
3175 16 12 26 
3117 17 11 26 
3089 4 5 26 
2860 5 4 26 
2820 5 6 26 
2108 6 3 26 
2025 7 2 26 
1259 8 1 26 
961 8 11 26 
750 9 0 26 
5615 9 12 26 
5220 10 13 26 
5189 11 14 26 
5086 13 14 26 
4972 14 13 26 
4955 15 12 26 
4839 16 11 26 
4657 5 5 26 
4408 6 4 26 
4236 6 6 26 
3909 7 3 26 
3665 8 2 26 
3306 8 10 26 
2664 9 1 26 
2644 9 11 26 
2391 10 0 26 
2272 10 12 26 
2088 11 13 26 
1574 12 14 26 
1452 13 13 26 
1095 14 12 26 
1085 15 11 26 
375 6 5 26 
107 7 4 26 
5760 7 6 26 
5713 8 3 26 
5084 9 2 26 
5055 9 10 26 
4977 10 1 26 
4557 10 11 26 
4515 11 0 26 
3843 11 12 26 
3840 12 13 26 
3816 13 12 26 
3738 14 11 26 
3083 7 5 26 
2767 8 4 26 
2744 8 6 26 
2690 9 3 26 
2545 9 9 26 
2494 10 2 26 
1970 10 10 26 
1933 11 1 26 
1697 11 11 26 
1530 12 0 26 
1216 12 12 26 
1109 13 11 26 
479 8 5 26 
434 9 4 26 
334 9 8 26 
94 10 3 26 
5521 10 9 26 
5004 11 2 26 
4504 11 10 26 
4421 12 1 26 
4196 12 11 26 
4100 9 5 26 
3825 9 7 26 
3770 10 4 26 
3622 10 8 26 
3545 11 3 26 
3208 11 9 26 
2462 12 2 26 
2357 12 10 26 
2224 19 9 26 
2100 9 6 26 
2046 10 5 26 
1888 10 7 26 
1668 11 4 26 
1645 11 8 26 
1514 12 3 26 
1388 12 9 26 
837 13 10 26 
766 18 9 26 
588 19 8 26 
435 10 6 26 
421 11 5 26 
231 11 7 26 
102 12 4 26 
8 12 8 26 
5762 13 9 26 
5654 14 10 26 
5593 17 9 26 
5130 18 8 26 
5010 19 7 26 
4711 11 6 26 
4118 12 5 26 
4049 12 7 26 
3970 13 8 26 
3969 14 9 26 
3820 15 10 26 
3810 16 9 26 
3348 17 8 26 
3215 18 7 26 
3146 19 6 26 
3070 12 6 26 
2984 13 7 26 
2983 14 8 26 
2960 15 9 26 
2815 16 8 26 
2188 17 7 26 
574 18 6 26 
111 19 5 26 
5770 13 6 26 
5373 14 7 26 
5320 15 8 26 
5269 16 7 26 
4985 17 6 26 
4956 18 5 26 
4843 19 4 26 
4467 14 6 26 
4239 15 7 26 
2972 16 6 26 
2703 17 5 26 
2429 18 4 26 
2410 19 3 26 
1754 15 6 26 
658 16 5 26 
52 17 4 26 
40 18 3 26 
5679 19 2 26 
5049 15 5 26 
4821 16 4 26 
4747 17 3 26 
4537 18 2 26 
4008 19 1 26 
2724 14 5 26 
2495 15 4 26 
2373 16 3 26 
2026 17 2 26 
1497 18 1 26 
1023 19 0 26 
710 13 5 26 
626 14 4 26 
547 15 3 26 
524 16 2 26 
248 17 1 26 
4775 18 0 26 
4648 13 4 26 
4350 14 3 26 
4164 15 2 26 
4134 16 1 26 
4111 17 0 26 
1586 13 3 26 
279 14 2 26 
144 15 1 26 
5162 16 0 26 
3633 13 2 26 
3192 14 1 26 
3040 15 0 26 
2730 13 1 26 
3264 14 0 26 
3088 13 0 26 
271 14 1 38 
3589 14 2 39 
4 15 1 39 
984 14 3 39 
3013 15 2 39 
3135 16 1 39 
3430 14 4 40 
4666 15 3 40 
688 16 2 40 
728 17 1 40 
3250 15 4 40 
4930 16 3 40 
179 17 2 40 
499 18 1 40 
2648 16 4 40 
2670 17 3 40 
3220 18 2 40 
292 16 5 41 
405 17 4 41 
1448 18 3 41 
1984 15 7 41 
2593 16 6 41 
2975 17 5 41 
4097 18 4 41 
270 14 7 41 
763 15 8 41 
2057 16 7 41 
2307 17 6 41 
2824 18 5 41 
4999 13 7 42 
5641 14 8 42 
13 16 8 42 
266 17 7 42 
482 18 6 42 
656 11 6 42 
740 12 7 42 
947 13 8 42 
1289 14 9 42 
1613 17 8 42 
1651 18 7 42 
2585 10 6 43 
3774 11 5 43 
3907 11 7 43 
4229 12 8 43 
4321 13 9 42 
4521 18 8 42 
341 10 5 43 
825 10 7 43 
1410 11 4 43 
2160 11 8 43 
2214 12 9 43 
2390 10 4 43 
2418 10 8 43 
2674 11 3 43 
3343 11 9 43 
3850 9 4 44 
4079 10 3 44 
4619 10 9 43 
4833 11 2 43 
509 11 10 43 
1275 7 5 44 
1703 8 4 44 
2716 9 3 44 
3351 10 2 44 
3366 10 10 44 
4041 11 1 44 
4047 11 11 44 
4582 12 12 44 
5183 6 5 45 
386 7 4 45 
458 8 3 44 
1065 9 2 44 
1238 10 1 44 
1439 10 11 44 
1785 11 12 44 
1870 12 13 44 
1966 13 12 44 
3603 5 5 45 
3744 6 4 45 
3936 7 3 45 
4051 8 2 45 
4815 9 1 45 
5768 0 13 51 
5724 0 19 51 
5636 0 14 51 
5617 0 18 51 
5585 1 13 51 
5540 1 19 51 
5479 0 15 51 
5470 0 17 51 
5268 1 14 51 
4921 1 18 51 
4873 2 13 51 
4422 2 19 51 
4055 8 19 51 
3784 0 16 51 
3478 1 15 51 
3393 1 17 51 
3165 2 14 51 
3002 2 18 51 
2638 3 13 51 
2467 3 19 51 
2458 7 19 51 
2393 8 18 51 
2292 1 16 51 
2041 2 15 51 
1981 2 17 51 
1666 3 14 51 
1246 3 18 51 
1105 4 13 51 
1082 4 19 51 
1075 6 19 51 
741 7 18 51 
573 8 17 51 
474 2 16 51 
447 3 15 51 
5631 3 17 51 
5469 4 14 51 
5452 4 18 51 
5076 5 19 51 
4929 6 18 51 
4715 7 17 51 
4637 8 16 51 
4574 3 16 51 
4476 4 15 51 
4351 4 17 51 
4320 5 18 51 
4312 6 17 51 
4287 7 16 51 
4077 8 15 51 
3973 4 16 51 
3939 5 17 51 
3931 6 16 51 
3823 7 15 51 
3664 5 16 51 
3337 6 15 51 
3296 7 14 51 
3280 0 12 51 
3252 5 15 51 
3225 6 14 51 
3133 7 13 51 
3005 19 19 51 
2851 0 11 51 
2053 1 12 51 
1655 5 14 51 
1449 6 13 51 
1379 7 12 51 
1312 18 19 51 
1149 19 18 51 
991 0 0 51 
963 0 10 51 
733 1 11 51 
625 2 12 51 
591 5 13 51 
526 6 12 51 
5658 7 11 51 
5509 9 19 51 
5462 17 19 51 
4966 18 18 51 
4924 19 17 51 
4782 0 1 51 
4427 0 9 51 
4396 1 0 51 
4174 1 10 51 
4031 2 11 51 
3758 3 12 51 
3575 5 12 51 
3477 6 11 51 
3409 7 10 51 
3283 8 9 51 
3279 9 18 51 
3255 10 19 51 
3168 16 19 51 
3056 17 18 51 
2830 18 17 51 
2642 19 16 51 
2631 0 2 51 
2629 0 8 51 
2450 1 1 51 
2168 1 9 51 
1794 2 0 51 
1672 2 10 51 
1640 3 11 51 
1617 4 12 51 
1303 5 11 51 
1167 6 10 51 
911 7 9 51 
861 8 8 51 
576 9 17 51 
485 10 18 51 
318 11 19 51 
210 15 19 51 
83 16 18 51 
5431 17 17 51 
5392 18 16 51 
5100 19 15 51 
5088 0 3 51 
4969 0 7 51 
4961 1 2 51 
4793 1 8 51 
4763 2 1 51 
4432 2 9 51 
4415 3 0 51 
4083 3 10 51 
4081 4 11 51 
3534 5 10 51 
3422 6 9 51 
3421 7 8 51 
3300 8 7 51 
3226 9 16 51 
3186 10 17 51 
3006 11 18 51 
2997 12 19 51 
2423 14 19 51 
2174 15 18 51 
2022 16 17 51 
1865 17 16 51 
1740 18 15 51 
1451 19 14 51 
1319 0 4 51 
1207 0 6 51 
1188 1 3 51 
1117 1 7 51 
1099 2 2 51 
650 2 8 51 
590 3 1 51 
429 3 9 51 
309 4 0 51 
176 4 10 51 
5408 5 9 51 
5254 6 8 51 
5211 7 7 51 
5164 9 15 51 
5127 10 16 51 
5094 11 17 51 
4952 12 18 51 
4922 13 19 51 
4884 14 18 51 
4575 15 17 51 
4435 16 16 51 
4120 17 15 51 
4102 18 14 51 
4070 19 13 51 
3706 0 5 51 
3642 1 4 51 
3610 1 6 51 
3185 2 3 51 
3143 2 7 51 
3066 3 2 51 
3038 3 8 51 
3021 4 1 51 
2885 4 9 51 
2561 5 0 51 
2282 5 8 51 
2049 6 7 51 
2013 10 15 51 
1953 11 16 51 
1603 12 17 51 
1560 13 18 51 
1415 14 17 51 
1321 15 16 51 
1077 16 15 51 
1062 17 14 51 
1050 18 13 51 
933 19 10 51 
892 19 12 51 
68 1 5 51 
5772 2 4 51 
5294 2 6 51 
5291 3 3 51 
5231 3 7 51 
5129 4 2 51 
5093 4 8 51 
5081 5 1 51 
4946 5 7 51 
4741 6 0 51 
4633 8 14 51 
4073 11 15 51 
3903 12 16 51 
3864 13 17 51 
3637 14 16 51 
2457 15 15 51 
2437 16 14 51 
2334 17 13 51 
2135 18 10 51 
2106 18 12 51 
2082 19 11 51 
2016 2 5 51 
1790 3 4 51 
1738 3 6 51 
1581 4 3 51 
1579 4 7 51 
1460 5 2 51 
1344 6 1 51 
1335 7 0 51 
1034 8 13 51 
935 9 14 51 
886 12 15 51 
864 13 16 51 
5614 14 15 51 
5414 15 14 51 
5306 16 13 51 
5195 17 10 51 
5105 17 12 51 
4739 18 11 51 
4601 3 5 51 
3976 4 4 51 
3454 4 6 51 
3284 5 3 51 
3079 6 2 51 
3049 7 1 51 
2649 8 0 51 
2349 8 12 51 
2064 9 13 51 
1625 10 14 51 
1532 13 15 51 
1467 14 14 51 
1434 15 13 51 
1329 16 10 51 
1156 16 12 51 
890 17 11 51 
651 4 5 51 
599 5 4 51 
417 5 6 51 
313 6 3 51 
260 7 2 51 
15 8 1 51 
5746 8 11 51 
5420 9 0 51 
5247 9 12 51 
5206 10 13 51 
5023 11 14 51 
4719 13 14 51 
4693 14 13 51 
4580 15 12 51 
4260 16 11 51 
4240 5 5 51 
4057 6 4 51 
3987 6 6 51 
3962 7 3 51 
3866 8 2 51 
3173 8 10 51 
3017 9 1 51 
2680 9 11 51 
2463 10 0 51 
2411 10 12 51 
2377 11 13 51 
2363 12 14 51 
2338 13 13 51 
1993 14 12 51 
1950 15 11 51 
1850 6 5 51 
1686 7 4 51 
1685 7 6 51 
1643 8 3 51 
927 9 2 51 
675 9 10 51 
360 10 1 51 
5716 10 11 51 
5248 11 0 51 
5002 11 12 51 
4989 12 13 51 
4881 13 12 51 
4784 14 11 51 
4679 7 5 51 
3958 8 4 51 
3522 8 6 51 
2873 9 3 51 
2149 9 9 51 
2009 10 2 51 
1998 10 10 51 
1636 11 1 51 
1330 11 11 51 
1195 12 0 51 
1021 12 12 51 
473 13 11 51 
463 8 5 51 
5722 9 4 51 
5622 9 8 51 
5551 10 3 51 
5503 10 9 51 
5459 11 2 51 
4919 11 10 51 
4759 12 1 51 
4717 12 11 51 
4235 9 5 51 
3929 9 7 51 
3585 10 4 51 
3386 10 8 51 
2989 11 3 51 
2978 11 9 51 
2746 12 2 51 
2464 12 10 51 
2445 19 9 51 
1973 9 6 51 
1938 10 5 51 
1905 10 7 51 
1160 11 4 51 
1119 11 8 51 
1019 12 3 51 
752 12 9 51 
589 13 10 51 
508 18 9 51 
358 19 8 51 
5383 10 6 51 
5235 11 5 51 
5145 11 7 51 
4407 12 4 51 
3218 12 8 51 
2712 13 9 51 
2028 14 10 51 
1894 17 9 51 
1447 18 8 51 
1342 19 7 51 
1189 11 6 51 
1064 12 5 51 
811 12 7 51 
704 13 8 51 
554 14 9 51 
89 15 10 51 
12 16 9 51 
5512 17 8 51 
5418 18 7 51 
5075 19 6 51 
4998 12 6 51 
4410 13 7 51 
4324 14 8 51 
3964 15 9 51 
3753 16 8 51 
3677 17 7 51 
2791 18 6 51 
2624 19 5 51 
2163 13 6 51 
2045 14 7 51 
1588 15 8 51 
925 16 7 51 
863 17 6 51 
641 18 5 51 
630 19 4 51 
203 14 6 51 
5763 15 7 51 
5171 16 6 51 
4743 17 5 51 
4417 18 4 51 
4217 19 3 51 
4069 15 6 51 
3773 16 5 51 
3229 17 4 51 
2566 18 3 51 
1719 19 2 51 
1630 15 5 51 
1237 16 4 51 
1200 17 3 51 
982 18 2 51 
379 19 1 51 
5349 14 5 51 
5021 15 4 51 
4629 16 3 51 
4450 17 2 51 
3593 18 1 51 
3402 19 0 51 
3276 13 5 51 
3267 14 4 51 
3157 15 3 51 
3148 16 2 51 
1700 17 1 51 
333 18 0 51 
4564 13 4 51 
4122 14 3 51 
4078 15 2 51 
3868 16 1 51 
1541 17 0 51 
756 13 3 51 
5564 14 2 51 
4638 15 1 51 
4167 16 0 51 
3102 13 2 51 
2798 14 1 51 
987 15 0 51 
4542 13 1 51 
4178 14 0 51 
3965 13 0 51 
4323 14 1 63 
4540 14 2 63 
263 15 1 63 
6 14 3 64 
225 15 2 64 
841 16 1 64 
1725 14 4 65 
2526 15 3 65 
5404 16 2 65 
2101 17 1 65 
2386 15 4 65 
3650 16 3 65 
812 17 2 65 
1908 18 1 65 
2600 16 4 66 
3319 17 3 66 
3694 18 2 66 
3991 16 5 66 
4333 17 4 66 
5527 18 3 66 
605 15 7 66 
1644 16 6 66 
2178 17 5 66 
2218 18 4 66 
4048 14 7 67 
4470 15 8 67 
4522 16 7 67 
565 17 6 67 
757 18 5 67 
1860 13 7 67 
2201 14 8 67 
2492 16 8 67 
3150 17 7 67 
3286 18 6 67 
4310 11 6 68 
618 12 7 68 
923 13 8 68 
2036 14 9 68 
2604 17 8 67 
3107 18 7 67 
3311 10 6 68 
4497 11 5 68 
4668 11 7 68 
157 12 8 68 
1284 13 9 68 
1358 18 8 68 
1592 10 5 69 
1978 10 7 69 
3998 11 4 69 
4680 11 8 69 
4690 12 9 69 
5448 10 4 69 
5488 10 8 69 
240 11 3 69 
1115 11 9 69 
1426 9 4 69 
1886 10 3 69 
1899 10 9 69 
1912 11 2 69 
3328 11 10 69 
3867 7 5 70 
3921 8 4 70 
5193 9 3 70 
170 10 2 70 
1137 10 10 70 
1762 11 1 70 
1863 11 11 70 
1968 12 12 70 
2007 6 5 71 
2236 7 4 71 
3249 8 3 71 
3463 9 2 71 
4162 10 1 71 
4257 10 11 70 
4303 11 12 70 
4383 12 13 70 
5626 13 12 70 
5776 0 13 76 
5563 0 19 76 
5520 0 14 76 
5363 0 18 76 
5163 1 13 76 
4842 1 19 76 
4841 0 15 76 
4770 0 17 76 
4569 1 14 76 
4361 1 18 76 
4163 2 13 76 
4125 2 19 76 
4116 8 19 76 
3769 0 16 76 
3721 1 15 76 
3611 1 17 76 
3582 2 14 76 
3544 2 18 76 
3322 3 13 76 
3004 3 19 76 
2926 7 19 76 
2408 8 18 76 
2358 1 16 76 
2196 2 15 76 
2177 2 17 76 
2099 3 14 76 
2090 3 18 76 
2056 4 13 76 
2005 4 19 76 
1671 6 19 76 
1585 7 18 76 
1370 8 17 76 
1336 2 16 76 
878 3 15 76 
790 3 17 76 
666 4 14 76 
575 4 18 76 
569 5 19 76 
5751 6 18 76 
5545 7 17 76 
5046 8 16 76 
4526 3 16 76 
4328 4 15 76 
4289 4 17 76 
4207 5 18 76 
4148 6 17 76 
3725 7 16 76 
3508 8 15 76 
3418 4 16 76 
3214 5 17 76 
3187 6 16 76 
3163 7 15 76 
3055 5 16 76 
2579 6 15 76 
2329 7 14 76 
2222 0 12 76 
1964 5 15 76 
1690 6 14 76 
1660 7 13 76 
1626 19 19 76 
1558 0 11 76 
1547 1 12 76 
1441 5 14 76 
862 6 13 76 
846 7 12 76 
686 18 19 76 
5261 19 18 76 
5257 0 0 76 
5218 0 10 76 
5157 1 11 76 
5138 2 12 76 
5111 5 13 76 
4957 6 12 76 
4954 7 11 76 
4654 9 19 76 
4382 17 19 76 
4373 18 18 76 
3629 19 17 76 
3616 0 1 76 
3392 0 9 76 
3344 1 0 76 
2962 1 10 76 
2875 2 11 76 
2787 3 12 76 
2710 5 12 76 
2640 6 11 76 
2326 7 10 76 
2226 8 9 76 
1975 9 18 76 
1929 10 19 76 
1420 16 19 76 
826 17 18 76 
721 18 17 76 
631 19 16 76 
86 0 2 76 
5371 0 8 76 
5315 1 1 76 
5301 1 9 76 
5216 2 0 76 
5099 2 10 76 
4665 3 11 76 
4645 4 12 76 
4626 5 11 76 
4622 6 10 76 
4430 7 9 76 
4343 8 8 76 
4285 9 17 76 
4092 10 18 76 
4091 11 19 76 
3766 15 19 76 
3501 16 18 76 
3493 17 17 76 
3314 18 16 76 
3113 19 15 76 
3019 0 3 76 
2660 0 7 76 
2484 1 2 76 
2434 1 8 76 
2179 2 1 76 
1756 2 9 76 
1079 3 0 76 
687 3 10 76 
414 4 11 76 
188 5 10 76 
96 6 9 76 
5690 7 8 76 
5548 8 7 76 
5213 9 16 76 
5178 10 17 76 
4950 11 18 76 
4934 12 19 76 
4730 14 19 76 
4664 15 18 76 
4561 16 17 76 
4529 17 16 76 
4507 18 15 76 
4314 19 14 76 
3930 0 4 76 
3719 0 6 76 
3432 1 3 76 
2947 1 7 76 
2880 2 2 76 
2432 2 8 76 
2375 3 1 76 
2327 3 9 76 
2322 4 0 76 
2295 4 10 76 
2283 5 9 76 
2075 6 8 76 
1768 7 7 76 
1591 9 15 76 
1461 10 16 76 
1005 11 17 76 
720 12 18 76 
478 13 19 76 
30 14 18 76 
29 15 17 76 
5282 16 16 76 
5133 17 15 76 
5067 18 14 76 
5031 19 13 76 
4787 0 5 76 
4437 1 4 76 
4332 1 6 76 
3822 2 3 76 
3541 2 7 76 
3524 3 2 76 
3497 3 8 76 
3400 4 1 76 
3263 4 9 76 
2812 5 0 76 
2702 5 8 76 
2401 6 7 76 
2400 10 15 76 
2205 11 16 76 
2048 12 17 76 
2002 13 18 76 
1936 14 17 76 
1843 15 16 76 
1808 16 15 76 
1806 17 14 76 
1760 18 13 76 
1712 19 10 76 
1507 19 12 76 
912 1 5 76 
647 2 4 76 
5565 2 6 76 
5318 3 3 76 
5080 3 7 76 
4890 4 2 76 
4571 4 8 76 
4550 5 1 76 
4509 5 7 76 
4463 6 0 76 
4322 8 14 76 
3990 11 15 76 
3621 12 16 76 
3619 13 17 76 
3600 14 16 76 
3128 15 15 76 
3097 16 14 76 
1921 17 13 76 
1909 18 10 76 
1854 18 12 76 
1835 19 11 76 
1716 2 5 76 
1578 3 4 76 
1290 3 6 76 
1197 4 3 76 
921 4 7 76 
676 5 2 76 
290 6 1 76 
190 7 0 76 
143 8 13 76 
117 9 14 76 
5560 12 15 76 
5465 13 16 76 
5126 14 15 76 
5057 15 14 76 
5028 16 13 76 
4474 17 10 76 
4319 17 12 76 
4305 18 11 76 
4220 3 5 76 
3945 4 4 76 
3530 4 6 76 
3476 5 3 76 
3073 6 2 76 
2979 7 1 76 
2780 8 0 76 
2740 8 12 76 
2427 9 13 76 
2330 10 14 76 
2266 13 15 76 
1925 14 14 76 
1779 15 13 76 
1718 16 10 76 
1455 16 12 76 
1152 17 11 76 
1123 4 5 76 
850 5 4 76 
768 5 6 76 
353 6 3 76 
103 7 2 76 
45 8 1 76 
5707 8 11 76 
5656 9 0 76 
5495 9 12 76 
5485 10 13 76 
5417 11 14 76 
4335 13 14 76 
3954 14 13 76 
3861 15 12 76 
3483 16 11 76 
3345 5 5 76 
3014 6 4 76 
2856 6 6 76 
2779 7 3 76 
2760 8 2 76 
2586 8 10 76 
1784 9 1 76 
1682 9 11 76 
711 10 0 76 
427 10 12 76 
422 11 13 76 
381 12 14 76 
251 13 13 76 
222 14 12 76 
171 15 11 76 
5426 6 5 76 
5241 7 4 76 
5227 7 6 76 
5160 8 3 76 
4978 9 2 76 
4552 9 10 76 
4484 10 1 76 
4151 10 11 76 
3735 11 0 76 
3571 11 12 76 
3251 12 13 76 
2742 13 12 76 
2333 14 11 76 
2315 7 5 76 
2215 8 4 76 
2122 8 6 76 
2083 9 3 76 
1486 9 9 76 
836 10 2 76 
735 10 10 76 
571 11 1 76 
327 11 11 76 
230 12 0 76 
47 12 12 76 
5353 13 11 76 
5233 8 5 76 
4818 9 4 76 
4494 9 8 76 
4318 10 3 76 
4156 10 9 76 
4061 11 2 76 
3790 11 10 76 
3461 12 1 76 
2792 12 11 76 
2387 9 5 76 
1583 9 7 76 
1350 10 4 76 
1138 10 8 76 
936 11 3 76 
809 11 9 76 
743 12 2 76 
212 12 10 76 
5710 19 9 76 
5017 9 6 76 
4448 10 5 76 
4338 10 7 76 
3466 11 4 76 
3444 11 8 76 
3051 12 3 76 
3048 12 9 76 
2761 13 10 76 
2757 18 9 76 
2425 19 8 76 
2255 10 6 76 
1678 11 5 76 
1605 11 7 76 
1571 12 4 76 
1474 12 8 76 
956 13 9 76 
683 14 10 76 
5647 17 9 76 
5590 18 8 76 
5531 19 7 76 
5128 11 6 76 
4284 12 5 76 
4186 12 7 76 
3959 13 8 76 
3873 14 9 76 
3683 15 10 76 
3130 16 9 76 
2959 17 8 76 
2923 18 7 76 
2633 19 6 76 
1857 12 6 76 
1202 13 7 76 
964 14 8 76 
490 15 9 76 
332 16 8 76 
140 17 7 76 
23 18 6 76 
5765 19 5 76 
5694 13 6 76 
5047 14 7 76 
5009 15 8 76 
4852 16 7 76 
4760 17 6 76 
4283 18 5 76 
3741 19 4 76 
3674 14 6 76 
3565 15 7 76 
3510 16 6 76 
3067 17 5 76 
3035 18 4 76 
3031 19 3 76 
1150 15 6 76 
667 16 5 76 
272 17 4 76 
5558 18 3 76 
5394 19 2 76 
4920 15 5 76 
4700 16 4 76 
4660 17 3 76 
4023 18 2 76 
3441 19 1 76 
2758 14 5 76 
2623 15 4 76 
2531 16 3 76 
1842 17 2 76 
1118 18 1 76 
701 19 0 76 
344 13 5 76 
227 14 4 76 
5519 15 3 76 
5024 16 2 76 
4886 17 1 76 
4596 18 0 76 
4587 13 4 76 
4175 14 3 76 
4064 15 2 76 
3568 16 1 76 
3490 17 0 76 
3450 13 3 76 
2104 14 2 76 
1635 15 1 76 
454 16 0 76 
205 13 2 76 
5413 14 1 76 
4931 15 0 76 
4865 13 1 76 
4166 14 0 76 
3806 13 0 76 
3313 14 1 87 
2529 14 2 88 
1665 15 1 88 
5125 14 3 88 
611 15 2 88 
1045 16 1 88 
4006 14 4 89 
4536 15 3 88 
4611 16 2 88 
5678 17 1 88 
568 15 4 89 
4101 16 3 89 
5653 17 2 89 
394 18 1 89 
737 16 4 89 
1178 17 3 89 
2785 18 2 89 
4848 16 5 90 
407 17 4 90 
1492 18 3 89 
1648 15 7 90 
4568 16 6 90 
5300 17 5 90 
613 18 4 90 
1267 14 7 90 
1291 15 8 90 
1594 16 7 90 
1797 17 6 90 
1972 18 5 90 
2138 13 7 91 
2750 14 8 91 
3438 16 8 91 
4572 17 7 91 
5119 18 6 91 
2079 11 6 91 
2240 12 7 91 
2665 13 8 91 
3121 14 9 91 
3360 17 8 91 
3663 18 7 91 
3905 10 6 92 
4625 11 5 92 
5583 11 7 92 
5632 12 8 92 
256 13 9 92 
527 18 8 91 
1112 10 5 92 
1911 10 7 92 
2332 11 4 92 
2957 11 8 92 
3364 12 9 92 
198 10 4 93 
789 10 8 93 
930 11 3 93 
1122 11 9 93 
1300 9 4 93 
2618 10 3 93 
2672 10 9 93 
3308 11 2 93 
3361 11 10 93 
3405 7 5 94 
3700 8 4 94 
4188 9 3 94 
4727 10 2 94 
4970 10 10 94 
5307 11 1 94 
154 11 11 94 
221 12 12 94 
2548 6 5 94 
2625 7 4 94 
2804 8 3 94 
3474 9 2 94 
3974 10 1 94 
4147 10 11 94 
4184 11 12 94 
4535 12 13 94 
4583 13 12 94 
4900 5 5 95 
5370 6 4 95 
19 7 3 95 
172 8 2 95 
995 9 1 95 
1322 9 11 95 
1364 10 12 95 
1608 11 13 95 
1866 13 13 95 
2146 14 12 95 
2170 4 5 96 
2682 5 4 96 
3154 6 3 96 
3556 7 2 96 
4211 8 1 96 
4688 9 12 95 
4802 10 13 95 
5467 14 13 95 
5511 15 12 95 
