1948
4016 0 19 1 
3631 0 18 1 
3257 1 19 1 
3162 0 17 1 
3098 1 18 1 
3059 2 19 1 
2979 0 16 1 
2838 1 17 1 
2799 2 18 1 
2680 3 19 1 
2661 7 19 1 
2558 0 15 1 
2528 1 16 1 
2514 2 17 1 
2501 3 18 1 
2388 4 19 1 
2205 6 19 1 
2052 7 18 1 
1882 0 0 1 
1832 0 14 1 
1734 1 15 1 
1422 2 16 1 
1335 3 17 1 
1282 4 18 1 
1152 5 19 1 
1109 6 18 1 
972 7 17 1 
814 0 1 1 
786 0 13 1 
658 1 0 1 
644 1 14 1 
609 2 15 1 
545 3 16 1 
337 4 17 1 
310 5 18 1 
4282 6 17 1 
4261 7 16 1 
3978 0 2 1 
3749 0 12 1 
3477 1 1 1 
3399 1 13 1 
3387 2 0 1 
3190 2 14 1 
3094 3 15 1 
2843 4 16 1 
2654 5 17 1 
2294 6 16 1 
2169 7 15 1 
2165 8 14 1 
2117 0 3 1 
2039 0 11 1 
2016 1 2 1 
2000 1 12 1 
1830 2 1 1 
1808 2 13 1 
1711 3 0 1 
1524 3 14 1 
1481 4 15 1 
1381 5 16 1 
1187 6 15 1 
918 7 14 1 
629 8 13 1 
455 0 4 1 
428 0 10 1 
387 1 3 1 
4198 1 11 1 
4167 2 2 1 
4051 2 12 1 
4020 3 1 1 
3976 3 13 1 
3888 4 0 1 
3866 4 14 1 
3861 5 15 1 
3813 6 14 1 
3725 7 13 1 
3404 8 12 1 
2948 0 5 1 
2833 0 9 1 
2761 1 4 1 
2746 1 10 1 
2705 2 3 1 
2682 2 11 1 
2554 3 2 1 
2379 3 12 1 
2350 4 1 1 
2236 4 13 1 
2196 5 0 1 
2155 5 14 1 
2135 6 13 1 
2090 7 12 1 
1936 8 11 1 
1800 0 6 1 
1731 0 8 1 
1445 1 5 1 
1262 1 9 1 
1119 2 4 1 
944 2 10 1 
760 3 3 1 
195 3 11 1 
166 4 2 1 
93 4 12 1 
4201 5 1 1 
4148 5 13 1 
4030 6 0 1 
3822 6 12 1 
3674 7 11 1 
3657 8 10 1 
3469 0 7 1 
3413 1 6 1 
3114 1 8 1 
2579 2 5 1 
2531 2 9 1 
2325 3 4 1 
2114 3 10 1 
1373 4 3 1 
1356 4 11 1 
1327 5 2 1 
1202 5 12 1 
1115 6 1 1 
1089 6 11 1 
467 7 0 1 
432 7 10 1 
83 8 9 1 
4191 8 19 1 
4093 1 7 1 
4073 2 6 1 
3765 2 8 1 
3609 3 5 1 
2960 3 9 1 
2880 4 4 1 
2567 4 10 1 
2536 5 3 1 
2242 5 11 1 
2029 6 2 1 
1723 6 10 1 
1685 7 1 1 
1545 7 9 1 
1280 8 0 1 
938 8 8 1 
573 8 18 1 
556 9 19 1 
297 2 7 1 
4221 3 6 1 
3971 3 8 1 
3792 4 5 1 
3766 4 9 1 
3761 5 4 1 
3747 5 10 1 
3638 6 3 1 
3520 6 9 1 
3492 7 2 1 
3384 7 8 1 
3283 8 1 1 
3194 8 17 1 
2943 9 0 1 
2923 9 18 1 
2869 10 19 1 
2537 3 7 1 
2534 4 6 1 
2303 4 8 1 
2267 5 5 1 
2092 5 9 1 
1681 6 4 1 
1671 6 8 1 
1662 7 3 1 
1214 8 2 1 
634 8 16 1 
91 9 1 1 
85 9 17 1 
4278 10 0 1 
3966 10 18 1 
3961 11 19 1 
3922 4 7 1 
3743 5 6 1 
3732 5 8 1 
3679 6 5 1 
3550 7 4 1 
3483 8 3 1 
3405 8 15 1 
3249 9 2 1 
3167 9 16 1 
2851 10 1 1 
2588 10 17 1 
2328 11 0 1 
2197 11 18 1 
2171 12 19 1 
2160 5 7 1 
2110 6 6 1 
2080 7 5 1 
1977 8 4 1 
1946 9 3 1 
1780 9 15 1 
1760 10 2 1 
1706 10 16 1 
1627 11 1 1 
989 11 17 1 
915 12 18 1 
549 13 19 1 
271 19 19 1 
73 6 7 1 
9 7 6 1 
4260 8 5 1 
4155 9 4 1 
4099 9 14 1 
4040 10 3 1 
4026 10 15 1 
4011 11 2 1 
3821 11 16 1 
3818 12 17 1 
3810 13 18 1 
3734 14 19 1 
3713 18 19 1 
3620 19 18 1 
3613 7 7 1 
3603 8 6 1 
3581 9 5 1 
3364 9 13 1 
3181 10 4 1 
3070 10 14 1 
3061 11 3 1 
3054 11 15 1 
3031 12 16 1 
2924 13 17 1 
2782 14 18 1 
2717 15 19 1 
2687 17 19 1 
2599 18 18 1 
2429 19 17 1 
2383 8 7 1 
2382 9 6 1 
2213 9 12 1 
1914 10 5 1 
1564 10 13 1 
1141 11 4 1 
1138 11 14 1 
1091 12 15 1 
1035 13 16 1 
879 14 17 1 
403 15 18 1 
393 16 19 1 
219 17 18 1 
124 18 17 1 
97 19 16 1 
60 9 7 1 
4060 9 11 1 
3987 10 6 1 
3851 10 12 1 
3617 11 5 1 
3587 11 13 1 
3535 12 14 1 
3252 13 15 1 
3153 14 16 1 
3141 15 17 1 
3138 16 18 1 
3132 17 17 1 
2951 18 16 1 
2910 19 15 1 
2707 9 8 1 
2562 9 10 1 
2560 10 7 1 
2549 10 11 1 
2416 11 6 1 
2387 11 12 1 
2134 12 13 1 
1744 13 14 1 
1676 14 15 1 
1221 15 16 1 
1112 16 17 1 
669 17 16 1 
625 18 15 1 
575 19 14 1 
336 9 9 1 
314 10 8 1 
170 10 10 1 
4156 11 7 1 
4083 11 11 1 
4027 12 12 1 
3869 13 13 1 
3691 14 14 1 
3660 15 15 1 
3636 16 16 1 
3562 17 15 1 
3354 18 14 1 
3318 19 13 1 
3305 10 9 1 
3184 11 8 1 
2981 11 10 1 
2872 12 7 1 
2864 12 11 1 
2774 13 12 1 
2638 14 13 1 
2352 15 14 1 
2027 16 15 1 
1821 17 14 1 
1110 18 13 1 
1062 19 12 1 
1039 11 9 1 
1017 12 8 1 
926 12 10 1 
856 13 7 1 
811 13 11 1 
723 14 12 1 
689 15 13 1 
611 16 14 1 
578 17 13 1 
96 18 12 1 
4253 19 11 1 
4251 12 9 1 
3731 13 8 1 
3630 13 10 1 
3085 14 7 1 
2932 14 11 1 
2728 15 12 1 
2712 16 13 1 
2555 17 12 1 
2483 18 11 1 
2100 19 10 1 
1677 13 9 1 
1673 14 8 1 
1631 14 10 1 
1522 15 11 1 
1506 16 12 1 
1359 17 11 1 
1324 18 10 1 
1240 19 9 1 
304 14 9 1 
224 15 10 1 
218 16 11 1 
3553 17 10 1 
3543 18 9 1 
3479 19 8 1 
3052 12 6 1 
2887 15 9 1 
2295 16 10 1 
1932 17 9 1 
1290 18 8 1 
1155 19 7 1 
1054 12 5 1 
685 13 6 1 
179 15 8 1 
4264 16 9 1 
4102 17 8 1 
3825 18 7 1 
3701 19 6 1 
3504 12 4 1 
3380 13 5 1 
3322 14 6 1 
3214 15 7 1 
3012 16 8 1 
2765 17 7 1 
2222 18 6 1 
1540 19 5 1 
1439 12 3 1 
1305 13 4 1 
430 14 5 1 
3648 15 6 1 
3004 16 7 1 
2935 17 6 1 
2907 18 5 1 
2796 19 4 1 
2754 12 2 1 
2479 13 3 1 
2464 14 4 1 
2060 15 5 1 
1344 16 6 1 
1315 17 5 1 
1050 18 4 1 
638 19 3 1 
3646 12 1 1 
2852 13 2 1 
2848 14 3 1 
2729 15 4 1 
2580 16 5 1 
2271 17 4 1 
2266 18 3 1 
1541 19 2 1 
935 12 0 1 
895 13 1 1 
655 14 2 1 
473 15 3 1 
168 16 4 1 
3898 17 3 1 
3877 18 2 1 
2909 19 1 1 
2516 13 0 1 
2141 14 1 1 
2079 15 2 1 
1961 16 3 1 
1135 17 2 1 
1002 18 1 1 
646 19 0 1 
405 14 0 1 
4144 15 1 1 
3787 16 2 1 
3390 17 1 1 
3376 18 0 1 
2949 15 0 1 
2300 16 1 1 
2253 17 0 1 
2175 16 0 1 
39 16 1 12 
4031 15 1 12 
136 16 2 12 
652 17 1 12 
1136 14 1 13 
1887 15 2 13 
2466 16 3 13 
3963 17 2 13 
1162 18 1 13 
2167 13 1 14 
62 14 2 14 
781 15 3 14 
2945 16 4 14 
3001 17 3 13 
3586 18 2 13 
613 13 2 14 
978 14 3 14 
3048 15 4 14 
3968 16 5 14 
869 17 4 14 
931 18 3 14 
1287 13 3 15 
1337 14 4 15 
1395 15 5 15 
1966 16 6 15 
2418 17 5 15 
3304 18 4 15 
1940 13 4 16 
1965 14 5 16 
2603 16 7 15 
3102 17 6 15 
3314 18 5 15 
3930 13 5 16 
468 16 8 16 
604 17 7 16 
1438 18 6 16 
1499 16 9 16 
2185 17 8 16 
3149 18 7 16 
3489 16 10 17 
3502 17 9 17 
3729 18 8 17 
3781 15 10 18 
3778 16 11 18 
276 17 10 17 
582 18 9 17 
2284 13 9 18 
2984 14 10 18 
3028 15 11 18 
3343 16 12 18 
3669 17 11 18 
24 18 10 18 
472 12 9 18 
770 13 8 18 
1833 13 10 18 
1862 14 11 18 
1874 15 12 18 
2320 16 13 18 
2400 17 12 18 
2618 18 11 18 
2681 11 9 19 
3416 12 8 19 
4072 12 10 19 
4087 13 11 19 
757 15 13 19 
1067 16 14 19 
1256 17 13 19 
1736 18 12 19 
1911 10 9 19 
2124 11 8 19 
2545 11 10 19 
3286 12 11 19 
3558 15 14 19 
3926 16 15 19 
4170 17 14 19 
4245 18 13 19 
4271 0 19 26 
3754 0 18 26 
3363 1 19 26 
3225 0 17 26 
3000 1 18 26 
2929 2 19 26 
2916 0 16 26 
2840 1 17 26 
2821 2 18 26 
2768 3 19 26 
2704 7 19 26 
2521 0 15 26 
2498 1 16 26 
2396 2 17 26 
2173 3 18 26 
2132 4 19 26 
2106 6 19 26 
2022 7 18 26 
1919 0 0 26 
1906 0 14 26 
1608 1 15 26 
1371 2 16 26 
1158 3 17 26 
589 4 18 26 
457 5 19 26 
347 6 18 26 
198 7 17 26 
162 0 1 26 
94 0 13 26 
40 1 0 26 
17 1 14 26 
4268 2 15 26 
4219 3 16 26 
4145 4 17 26 
4009 5 18 26 
3973 6 17 26 
3885 7 16 26 
3235 0 2 26 
3134 0 12 26 
2818 1 1 26 
2601 1 13 26 
2111 2 0 26 
2056 2 14 26 
2004 3 15 26 
2001 4 16 26 
1236 5 17 26 
1134 6 16 26 
864 7 15 26 
833 8 14 26 
789 0 3 26 
465 0 11 26 
460 1 2 26 
447 1 12 26 
203 2 1 26 
172 2 13 26 
67 3 0 26 
32 3 14 26 
4274 4 15 26 
4230 5 16 26 
4204 6 15 26 
4203 7 14 26 
4069 8 13 26 
4024 0 4 26 
3688 0 10 26 
3358 1 3 26 
3285 1 11 26 
3182 2 2 26 
2985 2 12 26 
2860 3 1 26 
2769 3 13 26 
2538 4 0 26 
2523 4 14 26 
2502 5 15 26 
2410 6 14 26 
2139 7 13 26 
2034 8 12 26 
2012 0 5 26 
1988 0 9 26 
1929 1 4 26 
1851 1 10 26 
1704 2 3 26 
1078 2 11 26 
872 3 2 26 
860 3 12 26 
829 4 1 26 
801 4 13 26 
500 5 0 26 
437 5 14 26 
123 6 13 26 
74 7 12 26 
4263 8 11 26 
4235 0 6 26 
3854 0 8 26 
3830 1 5 26 
3661 1 9 26 
3460 2 4 26 
3357 2 10 26 
3268 3 3 26 
3105 3 11 26 
3078 4 2 26 
2952 4 12 26 
2321 5 1 26 
2286 5 13 26 
2137 6 0 26 
1943 6 12 26 
1563 7 11 26 
1555 8 10 26 
1393 0 7 26 
1377 1 6 26 
1129 1 8 26 
950 2 5 26 
703 2 9 26 
679 3 4 26 
542 3 10 26 
338 4 3 26 
112 4 11 26 
86 5 2 26 
3991 5 12 26 
3903 6 1 26 
3709 6 11 26 
3327 7 0 26 
3124 7 10 26 
2953 8 9 26 
2915 8 19 26 
2870 1 7 26 
2797 2 6 26 
2757 2 8 26 
1816 3 5 26 
1056 3 9 26 
1005 4 4 26 
907 4 10 26 
835 5 3 26 
664 5 11 26 
434 6 2 26 
303 6 10 26 
186 7 1 26 
77 7 9 26 
52 8 0 26 
20 8 8 26 
4063 8 18 26 
3849 9 19 26 
3724 2 7 26 
3712 3 6 26 
3671 3 8 26 
3611 4 5 26 
3527 4 9 26 
3372 5 4 26 
3366 5 10 26 
3342 6 3 26 
3315 6 9 26 
3279 7 2 26 
3158 7 8 26 
2780 8 1 26 
2706 8 17 26 
2659 9 0 26 
2293 9 18 26 
2066 10 19 26 
2008 3 7 26 
1893 4 6 26 
1295 4 8 26 
1293 5 5 26 
1241 5 9 26 
1212 6 4 26 
1076 6 8 26 
1061 7 3 26 
970 8 2 26 
956 8 16 26 
746 9 1 26 
436 9 17 26 
367 10 0 26 
165 10 18 26 
4207 11 19 26 
4124 4 7 26 
4116 5 6 26 
3897 5 8 26 
3710 6 5 26 
3621 7 4 26 
3451 8 3 26 
3292 8 15 26 
3273 9 2 26 
3131 9 16 26 
3042 10 1 26 
2968 10 17 26 
2808 11 0 26 
2689 11 18 26 
2662 12 19 26 
2559 5 7 26 
2452 6 6 26 
2281 7 5 26 
1894 8 4 26 
1826 9 3 26 
1713 9 15 26 
1580 10 2 26 
1302 10 16 26 
955 11 1 26 
930 11 17 26 
666 12 18 26 
639 13 19 26 
605 19 19 26 
512 6 7 26 
509 7 6 26 
475 8 5 26 
306 9 4 26 
148 9 14 26 
61 10 3 26 
4091 10 15 26 
4044 11 2 26 
3958 11 16 26 
3950 12 17 26 
3900 13 18 26 
3848 14 19 26 
3547 18 19 26 
3355 19 18 26 
3234 7 7 26 
2930 8 6 26 
2776 9 5 26 
2671 9 13 26 
2617 10 4 26 
2575 10 14 26 
1888 11 3 26 
1728 11 15 26 
1675 12 16 26 
1548 13 17 26 
1536 14 18 26 
1357 15 19 26 
1226 17 19 26 
1201 18 18 26 
1085 19 17 26 
818 8 7 26 
721 9 6 26 
423 9 12 26 
322 10 5 26 
152 10 13 26 
4166 11 4 26 
3916 11 14 26 
3910 12 15 26 
3874 13 16 26 
3862 14 17 26 
3756 15 18 26 
3746 16 19 26 
3038 17 18 26 
2612 18 17 26 
2530 19 16 26 
2408 9 7 26 
2193 9 11 26 
1986 10 6 26 
1982 10 12 26 
1872 11 5 26 
1831 11 13 26 
1645 12 14 26 
1615 13 15 26 
1466 14 16 26 
1456 15 17 26 
975 16 18 26 
963 17 17 26 
889 18 16 26 
850 19 15 26 
422 9 8 26 
4162 9 10 26 
4057 10 7 26 
3990 10 11 26 
3789 11 6 26 
3572 11 12 26 
3557 12 13 26 
3233 13 14 26 
3212 14 15 26 
3208 15 16 26 
3136 16 17 26 
2633 17 16 26 
2602 18 15 26 
2512 19 14 26 
2220 9 9 26 
2077 10 8 26 
1935 10 10 26 
1899 11 7 26 
1796 11 11 26 
1284 12 12 26 
1185 13 13 26 
1175 14 14 26 
886 15 15 26 
868 16 16 26 
357 17 15 26 
316 18 14 26 
41 19 13 26 
4 10 9 26 
3965 11 8 26 
3887 11 10 26 
3652 12 7 26 
3433 12 11 26 
3228 13 12 26 
3039 14 13 26 
2849 15 14 26 
2597 16 15 26 
2192 17 14 26 
2148 18 13 26 
1836 19 12 26 
1698 11 9 26 
1435 12 8 26 
1372 12 10 26 
727 13 7 26 
667 13 11 26 
510 14 12 26 
461 15 13 26 
207 16 14 26 
66 17 13 26 
3994 18 12 26 
3811 19 11 26 
3800 12 9 26 
3798 13 8 26 
3604 13 10 26 
3443 14 7 26 
3193 14 11 26 
3121 15 12 26 
2903 16 13 26 
2598 17 12 26 
2334 18 11 26 
2005 19 10 26 
1967 13 9 26 
1897 14 8 26 
1838 14 10 26 
1761 15 11 26 
1500 16 12 26 
1443 17 11 26 
1105 18 10 26 
991 19 9 26 
735 14 9 26 
426 15 10 26 
366 16 11 26 
42 17 10 26 
16 18 9 26 
4267 19 8 26 
3823 12 6 26 
3583 15 9 26 
3539 16 10 26 
3472 17 9 26 
3265 18 8 26 
3123 19 7 26 
3109 12 5 26 
2362 13 6 26 
1950 15 8 26 
1890 16 9 26 
1413 17 8 26 
1272 18 7 26 
1149 19 6 26 
899 12 4 26 
740 13 5 26 
3952 14 6 26 
3763 15 7 26 
3446 16 8 26 
3371 17 7 26 
3340 18 6 26 
3251 19 5 26 
2438 12 3 26 
1915 13 4 26 
1690 14 5 26 
1197 15 6 26 
924 16 7 26 
815 17 6 26 
683 18 5 26 
4151 19 4 26 
4078 12 2 26 
3389 13 3 26 
3145 14 4 26 
2823 15 5 26 
2448 16 6 26 
1860 17 5 26 
1666 18 4 26 
1656 19 3 26 
1433 12 1 26 
1285 13 2 26 
962 14 3 26 
459 15 4 26 
208 16 5 26 
92 17 4 26 
4237 18 3 26 
4084 19 2 26 
3995 12 0 26 
3868 13 1 26 
2195 14 2 26 
2015 15 3 26 
1717 16 4 26 
981 17 3 26 
976 18 2 26 
506 19 1 26 
4153 13 0 26 
2866 14 1 26 
2644 15 2 26 
2608 16 3 26 
2235 17 2 26 
2049 18 1 26 
1652 19 0 26 
1599 14 0 26 
1318 15 1 26 
1300 16 2 26 
424 17 1 26 
4244 18 0 26 
4005 15 0 26 
2375 16 1 26 
1633 17 0 26 
3989 16 0 26 
2130 16 1 36 
1612 15 1 37 
756 16 2 37 
1231 17 1 37 
2186 14 1 37 
327 15 2 37 
383 16 3 37 
1976 17 2 37 
2890 18 1 37 
3464 13 1 38 
1544 14 2 38 
3161 15 3 38 
3883 16 4 38 
4121 17 3 38 
54 18 2 38 
715 13 2 39 
985 14 3 39 
2122 15 4 39 
3284 16 5 39 
3528 17 4 39 
3632 18 3 38 
3967 13 3 39 
693 14 4 39 
752 15 5 39 
882 16 6 39 
1038 17 5 39 
1370 18 4 39 
2770 13 4 40 
3411 14 5 40 
233 16 7 40 
768 17 6 40 
1987 18 5 40 
2419 13 5 41 
2959 16 8 40 
2994 17 7 40 
3555 18 6 40 
3751 16 9 41 
4067 17 8 41 
4209 18 7 41 
84 16 10 41 
1431 17 9 41 
1487 18 8 41 
1620 15 10 42 
2147 16 11 42 
2156 17 10 42 
3402 18 9 42 
4146 13 9 42 
119 14 10 42 
1403 15 11 42 
1840 16 12 42 
2082 17 11 42 
2118 18 10 42 
2311 12 9 42 
2660 13 8 42 
3157 13 10 42 
3546 14 11 42 
1486 15 12 42 
2574 16 13 42 
2889 17 12 42 
2893 18 11 42 
3242 11 9 43 
3296 12 8 43 
3836 12 10 43 
178 13 11 43 
345 15 13 43 
521 16 14 43 
684 17 13 43 
695 18 12 42 
706 10 9 44 
712 11 8 43 
914 11 10 43 
1090 12 11 43 
1336 15 14 43 
1557 16 15 43 
1636 17 14 43 
1707 18 13 43 
2096 10 8 44 
2162 10 10 44 
2441 11 11 44 
2596 14 14 44 
2874 15 15 44 
133 16 16 44 
351 17 15 44 
1165 18 14 44 
1605 10 7 44 
1960 10 11 44 
1996 13 14 44 
2072 14 15 44 
2166 15 16 44 
2356 16 17 44 
2584 17 16 44 
2679 18 15 44 
2801 10 6 45 
3659 12 14 45 
4081 13 15 45 
4143 14 16 45 
4171 0 19 51 
4142 0 18 51 
4092 1 19 51 
4021 0 17 51 
4000 1 18 51 
3744 2 19 51 
3510 0 16 51 
3381 1 17 51 
3328 2 18 51 
3307 3 19 51 
3231 7 19 51 
3199 0 15 51 
3118 1 16 51 
3023 2 17 51 
3002 3 18 51 
2908 4 19 51 
2665 6 19 51 
2540 7 18 51 
2533 0 0 51 
2486 0 14 51 
2485 1 15 51 
2342 2 16 51 
2329 3 17 51 
2270 4 18 51 
2227 5 19 51 
1959 6 18 51 
1927 7 17 51 
1703 0 1 51 
1650 0 13 51 
1539 1 0 51 
1333 1 14 51 
1170 2 15 51 
1036 3 16 51 
1031 4 17 51 
996 5 18 51 
853 6 17 51 
792 7 16 51 
451 0 2 51 
231 0 12 51 
164 1 1 51 
98 1 13 51 
4164 2 0 51 
4136 2 14 51 
4104 3 15 51 
3993 4 16 51 
3723 5 17 51 
3687 6 16 51 
3453 7 15 51 
3447 8 14 51 
3400 0 3 51 
3300 0 11 51 
3293 1 2 51 
3205 1 12 51 
3067 2 1 51 
3066 2 13 51 
2836 3 0 51 
2674 3 14 51 
2642 4 15 51 
2376 5 16 51 
2152 6 15 51 
1644 7 14 51 
1583 8 13 51 
1518 0 4 51 
1392 0 10 51 
1277 1 3 51 
1140 1 11 51 
1057 2 2 51 
1028 2 12 51 
857 3 1 51 
837 3 13 51 
796 4 0 51 
358 4 14 51 
278 5 15 51 
254 6 14 51 
206 7 13 51 
149 8 12 51 
15 0 5 51 
4254 0 9 51 
4228 1 4 51 
4061 1 10 51 
4046 2 3 51 
3911 2 11 51 
3824 3 2 51 
3771 3 12 51 
3656 4 1 51 
3639 4 13 51 
3552 5 0 51 
3530 5 14 51 
3480 6 13 51 
3362 7 12 51 
3267 8 11 51 
3017 0 6 51 
2850 0 8 51 
2722 1 5 51 
2543 1 9 51 
2463 2 4 51 
1969 2 10 51 
1834 3 3 51 
1769 3 11 51 
1664 4 2 51 
1551 4 12 51 
1100 5 1 51 
903 5 13 51 
538 6 0 51 
256 6 12 51 
229 7 11 51 
200 8 10 51 
191 0 7 51 
150 1 6 51 
111 1 8 51 
89 2 5 51 
56 2 9 51 
33 3 4 51 
4240 3 10 51 
4168 4 3 51 
4107 4 11 51 
3912 5 2 51 
3662 5 12 51 
3377 6 1 51 
3126 6 11 51 
3076 7 0 51 
2812 7 10 51 
2752 8 9 51 
2442 8 19 51 
2277 1 7 51 
1811 2 6 51 
1665 2 8 51 
1658 3 5 51 
919 3 9 51 
913 4 4 51 
554 4 10 51 
420 5 3 51 
363 5 11 51 
342 6 2 51 
320 6 10 51 
95 7 1 51 
4279 7 9 51 
4160 8 0 51 
4090 8 8 51 
3886 8 18 51 
3832 9 19 51 
3728 2 7 51 
3717 3 6 51 
3554 3 8 51 
3494 4 5 51 
3247 4 9 51 
3055 5 4 51 
2766 5 10 51 
2341 6 3 51 
2207 6 9 51 
2081 7 2 51 
1648 7 8 51 
1483 8 1 51 
1398 8 17 51 
1387 9 0 51 
1350 9 18 51 
1103 10 19 51 
1074 3 7 51 
257 4 6 51 
255 4 8 51 
48 5 5 51 
13 5 9 51 
4062 6 4 51 
3938 6 8 51 
3514 7 3 51 
2741 8 2 51 
2556 8 16 51 
2351 9 1 51 
2326 9 17 51 
2298 10 0 51 
2254 10 18 51 
1762 11 19 51 
1735 4 7 51 
1702 5 6 51 
1406 5 8 51 
1307 6 5 51 
1228 7 4 51 
940 8 3 51 
847 8 15 51 
761 9 2 51 
705 9 16 51 
494 10 1 51 
23 10 17 51 
4076 11 0 51 
4064 11 18 51 
4059 12 19 51 
4045 5 7 51 
4034 6 6 51 
3784 7 5 51 
3708 8 4 51 
3523 9 3 51 
3323 9 15 51 
3245 10 2 51 
3086 10 16 51 
3026 11 1 51 
2820 11 17 51 
2252 12 18 51 
2251 13 19 51 
2013 19 19 51 
1984 6 7 51 
1774 7 6 51 
1695 8 5 51 
1560 9 4 51 
1418 9 14 51 
1198 10 3 51 
1086 10 15 51 
947 11 2 51 
791 11 16 51 
681 12 17 51 
637 13 18 51 
507 14 19 51 
4180 18 19 51 
4109 19 18 51 
4036 7 7 51 
3964 8 6 51 
3882 9 5 51 
3816 9 13 51 
3755 10 4 51 
3324 10 14 51 
2988 11 3 51 
2954 11 15 51 
2902 12 16 51 
2640 13 17 51 
2542 14 18 51 
2519 15 19 51 
2492 17 19 51 
2302 18 18 51 
2103 19 17 51 
1634 8 7 51 
1475 9 6 51 
1399 9 12 51 
1232 10 5 51 
1206 10 13 51 
1064 11 4 51 
871 11 14 51 
654 12 15 51 
649 13 16 51 
601 14 17 51 
324 15 18 51 
292 16 19 51 
4236 17 18 51 
4165 18 17 51 
4132 19 16 51 
4058 9 7 51 
3593 9 11 51 
3584 10 6 51 
3369 10 12 51 
3359 11 5 51 
3336 11 13 51 
3200 12 14 51 
3077 13 15 51 
2816 14 16 51 
1883 15 17 51 
1842 16 18 51 
1604 17 17 51 
1520 18 16 51 
1250 19 15 51 
1068 9 8 51 
984 9 10 51 
817 10 7 51 
694 10 11 51 
415 11 6 51 
374 11 12 51 
300 12 13 51 
169 13 14 51 
155 14 15 51 
59 15 16 51 
4217 16 17 51 
3319 17 16 51 
3188 18 15 51 
3183 19 14 51 
2991 9 9 51 
2982 10 8 51 
2727 10 10 51 
2496 11 7 51 
2481 11 11 51 
2086 12 12 51 
2084 13 13 51 
1993 14 14 51 
1503 15 15 51 
503 16 16 51 
491 17 15 51 
443 18 14 51 
26 19 13 51 
4223 10 9 51 
4218 11 8 51 
3928 11 10 51 
3516 12 7 51 
3507 12 11 51 
3301 13 12 51 
3289 14 13 51 
2967 15 14 51 
2734 16 15 51 
2615 17 14 51 
2472 18 13 51 
2370 19 12 51 
2279 11 9 51 
2272 12 8 51 
2120 12 10 51 
2061 13 7 51 
1859 13 11 51 
1804 14 12 51 
1792 15 13 51 
1789 16 14 51 
1727 17 13 51 
1530 18 12 51 
1244 19 11 51 
1006 12 9 51 
487 13 8 51 
431 13 10 51 
55 14 7 51 
4188 14 11 51 
4123 15 12 51 
4082 16 13 51 
3647 17 12 51 
3224 18 11 51 
3179 19 10 51 
2822 13 9 51 
2443 14 8 51 
2348 14 10 51 
2164 15 11 51 
1934 16 12 51 
1535 17 11 51 
1412 18 10 51 
1052 19 9 51 
541 14 9 51 
427 15 10 51 
410 16 11 51 
318 17 10 51 
163 18 9 51 
29 19 8 51 
28 12 6 51 
4210 15 9 51 
4085 16 10 51 
3884 17 9 51 
3758 18 8 51 
3704 19 7 51 
3172 12 5 51 
3128 13 6 51 
3099 15 8 51 
3084 16 9 51 
2381 17 8 51 
2216 18 7 51 
1461 19 6 51 
1126 12 4 51 
1094 13 5 51 
555 14 6 51 
505 15 7 51 
267 16 8 51 
263 17 7 51 
4277 18 6 51 
3904 19 5 51 
3532 12 3 51 
3232 13 4 51 
3082 14 5 51 
2767 15 6 51 
2744 16 7 51 
2610 17 6 51 
2406 18 5 51 
2098 19 4 51 
1669 12 2 51 
1474 13 3 51 
958 14 4 51 
948 15 5 51 
738 16 6 51 
672 17 5 51 
576 18 4 51 
570 19 3 51 
277 12 1 51 
139 13 2 51 
3456 14 3 51 
3422 15 4 51 
1971 16 5 51 
1790 17 4 51 
1655 18 3 51 
1473 19 2 51 
1015 12 0 51 
803 13 1 51 
773 14 2 51 
3776 15 3 51 
3524 16 4 51 
2548 17 3 51 
2389 18 2 51 
2232 19 1 51 
2209 13 0 51 
1876 14 1 51 
1782 15 2 51 
1501 16 3 51 
1013 17 2 51 
741 18 1 51 
330 19 0 51 
193 14 0 51 
3597 15 1 51 
3074 16 2 51 
2664 17 1 51 
2180 18 0 51 
1871 15 0 51 
1806 16 1 51 
234 17 0 51 
873 16 0 51 
4002 16 1 62 
321 15 1 62 
2176 16 2 62 
2500 17 1 62 
1313 14 1 63 
1451 15 2 63 
2666 16 3 63 
902 17 2 63 
2835 18 1 63 
3350 13 1 64 
31 14 2 64 
392 15 3 63 
463 16 4 63 
1230 17 3 63 
1245 18 2 63 
146 13 2 65 
159 14 3 64 
977 15 4 64 
1186 16 5 64 
1233 17 4 64 
1759 18 3 64 
2163 13 3 65 
2404 14 4 65 
3840 15 5 65 
104 16 6 65 
445 17 5 65 
513 18 4 65 
1168 13 4 65 
1270 14 5 65 
1534 16 7 65 
2346 17 6 65 
2361 18 5 65 
3598 13 5 66 
3939 16 8 66 
240 17 7 66 
309 18 6 65 
504 16 9 66 
1532 17 8 66 
2570 18 7 66 
3509 16 10 66 
3707 17 9 66 
1352 18 8 66 
1427 15 10 67 
2482 16 11 67 
3508 17 10 67 
3676 18 9 67 
3817 13 9 67 
1724 14 10 67 
1758 15 11 67 
1814 16 12 67 
1839 17 11 67 
2183 18 10 67 
3022 12 9 68 
3361 13 8 68 
3512 13 10 68 
3525 14 11 67 
3984 15 12 67 
4270 16 13 67 
110 17 12 67 
464 18 11 67 
719 11 9 68 
729 12 8 68 
849 12 10 68 
1047 13 11 68 
1147 15 13 68 
1195 16 14 68 
1351 17 13 68 
1380 18 12 68 
1682 10 9 68 
1719 11 8 68 
1898 11 10 68 
2003 12 11 68 
2407 15 14 68 
2577 16 15 68 
2827 17 14 68 
3210 18 13 68 
3767 10 8 69 
3802 10 10 69 
4193 11 11 69 
4206 14 14 69 
134 15 15 69 
798 16 16 69 
1513 17 15 69 
1619 18 14 69 
2412 10 7 70 
3393 10 11 70 
3437 13 14 70 
3505 14 15 70 
4192 15 16 70 
4161 0 19 76 
4159 0 18 76 
3979 1 19 76 
3876 0 17 76 
3736 1 18 76 
3610 2 19 76 
3536 0 16 76 
3356 1 17 76 
3226 2 18 76 
3036 3 19 76 
3014 7 19 76 
2600 0 15 76 
2392 1 16 76 
2355 2 17 76 
2291 3 18 76 
1902 4 19 76 
1865 6 19 76 
1712 7 18 76 
1649 0 0 76 
1637 0 14 76 
1606 1 15 76 
1570 2 16 76 
1566 3 17 76 
1432 4 18 76 
1404 5 19 76 
1397 6 18 76 
1082 7 17 76 
1079 0 1 76 
1075 0 13 76 
1044 1 0 76 
946 1 14 76 
488 2 15 76 
458 3 16 76 
388 4 17 76 
4227 5 18 76 
4032 6 17 76 
3750 7 16 76 
3478 0 2 76 
3471 0 12 76 
3459 1 1 76 
3448 1 13 76 
3423 2 0 76 
3394 2 14 76 
3155 3 15 76 
2944 4 16 76 
2926 5 17 76 
2692 6 16 76 
2637 7 15 76 
2421 8 14 76 
2414 0 3 76 
2317 0 11 76 
2289 1 2 76 
2244 1 12 76 
2085 2 1 76 
1820 2 13 76 
1417 3 0 76 
1354 3 14 76 
983 4 15 76 
957 5 16 76 
927 6 15 76 
898 7 14 76 
827 8 13 76 
743 0 4 76 
572 0 10 76 
499 1 3 76 
380 1 11 76 
368 2 2 76 
156 2 12 76 
88 3 1 76 
75 3 13 76 
3875 4 0 76 
3841 4 14 76 
3608 5 15 76 
3332 6 14 76 
3204 7 13 76 
3195 8 12 76 
3171 0 5 76 
2593 0 9 76 
2585 1 4 76 
2446 1 10 76 
2390 2 3 76 
2200 2 11 76 
1994 3 2 76 
1616 3 12 76 
1442 4 1 76 
1402 4 13 76 
1388 5 0 76 
1169 5 14 76 
1111 6 13 76 
1095 7 12 76 
965 8 11 76 
841 0 6 76 
808 0 8 76 
800 1 5 76 
621 1 9 76 
526 2 4 76 
449 2 10 76 
444 3 3 76 
183 3 11 76 
4114 4 2 76 
3951 4 12 76 
3947 5 1 76 
3726 5 13 76 
3475 6 0 76 
3398 6 12 76 
2986 7 11 76 
2697 8 10 76 
2453 0 7 76 
2409 1 6 76 
2191 1 8 76 
2101 2 5 76 
2019 2 9 76 
1991 3 4 76 
1980 3 10 76 
1694 4 3 76 
1642 4 11 76 
1558 5 2 76 
1444 5 12 76 
1429 6 1 76 
1353 6 11 76 
1312 7 0 76 
1281 7 10 76 
1200 8 9 76 
1023 8 19 76 
897 1 7 76 
891 2 6 76 
822 2 8 76 
720 3 5 76 
489 3 9 76 
372 4 4 76 
132 4 10 76 
10 5 3 76 
3955 5 11 76 
3936 6 2 76 
3927 6 10 76 
3809 7 1 76 
3733 7 9 76 
3693 8 0 76 
3673 8 8 76 
3266 8 18 76 
3264 9 19 76 
3125 2 7 76 
2786 3 6 76 
2783 3 8 76 
2749 4 5 76 
2698 4 9 76 
2578 5 4 76 
2426 5 10 76 
2425 6 3 76 
2237 6 9 76 
2095 7 2 76 
1785 7 8 76 
1701 8 1 76 
1679 8 17 76 
1597 9 0 76 
1389 9 18 76 
1071 10 19 76 
533 3 7 76 
484 4 6 76 
435 4 8 76 
361 5 5 76 
360 5 9 76 
289 6 4 76 
63 6 8 76 
4173 7 3 76 
3943 8 2 76 
3474 8 16 76 
3473 9 1 76 
3445 9 17 76 
3439 10 0 76 
2657 10 18 76 
2623 11 19 76 
1578 4 7 76 
1309 5 6 76 
999 5 8 76 
663 6 5 76 
653 7 4 76 
395 8 3 76 
329 8 15 76 
242 9 2 76 
173 9 16 76 
137 10 1 76 
4208 10 17 76 
4158 11 0 76 
4125 11 18 76 
3880 12 19 76 
3807 5 7 76 
3799 6 6 76 
3642 7 5 76 
3429 8 4 76 
3057 9 3 76 
2587 9 15 76 
2504 10 2 76 
2228 10 16 76 
2206 11 1 76 
1956 11 17 76 
1849 12 18 76 
1793 13 19 76 
1766 19 19 76 
1714 6 7 76 
1467 7 6 76 
1007 8 5 76 
921 9 4 76 
894 9 14 76 
890 10 3 76 
551 10 15 76 
528 11 2 76 
501 11 16 76 
478 12 17 76 
418 13 18 76 
413 14 19 76 
362 18 19 76 
275 19 18 76 
4226 7 7 76 
4095 8 6 76 
3529 9 5 76 
3457 9 13 76 
3382 10 4 76 
2993 10 14 76 
2897 11 3 76 
2844 11 15 76 
2726 12 16 76 
2635 13 17 76 
2524 14 18 76 
2433 15 19 76 
2343 17 19 76 
2105 18 18 76 
1697 19 17 76 
1621 8 7 76 
1460 9 6 76 
1447 9 12 76 
1330 10 5 76 
1260 10 13 76 
1114 11 4 76 
1048 11 14 76 
888 12 15 76 
755 13 16 76 
697 14 17 76 
651 15 18 76 
647 16 19 76 
633 17 18 76 
565 18 17 76 
535 19 16 76 
301 9 7 76 
189 9 11 76 
100 10 6 76 
50 10 12 76 
4138 11 5 76 
4047 11 13 76 
3596 12 14 76 
3571 13 15 76 
3559 14 16 76 
3442 15 17 76 
3378 16 18 76 
3347 17 17 76 
3277 18 16 76 
3034 19 15 76 
3003 9 8 76 
2969 9 10 76 
2965 10 7 76 
2845 10 11 76 
2824 11 6 76 
2810 11 12 76 
2739 12 13 76 
2427 13 14 76 
2319 14 15 76 
1815 15 16 76 
1556 16 17 76 
1303 17 16 76 
1268 18 15 76 
1124 19 14 76 
1116 9 9 76 
710 10 8 76 
628 10 10 76 
389 11 7 76 
315 11 11 76 
118 12 12 76 
4202 13 13 76 
4096 14 14 76 
3635 15 15 76 
3591 16 16 76 
3444 17 15 76 
3427 18 14 76 
2825 19 13 76 
2809 10 9 76 
2693 11 8 76 
2372 11 10 76 
1523 12 7 76 
1368 12 11 76 
1177 13 12 76 
794 14 13 76 
696 15 14 76 
293 16 15 76 
283 17 14 76 
212 18 13 76 
116 19 12 76 
4280 11 9 76 
4113 12 8 76 
3931 12 10 76 
3906 13 7 76 
3895 13 11 76 
3605 14 12 76 
3580 15 13 76 
3432 16 14 76 
2490 17 13 76 
2239 18 12 76 
2234 19 11 76 
2002 12 9 76 
1715 13 8 76 
1575 13 10 76 
1508 14 7 76 
274 14 11 76 
188 15 12 76 
3894 16 13 76 
3281 17 12 76 
3062 18 11 76 
2878 19 10 76 
2462 13 9 76 
2439 14 8 76 
1609 14 10 76 
1588 15 11 76 
1385 16 12 76 
1008 17 11 76 
673 18 10 76 
660 19 9 76 
516 14 9 76 
370 15 10 76 
4169 16 11 76 
3909 17 10 76 
3899 18 9 76 
3534 19 8 76 
3230 12 6 76 
2304 15 9 76 
1754 16 10 76 
1485 17 9 76 
1450 18 8 76 
1338 19 7 76 
732 12 5 76 
299 13 6 76 
3870 15 8 76 
3696 16 9 76 
3435 17 8 76 
3097 18 7 76 
2997 19 6 76 
2861 12 4 76 
2484 13 5 76 
2360 14 6 76 
2358 15 7 76 
1705 16 8 76 
1519 17 7 76 
1507 18 6 76 
877 19 5 76 
642 12 3 76 
454 13 4 76 
282 14 5 76 
196 15 6 76 
129 16 7 76 
22 17 6 76 
3440 18 5 76 
3365 19 4 76 
3168 12 2 76 
2999 13 3 76 
2040 14 4 76 
1743 15 5 76 
1657 16 6 76 
1537 17 5 76 
1491 18 4 76 
1283 19 3 76 
852 12 1 76 
645 13 2 76 
433 14 3 76 
102 15 4 76 
4186 16 5 76 
4111 17 4 76 
3419 18 3 76 
3321 19 2 76 
3113 12 0 76 
2591 13 1 76 
2290 14 2 76 
2048 15 3 76 
1795 16 4 76 
1490 17 3 76 
1191 18 2 76 
855 19 1 76 
848 13 0 76 
780 14 1 76 
708 15 2 76 
127 16 3 76 
117 17 2 76 
3828 18 1 76 
3058 19 0 76 
485 14 0 76 
483 15 1 76 
470 16 2 76 
4184 17 1 76 
3295 18 0 76 
2882 15 0 76 
2275 16 1 76 
2230 17 0 76 
2199 16 0 76 
2340 16 1 86 
1582 15 1 87 
239 16 2 87 
876 17 1 86 
560 14 1 88 
994 15 2 88 
1258 16 3 88 
1292 17 2 88 
2917 18 1 87 
928 13 1 88 
1594 14 2 88 
2189 15 3 88 
2594 16 4 88 
495 17 3 88 
1391 18 2 88 
1497 13 2 89 
1937 14 3 89 
1963 15 4 89 
2063 16 5 88 
2119 17 4 88 
2133 18 3 88 
2678 13 3 89 
3209 14 4 89 
3999 15 5 89 
47 16 6 89 
1346 17 5 89 
1561 18 4 89 
2036 13 4 90 
2181 14 5 90 
2550 16 7 90 
3051 17 6 90 
3073 18 5 89 
520 13 5 90 
682 16 8 90 
998 17 7 90 
1215 18 6 90 
1390 16 9 90 
1465 17 8 90 
2240 18 7 90 
2673 16 10 91 
2941 17 9 91 
3178 18 8 91 
3191 15 10 92 
4195 16 11 91 
4225 17 10 91 
353 18 9 91 
1663 13 9 92 
2043 14 10 92 
3091 15 11 92 
3351 16 12 92 
3946 17 11 92 
46 18 10 92 
69 12 9 93 
416 13 8 93 
623 13 10 93 
945 14 11 93 
3187 15 12 93 
3309 16 13 92 
3397 17 12 92 
27 18 11 92 
579 11 9 93 
909 12 8 93 
1807 12 10 93 
1861 13 11 93 
2094 15 13 93 
2643 16 14 93 
3008 17 13 93 
3133 18 12 93 
3414 10 9 94 
4177 11 8 94 
30 11 10 94 
987 12 11 94 
1747 15 14 94 
2345 16 15 94 
2546 17 14 94 
3785 18 13 94 
5 10 8 95 
262 10 10 95 
298 11 11 95 
396 14 14 94 
480 15 15 94 
1587 16 16 94 
2123 17 15 94 
2552 18 14 94 
3237 10 7 95 
3873 10 11 95 
4077 13 14 95 
