1672
6348 19 0 1 
6182 9 19 1 
6053 18 0 1 
5911 19 1 1 
5743 19 19 1 
5630 9 18 1 
5227 10 19 1 
4826 17 0 1 
4687 18 1 1 
4576 18 19 1 
4126 19 2 1 
4091 19 6 1 
3913 19 18 1 
3838 9 17 1 
3837 10 18 1 
3453 11 19 1 
3313 16 0 1 
3277 17 1 1 
3114 17 19 1 
2960 18 2 1 
2854 18 6 1 
2447 18 18 1 
2435 19 3 1 
2413 19 5 1 
2388 19 17 1 
2286 10 17 1 
2262 11 18 1 
2031 12 19 1 
1820 13 0 1 
1789 14 19 1 
1678 15 0 1 
1578 16 1 1 
1487 16 19 1 
1336 17 2 1 
1327 17 6 1 
1088 17 18 1 
999 18 3 1 
808 18 5 1 
757 18 17 1 
432 19 4 1 
345 19 10 1 
319 19 16 1 
255 11 17 1 
185 12 18 1 
94 13 1 1 
5940 13 19 1 
5937 14 0 1 
5742 14 18 1 
5386 15 1 1 
5261 15 19 1 
5190 16 2 1 
5027 16 18 1 
5013 17 3 1 
4309 17 5 1 
4242 17 17 1 
3367 18 4 1 
3355 18 10 1 
2979 18 16 1 
2933 19 11 1 
2756 19 15 1 
2743 0 15 1 
2595 0 19 1 
2582 4 19 1 
2495 8 19 1 
2487 12 17 1 
2338 13 2 1 
1486 13 18 1 
1302 14 1 1 
889 14 17 1 
394 15 2 1 
6244 15 10 1 
6179 15 18 1 
6146 16 3 1 
6129 16 5 1 
5997 16 17 1 
5955 17 4 1 
5539 17 10 1 
5506 17 16 1 
5449 18 11 1 
5167 18 15 1 
4979 19 12 1 
4787 19 14 1 
4621 0 16 1 
4554 0 18 1 
4544 1 15 1 
4352 1 19 1 
4326 3 19 1 
4233 4 18 1 
4135 7 19 1 
3673 8 18 1 
3460 13 17 1 
3281 14 2 1 
3183 14 14 1 
3069 14 16 1 
2659 15 3 1 
2589 15 5 1 
2249 15 11 1 
2050 15 17 1 
2021 16 4 1 
1515 16 10 1 
1288 16 16 1 
740 17 11 1 
150 17 15 1 
73 18 12 1 
6126 18 14 1 
5981 19 13 1 
5794 0 17 1 
5761 1 16 1 
5534 1 18 1 
5373 2 19 1 
5293 3 18 1 
5107 6 19 1 
4995 7 18 1 
4940 8 17 1 
4790 9 16 1 
4681 13 14 1 
4502 13 16 1 
4397 14 3 1 
4156 14 5 1 
3907 14 15 1 
3804 15 4 1 
3783 15 16 1 
3759 16 11 1 
3708 16 15 1 
3644 17 12 1 
3341 17 14 1 
3310 18 13 1 
3252 1 17 1 
3137 2 18 1 
3018 5 19 1 
2974 6 18 1 
2901 7 17 1 
2101 8 16 1 
1748 9 15 1 
1738 10 16 1 
1721 12 14 1 
1653 12 16 1 
1503 13 5 1 
1233 13 15 1 
1201 14 4 1 
1185 15 15 1 
644 16 12 1 
508 16 14 1 
491 17 13 1 
287 2 17 1 
63 5 18 1 
6290 6 17 1 
6118 7 16 1 
5973 8 15 1 
5643 9 14 1 
5579 10 15 1 
5121 11 16 1 
5066 12 5 1 
5042 12 15 1 
4943 13 4 1 
4629 15 14 1 
4568 16 13 1 
4518 2 16 1 
4450 3 17 1 
4328 5 17 1 
4127 6 16 1 
3705 7 15 1 
3562 9 13 1 
3548 10 14 1 
3521 11 5 1 
3510 11 15 1 
3483 12 4 1 
3251 13 3 1 
3135 15 13 1 
3132 19 7 1 
3057 19 9 1 
2814 3 16 1 
2799 4 17 1 
2480 5 16 1 
2327 6 15 1 
1969 9 12 1 
1536 10 13 1 
1475 11 4 1 
1462 11 14 1 
1264 12 3 1 
1194 14 13 1 
950 15 12 1 
767 18 7 1 
306 18 9 1 
263 19 8 1 
111 0 14 1 
57 4 16 1 
6138 5 15 1 
6119 9 11 1 
6093 10 12 1 
5187 11 3 1 
5108 11 13 1 
4758 12 0 1 
4671 12 2 1 
4639 13 13 1 
3780 14 12 1 
3767 16 6 1 
3725 17 7 1 
2975 17 9 1 
2054 18 8 1 
2018 0 13 1 
1940 1 14 1 
1858 2 15 1 
1724 4 15 1 
1504 9 10 1 
1482 10 11 1 
1015 11 0 1 
1010 11 2 1 
856 11 12 1 
842 12 1 1 
307 12 13 1 
9 13 12 1 
6340 14 11 1 
6272 15 6 1 
6178 16 7 1 
5879 16 9 1 
5670 17 8 1 
5668 0 12 1 
5458 1 13 1 
5158 2 14 1 
5122 3 15 1 
5080 4 14 1 
4499 9 9 1 
4280 10 0 1 
3861 10 2 1 
3762 10 10 1 
3614 11 1 1 
3437 11 11 1 
3373 12 12 1 
2927 13 11 1 
2785 14 6 1 
1874 14 10 1 
1869 15 7 1 
1669 15 9 1 
1528 16 8 1 
1483 1 12 1 
1387 2 13 1 
1358 3 14 1 
1322 7 0 1 
1224 9 0 1 
1130 9 2 1 
743 10 1 1 
231 10 9 1 
6212 11 10 1 
6162 12 11 1 
6003 13 6 1 
5990 13 10 1 
5930 14 7 1 
5862 14 9 1 
5780 15 8 1 
5724 2 12 1 
5688 3 13 1 
5640 7 1 1 
5409 8 0 1 
5143 8 14 1 
5086 9 1 1 
4844 11 9 1 
4823 12 10 1 
4759 13 7 1 
2962 13 9 1 
2655 14 8 1 
2335 3 12 1 
2295 4 13 1 
2150 5 14 1 
1650 7 2 1 
1238 7 14 1 
430 8 1 1 
122 8 13 1 
21 10 3 1 
6384 12 9 1 
5876 13 8 1 
5232 4 12 1 
4958 5 13 1 
4634 6 14 1 
4542 7 3 1 
4304 7 13 1 
4265 8 2 1 
3638 8 12 1 
3630 9 3 1 
3600 10 4 1 
3455 12 6 1 
3240 12 8 1 
3164 5 12 1 
2764 6 13 1 
2647 7 12 1 
2645 8 3 1 
1996 8 9 1 
1892 8 11 1 
1602 9 4 1 
1548 10 5 1 
1492 11 6 1 
1478 11 8 1 
1434 12 7 1 
1232 6 12 1 
1221 7 9 1 
1108 7 11 1 
794 8 4 1 
5420 8 10 1 
5384 9 5 1 
5312 10 6 1 
4411 10 8 1 
4284 11 7 1 
4143 0 11 1 
4096 6 9 1 
3985 6 11 1 
3374 7 10 1 
2851 8 5 1 
2579 9 6 1 
2476 9 8 1 
2246 10 7 1 
2038 0 10 1 
2030 1 11 1 
2025 3 11 1 
1346 5 9 1 
934 5 11 1 
741 6 10 1 
693 8 6 1 
560 8 8 1 
407 9 7 1 
406 0 9 1 
6057 1 10 1 
5992 2 11 1 
5986 3 10 1 
5748 4 11 1 
5075 5 10 1 
4813 7 8 1 
4586 8 7 1 
4480 0 8 1 
4470 1 9 1 
4258 2 10 1 
4188 3 9 1 
3594 4 10 1 
3305 6 8 1 
2869 7 7 1 
2355 0 7 1 
2020 1 8 1 
1796 2 9 1 
1245 3 8 1 
1116 4 9 1 
1110 5 8 1 
1101 6 7 1 
600 7 6 1 
357 0 0 1 
5766 0 6 1 
5577 1 7 1 
5163 2 8 1 
4163 4 8 1 
3117 5 7 1 
2906 6 6 1 
2235 0 1 1 
1932 0 5 1 
1672 1 0 1 
1397 1 6 1 
1270 2 7 1 
1090 3 0 1 
431 4 7 1 
6375 5 6 1 
6240 0 2 1 
5977 0 4 1 
5959 1 1 1 
5921 1 5 1 
5323 2 0 1 
4852 2 6 1 
4189 3 1 1 
4063 3 7 1 
3581 4 6 1 
3275 7 5 1 
3171 0 3 1 
3030 1 2 1 
2694 1 4 1 
2689 2 1 1 
2635 2 5 1 
2519 3 6 1 
2415 6 5 1 
2404 7 4 1 
918 1 3 1 
473 2 2 1 
6252 2 4 1 
6145 3 5 1 
5690 5 5 1 
5617 6 4 1 
5300 2 3 1 
4949 3 4 1 
4560 4 5 1 
4467 5 4 1 
4172 3 3 1 
2826 4 4 1 
2617 3 2 1 
414 4 3 1 
302 6 3 1 
187 4 2 1 
5678 5 3 1 
2914 6 2 1 
2630 4 1 1 
2215 5 2 1 
1806 6 1 1 
643 4 0 1 
4098 5 1 1 
3864 6 0 1 
2180 5 0 1 
787 5 1 13 
941 5 2 14 
4763 3 4 15 
1624 1 2 16 
2120 1 1 16 
3439 1 9 18 
2789 1 10 18 
4332 9 7 19 
718 10 7 19 
1217 11 7 19 
1944 9 4 20 
2337 14 8 21 
651 2 13 22 
5871 10 1 22 
1029 14 7 21 
1331 1 13 22 
2949 11 1 22 
4500 18 8 23 
5963 19 0 26 
5683 9 19 26 
5602 18 0 26 
5475 19 1 26 
5324 19 19 26 
4975 9 18 26 
4785 10 19 26 
4667 17 0 26 
4657 18 1 26 
4642 18 19 26 
4553 19 2 26 
4458 19 6 26 
4426 19 18 26 
4421 9 17 26 
4314 10 18 26 
4123 11 19 26 
4007 16 0 26 
3853 17 1 26 
3561 17 19 26 
3542 18 2 26 
2978 18 6 26 
2899 18 18 26 
2424 19 3 26 
2247 19 5 26 
2221 19 17 26 
2163 10 17 26 
2155 11 18 26 
1833 12 19 26 
1538 13 0 26 
1099 14 19 26 
1014 15 0 26 
968 16 1 26 
962 16 19 26 
656 17 2 26 
551 17 6 26 
458 17 18 26 
273 18 3 26 
37 18 5 26 
6346 18 17 26 
6184 19 4 26 
6090 19 10 26 
6045 19 16 26 
6032 11 17 26 
6000 12 18 26 
5996 13 1 26 
5846 13 19 26 
5289 14 0 26 
5284 14 18 26 
5096 15 1 26 
4866 15 19 26 
4614 16 2 26 
4147 16 18 26 
4074 17 3 26 
4018 17 5 26 
3980 17 17 26 
3396 18 4 26 
3365 18 10 26 
3343 18 16 26 
3049 19 11 26 
2676 19 15 26 
2528 0 15 26 
1919 0 19 26 
1366 4 19 26 
1277 8 19 26 
1258 12 17 26 
1039 13 2 26 
706 13 18 26 
697 14 1 26 
618 14 17 26 
611 15 2 26 
6360 15 10 26 
6043 15 18 26 
5988 16 3 26 
5888 16 5 26 
5629 16 17 26 
5380 17 4 26 
5255 17 10 26 
5178 17 16 26 
5118 18 11 26 
5092 18 15 26 
4854 19 12 26 
4772 19 14 26 
3944 0 16 26 
3565 0 18 26 
3444 1 15 26 
3076 1 19 26 
2345 3 19 26 
2146 4 18 26 
2037 7 19 26 
1938 8 18 26 
1934 13 17 26 
1868 14 2 26 
1784 14 14 26 
1622 14 16 26 
1597 15 3 26 
1593 15 5 26 
1243 15 11 26 
1107 15 17 26 
824 16 4 26 
633 16 10 26 
422 16 16 26 
84 17 11 26 
2 17 15 26 
6339 18 12 26 
6285 18 14 26 
5857 19 13 26 
5836 0 17 26 
5649 1 16 26 
5328 1 18 26 
5245 2 19 26 
5211 3 18 26 
5037 6 19 26 
4967 7 18 26 
4857 8 17 26 
4843 9 16 26 
4822 13 14 26 
4775 13 16 26 
4704 14 3 26 
4622 14 5 26 
4286 14 15 26 
4199 15 4 26 
4159 15 16 26 
4115 16 11 26 
4062 16 15 26 
3951 17 12 26 
3618 17 14 26 
2760 18 13 26 
2674 1 17 26 
2671 2 18 26 
2633 5 19 26 
2615 6 18 26 
2548 7 17 26 
2315 8 16 26 
2285 9 15 26 
2283 10 16 26 
2135 12 14 26 
2024 12 16 26 
1863 13 5 26 
1770 13 15 26 
1316 14 4 26 
1128 15 15 26 
789 16 12 26 
567 16 14 26 
160 17 13 26 
46 2 17 26 
3 5 18 26 
6123 6 17 26 
6069 7 16 26 
5839 8 15 26 
5651 9 14 26 
5411 10 15 26 
5368 11 16 26 
5106 12 5 26 
5034 12 15 26 
4874 13 4 26 
4053 15 14 26 
3615 16 13 26 
3036 2 16 26 
3012 3 17 26 
2929 5 17 26 
2690 6 16 26 
2254 7 15 26 
2227 9 13 26 
2126 10 14 26 
2065 11 5 26 
1893 11 15 26 
1769 12 4 26 
1686 13 3 26 
1682 15 13 26 
1577 19 7 26 
1573 19 9 26 
1531 3 16 26 
1070 4 17 26 
905 5 16 26 
471 6 15 26 
415 9 12 26 
356 10 13 26 
6077 11 4 26 
6017 11 14 26 
5886 12 3 26 
5708 14 13 26 
5445 15 12 26 
5377 18 7 26 
5145 18 9 26 
5114 19 8 26 
4851 0 14 26 
4524 4 16 26 
4497 5 15 26 
4380 9 11 26 
4101 10 12 26 
4009 11 3 26 
3897 11 13 26 
3884 12 0 26 
3827 12 2 26 
3411 13 13 26 
3314 14 12 26 
3238 16 6 26 
2990 17 7 26 
2592 17 9 26 
2289 18 8 26 
2048 0 13 26 
2009 1 14 26 
1581 2 15 26 
1416 4 15 26 
1026 9 10 26 
848 10 11 26 
734 11 0 26 
673 11 2 26 
476 11 12 26 
464 12 1 26 
6309 12 13 26 
6176 13 12 26 
5615 14 11 26 
5101 15 6 26 
5036 16 7 26 
4780 16 9 26 
4650 17 8 26 
4571 0 12 26 
4531 1 13 26 
4238 2 14 26 
4105 3 15 26 
3892 4 14 26 
3572 9 9 26 
3467 10 0 26 
3131 10 2 26 
3001 10 10 26 
2475 11 1 26 
2325 11 11 26 
2193 12 12 26 
2174 13 11 26 
2076 14 6 26 
1888 14 10 26 
1787 15 7 26 
1414 15 9 26 
1367 16 8 26 
1104 1 12 26 
698 2 13 26 
694 3 14 26 
546 7 0 26 
382 9 0 26 
156 9 2 26 
6175 10 1 26 
5931 10 9 26 
5884 11 10 26 
5419 12 11 26 
5394 13 6 26 
5052 13 10 26 
4740 14 7 26 
4653 14 9 26 
4429 15 8 26 
4371 2 12 26 
4255 3 13 26 
3641 7 1 26 
3632 8 0 26 
3547 8 14 26 
3420 9 1 26 
3071 11 9 26 
2947 12 10 26 
2928 13 7 26 
2606 13 9 26 
2575 14 8 26 
1882 3 12 26 
1054 4 13 26 
1032 5 14 26 
523 7 2 26 
359 7 14 26 
5562 8 1 26 
5503 8 13 26 
5369 10 3 26 
5347 12 9 26 
5212 13 8 26 
4987 4 12 26 
4675 5 13 26 
4282 6 14 26 
3989 7 3 26 
3756 7 13 26 
3652 8 2 26 
2141 8 12 26 
1964 9 3 26 
1891 10 4 26 
1780 12 6 26 
1703 12 8 26 
1580 5 12 26 
1301 6 13 26 
1160 7 12 26 
1019 8 3 26 
980 8 9 26 
885 8 11 26 
705 9 4 26 
291 10 5 26 
6180 11 6 26 
6033 11 8 26 
5811 12 7 26 
5754 6 12 26 
5611 7 9 26 
5604 7 11 26 
5102 8 4 26 
4892 8 10 26 
4876 9 5 26 
4799 10 6 26 
4755 10 8 26 
4748 11 7 26 
4360 0 11 26 
4071 6 9 26 
4057 6 11 26 
3651 7 10 26 
3629 8 5 26 
3476 9 6 26 
3237 9 8 26 
3217 10 7 26 
2935 0 10 26 
2820 1 11 26 
2613 3 11 26 
2198 5 9 26 
1912 5 11 26 
1875 6 10 26 
1767 8 6 26 
1326 8 8 26 
1278 9 7 26 
1058 0 9 26 
820 1 10 26 
483 2 11 26 
144 3 10 26 
68 4 11 26 
32 5 10 26 
6337 7 8 26 
6251 8 7 26 
6210 0 8 26 
6130 1 9 26 
5731 2 10 26 
5521 3 9 26 
5465 4 10 26 
5423 6 8 26 
5263 7 7 26 
5181 0 7 26 
4410 1 8 26 
4281 2 9 26 
4036 3 8 26 
3934 4 9 26 
3433 5 8 26 
3384 6 7 26 
3353 7 6 26 
3325 0 0 26 
2648 0 6 26 
2555 1 7 26 
2349 2 8 26 
2157 4 8 26 
1905 5 7 26 
1532 6 6 26 
984 0 1 26 
23 0 5 26 
5877 1 0 26 
5222 1 6 26 
4293 2 7 26 
4065 3 0 26 
4003 4 7 26 
3285 5 6 26 
3167 0 2 26 
2918 0 4 26 
2903 1 1 26 
2709 1 5 26 
2368 2 0 26 
2117 2 6 26 
1926 3 1 26 
892 3 7 26 
690 4 6 26 
584 7 5 26 
137 0 3 26 
5596 1 2 26 
4762 1 4 26 
4455 2 1 26 
3841 2 5 26 
3254 3 6 26 
1454 6 5 26 
1388 7 4 26 
562 1 3 26 
326 2 2 26 
38 2 4 26 
4316 3 5 26 
2888 5 5 26 
2438 6 4 26 
2214 2 3 26 
1683 3 4 26 
1613 4 5 26 
1092 5 4 26 
983 3 3 26 
378 4 4 26 
110 3 2 26 
6048 4 3 26 
5752 6 3 26 
4901 4 2 26 
4859 5 3 26 
4052 6 2 26 
3546 4 1 26 
3078 5 2 26 
221 6 1 26 
5346 4 0 26 
4375 5 1 26 
802 6 0 26 
6237 5 0 26 
2490 5 1 38 
2056 5 2 39 
2850 3 4 40 
1470 1 2 41 
3270 1 1 42 
3363 1 9 43 
1914 1 10 44 
5094 9 7 44 
5812 10 7 44 
5968 11 7 44 
1695 9 4 45 
801 14 8 46 
4848 2 13 47 
1952 10 1 46 
5051 14 7 46 
1290 1 13 47 
1400 11 1 47 
5330 18 8 48 
6255 19 0 51 
6127 9 19 51 
6068 18 0 51 
5478 19 1 51 
5177 19 19 51 
4678 9 18 51 
4473 10 19 51 
4447 17 0 51 
4441 18 1 51 
4379 18 19 51 
4232 19 2 51 
4080 19 6 51 
3982 19 18 51 
3642 9 17 51 
3497 10 18 51 
3228 11 19 51 
3080 16 0 51 
2915 17 1 51 
2887 17 19 51 
2687 18 2 51 
2538 18 6 51 
2534 18 18 51 
2392 19 3 51 
2202 19 5 51 
2186 19 17 51 
2098 10 17 51 
1966 11 18 51 
1801 12 19 51 
1797 13 0 51 
1717 14 19 51 
1637 15 0 51 
1384 16 1 51 
1339 16 19 51 
1320 17 2 51 
1216 17 6 51 
1155 17 18 51 
838 18 3 51 
670 18 5 51 
31 18 17 51 
5492 19 4 51 
5333 19 10 51 
5184 19 16 51 
5023 11 17 51 
4973 12 18 51 
4908 13 1 51 
4722 13 19 51 
4683 14 0 51 
4335 14 18 51 
4248 15 1 51 
4130 15 19 51 
3865 16 2 51 
3845 16 18 51 
3607 17 3 51 
3520 17 5 51 
3505 17 17 51 
3177 18 4 51 
3122 18 10 51 
3028 18 16 51 
2806 19 11 51 
2533 19 15 51 
2199 0 15 51 
1794 0 19 51 
1628 4 19 51 
1485 8 19 51 
1313 12 17 51 
1202 13 2 51 
1041 13 18 51 
978 14 1 51 
722 14 17 51 
665 15 2 51 
320 15 10 51 
289 15 18 51 
76 16 3 51 
6349 16 5 51 
6105 16 17 51 
6085 17 4 51 
5912 17 10 51 
5576 17 16 51 
5490 18 11 51 
5259 18 15 51 
5150 19 12 51 
4969 19 14 51 
4945 0 16 51 
4695 0 18 51 
4459 1 15 51 
3910 1 19 51 
3676 3 19 51 
3627 4 18 51 
3610 7 19 51 
3575 8 18 51 
3492 13 17 51 
3463 14 2 51 
3380 14 14 51 
3113 14 16 51 
3107 15 3 51 
3020 15 5 51 
2889 15 11 51 
2701 15 17 51 
2603 16 4 51 
2518 16 10 51 
2505 16 16 51 
1895 17 11 51 
1612 17 15 51 
1488 18 12 51 
1409 18 14 51 
1280 19 13 51 
1122 0 17 51 
1043 1 16 51 
742 1 18 51 
710 2 19 51 
707 3 18 51 
683 6 19 51 
216 7 18 51 
51 8 17 51 
6307 9 16 51 
6260 13 14 51 
6117 13 16 51 
6084 14 3 51 
5975 14 5 51 
5737 14 15 51 
5021 15 4 51 
4483 15 16 51 
4291 16 11 51 
4262 16 15 51 
3765 17 12 51 
3423 17 14 51 
3345 18 13 51 
3286 1 17 51 
3091 2 18 51 
2911 5 19 51 
2836 6 18 51 
2644 7 17 51 
2573 8 16 51 
2419 9 15 51 
2406 10 16 51 
2164 12 14 51 
2160 12 16 51 
1991 13 5 51 
1978 13 15 51 
1186 14 4 51 
1152 15 15 51 
1151 16 12 51 
1072 16 14 51 
880 17 13 51 
827 2 17 51 
494 5 18 51 
261 6 17 51 
114 7 16 51 
107 8 15 51 
6294 9 14 51 
6148 10 15 51 
6018 11 16 51 
5989 12 5 51 
5720 12 15 51 
5430 13 4 51 
5329 15 14 51 
5262 16 13 51 
5031 2 16 51 
4720 3 17 51 
4708 5 17 51 
4336 6 16 51 
4055 7 15 51 
3925 9 13 51 
3862 10 14 51 
3829 11 5 51 
3524 11 15 51 
3336 12 4 51 
3139 13 3 51 
2667 15 13 51 
2568 19 7 51 
2554 19 9 51 
2290 3 16 51 
2116 4 17 51 
2108 5 16 51 
1708 6 15 51 
1590 9 12 51 
1550 10 13 51 
1474 11 4 51 
1310 11 14 51 
1209 12 3 51 
1181 14 13 51 
1166 15 12 51 
994 18 7 51 
952 18 9 51 
902 19 8 51 
684 0 14 51 
589 4 16 51 
462 5 15 51 
391 9 11 51 
355 10 12 51 
277 11 3 51 
247 11 13 51 
5925 12 0 51 
5904 12 2 51 
5518 13 13 51 
5497 14 12 51 
5421 16 6 51 
5288 17 7 51 
5199 17 9 51 
5174 18 8 51 
5120 0 13 51 
4733 1 14 51 
4435 2 15 51 
4017 4 15 51 
3961 9 10 51 
3653 10 11 51 
3141 11 0 51 
2847 11 2 51 
2769 11 12 51 
2465 12 1 51 
2461 12 13 51 
2052 13 12 51 
1942 14 11 51 
1584 15 6 51 
524 16 7 51 
322 16 9 51 
313 17 8 51 
201 0 12 51 
6374 1 13 51 
6364 2 14 51 
5934 3 15 51 
5915 4 14 51 
5864 9 9 51 
5814 10 0 51 
5527 10 2 51 
4976 10 10 51 
4847 11 1 51 
4806 11 11 51 
4661 12 12 51 
4587 13 11 51 
4181 14 6 51 
4157 14 10 51 
4087 15 7 51 
3773 15 9 51 
3221 16 8 51 
3142 1 12 51 
1981 2 13 51 
1698 3 14 51 
1680 7 0 51 
1272 9 0 51 
919 9 2 51 
723 10 1 51 
594 10 9 51 
568 11 10 51 
540 12 11 51 
446 13 6 51 
115 13 10 51 
25 14 7 51 
6002 14 9 51 
5834 15 8 51 
5491 2 12 51 
5485 3 13 51 
5354 7 1 51 
5057 8 0 51 
4977 8 14 51 
4367 9 1 51 
4176 11 9 51 
4075 12 10 51 
3974 13 7 51 
3508 13 9 51 
3499 14 8 51 
3280 3 12 51 
2618 4 13 51 
2510 5 14 51 
2474 7 2 51 
2463 7 14 51 
2427 8 1 51 
2308 8 13 51 
2240 10 3 51 
2111 12 9 51 
1856 13 8 51 
756 4 12 51 
680 5 13 51 
646 6 14 51 
512 7 3 51 
209 7 13 51 
192 8 2 51 
6362 8 12 51 
6284 9 3 51 
6163 10 4 51 
6103 12 6 51 
5099 12 8 51 
5089 5 12 51 
4997 6 13 51 
4627 7 12 51 
4539 8 3 51 
2436 8 9 51 
2213 8 11 51 
2128 9 4 51 
1860 10 5 51 
1514 11 6 51 
1491 11 8 51 
1267 12 7 51 
1060 6 12 51 
825 7 9 51 
639 7 11 51 
521 8 4 51 
368 8 10 51 
339 9 5 51 
30 10 6 51 
24 10 8 51 
5473 11 7 51 
5348 0 11 51 
5193 6 9 51 
5059 6 11 51 
4881 7 10 51 
3819 8 5 51 
3648 9 6 51 
3398 9 8 51 
3319 10 7 51 
3273 0 10 51 
2255 1 11 51 
2162 3 11 51 
1759 5 9 51 
1579 5 11 51 
1314 6 10 51 
1117 8 6 51 
604 8 8 51 
531 9 7 51 
374 0 9 51 
6314 1 10 51 
5383 2 11 51 
4896 3 10 51 
4620 4 11 51 
4113 5 10 51 
4103 7 8 51 
3573 8 7 51 
2362 0 8 51 
2075 1 9 51 
1506 2 10 51 
626 3 9 51 
6353 4 10 51 
6218 6 8 51 
6215 7 7 51 
6106 0 7 51 
6012 1 8 51 
5967 2 9 51 
5787 3 8 51 
5507 4 9 51 
5390 5 8 51 
4782 6 7 51 
4632 7 6 51 
4527 0 0 51 
4306 0 6 51 
3952 1 7 51 
3766 2 8 51 
3432 4 8 51 
3276 5 7 51 
2629 6 6 51 
2403 0 1 51 
2334 0 5 51 
2154 1 0 51 
1208 1 6 51 
937 2 7 51 
904 3 0 51 
890 4 7 51 
463 5 6 51 
270 0 2 51 
101 0 4 51 
5936 1 1 51 
4986 1 5 51 
4839 2 0 51 
4534 2 6 51 
4399 3 1 51 
3847 3 7 51 
3772 4 6 51 
3722 7 5 51 
3696 0 3 51 
3202 1 2 51 
3192 1 4 51 
2941 2 1 51 
2745 2 5 51 
2353 3 6 51 
1731 6 5 51 
1422 7 4 51 
5777 1 3 51 
5701 2 2 51 
3318 2 4 51 
2924 3 5 51 
1899 5 5 51 
1096 6 4 51 
288 2 3 51 
242 3 4 51 
6022 4 5 51 
5971 5 4 51 
5662 3 3 51 
5638 4 4 51 
5314 3 2 51 
3400 4 3 51 
3378 6 3 51 
3253 4 2 51 
2840 5 3 51 
2559 6 2 51 
2097 4 1 51 
1555 5 2 51 
1079 6 1 51 
989 4 0 51 
492 5 1 51 
229 6 0 51 
6355 5 0 51 
1246 5 1 64 
1886 5 2 64 
5721 3 4 65 
1413 1 2 66 
3578 1 1 66 
3093 1 9 68 
3311 1 10 68 
4523 9 7 69 
3173 10 7 69 
3668 11 7 69 
1715 9 4 70 
2288 14 8 71 
1001 2 13 72 
6281 10 1 72 
148 14 7 72 
2096 1 13 72 
2521 11 1 72 
4361 18 8 73 
6366 19 0 76 
6144 9 19 76 
5895 18 0 76 
5663 19 1 76 
5601 19 19 76 
5487 9 18 76 
5341 10 19 76 
5090 17 0 76 
4507 18 1 76 
4277 18 19 76 
4166 19 2 76 
4023 19 6 76 
3986 19 18 76 
3901 9 17 76 
3588 10 18 76 
3023 11 19 76 
2336 16 0 76 
2303 17 1 76 
1900 17 19 76 
1629 18 2 76 
1541 18 6 76 
1376 18 18 76 
1269 19 3 76 
1265 19 5 76 
1231 19 17 76 
1214 10 17 76 
1196 11 18 76 
1195 12 19 76 
1158 13 0 76 
1135 14 19 76 
1129 15 0 76 
1016 16 1 76 
763 16 19 76 
754 17 2 76 
676 17 6 76 
375 17 18 76 
202 18 3 76 
162 18 5 76 
146 18 17 76 
99 19 4 76 
6394 19 10 76 
5970 19 16 76 
5938 11 17 76 
5841 12 18 76 
5592 13 1 76 
5586 13 19 76 
5535 14 0 76 
5472 14 18 76 
4713 15 1 76 
4431 15 19 76 
4213 16 2 76 
4191 16 18 76 
4107 17 3 76 
4027 17 5 76 
4020 17 17 76 
3797 18 4 76 
3646 18 10 76 
3340 18 16 76 
3300 19 11 76 
2921 19 15 76 
2878 0 15 76 
2808 0 19 76 
1840 4 19 76 
1713 8 19 76 
1679 12 17 76 
1674 13 2 76 
1411 13 18 76 
1390 14 1 76 
1022 14 17 76 
1005 15 2 76 
539 15 10 76 
358 15 18 76 
19 16 3 76 
6024 16 5 76 
5792 16 17 76 
5706 17 4 76 
5385 17 10 76 
5334 17 16 76 
5182 18 11 76 
5153 18 15 76 
5064 19 12 76 
4875 19 14 76 
4840 0 16 76 
4754 0 18 76 
4583 1 15 76 
4572 1 19 76 
4482 3 19 76 
4085 4 18 76 
3932 7 19 76 
3586 8 18 76 
3527 13 17 76 
3448 14 2 76 
3166 14 14 76 
2823 14 16 76 
2669 15 3 76 
2551 15 5 76 
2429 15 11 76 
2423 15 17 76 
2351 16 4 76 
2210 16 10 76 
1937 16 16 76 
1665 17 11 76 
1430 17 15 76 
1345 18 12 76 
922 18 14 76 
823 19 13 76 
682 0 17 76 
298 1 16 76 
125 1 18 76 
6055 2 19 76 
5948 3 18 76 
5437 6 19 76 
5309 7 18 76 
5154 8 17 76 
4935 9 16 76 
4751 13 14 76 
4742 13 16 76 
4731 14 3 76 
4651 14 5 76 
4400 14 15 76 
4356 15 4 76 
4210 15 16 76 
3945 16 11 76 
3798 16 15 76 
3749 17 12 76 
3033 17 14 76 
2609 18 13 76 
2605 1 17 76 
2547 2 18 76 
2450 5 19 76 
1701 6 18 76 
1596 7 17 76 
903 8 16 76 
852 9 15 76 
840 10 16 76 
811 12 14 76 
393 12 16 76 
352 13 5 76 
253 13 15 76 
6216 14 4 76 
6190 15 15 76 
6177 16 12 76 
6173 16 14 76 
6156 17 13 76 
5800 2 17 76 
5711 5 18 76 
5657 6 17 76 
5597 7 16 76 
5591 8 15 76 
5453 9 14 76 
5285 10 15 76 
5257 11 16 76 
5240 12 5 76 
5091 12 15 76 
5082 13 4 76 
5046 15 14 76 
5009 16 13 76 
4855 2 16 76 
4698 3 17 76 
4594 5 17 76 
4563 6 16 76 
4555 7 15 76 
3924 9 13 76 
3834 10 14 76 
3428 11 5 76 
3405 11 15 76 
3185 12 4 76 
3129 13 3 76 
2864 15 13 76 
2842 19 7 76 
2410 19 9 76 
2342 3 16 76 
2302 4 17 76 
2298 5 16 76 
2017 6 15 76 
1795 9 12 76 
1782 10 13 76 
1525 11 4 76 
1496 11 14 76 
1332 12 3 76 
1300 14 13 76 
1048 15 12 76 
878 18 7 76 
833 18 9 76 
439 19 8 76 
435 0 14 76 
330 4 16 76 
78 5 15 76 
6388 9 11 76 
6292 10 12 76 
6094 11 3 76 
5961 11 13 76 
5953 12 0 76 
5893 12 2 76 
5713 13 13 76 
5270 14 12 76 
4738 16 6 76 
4541 17 7 76 
3852 17 9 76 
3786 18 8 76 
3304 0 13 76 
2920 1 14 76 
2658 2 15 76 
2462 4 15 76 
2440 9 10 76 
2173 10 11 76 
1927 11 0 76 
1615 11 2 76 
1564 11 12 76 
1408 12 1 76 
998 12 13 76 
846 13 12 76 
305 14 11 76 
272 15 6 76 
74 16 7 76 
6370 16 9 76 
6213 17 8 76 
6152 0 12 76 
6074 1 13 76 
6047 2 14 76 
5987 3 15 76 
5913 4 14 76 
5808 9 9 76 
5710 10 0 76 
5546 10 2 76 
5466 10 10 76 
5100 11 1 76 
4861 11 11 76 
4726 12 12 76 
4631 13 11 76 
4390 14 6 76 
4223 14 10 76 
4184 15 7 76 
3967 15 9 76 
3880 16 8 76 
3879 1 12 76 
3613 2 13 76 
3461 3 14 76 
2893 7 0 76 
2596 9 0 76 
2385 9 2 76 
2383 10 1 76 
2333 10 9 76 
2200 11 10 76 
2035 12 11 76 
1710 13 6 76 
1432 13 10 76 
1392 14 7 76 
310 14 9 76 
6001 15 8 76 
5897 2 12 76 
4873 3 13 76 
4743 7 1 76 
4383 8 0 76 
3936 8 14 76 
3902 9 1 76 
3843 11 9 76 
3800 12 10 76 
3293 13 7 76 
2259 13 9 76 
1803 14 8 76 
1799 3 12 76 
1771 4 13 76 
1534 5 14 76 
349 7 2 76 
175 7 14 76 
113 8 1 76 
6373 8 13 76 
5972 10 3 76 
5815 12 9 76 
5598 13 8 76 
4948 4 12 76 
4902 5 13 76 
4407 6 14 76 
4370 7 3 76 
4128 7 13 76 
3946 8 2 76 
3851 8 12 76 
3663 9 3 76 
3332 10 4 76 
3241 12 6 76 
3190 12 8 76 
2867 5 12 76 
2742 6 13 76 
2421 7 12 76 
2270 8 3 76 
2072 8 9 76 
2023 8 11 76 
1834 9 4 76 
1447 10 5 76 
1359 11 6 76 
1266 11 8 76 
1187 12 7 76 
862 6 12 76 
785 7 9 76 
214 7 11 76 
6389 8 4 76 
6320 8 10 76 
6224 9 5 76 
5923 10 6 76 
5758 10 8 76 
5600 11 7 76 
4999 0 11 76 
3779 6 9 76 
2753 6 11 76 
2584 7 10 76 
2566 8 5 76 
2507 9 6 76 
2177 9 8 76 
2104 10 7 76 
1343 0 10 76 
6258 1 11 76 
6134 3 11 76 
5749 5 9 76 
5702 5 11 76 
5105 6 10 76 
4864 8 6 76 
4419 8 8 76 
4060 9 7 76 
4044 0 9 76 
3928 1 10 76 
3639 2 11 76 
3081 3 10 76 
2746 4 11 76 
2672 5 10 76 
2443 7 8 76 
2248 8 7 76 
2217 0 8 76 
2119 1 9 76 
1933 2 10 76 
1395 3 9 76 
1239 4 10 76 
466 6 8 76 
343 7 7 76 
183 0 7 76 
6343 1 8 76 
5703 2 9 76 
5481 3 8 76 
4721 4 9 76 
4330 5 8 76 
4230 6 7 76 
3661 7 6 76 
2852 0 0 76 
1804 0 6 76 
1609 1 7 76 
1249 2 8 76 
822 4 8 76 
82 5 7 76 
6357 6 6 76 
6082 0 1 76 
6065 0 5 76 
5607 1 0 76 
5294 1 6 76 
5069 2 7 76 
4972 3 0 76 
3922 4 7 76 
3740 5 6 76 
3538 0 2 76 
3515 0 4 76 
2805 1 1 76 
2786 1 5 76 
2776 2 0 76 
2728 2 6 76 
2307 3 1 76 
2055 3 7 76 
1929 4 6 76 
1620 7 5 76 
1619 0 3 76 
1241 1 2 76 
709 1 4 76 
550 2 1 76 
6334 2 5 76 
6056 3 6 76 
5717 6 5 76 
4964 7 4 76 
3541 1 3 76 
3522 2 2 76 
3393 2 4 76 
3225 3 5 76 
2944 5 5 76 
2661 6 4 76 
2168 2 3 76 
1848 3 4 76 
654 4 5 76 
628 5 4 76 
436 3 3 76 
195 4 4 76 
6151 3 2 76 
5551 4 3 76 
5494 6 3 76 
4978 4 2 76 
4966 5 3 76 
4959 6 2 76 
3385 4 1 76 
3348 5 2 76 
2692 6 1 76 
1479 4 0 76 
6088 5 1 76 
4243 6 0 76 
3072 5 0 76 
2705 5 1 88 
1285 5 2 89 
2713 3 4 90 
5241 1 2 91 
5728 1 1 91 
290 1 9 93 
720 1 10 93 
3589 9 7 93 
867 10 7 94 
877 11 7 94 
4877 9 4 95 
797 14 8 96 
3299 2 13 97 
4907 10 1 97 
2280 14 7 97 
2517 1 13 97 
2542 11 1 97 
5482 18 8 98 
