1855
4308 9 19 1 
3955 8 19 1 
3935 9 18 1 
3883 7 19 1 
3718 8 18 1 
3485 9 17 1 
3461 0 19 1 
3142 6 19 1 
3043 7 18 1 
2987 8 17 1 
2879 9 16 1 
2441 0 18 1 
2393 1 19 1 
2373 5 19 1 
2254 6 18 1 
2079 7 17 1 
1852 8 16 1 
1737 9 15 1 
1669 19 19 1 
1521 0 17 1 
913 1 18 1 
778 2 19 1 
583 4 19 1 
475 5 18 1 
4567 6 17 1 
4517 7 16 1 
4300 8 15 1 
4285 9 14 1 
4238 16 13 1 
4015 18 19 1 
3990 19 16 1 
3949 19 18 1 
3812 0 16 1 
3797 1 17 1 
3695 2 18 1 
3620 3 19 1 
3384 4 18 1 
3130 5 17 1 
3097 6 16 1 
2790 7 15 1 
2770 8 14 1 
2633 9 13 1 
2311 15 13 1 
2223 16 14 1 
2122 17 19 1 
2097 18 16 1 
1360 18 18 1 
1229 19 17 1 
1198 0 15 1 
1034 1 16 1 
807 2 17 1 
653 3 18 1 
427 4 17 1 
397 5 16 1 
165 6 15 1 
38 7 14 1 
4518 8 13 1 
4501 9 12 1 
4500 10 11 1 
4376 15 14 1 
4198 16 15 1 
4111 16 19 1 
4110 17 16 1 
4032 17 18 1 
3932 18 17 1 
3922 0 14 1 
3671 1 15 1 
3334 2 16 1 
3286 3 17 1 
3162 4 16 1 
3081 5 15 1 
3028 6 14 1 
2674 7 13 1 
2626 8 12 1 
2494 9 11 1 
2385 15 15 1 
2378 15 19 1 
2371 16 16 1 
2237 16 18 1 
2161 17 17 1 
2080 19 15 1 
1928 1 14 1 
1708 2 15 1 
1591 3 16 1 
1450 4 15 1 
1228 5 14 1 
943 6 13 1 
894 7 12 1 
779 8 11 1 
596 10 19 1 
585 14 15 1 
225 14 19 1 
216 15 16 1 
109 15 18 1 
4481 16 17 1 
4385 18 15 1 
4319 19 14 1 
4288 2 14 1 
4286 3 15 1 
4125 4 14 1 
3934 5 13 1 
3868 6 12 1 
3820 7 11 1 
3634 10 18 1 
3416 11 19 1 
3145 13 15 1 
3109 13 19 1 
3064 14 16 1 
3041 14 18 1 
2839 15 17 1 
2671 17 15 1 
2518 18 14 1 
2473 19 13 1 
2310 0 13 1 
1871 3 14 1 
1809 4 13 1 
1564 5 12 1 
1467 6 11 1 
1371 10 17 1 
1306 11 18 1 
1231 12 19 1 
926 13 16 1 
890 13 18 1 
879 14 17 1 
742 17 14 1 
709 18 13 1 
663 19 12 1 
658 0 12 1 
4562 1 13 1 
4512 3 13 1 
4152 4 12 1 
3920 5 11 1 
3368 10 16 1 
3100 11 17 1 
3051 12 18 1 
3021 13 17 1 
2820 17 13 1 
2761 18 12 1 
2669 19 11 1 
2298 0 11 1 
2275 1 12 1 
2255 2 13 1 
2188 3 12 1 
1942 4 11 1 
1366 10 15 1 
1337 11 16 1 
1304 12 17 1 
1058 17 12 1 
767 18 11 1 
723 19 0 1 
715 19 10 1 
685 0 10 1 
407 1 11 1 
246 2 12 1 
233 3 11 1 
179 10 14 1 
18 11 15 1 
4322 12 16 1 
4306 14 14 1 
4284 16 12 1 
4217 17 11 1 
4172 18 0 1 
4001 18 10 1 
3912 19 1 1 
3762 19 9 1 
3577 0 9 1 
3517 1 10 1 
3484 2 11 1 
3383 10 13 1 
3096 11 14 1 
2493 12 15 1 
2486 13 14 1 
2158 14 13 1 
1944 15 12 1 
1903 16 11 1 
1842 17 0 1 
1793 17 10 1 
1573 18 1 1 
1250 18 9 1 
1166 19 2 1 
945 19 6 1 
912 19 8 1 
593 0 4 1 
454 0 8 1 
379 1 9 1 
118 2 10 1 
4534 10 12 1 
4462 11 13 1 
4058 12 14 1 
3875 13 13 1 
3823 14 12 1 
3396 15 11 1 
3248 16 0 1 
3210 16 10 1 
3169 17 1 1 
3127 17 9 1 
2858 18 2 1 
2641 18 6 1 
2631 18 8 1 
2135 19 3 1 
1893 19 7 1 
1856 0 5 1 
1727 0 7 1 
1726 1 4 1 
1717 1 8 1 
1222 2 9 1 
1197 11 12 1 
1125 12 13 1 
675 13 12 1 
282 14 11 1 
256 15 0 1 
218 15 10 1 
153 16 1 1 
4511 16 9 1 
4508 17 2 1 
4320 17 6 1 
4193 17 8 1 
4094 18 3 1 
4070 18 7 1 
3980 19 4 1 
3927 0 6 1 
3805 1 5 1 
3636 1 7 1 
3316 2 4 1 
3296 2 8 1 
3165 11 11 1 
3029 12 12 1 
2740 13 11 1 
2572 14 0 1 
2356 14 10 1 
2256 15 1 1 
2114 15 9 1 
2038 16 2 1 
1776 16 6 1 
1679 16 8 1 
1628 17 3 1 
998 17 7 1 
960 18 4 1 
838 19 5 1 
711 1 6 1 
567 2 5 1 
255 2 7 1 
194 3 4 1 
4475 3 10 1 
4382 11 10 1 
4354 12 11 1 
4353 13 0 1 
4349 13 10 1 
4274 14 1 1 
4213 14 9 1 
4164 15 2 1 
3911 15 6 1 
3775 15 8 1 
3627 16 3 1 
3592 16 7 1 
3239 17 4 1 
3108 18 5 1 
2719 2 6 1 
2571 3 5 1 
2529 3 9 1 
2515 4 4 1 
2451 4 10 1 
1841 11 9 1 
1514 12 0 1 
1403 12 10 1 
1400 13 1 1 
1363 13 9 1 
1055 14 2 1 
581 14 8 1 
553 15 3 1 
460 15 7 1 
380 16 4 1 
120 17 5 1 
93 3 6 1 
4513 3 8 1 
4363 4 5 1 
3933 4 9 1 
3848 5 4 1 
3596 5 10 1 
3448 9 0 1 
3247 11 0 1 
2327 11 8 1 
2308 12 1 1 
2167 12 9 1 
2159 13 2 1 
1947 13 8 1 
1364 14 3 1 
1299 14 7 1 
603 15 4 1 
228 16 5 1 
203 3 7 1 
44 4 6 1 
4186 4 8 1 
4163 5 5 1 
4121 5 9 1 
4084 6 10 1 
3864 9 1 1 
3582 10 0 1 
3351 10 10 1 
3255 11 1 1 
3219 12 2 1 
3013 12 8 1 
3008 13 3 1 
2217 13 7 1 
2213 14 4 1 
2054 14 6 1 
2040 15 5 1 
1878 4 7 1 
1684 5 6 1 
1670 5 8 1 
1570 6 9 1 
1383 7 10 1 
1150 9 2 1 
964 9 10 1 
805 10 1 1 
4593 10 9 1 
3788 11 2 1 
3586 12 3 1 
3185 12 7 1 
3160 13 4 1 
3132 13 6 1 
2917 14 5 1 
2299 5 7 1 
2036 6 6 1 
2034 6 8 1 
1473 7 9 1 
1454 8 10 1 
1437 9 9 1 
1416 10 2 1 
979 10 8 1 
845 11 3 1 
841 11 7 1 
730 12 4 1 
516 12 6 1 
213 13 5 1 
4564 6 7 1 
4491 7 6 1 
4448 7 8 1 
4067 8 9 1 
3855 9 8 1 
3678 10 3 1 
3579 10 7 1 
3186 11 4 1 
3053 11 6 1 
2958 12 5 1 
2556 7 7 1 
2491 8 8 1 
2420 9 7 1 
2266 10 4 1 
1606 10 6 1 
1466 11 5 1 
1439 0 3 1 
1420 8 7 1 
1322 9 6 1 
1151 10 5 1 
644 0 2 1 
468 1 3 1 
435 8 6 1 
300 9 5 1 
4557 0 1 1 
4541 1 2 1 
4117 2 3 1 
4081 8 5 1 
4078 9 4 1 
3682 0 0 1 
3600 1 1 1 
3212 2 2 1 
2668 3 3 1 
1764 7 5 1 
1327 8 4 1 
995 9 3 1 
739 1 0 1 
430 2 1 1 
4242 3 2 1 
4230 4 3 1 
3841 6 5 1 
3399 7 4 1 
3030 8 3 1 
3016 2 0 1 
3012 3 1 1 
1463 4 2 1 
971 5 3 1 
699 6 4 1 
628 7 3 1 
4264 8 2 1 
3658 3 0 1 
3250 4 1 1 
1931 5 2 1 
1321 6 3 1 
630 7 2 1 
20 8 1 1 
4153 4 0 1 
2914 5 1 1 
1906 6 2 1 
1589 7 1 1 
1210 8 0 1 
1123 5 0 1 
741 6 1 1 
4017 7 0 1 
3574 6 0 1 
4099 6 1 12 
231 5 1 12 
949 6 2 12 
2220 7 1 12 
335 4 1 13 
3157 5 2 13 
4362 7 2 13 
199 3 1 14 
2804 4 2 14 
3164 7 3 14 
4150 2 1 15 
4316 3 2 14 
4345 7 4 14 
4584 1 1 15 
129 2 2 15 
823 8 4 15 
463 1 2 15 
3510 9 6 16 
4423 8 8 16 
1336 9 7 16 
2002 10 6 16 
2654 6 7 16 
2905 7 8 16 
3986 8 9 16 
434 9 8 16 
613 11 4 16 
1124 5 7 17 
1843 6 8 17 
4053 7 9 17 
4350 9 9 17 
131 11 3 17 
637 12 4 17 
2195 13 5 17 
2815 5 8 18 
2883 6 9 18 
3650 10 1 18 
3817 11 2 17 
4231 13 4 17 
4250 13 6 17 
4258 4 8 18 
26 5 9 18 
94 11 1 18 
725 13 7 18 
987 14 4 18 
1352 4 5 19 
1460 4 9 19 
1663 12 9 19 
2525 13 8 19 
3238 14 3 19 
3527 15 4 19 
3954 3 5 20 
247 12 10 20 
564 14 2 20 
829 14 8 20 
1056 15 3 20 
3149 16 4 20 
97 1 6 21 
4026 2 5 21 
4148 12 11 20 
4380 14 1 20 
4536 15 2 20 
4565 9 19 26 
4469 8 19 26 
4425 9 18 26 
4249 7 19 26 
4083 8 18 26 
3773 9 17 26 
3544 0 19 26 
3538 6 19 26 
3495 7 18 26 
3208 8 17 26 
3059 9 16 26 
2755 0 18 26 
2725 1 19 26 
2711 5 19 26 
2688 6 18 26 
2678 7 17 26 
2390 8 16 26 
2329 9 15 26 
2317 19 19 26 
2117 0 17 26 
2017 1 18 26 
1610 2 19 26 
1430 4 19 26 
1179 5 18 26 
1174 6 17 26 
1071 7 16 26 
848 8 15 26 
531 9 14 26 
408 16 13 26 
386 18 19 26 
381 19 16 26 
87 19 18 26 
4527 0 16 26 
4454 1 17 26 
4441 2 18 26 
4371 3 19 26 
4234 4 18 26 
4170 5 17 26 
4120 6 16 26 
3876 7 15 26 
3850 8 14 26 
3787 9 13 26 
3702 15 13 26 
3700 16 14 26 
3603 17 19 26 
3449 18 16 26 
3387 18 18 26 
3277 19 17 26 
3257 0 15 26 
3197 1 16 26 
3126 2 17 26 
3006 3 18 26 
2992 4 17 26 
2950 5 16 26 
2823 6 15 26 
2766 7 14 26 
2552 8 13 26 
2349 9 12 26 
2151 10 11 26 
2003 15 14 26 
1870 16 15 26 
1658 16 19 26 
1550 17 16 26 
1536 17 18 26 
1528 18 17 26 
1215 0 14 26 
1050 1 15 26 
818 2 16 26 
620 3 17 26 
421 4 16 26 
420 5 15 26 
401 6 14 26 
4597 7 13 26 
4560 8 12 26 
4429 9 11 26 
4390 15 15 26 
4248 15 19 26 
4209 16 16 26 
4143 16 18 26 
4085 17 17 26 
4066 19 15 26 
3874 1 14 26 
3201 2 15 26 
3131 3 16 26 
3091 4 15 26 
2805 5 14 26 
2575 6 13 26 
2550 7 12 26 
2352 8 11 26 
2052 10 19 26 
1971 14 15 26 
1879 14 19 26 
1399 15 16 26 
1310 15 18 26 
1280 16 17 26 
525 18 15 26 
409 19 14 26 
226 2 14 26 
205 3 15 26 
4573 4 14 26 
4006 5 13 26 
3993 6 12 26 
3845 7 11 26 
3801 10 18 26 
3789 11 19 26 
3685 13 15 26 
3587 13 19 26 
3490 14 16 26 
3450 14 18 26 
3237 15 17 26 
3124 17 15 26 
3120 18 14 26 
2822 19 13 26 
2362 0 13 26 
2274 3 14 26 
2091 4 13 26 
2086 5 12 26 
2020 6 11 26 
1823 10 17 26 
1611 11 18 26 
1424 12 19 26 
1387 13 16 26 
1332 13 18 26 
1297 14 17 26 
1131 17 14 26 
922 18 13 26 
906 19 12 26 
322 0 12 26 
259 1 13 26 
180 3 13 26 
47 4 12 26 
2 5 11 26 
4543 10 16 26 
4451 11 17 26 
4427 12 18 26 
4355 13 17 26 
4095 17 13 26 
3979 18 12 26 
3844 19 11 26 
3546 0 11 26 
3394 1 12 26 
3369 2 13 26 
3347 3 12 26 
3322 4 11 26 
3075 10 15 26 
2503 11 16 26 
2496 12 17 26 
1945 17 12 26 
1687 18 11 26 
1673 19 0 26 
1213 19 10 26 
867 0 10 26 
775 1 11 26 
479 2 12 26 
189 3 11 26 
147 10 14 26 
113 11 15 26 
83 12 16 26 
4295 14 14 26 
4096 16 12 26 
3889 17 11 26 
3766 18 0 26 
3502 18 10 26 
3475 19 1 26 
3436 19 9 26 
3087 0 9 26 
3079 1 10 26 
2969 2 11 26 
2828 10 13 26 
2419 11 14 26 
2201 12 15 26 
2095 13 14 26 
1767 14 13 26 
1752 15 12 26 
1537 16 11 26 
1534 17 0 26 
1227 17 10 26 
1144 18 1 26 
1054 18 9 26 
1043 19 2 26 
999 19 6 26 
737 19 8 26 
649 0 4 26 
455 0 8 26 
438 1 9 26 
326 2 10 26 
243 10 12 26 
240 11 13 26 
175 12 14 26 
34 13 13 26 
4547 14 12 26 
4490 15 11 26 
4452 16 0 26 
4100 16 10 26 
3851 17 1 26 
3728 17 9 26 
3395 18 2 26 
3223 18 6 26 
3073 18 8 26 
2758 19 3 26 
2554 19 7 26 
2280 0 5 26 
2126 0 7 26 
2025 1 4 26 
1643 1 8 26 
1446 2 9 26 
1381 11 12 26 
1255 12 13 26 
1052 13 12 26 
986 14 11 26 
940 15 0 26 
929 15 10 26 
869 16 1 26 
862 16 9 26 
859 17 2 26 
745 17 6 26 
615 17 8 26 
417 18 3 26 
372 18 7 26 
217 19 4 26 
204 0 6 26 
136 1 5 26 
4548 1 7 26 
4421 2 4 26 
4414 2 8 26 
4228 11 11 26 
4118 12 12 26 
4029 13 11 26 
4022 14 0 26 
3931 14 10 26 
3651 15 1 26 
3233 15 9 26 
3209 16 2 26 
3195 16 6 26 
3159 16 8 26 
3067 17 3 26 
2415 17 7 26 
2375 18 4 26 
2257 19 5 26 
2186 1 6 26 
2030 2 5 26 
2010 2 7 26 
1487 3 4 26 
1130 3 10 26 
1077 11 10 26 
962 12 11 26 
635 13 0 26 
290 13 10 26 
76 14 1 26 
31 14 9 26 
4466 15 2 26 
4437 15 6 26 
4401 15 8 26 
4340 16 3 26 
4145 16 7 26 
4093 17 4 26 
4069 18 5 26 
3779 2 6 26 
3585 3 5 26 
3472 3 9 26 
2972 4 4 26 
2967 4 10 26 
2951 11 9 26 
2900 12 0 26 
2320 12 10 26 
2289 13 1 26 
2044 13 9 26 
1324 14 2 26 
1049 14 8 26 
846 15 3 26 
756 15 7 26 
210 16 4 26 
152 17 5 26 
45 3 6 26 
4487 3 8 26 
4054 4 5 26 
3983 4 9 26 
3778 5 4 26 
3696 5 10 26 
3578 9 0 26 
3561 11 0 26 
3427 11 8 26 
3425 12 1 26 
3382 12 9 26 
3156 13 2 26 
2983 13 8 26 
2954 14 3 26 
2952 14 7 26 
2682 15 4 26 
2632 16 5 26 
2609 3 7 26 
2267 4 6 26 
2192 4 8 26 
1968 5 5 26 
1680 5 9 26 
1586 6 10 26 
1480 9 1 26 
444 10 0 26 
345 10 10 26 
334 11 1 26 
306 12 2 26 
248 12 8 26 
27 13 3 26 
4220 13 7 26 
4149 14 4 26 
3753 14 6 26 
3654 15 5 26 
3566 4 7 26 
3398 5 6 26 
2989 5 8 26 
2765 6 9 26 
2322 7 10 26 
2316 9 2 26 
2042 9 10 26 
1976 10 1 26 
1967 10 9 26 
1735 11 2 26 
1650 12 3 26 
1259 12 7 26 
988 13 4 26 
753 13 6 26 
4301 14 5 26 
4299 5 7 26 
4166 6 6 26 
4129 6 8 26 
4016 7 9 26 
3856 8 10 26 
3777 9 9 26 
3616 10 2 26 
3591 10 8 26 
3553 11 3 26 
3491 11 7 26 
3478 12 4 26 
3388 12 6 26 
3265 13 5 26 
2984 6 7 26 
2783 7 6 26 
2202 7 8 26 
2031 8 9 26 
1172 9 8 26 
948 10 3 26 
830 10 7 26 
396 11 4 26 
65 11 6 26 
4556 12 5 26 
4457 7 7 26 
4352 8 8 26 
4244 9 7 26 
4196 10 4 26 
3946 10 6 26 
3943 11 5 26 
3811 0 3 26 
3655 8 7 26 
3348 9 6 26 
3340 10 5 26 
3295 0 2 26 
2875 1 3 26 
2695 8 6 26 
2603 9 5 26 
2559 0 1 26 
2448 1 2 26 
2116 2 3 26 
1939 8 5 26 
1676 9 4 26 
1546 0 0 26 
1119 1 1 26 
239 2 2 26 
98 3 3 26 
4540 7 5 26 
4324 8 4 26 
3632 9 3 26 
3284 1 0 26 
2980 2 1 26 
2261 3 2 26 
1929 4 3 26 
1888 6 5 26 
1778 7 4 26 
1438 8 3 26 
337 2 0 26 
4154 3 1 26 
3898 4 2 26 
3542 5 3 26 
3281 6 4 26 
3263 7 3 26 
3036 8 2 26 
2587 3 0 26 
496 4 1 26 
451 5 2 26 
4273 6 3 26 
2816 7 2 26 
1590 8 1 26 
963 4 0 26 
3515 5 1 26 
3375 6 2 26 
3365 7 1 26 
2234 8 0 26 
2156 5 0 26 
2062 6 1 26 
352 7 0 26 
2824 6 0 26 
495 6 1 37 
2472 5 1 37 
510 6 2 37 
1246 7 1 37 
1728 4 1 39 
2108 5 2 39 
3445 7 2 38 
161 3 1 39 
972 4 2 39 
3112 7 3 39 
3924 2 1 40 
55 3 2 40 
245 7 4 40 
2646 1 1 41 
3430 2 2 41 
4373 8 4 40 
22 1 2 41 
2962 9 6 41 
79 8 8 41 
92 9 7 41 
1252 10 6 41 
1827 6 7 42 
2105 7 8 42 
618 8 9 42 
942 9 8 42 
1421 11 4 42 
2055 5 7 42 
2127 6 8 42 
2704 7 9 42 
3068 9 9 42 
4461 11 3 42 
57 12 4 42 
266 13 5 42 
551 5 8 43 
933 6 9 43 
1630 10 1 43 
1958 11 2 43 
3665 13 4 43 
4028 13 6 43 
305 4 8 44 
727 5 9 44 
3798 11 1 44 
4489 13 7 43 
990 14 4 43 
1258 4 5 44 
1869 4 9 44 
2326 12 9 44 
2780 13 8 44 
3894 14 3 44 
3975 15 4 44 
4507 3 5 45 
283 12 10 45 
478 14 2 45 
2438 14 8 45 
3084 15 3 45 
3984 16 4 45 
4222 1 6 46 
4496 9 19 51 
4449 8 19 51 
4344 9 18 51 
4223 7 19 51 
4135 8 18 51 
3966 9 17 51 
3903 0 19 51 
3895 6 19 51 
3694 7 18 51 
3624 8 17 51 
3611 9 16 51 
3571 0 18 51 
3565 1 19 51 
3456 5 19 51 
2781 6 18 51 
2670 7 17 51 
2560 8 16 51 
2538 9 15 51 
2500 19 19 51 
2141 0 17 51 
2070 1 18 51 
1994 2 19 51 
1672 4 19 51 
1607 5 18 51 
1597 6 17 51 
1530 7 16 51 
1451 8 15 51 
1390 9 14 51 
1191 16 13 51 
1178 18 19 51 
1087 19 16 51 
1046 19 18 51 
749 0 16 51 
704 1 17 51 
621 2 18 51 
598 3 19 51 
514 4 18 51 
261 5 17 51 
72 6 16 51 
4579 7 15 51 
4553 8 14 51 
4456 9 13 51 
4113 15 13 51 
4091 16 14 51 
3959 17 19 51 
3758 18 16 51 
3613 18 18 51 
3467 19 17 51 
3433 0 15 51 
3270 1 16 51 
3260 2 17 51 
3241 3 18 51 
3220 4 17 51 
3004 5 16 51 
2895 6 15 51 
2847 7 14 51 
2835 8 13 51 
2611 9 12 51 
2497 10 11 51 
2094 15 14 51 
1739 16 15 51 
1519 16 19 51 
1345 17 16 51 
1268 17 18 51 
1158 18 17 51 
1036 0 14 51 
844 1 15 51 
140 2 16 51 
89 3 17 51 
4581 4 16 51 
4571 5 15 51 
4361 6 14 51 
4229 7 13 51 
4008 8 12 51 
3761 9 11 51 
3605 15 15 51 
3099 15 19 51 
3092 16 16 51 
2821 16 18 51 
2418 17 17 51 
2184 19 15 51 
2178 1 14 51 
2175 2 15 51 
2144 3 16 51 
2120 4 15 51 
1969 5 14 51 
1952 6 13 51 
1927 7 12 51 
1635 8 11 51 
1557 10 19 51 
1045 14 15 51 
860 14 19 51 
656 15 16 51 
512 15 18 51 
354 16 17 51 
328 18 15 51 
149 19 14 51 
4580 2 14 51 
4458 3 15 51 
4445 4 14 51 
4071 5 13 51 
3914 6 12 51 
3902 7 11 51 
3720 10 18 51 
3652 11 19 51 
3567 13 15 51 
3325 13 19 51 
3180 14 16 51 
3078 14 18 51 
2424 15 17 51 
2208 17 15 51 
2129 18 14 51 
1981 19 13 51 
1900 0 13 51 
1712 3 14 51 
1576 4 13 51 
1423 5 12 51 
1318 6 11 51 
1171 10 17 51 
1157 11 18 51 
840 12 19 51 
800 13 16 51 
746 13 18 51 
537 14 17 51 
442 17 14 51 
252 18 13 51 
77 19 12 51 
4546 0 12 51 
4519 1 13 51 
4442 3 13 51 
4161 4 12 51 
4155 5 11 51 
3909 10 16 51 
3744 11 17 51 
3674 12 18 51 
3462 13 17 51 
3437 17 13 51 
3435 18 12 51 
3400 19 11 51 
3337 0 11 51 
3291 1 12 51 
3098 2 13 51 
2997 3 12 51 
2949 4 11 51 
2918 10 15 51 
2897 11 16 51 
2652 12 17 51 
2428 17 12 51 
2411 18 11 51 
2236 19 0 51 
1877 19 10 51 
1762 0 10 51 
1734 1 11 51 
1516 2 12 51 
1501 3 11 51 
1479 10 14 51 
573 11 15 51 
520 12 16 51 
102 14 14 51 
99 16 12 51 
69 17 11 51 
4522 18 0 51 
4216 18 10 51 
4211 19 1 51 
4138 19 9 51 
3872 0 9 51 
3588 1 10 51 
3569 2 11 51 
3500 10 13 51 
3332 11 14 51 
3039 12 15 51 
2414 13 14 51 
2367 14 13 51 
2107 15 12 51 
2059 16 11 51 
1811 17 0 51 
1613 17 10 51 
1563 18 1 51 
1499 18 9 51 
1483 19 2 51 
1417 19 6 51 
1367 19 8 51 
1251 0 4 51 
1105 0 8 51 
1073 1 9 51 
1002 2 10 51 
966 10 12 51 
920 11 13 51 
744 12 14 51 
611 13 13 51 
546 14 12 51 
425 15 11 51 
422 16 0 51 
145 16 10 51 
4585 17 1 51 
4482 17 9 51 
4364 18 2 51 
4247 18 6 51 
3882 18 8 51 
3726 19 3 51 
3418 19 7 51 
3390 0 5 51 
3321 0 7 51 
3093 1 4 51 
2974 1 8 51 
2672 2 9 51 
2534 11 12 51 
2407 12 13 51 
1821 13 12 51 
1768 14 11 51 
1668 15 0 51 
1599 15 10 51 
1226 16 1 51 
1137 16 9 51 
565 17 2 51 
63 17 6 51 
1 17 8 51 
4435 18 3 51 
4276 18 7 51 
4259 19 4 51 
3808 0 6 51 
3785 1 5 51 
3612 1 7 51 
3459 2 4 51 
3458 2 8 51 
3152 11 11 51 
3144 12 12 51 
2928 13 11 51 
2733 14 0 51 
2732 14 10 51 
2197 15 1 51 
2149 15 9 51 
1979 16 2 51 
1932 16 6 51 
1839 16 8 51 
1732 17 3 51 
1544 17 7 51 
1014 18 4 51 
921 19 5 51 
870 1 6 51 
366 2 5 51 
206 2 7 51 
190 3 4 51 
4275 3 10 51 
4262 11 10 51 
4057 12 11 51 
4025 13 0 51 
3816 13 10 51 
3750 14 1 51 
3703 14 9 51 
3543 15 2 51 
3002 15 6 51 
2872 15 8 51 
2712 16 3 51 
2423 16 7 51 
2374 17 4 51 
2264 18 5 51 
2065 2 6 51 
2048 3 5 51 
2019 3 9 51 
1743 4 4 51 
1642 4 10 51 
1218 11 9 51 
1098 12 0 51 
1012 12 10 51 
772 13 1 51 
682 13 9 51 
523 14 2 51 
402 14 8 51 
263 15 3 51 
4347 15 7 51 
4128 16 4 51 
4086 17 5 51 
4072 3 6 51 
4050 3 8 51 
3953 4 5 51 
3897 4 9 51 
3826 5 4 51 
3747 5 10 51 
3590 9 0 51 
3343 11 0 51 
3204 11 8 51 
2979 12 1 51 
2627 12 9 51 
2599 13 2 51 
2429 13 8 51 
2306 14 3 51 
1705 14 7 51 
1629 15 4 51 
1278 16 5 51 
1095 3 7 51 
758 4 6 51 
607 4 8 51 
599 5 5 51 
4523 5 9 51 
4446 6 10 51 
4395 9 1 51 
4194 10 0 51 
3732 10 10 51 
3508 11 1 51 
3113 12 2 51 
2963 12 8 51 
2703 13 3 51 
2292 13 7 51 
1987 14 4 51 
1857 14 6 51 
1775 15 5 51 
1314 4 7 51 
909 5 6 51 
825 5 8 51 
371 6 9 51 
224 7 10 51 
221 9 2 51 
167 9 10 51 
121 10 1 51 
16 10 9 51 
4552 11 2 51 
4064 12 3 51 
3835 12 7 51 
3647 13 4 51 
3342 13 6 51 
3259 14 5 51 
3203 5 7 51 
3022 6 6 51 
2651 6 8 51 
2512 7 9 51 
2442 8 10 51 
1993 9 9 51 
1720 10 2 51 
1265 10 8 51 
932 11 3 51 
606 11 7 51 
470 12 4 51 
195 12 6 51 
177 13 5 51 
4422 6 7 51 
4334 7 6 51 
3866 7 8 51 
3504 8 9 51 
3385 9 8 51 
3206 10 3 51 
2961 10 7 51 
1661 11 4 51 
1490 11 6 51 
1061 12 5 51 
784 7 7 51 
761 8 8 51 
587 9 7 51 
207 10 4 51 
105 10 6 51 
90 11 5 51 
4588 0 3 51 
4351 8 7 51 
4165 9 6 51 
4042 10 5 51 
3755 0 2 51 
3550 1 3 51 
3503 8 6 51 
3319 9 5 51 
3315 0 1 51 
3297 1 2 51 
1816 2 3 51 
1718 8 5 51 
1685 9 4 51 
1015 0 0 51 
642 1 1 51 
446 2 2 51 
127 3 3 51 
4187 7 5 51 
4134 8 4 51 
4108 9 3 51 
3852 1 0 51 
3790 2 1 51 
3564 3 2 51 
3011 4 3 51 
2754 6 5 51 
2458 7 4 51 
2090 8 3 51 
2007 2 0 51 
1901 3 1 51 
1814 4 2 51 
1722 5 3 51 
560 6 4 51 
549 7 3 51 
509 8 2 51 
168 3 0 51 
96 4 1 51 
4570 5 2 51 
4485 6 3 51 
1370 7 2 51 
1356 8 1 51 
1065 4 0 51 
1001 5 1 51 
331 6 2 51 
321 7 1 51 
4369 8 0 51 
3480 5 0 51 
2595 6 1 51 
1796 7 0 51 
796 6 0 51 
698 6 1 62 
3306 5 1 63 
154 6 2 63 
819 7 1 63 
1513 4 1 64 
2269 5 2 63 
2332 7 2 63 
4336 3 1 64 
1271 4 2 64 
1825 7 3 64 
2861 2 1 64 
2896 3 2 64 
3752 7 4 64 
4142 1 1 65 
1323 2 2 65 
2417 8 4 64 
2799 1 2 65 
3117 9 6 65 
270 8 8 66 
1866 9 7 66 
2504 10 6 66 
3945 6 7 66 
4175 7 8 66 
641 8 9 66 
1177 9 8 66 
1247 11 4 66 
2168 5 7 67 
3709 6 8 67 
4323 7 9 67 
4402 9 9 67 
4542 11 3 67 
755 12 4 67 
880 13 5 67 
1404 5 8 68 
1817 6 9 68 
2130 10 1 68 
2539 11 2 67 
2581 13 4 67 
2850 13 6 67 
3741 4 8 69 
985 5 9 68 
1101 11 1 68 
3507 13 7 68 
4052 14 4 68 
4498 4 5 69 
4596 4 9 69 
1193 12 9 69 
1290 13 8 69 
1694 14 3 69 
3355 15 4 69 
3764 3 5 70 
4082 12 10 70 
4528 14 2 70 
521 14 8 70 
732 15 3 70 
992 16 4 69 
1025 1 6 71 
1398 2 5 71 
1556 12 11 70 
1625 14 1 70 
1749 15 2 70 
1941 15 8 70 
2563 16 7 70 
2819 17 4 70 
3498 1 5 71 
3795 1 7 71 
4000 12 12 71 
4572 13 11 71 
4554 9 19 76 
4533 8 19 76 
4424 9 18 76 
4396 7 19 76 
3917 8 18 76 
3791 9 17 76 
3666 0 19 76 
3638 6 19 76 
3167 7 18 76 
2899 8 17 76 
2747 9 16 76 
2614 0 18 76 
2273 1 19 76 
2176 5 19 76 
2077 6 18 76 
2076 7 17 76 
1910 8 16 76 
1795 9 15 76 
1657 19 19 76 
1549 0 17 76 
1269 1 18 76 
837 2 19 76 
670 4 19 76 
623 5 18 76 
357 6 17 76 
301 7 16 76 
156 8 15 76 
123 9 14 76 
4359 16 13 76 
4227 18 19 76 
4075 19 16 76 
4048 19 18 76 
3999 0 16 76 
3905 1 17 76 
3679 2 18 76 
3630 3 19 76 
3572 4 18 76 
3420 5 17 76 
3346 6 16 76 
3179 7 15 76 
3054 8 14 76 
2806 9 13 76 
2573 15 13 76 
2520 16 14 76 
2467 17 19 76 
2252 18 16 76 
1721 18 18 76 
1505 19 17 76 
1453 0 15 76 
1448 1 16 76 
1230 2 17 76 
1219 3 18 76 
969 4 17 76 
898 5 16 76 
847 6 15 76 
609 7 14 76 
595 8 13 76 
590 9 12 76 
533 10 11 76 
507 15 14 76 
342 16 15 76 
208 16 19 76 
198 17 16 76 
117 17 18 76 
70 18 17 76 
4583 0 14 76 
4391 1 15 76 
4366 2 16 76 
4365 3 17 76 
4332 4 16 76 
4292 5 15 76 
4130 6 14 76 
3539 7 13 76 
3345 8 12 76 
3090 9 11 76 
2691 15 15 76 
2499 15 19 76 
2459 16 16 76 
2282 16 18 76 
2221 17 17 76 
2100 19 15 76 
1858 1 14 76 
1833 2 15 76 
1617 3 16 76 
1092 4 15 76 
866 5 14 76 
861 6 13 76 
187 7 12 76 
4232 8 11 76 
4156 10 19 76 
3915 14 15 76 
3814 14 19 76 
3558 15 16 76 
3541 15 18 76 
3505 16 17 76 
3231 18 15 76 
3125 19 14 76 
3106 2 14 76 
2941 3 15 76 
2919 4 14 76 
2880 5 13 76 
2860 6 12 76 
2702 7 11 76 
2639 10 18 76 
2607 11 19 76 
2568 13 15 76 
2498 13 19 76 
2396 14 16 76 
2333 14 18 76 
2253 15 17 76 
2248 17 15 76 
2128 18 14 76 
2023 19 13 76 
2018 0 13 76 
1897 3 14 76 
1834 4 13 76 
1723 5 12 76 
1116 6 11 76 
1010 10 17 76 
916 11 18 76 
754 12 19 76 
721 13 16 76 
690 13 18 76 
459 14 17 76 
343 17 14 76 
318 18 13 76 
302 19 12 76 
257 0 12 76 
71 1 13 76 
4010 3 13 76 
3988 4 12 76 
3857 5 11 76 
3829 10 16 76 
3819 11 17 76 
3675 12 18 76 
3272 13 17 76 
3193 17 13 76 
3183 18 12 76 
3151 19 11 76 
2713 0 11 76 
2551 1 12 76 
2475 2 13 76 
2446 3 12 76 
2392 4 11 76 
2214 10 15 76 
2131 11 16 76 
1915 12 17 76 
1820 17 12 76 
1779 18 11 76 
1696 19 0 76 
1632 19 10 76 
1406 0 10 76 
1319 1 11 76 
1027 2 12 76 
864 3 11 76 
707 10 14 76 
647 11 15 76 
547 12 16 76 
519 14 14 76 
333 16 12 76 
108 17 11 76 
4503 18 0 76 
4251 18 10 76 
4200 19 1 76 
3746 19 9 76 
3731 0 9 76 
3533 1 10 76 
3276 2 11 76 
3121 10 13 76 
2975 11 14 76 
2894 12 15 76 
2716 13 14 76 
2474 14 13 76 
2460 15 12 76 
2347 16 11 76 
2279 17 0 76 
1860 17 10 76 
1700 18 1 76 
1572 18 9 76 
1300 19 2 76 
1202 19 6 76 
1139 19 8 76 
1078 0 4 76 
815 0 8 76 
793 1 9 76 
558 2 10 76 
4578 10 12 76 
4559 11 13 76 
4532 12 14 76 
4162 13 13 76 
4127 14 12 76 
4123 15 11 76 
3858 16 0 76 
3554 16 10 76 
3379 17 1 76 
3353 17 9 76 
3301 18 2 76 
3207 18 6 76 
3095 18 8 76 
2779 19 3 76 
2673 19 7 76 
2610 0 5 76 
2606 0 7 76 
2600 1 4 76 
2579 1 8 76 
2146 2 9 76 
1974 11 12 76 
1836 12 13 76 
1702 13 12 76 
1594 14 11 76 
1588 15 0 76 
1436 15 10 76 
1164 16 1 76 
983 16 9 76 
524 17 2 76 
502 17 6 76 
130 17 8 76 
4206 18 3 76 
3473 18 7 76 
2956 19 4 76 
2660 0 6 76 
2337 1 5 76 
2265 1 7 76 
2074 2 4 76 
1854 2 8 76 
1741 11 11 76 
1471 12 12 76 
1340 13 11 76 
760 14 0 76 
731 14 10 76 
617 15 1 76 
568 15 9 76 
82 16 2 76 
4411 16 6 76 
4404 16 8 76 
4331 17 3 76 
4261 17 7 76 
3994 18 4 76 
3973 19 5 76 
3745 1 6 76 
3410 2 5 76 
3138 2 7 76 
2884 3 4 76 
2795 3 10 76 
2709 11 10 76 
2681 12 11 76 
2240 13 0 76 
1724 13 10 76 
1667 14 1 76 
1582 14 9 76 
1553 15 2 76 
1277 15 6 76 
1113 15 8 76 
776 16 3 76 
750 16 7 76 
503 17 4 76 
388 18 5 76 
370 2 6 76 
146 3 5 76 
43 3 9 76 
4045 4 4 76 
3595 4 10 76 
3086 11 9 76 
2802 12 0 76 
2715 12 10 76 
2506 13 1 76 
2301 13 9 76 
2049 14 2 76 
1956 14 8 76 
1777 15 3 76 
1715 15 7 76 
1674 16 4 76 
1568 17 5 76 
1552 3 6 76 
1200 3 8 76 
1155 4 5 76 
910 4 9 76 
413 5 4 76 
363 5 10 76 
296 9 0 76 
185 11 0 76 
14 11 8 76 
4315 12 1 76 
4311 12 9 76 
4065 13 2 76 
4019 13 8 76 
3825 14 3 76 
3749 14 7 76 
3653 15 4 76 
3597 16 5 76 
2893 3 7 76 
2760 4 6 76 
2643 4 8 76 
2562 5 5 76 
2336 5 9 76 
2295 6 10 76 
2235 9 1 76 
2069 10 0 76 
2066 10 10 76 
1938 11 1 76 
1862 12 2 76 
1646 12 8 76 
1527 13 3 76 
842 13 7 76 
706 14 4 76 
633 14 6 76 
416 15 5 76 
285 4 7 76 
15 5 6 76 
4438 5 8 76 
4321 6 9 76 
4313 7 10 76 
4020 9 2 76 
3941 9 10 76 
3836 10 1 76 
3690 10 9 76 
3556 11 2 76 
3324 12 3 76 
3065 12 7 76 
3046 13 4 76 
2902 13 6 76 
2517 14 5 76 
2488 5 7 76 
2307 6 6 76 
2259 6 8 76 
2190 7 9 76 
2162 8 10 76 
1996 9 9 76 
1880 10 2 76 
1810 10 8 76 
1605 11 3 76 
1385 11 7 76 
1204 12 4 76 
1195 12 6 76 
491 13 5 76 
3972 6 7 76 
3686 7 6 76 
3489 7 8 76 
3366 8 9 76 
3258 9 8 76 
3240 10 3 76 
2502 10 7 76 
1972 11 4 76 
1845 11 6 76 
1153 12 5 76 
899 7 7 76 
419 8 8 76 
277 9 7 76 
73 10 4 76 
54 10 6 76 
4575 11 5 76 
4407 0 3 76 
4296 8 7 76 
4168 9 6 76 
3862 10 5 76 
3751 0 2 76 
3228 1 3 76 
2978 8 6 76 
2484 9 5 76 
2366 0 1 76 
1957 1 2 76 
1426 2 3 76 
996 8 5 76 
989 9 4 76 
702 0 0 76 
467 1 1 76 
324 2 2 76 
268 3 3 76 
143 7 5 76 
4160 8 4 76 
3684 9 3 76 
2964 1 0 76 
2812 2 1 76 
2377 3 2 76 
2165 4 3 76 
1998 6 5 76 
1489 7 4 76 
679 8 3 76 
4005 2 0 76 
3729 3 1 76 
3338 4 2 76 
2852 5 3 76 
2121 6 4 76 
1792 7 3 76 
1529 8 2 76 
1355 3 0 76 
1094 4 1 76 
787 5 2 76 
636 6 3 76 
3555 7 2 76 
3496 8 1 76 
3042 4 0 76 
2663 5 1 76 
2177 6 2 76 
1964 7 1 76 
1824 8 0 76 
1797 5 0 76 
1349 6 1 76 
1224 7 0 76 
398 6 0 76 
110 6 1 87 
406 5 1 87 
418 6 2 87 
569 7 1 87 
3860 4 1 88 
2566 5 2 88 
2854 7 2 87 
3027 3 1 88 
904 4 2 88 
4551 7 3 88 
774 2 1 89 
1614 3 2 89 
2865 7 4 89 
1152 1 1 90 
1706 2 2 90 
1837 8 4 89 
3317 1 2 90 
3415 9 6 90 
4291 8 8 91 
452 9 7 91 
664 10 6 91 
1160 6 7 91 
1244 7 8 91 
1486 8 9 91 
3648 9 8 91 
3962 11 4 91 
528 5 7 92 
2477 6 8 92 
718 7 9 92 
1091 9 9 92 
1100 11 3 92 
1313 12 4 92 
1348 13 5 92 
1531 5 8 92 
1641 6 9 92 
1780 10 1 92 
2409 11 2 92 
2545 13 4 92 
2722 13 6 92 
364 4 8 93 
1308 5 9 93 
2478 11 1 93 
2814 13 7 93 
3245 14 4 93 
4400 4 5 94 
1645 4 9 94 
2435 12 9 93 
2648 13 8 93 
3143 14 3 93 
3645 15 4 93 
25 3 5 95 
1206 12 10 94 
1221 14 2 94 
1419 14 8 94 
1719 15 3 94 
2540 16 4 94 
3047 1 6 95 
3439 2 5 95 
3680 12 11 95 
3969 14 1 95 
4356 15 2 95 
162 15 8 95 
489 16 7 95 
1188 17 4 95 
1199 1 5 96 
1507 1 7 96 
2015 12 12 96 
3362 13 11 96 
3843 15 1 96 
