1924
4844 7 19 1 
4746 7 18 1 
4554 8 19 1 
4270 7 17 1 
4257 8 18 1 
4256 9 19 1 
4239 19 19 1 
4059 7 16 1 
3920 8 17 1 
3706 9 18 1 
3668 10 19 1 
3464 18 19 1 
3393 19 18 1 
3272 7 15 1 
3215 8 16 1 
3081 9 17 1 
3075 10 18 1 
3041 11 19 1 
3006 17 19 1 
2960 18 18 1 
2727 19 17 1 
2457 0 19 1 
2267 8 15 1 
1989 9 16 1 
1571 10 17 1 
1520 11 18 1 
1235 12 19 1 
1126 16 19 1 
944 17 18 1 
738 18 17 1 
539 19 16 1 
468 0 18 1 
214 1 19 1 
5235 9 15 1 
4966 10 16 1 
4749 11 17 1 
4686 12 18 1 
4448 13 19 1 
4320 15 19 1 
4139 16 18 1 
4109 17 17 1 
4095 18 16 1 
3961 19 15 1 
3791 0 17 1 
3728 1 18 1 
3327 2 19 1 
2932 10 15 1 
2926 11 16 1 
2236 12 17 1 
1861 13 18 1 
1788 14 19 1 
1621 15 18 1 
1597 16 17 1 
1536 17 16 1 
1510 18 15 1 
1180 19 14 1 
1079 0 16 1 
1030 1 17 1 
911 2 18 1 
888 3 19 1 
839 11 15 1 
453 12 16 1 
444 13 17 1 
49 14 18 1 
5278 15 17 1 
5175 16 16 1 
5009 17 15 1 
4986 18 14 1 
4636 19 13 1 
4418 0 15 1 
4358 1 16 1 
4230 2 17 1 
3860 3 18 1 
3626 4 19 1 
3557 12 15 1 
3534 13 16 1 
3514 14 17 1 
3298 15 16 1 
3052 16 15 1 
2757 17 14 1 
2703 18 13 1 
2693 19 0 1 
2666 19 12 1 
2268 0 14 1 
2240 1 15 1 
2232 2 16 1 
2010 3 17 1 
1385 4 18 1 
1244 5 19 1 
1163 13 15 1 
903 14 16 1 
800 15 15 1 
614 16 14 1 
308 17 13 1 
270 18 0 1 
151 18 12 1 
97 19 1 1 
96 19 11 1 
5382 0 13 1 
5179 1 14 1 
5021 2 15 1 
4782 3 16 1 
4668 4 17 1 
4634 5 18 1 
4460 6 19 1 
4343 14 15 1 
3764 15 14 1 
3729 16 13 1 
3599 17 0 1 
3202 17 12 1 
3002 18 1 1 
2628 18 11 1 
2439 19 2 1 
2278 19 10 1 
2213 0 10 1 
2073 0 12 1 
2024 1 13 1 
2021 2 14 1 
1821 3 15 1 
1737 4 16 1 
1451 5 17 1 
566 6 18 1 
528 14 14 1 
519 15 13 1 
266 16 0 1 
215 16 12 1 
154 17 1 1 
147 17 11 1 
120 18 2 1 
36 18 10 1 
5061 19 3 1 
5016 19 9 1 
4893 0 11 1 
4831 1 10 1 
4702 1 12 1 
4649 2 13 1 
4505 3 14 1 
4355 4 15 1 
4020 5 16 1 
3794 6 17 1 
3784 13 14 1 
3166 14 13 1 
2958 15 0 1 
2939 15 12 1 
2748 16 1 1 
2580 16 11 1 
2538 17 2 1 
2523 17 10 1 
2445 18 3 1 
2269 18 9 1 
1968 19 4 1 
1598 19 8 1 
1432 1 11 1 
1325 2 10 1 
1274 2 12 1 
1198 3 13 1 
1102 4 14 1 
515 5 15 1 
493 6 16 1 
410 12 14 1 
356 13 13 1 
192 14 0 1 
5371 14 12 1 
4129 15 1 1 
4086 15 11 1 
3982 16 2 1 
3928 16 10 1 
3891 17 3 1 
3561 17 9 1 
3457 18 4 1 
3409 18 8 1 
3301 19 5 1 
3192 19 7 1 
3009 2 11 1 
2981 3 10 1 
2973 3 12 1 
2792 4 13 1 
2452 5 14 1 
2327 6 15 1 
2324 11 14 1 
2244 12 13 1 
2146 13 0 1 
1838 13 12 1 
1697 14 1 1 
1069 14 11 1 
764 15 2 1 
220 15 10 1 
150 16 3 1 
99 16 9 1 
34 17 4 1 
5222 17 8 1 
4955 18 5 1 
4950 18 7 1 
4867 19 6 1 
4558 3 11 1 
4465 4 10 1 
4223 4 12 1 
4100 5 13 1 
3679 6 14 1 
3586 10 14 1 
3584 11 13 1 
3308 12 0 1 
3245 12 12 1 
3090 13 1 1 
2854 13 11 1 
2220 14 2 1 
2099 14 10 1 
1926 15 3 1 
1563 15 9 1 
1141 16 4 1 
802 16 8 1 
436 17 5 1 
5338 17 7 1 
5320 18 6 1 
5261 4 11 1 
4530 5 10 1 
4513 5 12 1 
4512 6 13 1 
4249 7 14 1 
4186 9 14 1 
4054 10 13 1 
3921 11 0 1 
3336 11 12 1 
3302 12 1 1 
3239 12 11 1 
3059 13 2 1 
2954 13 10 1 
2789 14 3 1 
2397 14 9 1 
2353 15 4 1 
2335 15 8 1 
2214 16 5 1 
1872 16 7 1 
1750 17 6 1 
1576 5 11 1 
1356 6 10 1 
940 6 12 1 
725 7 13 1 
440 8 14 1 
5224 9 13 1 
5186 10 0 1 
5047 10 12 1 
4935 11 1 1 
4740 11 11 1 
4738 12 2 1 
4423 12 10 1 
4303 13 3 1 
4151 13 9 1 
4090 14 4 1 
4067 14 8 1 
3952 15 5 1 
3733 15 7 1 
3717 16 6 1 
3438 6 11 1 
3204 7 10 1 
3178 7 12 1 
3038 8 13 1 
2886 9 0 1 
2759 9 12 1 
2720 10 1 1 
2460 10 11 1 
1963 11 2 1 
1475 11 10 1 
1444 12 3 1 
1422 12 9 1 
796 13 4 1 
742 13 8 1 
525 14 5 1 
496 14 7 1 
476 15 6 1 
118 7 11 1 
54 8 0 1 
5045 8 12 1 
4827 9 1 1 
4596 9 11 1 
4231 10 2 1 
4075 10 10 1 
3918 11 3 1 
3912 11 9 1 
3818 12 4 1 
3777 12 8 1 
3775 13 5 1 
3595 13 7 1 
3349 14 6 1 
3340 7 0 1 
3309 8 1 1 
3098 8 11 1 
2982 9 2 1 
2951 9 10 1 
2658 10 3 1 
2444 10 9 1 
1952 11 4 1 
1793 11 8 1 
1577 12 5 1 
1438 12 7 1 
1387 13 6 1 
1328 6 0 1 
1314 7 1 1 
1312 8 2 1 
1039 8 10 1 
956 9 3 1 
854 9 9 1 
353 10 4 1 
294 10 8 1 
134 11 5 1 
4885 11 7 1 
4839 12 6 1 
4736 6 1 1 
4610 7 2 1 
4164 8 3 1 
4030 8 9 1 
3709 9 4 1 
3316 9 8 1 
3047 10 5 1 
2862 10 7 1 
2800 11 6 1 
2291 6 2 1 
2209 7 3 1 
2202 7 9 1 
2163 8 4 1 
1797 8 8 1 
1714 9 5 1 
1196 9 7 1 
999 10 6 1 
993 6 3 1 
600 6 9 1 
505 7 4 1 
342 7 8 1 
207 8 5 1 
5017 8 7 1 
4797 9 6 1 
4597 5 9 1 
3998 6 4 1 
3692 6 8 1 
3458 7 5 1 
3123 7 7 1 
2134 8 6 1 
1183 4 9 1 
987 5 8 1 
627 6 5 1 
613 6 7 1 
4519 7 6 1 
4475 3 9 1 
3669 4 8 1 
3536 5 7 1 
3401 6 6 1 
3330 2 9 1 
3035 3 8 1 
2968 4 7 1 
2682 5 6 1 
2613 1 9 1 
2122 2 8 1 
1913 3 7 1 
1791 4 6 1 
1078 5 5 1 
868 0 9 1 
4514 1 8 1 
4259 2 7 1 
3768 3 6 1 
3664 4 5 1 
3568 5 4 1 
2906 0 8 1 
2407 1 7 1 
1946 2 6 1 
1217 3 5 1 
1152 4 4 1 
749 5 3 1 
35 0 7 1 
4833 1 6 1 
4673 2 5 1 
4547 3 4 1 
4494 4 3 1 
4063 5 2 1 
3937 0 6 1 
3547 1 5 1 
3473 2 4 1 
2687 3 3 1 
2633 4 2 1 
2253 5 1 1 
2224 0 5 1 
2070 1 4 1 
1941 2 3 1 
836 3 2 1 
5096 4 1 1 
3989 5 0 1 
3658 0 4 1 
3625 1 3 1 
3537 2 2 1 
3148 3 1 1 
2829 4 0 1 
2385 0 3 1 
1927 1 2 1 
1774 2 1 1 
3344 3 0 1 
2423 0 2 1 
2328 1 1 1 
2190 2 0 1 
2188 0 1 1 
1419 1 0 1 
966 0 0 1 
3894 1 1 12 
804 1 2 13 
4938 2 1 13 
4233 1 3 13 
726 2 2 13 
1000 3 1 13 
2810 1 4 14 
788 2 3 14 
895 3 2 14 
2313 4 1 13 
2688 1 5 14 
3994 2 4 14 
4104 3 3 14 
4243 4 2 14 
4886 1 6 14 
130 2 5 14 
621 3 4 14 
661 4 3 14 
1600 1 7 15 
2494 2 6 15 
3615 3 5 15 
4240 4 4 15 
4714 1 8 15 
4730 2 7 15 
5294 3 6 15 
1068 4 5 15 
1097 2 8 16 
1531 3 7 16 
1678 4 6 16 
1810 3 8 16 
1988 4 7 16 
2151 4 8 16 
2509 5 7 16 
4369 5 8 17 
4676 6 7 17 
22 7 6 16 
1704 6 8 17 
2039 7 5 17 
2382 7 7 17 
4052 8 6 17 
4298 7 4 18 
4466 7 8 18 
4602 8 5 18 
4830 8 7 17 
5326 9 6 17 
13 7 3 18 
136 8 4 18 
249 8 8 18 
269 9 5 18 
511 10 6 18 
1467 7 2 18 
2997 8 3 18 
3981 9 4 18 
3987 10 5 18 
4629 11 6 18 
1530 7 1 19 
3096 8 2 19 
3657 9 3 19 
3881 9 9 19 
4477 11 5 19 
4805 12 6 18 
1092 8 1 19 
3026 9 2 19 
3511 9 10 19 
4321 10 9 19 
5003 12 5 19 
5148 13 6 19 
179 8 12 19 
454 9 1 19 
797 9 11 19 
1229 10 10 19 
1237 11 9 19 
1492 12 4 19 
1894 13 5 19 
2705 14 6 19 
2875 6 11 20 
3203 7 12 20 
4143 8 13 20 
4456 9 12 20 
4718 10 11 20 
5430 7 19 26 
5225 7 18 26 
5193 8 19 26 
5024 7 17 26 
4781 8 18 26 
4614 9 19 26 
4545 19 19 26 
4404 7 16 26 
4354 8 17 26 
4229 9 18 26 
4202 10 19 26 
4146 18 19 26 
3743 19 18 26 
3556 7 15 26 
3478 8 16 26 
3132 9 17 26 
3070 10 18 26 
3029 11 19 26 
2959 17 19 26 
2578 18 18 26 
2299 19 17 26 
2159 0 19 26 
1972 8 15 26 
1857 9 16 26 
1842 10 17 26 
1770 11 18 26 
1518 12 19 26 
929 16 19 26 
900 17 18 26 
226 18 17 26 
9 19 16 26 
5424 0 18 26 
5220 1 19 26 
5123 9 15 26 
5089 10 16 26 
5072 11 17 26 
5059 12 18 26 
4954 13 19 26 
4939 15 19 26 
3940 16 18 26 
3774 17 17 26 
3624 18 16 26 
3247 19 15 26 
3208 0 17 26 
3032 1 18 26 
2966 2 19 26 
2835 10 15 26 
2739 11 16 26 
2544 12 17 26 
2482 13 18 26 
2297 14 19 26 
2028 15 18 26 
1443 16 17 26 
1221 17 16 26 
1195 18 15 26 
1093 19 14 26 
979 0 16 26 
639 1 17 26 
328 2 18 26 
119 3 19 26 
89 11 15 26 
5270 12 16 26 
5184 13 17 26 
5154 14 18 26 
5058 15 17 26 
4962 16 16 26 
4659 17 15 26 
4445 18 14 26 
4311 19 13 26 
4221 0 15 26 
4160 1 16 26 
3795 2 17 26 
3724 3 18 26 
3405 4 19 26 
3357 12 15 26 
3352 13 16 26 
2952 14 17 26 
2797 15 16 26 
2569 16 15 26 
2425 17 14 26 
2408 18 13 26 
1755 19 0 26 
1718 19 12 26 
1703 0 14 26 
1583 1 15 26 
1295 2 16 26 
1095 3 17 26 
926 4 18 26 
918 5 19 26 
557 13 15 26 
264 14 16 26 
31 15 15 26 
5372 16 14 26 
5056 17 13 26 
4997 18 0 26 
4928 18 12 26 
4926 19 1 26 
4897 19 11 26 
4755 0 13 26 
4613 1 14 26 
4588 2 15 26 
4586 3 16 26 
4219 4 17 26 
4217 5 18 26 
4214 6 19 26 
4022 14 15 26 
3634 15 14 26 
3484 16 13 26 
3212 17 0 26 
3012 17 12 26 
2788 18 1 26 
2760 18 11 26 
2573 19 2 26 
2530 19 10 26 
2515 0 10 26 
2409 0 12 26 
2300 1 13 26 
2263 2 14 26 
2167 3 15 26 
2044 4 16 26 
1906 5 17 26 
1855 6 18 26 
1787 14 14 26 
1707 15 13 26 
1487 16 0 26 
1243 16 12 26 
1084 17 1 26 
1042 17 11 26 
178 18 2 26 
5418 18 10 26 
5290 19 3 26 
4365 19 9 26 
4268 0 11 26 
4177 1 10 26 
4169 1 12 26 
4154 2 13 26 
3973 3 14 26 
3895 4 15 26 
3653 5 16 26 
3417 6 17 26 
3373 13 14 26 
3193 14 13 26 
2841 15 0 26 
2699 15 12 26 
2647 16 1 26 
2441 16 11 26 
2413 17 2 26 
2334 17 10 26 
2276 18 3 26 
2037 18 9 26 
1962 19 4 26 
1769 19 8 26 
1638 1 11 26 
1575 2 10 26 
1501 2 12 26 
1447 3 13 26 
1016 4 14 26 
923 5 15 26 
863 6 16 26 
594 12 14 26 
498 13 13 26 
373 14 0 26 
359 14 12 26 
280 15 1 26 
5401 15 11 26 
5101 16 2 26 
5100 16 10 26 
4857 17 3 26 
4692 17 9 26 
4492 18 4 26 
4323 18 8 26 
4308 19 5 26 
4149 19 7 26 
3925 2 11 26 
3646 3 10 26 
3470 3 12 26 
3345 4 13 26 
3280 5 14 26 
2764 6 15 26 
2740 11 14 26 
2645 12 13 26 
2428 13 0 26 
2184 13 12 26 
2173 14 1 26 
1994 14 11 26 
1967 15 2 26 
1935 15 10 26 
1513 16 3 26 
1457 16 9 26 
1405 17 4 26 
640 17 8 26 
576 18 5 26 
441 18 7 26 
258 19 6 26 
203 3 11 26 
116 4 10 26 
5417 4 12 26 
5300 5 13 26 
5010 6 14 26 
4936 10 14 26 
4504 11 13 26 
4467 12 0 26 
4347 12 12 26 
3848 13 1 26 
3618 13 11 26 
3590 14 2 26 
3490 14 10 26 
3275 15 3 26 
3235 15 9 26 
3080 16 4 26 
2785 16 8 26 
2347 17 5 26 
2222 17 7 26 
2189 18 6 26 
2100 4 11 26 
1984 5 10 26 
1909 5 12 26 
1723 6 13 26 
1534 7 14 26 
1011 9 14 26 
734 10 13 26 
547 11 0 26 
396 11 12 26 
379 12 1 26 
223 12 11 26 
4790 13 2 26 
4682 13 10 26 
4624 14 3 26 
4471 14 9 26 
4453 15 4 26 
3617 15 8 26 
3487 16 5 26 
3102 16 7 26 
2895 17 6 26 
2754 5 11 26 
2466 6 10 26 
2234 6 12 26 
2083 7 13 26 
2051 8 14 26 
1943 9 13 26 
1888 10 0 26 
1719 10 12 26 
1636 11 1 26 
1610 11 11 26 
1403 12 2 26 
481 12 10 26 
469 13 3 26 
160 13 9 26 
73 14 4 26 
5231 14 8 26 
4489 15 5 26 
4301 15 7 26 
4212 16 6 26 
4193 6 11 26 
3683 7 10 26 
3567 7 12 26 
3424 8 13 26 
3188 9 0 26 
2979 9 12 26 
2827 10 1 26 
2684 10 11 26 
2663 11 2 26 
2480 11 10 26 
1986 12 3 26 
1612 12 9 26 
1566 13 4 26 
1512 13 8 26 
1436 14 5 26 
1349 14 7 26 
1269 15 6 26 
930 7 11 26 
872 8 0 26 
809 8 12 26 
329 9 1 26 
300 9 11 26 
33 10 2 26 
5408 10 10 26 
4855 11 3 26 
4616 11 9 26 
4552 12 4 26 
4425 12 8 26 
4410 13 5 26 
4210 13 7 26 
4037 14 6 26 
3816 7 0 26 
3660 8 1 26 
2885 8 11 26 
2781 9 2 26 
2735 9 10 26 
2702 10 3 26 
2640 10 9 26 
2582 11 4 26 
2152 11 8 26 
1807 12 5 26 
1448 12 7 26 
1416 13 6 26 
1293 6 0 26 
579 7 1 26 
306 8 2 26 
224 8 10 26 
16 9 3 26 
5302 9 9 26 
4764 10 4 26 
4473 10 8 26 
4291 11 5 26 
4248 11 7 26 
4166 12 6 26 
3710 6 1 26 
3563 7 2 26 
3489 8 3 26 
3471 8 9 26 
3391 9 4 26 
3350 9 8 26 
3254 10 5 26 
3124 10 7 26 
3084 11 6 26 
2909 6 2 26 
2763 7 3 26 
2747 7 9 26 
2734 8 4 26 
2095 8 8 26 
1958 9 5 26 
1919 9 7 26 
1834 10 6 26 
1735 6 3 26 
1701 6 9 26 
1644 7 4 26 
1495 7 8 26 
860 8 5 26 
768 8 7 26 
4947 9 6 26 
4906 5 9 26 
4868 6 4 26 
4590 6 8 26 
4283 7 5 26 
4245 7 7 26 
4091 8 6 26 
3551 4 9 26 
3441 5 8 26 
2896 6 5 26 
2824 6 7 26 
2557 7 6 26 
2228 3 9 26 
2130 4 8 26 
2053 5 7 26 
1611 6 6 26 
1337 2 9 26 
1104 3 8 26 
1096 4 7 26 
948 5 6 26 
52 1 9 26 
5368 2 8 26 
5309 3 7 26 
4408 4 6 26 
4378 5 5 26 
4376 0 9 26 
3898 1 8 26 
3890 2 7 26 
3696 3 6 26 
3243 4 5 26 
2726 5 4 26 
1800 0 8 26 
616 1 7 26 
133 2 6 26 
5311 3 5 26 
4317 4 4 26 
3960 5 3 26 
1620 0 7 26 
1561 1 6 26 
753 2 5 26 
153 3 4 26 
5233 4 3 26 
4870 5 2 26 
4821 0 6 26 
4777 1 5 26 
4609 2 4 26 
4172 3 3 26 
3868 4 2 26 
3742 5 1 26 
3735 0 5 26 
3636 1 4 26 
2549 2 3 26 
2371 3 2 26 
2060 4 1 26 
1817 5 0 26 
1743 0 4 26 
1594 1 3 26 
1365 2 2 26 
1047 3 1 26 
1031 4 0 26 
635 0 3 26 
631 1 2 26 
5000 2 1 26 
4555 3 0 26 
4120 0 2 26 
756 1 1 26 
524 2 0 26 
5 0 1 26 
2817 1 0 26 
1990 0 0 26 
1642 1 1 38 
1824 1 2 39 
3209 2 1 38 
1091 1 3 39 
1305 2 2 39 
899 3 1 39 
1211 1 4 39 
2660 2 3 39 
2903 3 2 39 
4852 4 1 39 
5232 1 5 39 
526 2 4 39 
1622 3 3 39 
3769 4 2 39 
4880 1 6 40 
5159 2 5 40 
1225 3 4 40 
1315 4 3 39 
1657 1 7 41 
1822 2 6 41 
2889 3 5 40 
3156 4 4 40 
3746 1 8 41 
4362 2 7 41 
2080 3 6 41 
2469 4 5 41 
2917 2 8 41 
3751 3 7 41 
3917 4 6 41 
5279 3 8 42 
80 4 7 42 
197 4 8 42 
823 5 7 42 
1928 5 8 42 
1976 6 7 42 
3138 7 6 42 
3454 6 8 42 
3765 7 5 42 
4117 7 7 42 
5258 8 6 42 
710 7 4 43 
724 7 8 43 
2497 8 5 43 
2551 8 7 43 
2777 9 6 42 
2884 7 3 43 
3414 8 4 43 
3645 8 8 43 
4688 9 5 43 
376 10 6 43 
1439 7 2 43 
1907 8 3 43 
1908 9 4 43 
2916 10 5 43 
3004 11 6 43 
3153 7 1 44 
4023 8 2 44 
4372 9 3 44 
4422 9 9 43 
4904 11 5 43 
5150 12 6 43 
145 8 1 44 
732 9 2 44 
1060 9 10 44 
1459 10 9 44 
1773 12 5 44 
2156 13 6 44 
2264 8 12 45 
4080 9 1 45 
4663 9 11 45 
5044 10 10 44 
5216 11 9 44 
327 12 4 44 
423 13 5 44 
485 14 6 44 
656 6 11 45 
821 7 12 45 
1122 8 13 45 
1132 9 12 45 
1392 10 11 45 
1626 11 10 45 
2321 12 3 45 
2942 13 4 45 
2972 14 5 45 
3197 14 7 45 
3598 15 6 45 
3726 5 11 46 
4084 6 12 46 
5381 7 19 51 
5329 7 18 51 
5075 8 19 51 
4772 7 17 51 
4506 8 18 51 
3838 9 19 51 
3762 19 19 51 
3623 7 16 51 
3616 8 17 51 
3213 9 18 51 
3066 10 19 51 
2838 18 19 51 
2780 19 18 51 
2756 7 15 51 
2662 8 16 51 
2405 9 17 51 
2281 10 18 51 
2004 11 19 51 
1914 17 19 51 
1890 18 18 51 
1435 19 17 51 
1316 0 19 51 
1261 8 15 51 
1017 9 16 51 
875 10 17 51 
287 11 18 51 
281 12 19 51 
7 16 19 51 
5380 17 18 51 
5125 18 17 51 
5025 19 16 51 
4811 0 18 51 
4681 1 19 51 
4589 9 15 51 
4468 10 16 51 
4420 11 17 51 
4417 12 18 51 
4296 13 19 51 
4115 15 19 51 
4074 16 18 51 
3970 17 17 51 
3947 18 16 51 
3866 19 15 51 
3499 0 17 51 
3317 1 18 51 
3258 2 19 51 
3195 10 15 51 
3176 11 16 51 
3045 12 17 51 
2921 13 18 51 
2871 14 19 51 
2787 15 18 51 
2701 16 17 51 
2330 17 16 51 
2020 18 15 51 
1997 19 14 51 
1982 0 16 51 
1896 1 17 51 
1846 2 18 51 
1804 3 19 51 
1732 11 15 51 
1661 12 16 51 
1123 13 17 51 
1119 14 18 51 
1064 15 17 51 
1032 16 16 51 
976 17 15 51 
908 18 14 51 
793 19 13 51 
698 0 15 51 
687 1 16 51 
680 2 17 51 
660 3 18 51 
398 4 19 51 
5341 12 15 51 
5276 13 16 51 
5263 14 17 51 
5063 15 16 51 
5012 16 15 51 
4843 17 14 51 
4733 18 13 51 
4611 19 0 51 
4503 19 12 51 
4497 0 14 51 
4476 1 15 51 
4305 2 16 51 
4304 3 17 51 
4135 4 18 51 
3849 5 19 51 
3526 13 15 51 
3418 14 16 51 
3342 15 15 51 
3237 16 14 51 
2888 17 13 51 
2858 18 0 51 
2751 18 12 51 
2470 19 1 51 
2467 19 11 51 
2464 0 13 51 
2294 1 14 51 
2288 2 15 51 
2119 3 16 51 
1881 4 17 51 
1631 5 18 51 
1616 6 19 51 
1218 14 15 51 
541 15 14 51 
292 16 13 51 
276 17 0 51 
5315 17 12 51 
4948 18 1 51 
4753 18 11 51 
4635 19 2 51 
4620 19 10 51 
4574 0 10 51 
4571 0 12 51 
4114 1 13 51 
3607 2 14 51 
3574 3 15 51 
3379 4 16 51 
3199 5 17 51 
3174 6 18 51 
3143 14 14 51 
2928 15 13 51 
2807 16 0 51 
2803 16 12 51 
2586 17 1 51 
2451 17 11 51 
2226 18 2 51 
2012 18 10 51 
1895 19 3 51 
1871 19 9 51 
1485 0 11 51 
1142 1 10 51 
1046 1 12 51 
907 2 13 51 
723 3 14 51 
545 4 15 51 
523 5 16 51 
386 6 17 51 
378 13 14 51 
343 14 13 51 
156 15 0 51 
126 15 12 51 
5234 16 1 51 
5226 16 11 51 
3939 17 2 51 
3935 17 10 51 
3770 18 3 51 
3575 18 9 51 
3147 19 4 51 
3099 19 8 51 
3089 1 11 51 
3068 2 10 51 
3027 2 12 51 
2833 3 13 51 
2796 4 14 51 
2442 5 15 51 
2164 6 16 51 
2161 12 14 51 
2160 13 13 51 
1344 14 0 51 
1343 14 12 51 
1339 15 1 51 
1131 15 11 51 
859 16 2 51 
820 16 10 51 
677 17 3 51 
377 17 9 51 
312 18 4 51 
252 18 8 51 
246 19 5 51 
194 19 7 51 
47 2 11 51 
5319 3 10 51 
5307 3 12 51 
5306 4 13 51 
5167 5 14 51 
5141 6 15 51 
4918 11 14 51 
4871 12 13 51 
4799 13 0 51 
4767 13 12 51 
4434 14 1 51 
4341 14 11 51 
3413 15 2 51 
3168 15 10 51 
3001 16 3 51 
2776 16 9 51 
2642 17 4 51 
2531 17 8 51 
2493 18 5 51 
2414 18 7 51 
2047 19 6 51 
1615 3 11 51 
1585 4 10 51 
1573 4 12 51 
1470 5 13 51 
1200 6 14 51 
1100 10 14 51 
997 11 13 51 
205 12 0 51 
170 12 12 51 
123 13 1 51 
5345 13 11 51 
5191 14 2 51 
4717 14 10 51 
4631 15 3 51 
4593 15 9 51 
4247 16 4 51 
4137 16 8 51 
4013 17 5 51 
3915 17 7 51 
3831 18 6 51 
3643 4 11 51 
3633 5 10 51 
3346 5 12 51 
3196 6 13 51 
3136 7 14 51 
3121 9 14 51 
2750 10 13 51 
2514 11 0 51 
2142 11 12 51 
1983 12 1 51 
1700 12 11 51 
1294 13 2 51 
1290 13 10 51 
1170 14 3 51 
1056 14 9 51 
1013 15 4 51 
925 15 8 51 
874 16 5 51 
869 16 7 51 
662 17 6 51 
643 5 11 51 
499 6 10 51 
316 6 12 51 
5406 7 13 51 
5396 8 14 51 
5377 9 13 51 
5330 10 0 51 
5105 10 12 51 
4963 11 1 51 
4945 11 11 51 
4907 12 2 51 
4894 12 10 51 
3983 13 3 51 
3635 13 9 51 
3331 14 4 51 
3223 14 8 51 
2589 15 5 51 
2491 15 7 51 
2350 16 6 51 
2170 6 11 51 
2091 7 10 51 
1867 7 12 51 
1784 8 13 51 
1753 9 0 51 
1720 9 12 51 
1677 10 1 51 
1559 10 11 51 
1468 11 2 51 
1455 11 10 51 
1319 12 3 51 
1144 12 9 51 
865 13 4 51 
647 13 8 51 
637 14 5 51 
451 14 7 51 
26 15 6 51 
23 7 11 51 
5204 8 0 51 
4486 8 12 51 
4207 9 1 51 
3875 9 11 51 
3842 10 2 51 
3825 10 10 51 
3750 11 3 51 
3522 11 9 51 
3406 12 4 51 
3263 12 8 51 
3149 13 5 51 
2919 13 7 51 
2696 14 6 51 
2174 7 0 51 
2013 8 1 51 
1995 8 11 51 
1665 9 2 51 
1466 9 10 51 
1400 10 3 51 
1129 10 9 51 
1107 11 4 51 
849 11 8 51 
717 12 5 51 
431 12 7 51 
105 13 6 51 
32 6 0 51 
5365 7 1 51 
5090 8 2 51 
4810 8 10 51 
4501 9 3 51 
4250 9 9 51 
4148 10 4 51 
4060 10 8 51 
4055 11 5 51 
3951 11 7 51 
3266 12 6 51 
2815 6 1 51 
2393 7 2 51 
2176 8 3 51 
1733 8 9 51 
1609 9 4 51 
1491 9 8 51 
1148 10 5 51 
977 10 7 51 
806 11 6 51 
611 6 2 51 
559 7 3 51 
5251 7 9 51 
4752 8 4 51 
4297 8 8 51 
4282 9 5 51 
3847 9 7 51 
3782 10 6 51 
3092 6 3 51 
2259 6 9 51 
2003 7 4 51 
1623 7 8 51 
1353 8 5 51 
1227 8 7 51 
755 9 6 51 
530 5 9 51 
495 6 4 51 
231 6 8 51 
4929 7 5 51 
4823 7 7 51 
4695 8 6 51 
4675 4 9 51 
4415 5 8 51 
4363 6 5 51 
4289 6 7 51 
4145 7 6 51 
3218 3 9 51 
2729 4 8 51 
2711 5 7 51 
2588 6 6 51 
2524 2 9 51 
2505 3 8 51 
2426 4 7 51 
1527 5 6 51 
589 1 9 51 
4783 2 8 51 
4689 3 7 51 
4277 4 6 51 
4119 5 5 51 
4053 0 9 51 
3374 1 8 51 
3326 2 7 51 
2793 3 6 51 
2743 4 5 51 
2344 5 4 51 
2261 0 8 51 
2045 1 7 51 
1915 2 6 51 
1722 3 5 51 
588 4 4 51 
337 5 3 51 
5391 0 7 51 
4208 1 6 51 
2007 2 5 51 
1098 3 4 51 
5230 4 3 51 
5087 5 2 51 
4989 0 6 51 
4722 1 5 51 
4538 2 4 51 
4132 3 3 51 
2971 4 2 51 
2610 5 1 51 
2358 0 5 51 
2162 1 4 51 
2055 2 3 51 
1633 3 2 51 
1298 4 1 51 
721 5 0 51 
383 0 4 51 
4864 1 3 51 
4238 2 2 51 
4106 3 1 51 
3566 4 0 51 
3234 0 3 51 
3018 1 2 51 
2879 2 1 51 
2755 3 0 51 
2648 0 2 51 
1556 1 1 51 
1214 2 0 51 
5420 0 1 51 
5188 1 0 51 
3060 0 0 51 
400 1 1 63 
1425 1 2 63 
2373 2 1 63 
2030 1 3 63 
2913 2 2 63 
904 3 1 63 
2111 1 4 64 
2468 2 3 64 
4899 3 2 64 
305 4 1 64 
341 1 5 64 
475 2 4 64 
2302 3 3 64 
5080 4 2 64 
228 1 6 65 
1336 2 5 65 
1367 3 4 65 
2521 4 3 64 
2661 1 7 66 
3312 2 6 66 
5260 3 5 66 
1971 4 4 66 
2944 1 8 66 
3194 2 7 66 
3411 3 6 66 
4141 4 5 66 
4359 2 8 66 
4594 3 7 66 
275 4 6 66 
382 3 8 67 
452 4 7 67 
534 4 8 67 
1864 5 7 67 
2035 5 8 67 
2362 6 7 67 
2654 7 6 67 
4531 6 8 68 
4696 7 5 67 
4932 7 7 67 
5239 8 6 67 
381 7 4 68 
1264 7 8 68 
1433 8 5 68 
2316 8 7 68 
3375 9 6 68 
4999 7 3 69 
1284 8 4 68 
2336 8 8 68 
3224 9 5 68 
3356 10 6 68 
3569 7 2 69 
3956 8 3 69 
4892 9 4 69 
5160 10 5 69 
30 11 6 69 
429 7 1 69 
736 8 2 69 
1249 9 3 69 
1362 9 9 69 
1516 11 5 69 
2910 12 6 69 
3299 8 1 70 
3612 9 2 70 
3809 9 10 70 
360 10 9 70 
509 12 5 70 
1109 13 6 70 
2600 8 12 70 
2840 9 1 70 
4027 9 11 70 
5340 10 10 70 
5387 7 19 76 
5002 7 18 76 
4655 8 19 76 
4485 7 17 76 
4288 8 18 76 
4204 9 19 76 
3510 19 19 76 
3465 7 16 76 
3287 8 17 76 
3201 9 18 76 
3014 10 19 76 
2988 18 19 76 
2713 19 18 76 
2638 7 15 76 
2609 8 16 76 
2512 9 17 76 
2389 10 18 76 
2379 11 19 76 
2009 17 19 76 
1812 18 18 76 
1604 19 17 76 
1452 0 19 76 
1381 8 15 76 
1311 9 16 76 
1234 10 17 76 
1199 11 18 76 
1089 12 19 76 
990 16 19 76 
832 17 18 76 
792 18 17 76 
779 19 16 76 
652 0 18 76 
623 1 19 76 
473 9 15 76 
229 10 16 76 
174 11 17 76 
104 12 18 76 
40 13 19 76 
5185 15 19 76 
5020 16 18 76 
4784 17 17 76 
4412 18 16 76 
4388 19 15 76 
4076 0 17 76 
3801 1 18 76 
3758 2 19 76 
3589 10 15 76 
3564 11 16 76 
3433 12 17 76 
3184 13 18 76 
3134 14 19 76 
3107 15 18 76 
2999 16 17 76 
2811 17 16 76 
2592 18 15 76 
2501 19 14 76 
2270 0 16 76 
1944 1 17 76 
1879 2 18 76 
1870 3 19 76 
1863 11 15 76 
1762 12 16 76 
1521 13 17 76 
1359 14 18 76 
1248 15 17 76 
989 16 16 76 
786 17 15 76 
718 18 14 76 
570 19 13 76 
98 0 15 76 
64 1 16 76 
4994 2 17 76 
4474 3 18 76 
4387 4 19 76 
4251 12 15 76 
4123 13 16 76 
3826 14 17 76 
3732 15 16 76 
3701 16 15 76 
3518 17 14 76 
2338 18 13 76 
2098 19 0 76 
2018 19 12 76 
1771 0 14 76 
1757 1 15 76 
1453 2 16 76 
1407 3 17 76 
1384 4 18 76 
1275 5 19 76 
963 13 15 76 
946 14 16 76 
733 15 15 76 
727 16 14 76 
709 17 13 76 
492 18 0 76 
462 18 12 76 
401 19 1 76 
8 19 11 76 
5274 0 13 76 
5241 1 14 76 
5129 2 15 76 
5057 3 16 76 
4822 4 17 76 
4669 5 18 76 
4026 6 19 76 
3922 14 15 76 
3456 15 14 76 
3398 16 13 76 
3281 17 0 76 
3127 17 12 76 
3065 18 1 76 
3054 18 11 76 
3021 19 2 76 
2915 19 10 76 
2570 0 10 76 
2068 0 12 76 
1918 1 13 76 
1883 2 14 76 
1506 3 15 76 
1494 4 16 76 
1185 5 17 76 
897 6 18 76 
867 14 14 76 
671 15 13 76 
632 16 0 76 
603 16 12 76 
563 17 1 76 
162 17 11 76 
5410 18 2 76 
5195 18 10 76 
5084 19 3 76 
4789 19 9 76 
4615 0 11 76 
4532 1 10 76 
4426 1 12 76 
4258 2 13 76 
4203 3 14 76 
4007 4 15 76 
3964 5 16 76 
3916 6 17 76 
3885 13 14 76 
3474 14 13 76 
3367 15 0 76 
3077 15 12 76 
2955 16 1 76 
2799 16 11 76 
2786 17 2 76 
2758 17 10 76 
2671 18 3 76 
2398 18 9 76 
2089 19 4 76 
2000 19 8 76 
1869 1 11 76 
1625 2 10 76 
1523 2 12 76 
1409 3 13 76 
1128 4 14 76 
1110 5 15 76 
1071 6 16 76 
762 12 14 76 
569 13 13 76 
84 14 0 76 
79 14 12 76 
5139 15 1 76 
5074 15 11 76 
5022 16 2 76 
4951 16 10 76 
4901 17 3 76 
4757 17 9 76 
4599 18 4 76 
4529 18 8 76 
4508 19 5 76 
4370 19 7 76 
4035 2 11 76 
3803 3 10 76 
3712 3 12 76 
3628 4 13 76 
3525 5 14 76 
3425 6 15 76 
3320 11 14 76 
3259 12 13 76 
3062 13 0 76 
3023 13 12 76 
2904 14 1 76 
2767 14 11 76 
2489 15 2 76 
1691 15 10 76 
1605 16 3 76 
1569 16 9 76 
1560 17 4 76 
1207 17 8 76 
1153 18 5 76 
1112 18 7 76 
1001 19 6 76 
638 3 11 76 
5180 4 10 76 
5106 4 12 76 
5048 5 13 76 
4912 6 14 76 
4743 10 14 76 
4698 11 13 76 
4018 12 0 76 
3979 12 12 76 
3533 13 1 76 
3494 13 11 76 
2477 14 2 76 
2431 14 10 76 
2272 15 3 76 
2131 15 9 76 
1904 16 4 76 
1591 16 8 76 
1538 17 5 76 
1149 17 7 76 
1059 18 6 76 
857 4 11 76 
694 5 10 76 
428 5 12 76 
371 6 13 76 
5337 7 14 76 
5332 9 14 76 
5190 10 13 76 
5147 11 0 76 
5095 11 12 76 
4879 12 1 76 
4734 12 11 76 
4653 13 2 76 
4286 13 10 76 
4003 14 3 76 
3863 14 9 76 
3819 15 4 76 
3676 15 8 76 
3291 16 5 76 
2698 16 7 76 
2562 17 6 76 
2555 5 11 76 
2064 6 10 76 
1763 6 12 76 
1724 7 13 76 
1699 8 14 76 
1652 9 13 76 
1532 10 0 76 
1165 10 12 76 
659 11 1 76 
567 11 11 76 
537 12 2 76 
502 12 10 76 
409 13 3 76 
5283 13 9 76 
5209 14 4 76 
4976 14 8 76 
4775 15 5 76 
4498 15 7 76 
4483 16 6 76 
4397 6 11 76 
4173 7 10 76 
3963 7 12 76 
3846 8 13 76 
3740 9 0 76 
3278 9 12 76 
3265 10 1 76 
3211 10 11 76 
3105 11 2 76 
2816 11 10 76 
2714 12 3 76 
2604 12 9 76 
2598 13 4 76 
2339 13 8 76 
2286 14 5 76 
2219 14 7 76 
2148 15 6 76 
2133 7 11 76 
1578 8 0 76 
1323 8 12 76 
1285 9 1 76 
1255 9 11 76 
1116 10 2 76 
1076 10 10 76 
1063 11 3 76 
1034 11 9 76 
981 12 4 76 
941 12 8 76 
690 13 5 76 
512 13 7 76 
283 14 6 76 
251 7 0 76 
139 8 1 76 
68 8 11 76 
58 9 2 76 
5301 9 10 76 
5256 10 3 76 
4816 10 9 76 
4525 11 4 76 
4262 11 8 76 
4181 12 5 76 
4072 12 7 76 
4044 13 6 76 
3930 6 0 76 
3655 7 1 76 
3539 8 2 76 
3497 8 10 76 
2575 9 3 76 
2559 9 9 76 
1853 10 4 76 
1808 10 8 76 
227 11 5 76 
5355 11 7 76 
5250 12 6 76 
5042 6 1 76 
5019 7 2 76 
5005 8 3 76 
4679 8 9 76 
3948 9 4 76 
3804 9 8 76 
3781 10 5 76 
3452 10 7 76 
3251 11 6 76 
3155 6 2 76 
2821 7 3 76 
2668 7 9 76 
2564 8 4 76 
2116 8 8 76 
2110 9 5 76 
1802 9 7 76 
1693 10 6 76 
1692 6 3 76 
1650 6 9 76 
1341 7 4 76 
1291 7 8 76 
540 8 5 76 
446 8 7 76 
242 9 6 76 
4518 5 9 76 
4392 6 4 76 
3754 6 8 76 
3741 7 5 76 
3640 7 7 76 
3610 8 6 76 
3463 4 9 76 
3246 5 8 76 
2794 6 5 76 
2602 6 7 76 
2029 7 6 76 
1900 3 9 76 
1848 4 8 76 
1263 5 7 76 
835 6 6 76 
629 2 9 76 
564 3 8 76 
101 4 7 76 
5257 5 6 76 
4836 1 9 76 
4754 2 8 76 
4617 3 7 76 
4384 4 6 76 
4328 5 5 76 
4280 0 9 76 
4205 1 8 76 
3544 2 7 76 
3423 3 6 76 
2479 4 5 76 
2115 5 4 76 
1752 0 8 76 
1646 1 7 76 
1268 2 6 76 
1193 3 5 76 
992 4 4 76 
919 5 3 76 
650 0 7 76 
399 1 6 76 
190 2 5 76 
152 3 4 76 
5367 4 3 76 
4446 5 2 76 
3862 0 6 76 
3808 1 5 76 
3495 2 4 76 
3439 3 3 76 
2127 4 2 76 
2038 5 1 76 
1477 0 5 76 
1348 1 4 76 
1346 2 3 76 
1137 3 2 76 
958 4 1 76 
917 5 0 76 
619 0 4 76 
380 1 3 76 
254 2 2 76 
5173 3 1 76 
5107 4 0 76 
4983 0 3 76 
3158 1 2 76 
2809 2 1 76 
2643 3 0 76 
2614 0 2 76 
1558 1 1 76 
5246 2 0 76 
4726 0 1 76 
2274 1 0 76 
2109 0 0 76 
3225 1 1 89 
4165 1 2 89 
424 2 1 89 
822 1 3 90 
1552 2 2 90 
2536 3 1 89 
653 1 4 90 
4335 2 3 90 
4429 3 2 90 
5202 4 1 90 
5333 1 5 90 
729 2 4 90 
1760 3 3 90 
2293 4 2 90 
2907 1 6 91 
3978 2 5 91 
4585 3 4 91 
206 4 3 90 
560 1 7 91 
1783 2 6 91 
2957 3 5 91 
3279 4 4 91 
4287 1 8 91 
4619 2 7 91 
4793 3 6 91 
5395 4 5 91 
445 2 8 91 
465 3 7 91 
693 4 6 91 
735 3 8 92 
828 4 7 92 
1038 4 8 92 
1868 5 7 92 
2513 5 8 92 
2676 6 7 92 
3909 7 6 92 
4657 6 8 92 
4729 7 5 92 
1082 7 7 92 
2129 8 6 92 
2629 7 4 93 
3606 7 8 93 
4455 8 5 93 
4522 8 7 93 
291 9 6 93 
856 7 3 93 
1331 8 4 93 
2528 8 8 93 
2723 9 5 93 
2741 10 6 93 
2995 7 2 93 
3067 8 3 93 
3639 9 4 93 
3713 10 5 93 
3757 11 6 93 
3788 7 1 94 
4424 8 2 94 
5373 9 3 94 
350 9 9 94 
392 11 5 94 
572 12 6 93 
585 8 1 95 
746 9 2 95 
965 9 10 94 
1007 10 9 94 
1113 12 5 94 
1334 13 6 94 
1987 8 12 95 
2087 9 1 95 
2704 9 11 95 
3125 10 10 95 
3206 11 9 95 
4046 12 4 95 
4578 13 5 95 
74 14 6 95 
199 6 11 95 
1057 7 12 95 
1957 8 13 95 
2022 9 12 95 
2158 10 11 95 
3248 11 10 95 
3250 12 3 95 
3459 13 4 95 
3678 14 5 95 
4523 14 7 95 
