1957
4923 19 19 1 
4922 18 19 1 
4750 19 18 1 
4689 17 19 1 
4629 18 18 1 
4486 19 17 1 
4317 16 19 1 
4285 17 18 1 
4179 18 17 1 
4166 19 16 1 
3997 15 19 1 
3994 16 18 1 
3917 17 17 1 
3863 18 16 1 
3829 19 15 1 
3824 14 19 1 
3747 15 18 1 
3745 16 17 1 
3698 17 16 1 
3493 18 15 1 
3476 19 14 1 
3161 13 19 1 
3152 14 18 1 
2971 15 17 1 
2966 16 16 1 
2676 17 15 1 
2542 18 14 1 
1928 19 13 1 
1763 12 19 1 
1468 13 18 1 
1338 14 17 1 
1184 15 16 1 
1165 16 15 1 
1004 17 14 1 
983 18 13 1 
747 19 12 1 
739 11 19 1 
405 12 18 1 
315 13 17 1 
207 14 16 1 
15 15 15 1 
4829 16 14 1 
4781 17 13 1 
4518 18 12 1 
4389 0 19 1 
4039 10 19 1 
4013 11 18 1 
3775 12 17 1 
3743 13 16 1 
3693 14 15 1 
3599 15 14 1 
3558 16 13 1 
3550 17 12 1 
3383 0 18 1 
3242 1 19 1 
3227 9 19 1 
3094 10 18 1 
2822 11 17 1 
2790 12 16 1 
2246 13 15 1 
2044 14 14 1 
1923 15 13 1 
1820 16 12 1 
1782 0 17 1 
1624 1 18 1 
1205 2 19 1 
1090 8 19 1 
741 9 18 1 
647 10 17 1 
268 11 16 1 
4948 12 15 1 
4942 13 14 1 
4848 14 13 1 
4754 15 12 1 
4742 0 16 1 
3890 1 17 1 
3654 2 18 1 
3636 3 19 1 
3579 7 19 1 
3243 8 18 1 
3233 9 17 1 
3183 10 16 1 
3169 11 15 1 
3066 12 14 1 
2940 13 13 1 
2871 14 12 1 
2495 0 15 1 
2311 1 16 1 
2206 2 17 1 
2006 3 18 1 
1953 4 19 1 
1862 6 19 1 
1847 7 18 1 
1693 8 17 1 
1491 9 16 1 
1262 10 15 1 
1128 11 14 1 
738 12 13 1 
599 13 12 1 
294 0 14 1 
4905 1 15 1 
4828 2 16 1 
4641 3 17 1 
4424 4 18 1 
4189 5 19 1 
3919 6 18 1 
3806 7 17 1 
3719 8 16 1 
3675 9 15 1 
3662 10 14 1 
3575 11 13 1 
3396 12 12 1 
3375 0 13 1 
3350 1 14 1 
3237 2 15 1 
3053 3 16 1 
2587 4 17 1 
2490 5 18 1 
2473 6 17 1 
2210 7 16 1 
2202 8 15 1 
1983 9 14 1 
1740 10 13 1 
1298 11 12 1 
1201 0 0 1 
1069 0 12 1 
1045 1 13 1 
867 2 14 1 
613 3 15 1 
307 4 16 1 
4832 5 17 1 
3905 6 16 1 
3869 7 15 1 
3761 8 14 1 
3423 9 13 1 
3308 10 12 1 
3304 0 1 1 
2563 0 11 1 
2560 1 0 1 
2236 1 12 1 
2209 2 13 1 
1676 3 14 1 
1421 4 15 1 
1266 5 16 1 
1244 6 15 1 
1076 7 14 1 
881 8 13 1 
619 9 12 1 
604 0 2 1 
275 0 10 1 
4508 1 1 1 
4299 1 11 1 
4139 2 0 1 
3398 2 12 1 
3328 3 13 1 
3114 4 14 1 
3074 5 15 1 
3064 6 14 1 
2851 7 13 1 
2547 8 12 1 
2533 0 3 1 
2502 0 9 1 
1603 1 2 1 
1481 1 10 1 
1412 2 1 1 
1411 2 11 1 
1344 3 0 1 
1178 3 12 1 
956 4 13 1 
770 5 14 1 
387 6 13 1 
365 7 12 1 
4861 0 4 1 
4772 0 8 1 
4721 1 3 1 
4484 1 9 1 
4289 2 2 1 
4174 2 10 1 
3359 3 1 1 
3257 3 11 1 
3244 4 0 1 
2917 4 12 1 
2762 5 13 1 
1830 6 12 1 
1584 7 11 1 
1102 0 5 1 
1073 0 7 1 
1029 1 4 1 
1013 1 8 1 
894 2 3 1 
810 2 9 1 
756 3 2 1 
591 3 10 1 
229 4 1 1 
62 4 11 1 
1 5 0 1 
4954 5 12 1 
4564 6 11 1 
4454 7 10 1 
4198 0 6 1 
4106 1 5 1 
3771 1 7 1 
3457 2 4 1 
3395 2 8 1 
3216 3 3 1 
3172 3 9 1 
2607 4 2 1 
2424 4 10 1 
2353 5 1 1 
2313 5 11 1 
2234 6 0 1 
1734 6 10 1 
1669 1 6 1 
1455 2 5 1 
1105 2 7 1 
1052 3 4 1 
954 3 8 1 
81 4 3 1 
70 4 9 1 
4889 5 2 1 
4609 5 10 1 
4588 6 1 1 
4381 7 0 1 
4255 2 6 1 
4254 3 5 1 
4127 3 7 1 
4046 4 4 1 
3815 4 8 1 
3705 5 3 1 
3399 5 9 1 
3341 6 2 1 
3222 7 1 1 
3187 8 0 1 
2812 3 6 1 
2724 4 5 1 
2373 4 7 1 
2153 5 4 1 
2062 5 8 1 
1952 6 3 1 
1904 7 2 1 
1699 8 1 1 
1667 4 6 1 
1582 5 5 1 
1355 5 7 1 
1155 6 4 1 
1107 7 3 1 
869 8 2 1 
762 5 6 1 
708 6 5 1 
248 6 9 1 
157 7 4 1 
4800 8 3 1 
4658 8 11 1 
4515 6 6 1 
4002 6 8 1 
3370 7 5 1 
3129 7 9 1 
3056 8 4 1 
2869 8 10 1 
2646 9 11 1 
2455 6 7 1 
2452 7 6 1 
2243 7 8 1 
2219 8 5 1 
2189 8 9 1 
2119 9 10 1 
2007 10 11 1 
1984 7 7 1 
1856 8 6 1 
1645 8 8 1 
1530 9 5 1 
1395 9 9 1 
1198 10 10 1 
1081 11 11 1 
1061 8 7 1 
1043 9 6 1 
1015 9 8 1 
876 10 5 1 
873 10 9 1 
553 11 10 1 
101 12 11 1 
4530 9 7 1 
4465 10 6 1 
4362 10 8 1 
4219 11 5 1 
3979 11 9 1 
3849 12 10 1 
3796 13 11 1 
3497 10 7 1 
3324 11 6 1 
2958 11 8 1 
2655 12 9 1 
2463 13 10 1 
2395 14 11 1 
2041 11 7 1 
1592 12 8 1 
1329 13 9 1 
1079 14 10 1 
4940 15 11 1 
4587 9 4 1 
3805 12 7 1 
3634 13 8 1 
3492 14 9 1 
3480 15 10 1 
3422 16 11 1 
3088 9 3 1 
2967 10 4 1 
2748 12 6 1 
2613 13 7 1 
2447 14 8 1 
2297 15 9 1 
2064 16 10 1 
1166 17 11 1 
966 9 2 1 
936 10 3 1 
827 11 4 1 
700 12 5 1 
630 13 6 1 
499 14 7 1 
497 15 8 1 
398 16 9 1 
146 17 10 1 
138 18 11 1 
83 9 1 1 
12 10 2 1 
4612 11 3 1 
4586 12 4 1 
4276 13 5 1 
4204 14 6 1 
4193 15 7 1 
3904 16 8 1 
3779 17 9 1 
3655 18 10 1 
3469 19 11 1 
3014 9 0 1 
2944 10 1 1 
2262 11 2 1 
2172 12 3 1 
2001 13 4 1 
1988 14 5 1 
1833 15 6 1 
1466 16 7 1 
1249 17 8 1 
566 18 9 1 
265 19 10 1 
4737 10 0 1 
4725 11 1 1 
4706 12 2 1 
4412 13 3 1 
4335 14 4 1 
4080 15 5 1 
4021 16 6 1 
3712 17 7 1 
3404 18 8 1 
3392 19 9 1 
2593 11 0 1 
2516 12 1 1 
1509 13 2 1 
1060 14 3 1 
837 15 4 1 
539 16 5 1 
223 17 6 1 
191 18 7 1 
4953 19 8 1 
4788 12 0 1 
4585 13 1 1 
4250 14 2 1 
4249 15 3 1 
4165 16 4 1 
4129 17 5 1 
3643 18 6 1 
3619 19 7 1 
3602 13 0 1 
2707 14 1 1 
2057 15 2 1 
1210 16 3 1 
879 17 4 1 
475 18 5 1 
325 19 6 1 
241 14 0 1 
4818 15 1 1 
4789 16 2 1 
4277 17 3 1 
2961 18 4 1 
2945 19 5 1 
2628 15 0 1 
2428 16 1 1 
1017 17 2 1 
652 18 3 1 
651 19 4 1 
283 16 0 1 
4239 17 1 1 
4026 18 2 1 
3902 19 3 1 
3715 17 0 1 
2590 18 1 1 
2127 19 2 1 
1769 18 0 1 
883 19 1 1 
3945 19 0 1 
165 18 1 12 
1476 17 1 12 
3325 18 2 12 
680 16 1 13 
2867 17 2 13 
4483 18 3 13 
390 15 1 13 
2126 16 2 13 
2177 17 3 13 
2307 18 4 13 
3142 14 1 14 
3938 15 2 14 
412 16 3 14 
935 17 4 14 
2390 18 5 14 
4224 13 1 14 
4702 14 2 14 
212 15 3 14 
626 16 4 14 
742 17 5 14 
1361 18 6 14 
1479 12 1 15 
2336 13 2 15 
2651 14 3 15 
2660 15 4 15 
2953 16 5 15 
26 17 6 15 
664 18 7 15 
820 11 1 15 
834 12 2 15 
2200 13 3 15 
3027 14 4 15 
3311 15 5 15 
3388 16 6 15 
3581 17 7 15 
3622 18 8 15 
3739 10 1 16 
3913 11 2 16 
4303 12 3 16 
4457 13 4 16 
2767 14 5 16 
2857 15 6 16 
3352 16 7 16 
3611 17 8 16 
4144 18 9 16 
4720 10 2 17 
4778 11 3 16 
4944 13 5 16 
455 14 6 16 
519 15 7 16 
765 16 8 16 
856 17 9 16 
1319 18 10 16 
1428 10 3 17 
1573 13 6 17 
3872 14 7 17 
4227 15 8 17 
4670 16 9 17 
4732 17 10 17 
395 13 7 17 
960 14 8 17 
1091 15 9 17 
1133 16 10 17 
1496 13 8 17 
1683 14 9 17 
2486 15 10 17 
3123 12 8 18 
3596 13 9 18 
3607 14 10 18 
3637 10 7 18 
3962 11 8 18 
142 12 9 18 
659 13 10 18 
726 9 7 18 
1168 10 6 18 
1595 10 8 18 
1599 11 9 18 
2085 12 10 18 
2145 8 7 19 
2167 9 6 19 
2388 9 8 19 
2471 10 9 19 
2865 11 10 19 
3792 7 7 19 
4173 8 6 19 
4595 8 8 19 
4877 9 9 19 
75 10 10 19 
144 7 6 19 
213 7 8 19 
256 9 10 19 
285 7 5 19 
1591 6 5 20 
2096 7 4 20 
3435 4 6 20 
4631 5 5 20 
4831 19 19 26 
4349 18 19 26 
4341 19 18 26 
4172 17 19 26 
4037 18 18 26 
4023 19 17 26 
3836 16 19 26 
3697 17 18 26 
3642 18 17 26 
3489 19 16 26 
3326 15 19 26 
3051 16 18 26 
2896 17 17 26 
2557 18 16 26 
2498 19 15 26 
2379 14 19 26 
2152 15 18 26 
2002 16 17 26 
1617 17 16 26 
1515 18 15 26 
945 19 14 26 
843 13 19 26 
730 14 18 26 
658 15 17 26 
642 16 16 26 
407 17 15 26 
270 18 14 26 
71 19 13 26 
4883 12 19 26 
4803 13 18 26 
4627 14 17 26 
4236 15 16 26 
4167 16 15 26 
4113 17 14 26 
4029 18 13 26 
4005 19 12 26 
3980 11 19 26 
3529 12 18 26 
3354 13 17 26 
3138 14 16 26 
2988 15 15 26 
2755 16 14 26 
2662 17 13 26 
2620 18 12 26 
2107 0 19 26 
1673 10 19 26 
1478 11 18 26 
1420 12 17 26 
1413 13 16 26 
1246 14 15 26 
1185 15 14 26 
1137 16 13 26 
1055 17 12 26 
977 0 18 26 
794 1 19 26 
611 9 19 26 
458 10 18 26 
428 11 17 26 
119 12 16 26 
4950 13 15 26 
4902 14 14 26 
4571 15 13 26 
4506 16 12 26 
4314 0 17 26 
4152 1 18 26 
4133 2 19 26 
4076 8 19 26 
4004 9 18 26 
3809 10 17 26 
3676 11 16 26 
3613 12 15 26 
3555 13 14 26 
3440 14 13 26 
3203 15 12 26 
3156 0 16 26 
3121 1 17 26 
3095 2 18 26 
2993 3 19 26 
2764 7 19 26 
2763 8 18 26 
2702 9 17 26 
2622 10 16 26 
2554 11 15 26 
2496 12 14 26 
2375 13 13 26 
2345 14 12 26 
2304 0 15 26 
2253 1 16 26 
2031 2 17 26 
1958 3 18 26 
1825 4 19 26 
1631 6 19 26 
1622 7 18 26 
1503 8 17 26 
1487 9 16 26 
1453 10 15 26 
1145 11 14 26 
1071 12 13 26 
850 13 12 26 
336 0 14 26 
205 1 15 26 
4699 2 16 26 
4693 3 17 26 
4649 4 18 26 
4574 5 19 26 
4511 6 18 26 
4426 7 17 26 
4394 8 16 26 
4320 9 15 26 
3925 10 14 26 
3876 11 13 26 
3854 12 12 26 
3793 0 13 26 
3760 1 14 26 
3661 2 15 26 
3656 3 16 26 
3564 4 17 26 
3413 5 18 26 
3358 6 17 26 
3347 7 16 26 
3277 8 15 26 
2719 9 14 26 
2330 10 13 26 
2133 11 12 26 
2093 0 0 26 
1117 0 12 26 
929 1 13 26 
878 2 14 26 
444 3 15 26 
422 4 16 26 
372 5 17 26 
332 6 16 26 
326 7 15 26 
40 8 14 26 
4807 9 13 26 
4558 10 12 26 
4271 0 1 26 
4237 0 11 26 
4041 1 0 26 
3960 1 12 26 
3798 2 13 26 
3736 3 14 26 
3189 4 15 26 
3089 5 16 26 
2936 6 15 26 
2895 7 14 26 
2795 8 13 26 
2711 9 12 26 
2670 0 2 26 
2603 0 10 26 
2217 1 1 26 
1562 1 11 26 
1556 2 0 26 
1484 2 12 26 
1020 3 13 26 
924 4 14 26 
833 5 15 26 
479 6 14 26 
430 7 13 26 
419 8 12 26 
292 0 3 26 
121 0 9 26 
91 1 2 26 
4664 1 10 26 
4427 2 1 26 
4405 2 11 26 
4192 3 0 26 
4148 3 12 26 
4072 4 13 26 
4031 5 14 26 
3906 6 13 26 
3865 7 12 26 
3744 0 4 26 
3573 0 8 26 
3528 1 3 26 
3438 1 9 26 
2970 2 2 26 
2699 2 10 26 
2380 3 1 26 
2356 3 11 26 
2315 4 0 26 
1924 4 12 26 
1589 5 13 26 
1548 6 12 26 
1528 7 11 26 
1342 0 5 26 
1312 0 7 26 
1106 1 4 26 
805 1 8 26 
768 2 3 26 
673 2 9 26 
612 3 2 26 
259 3 10 26 
175 4 1 26 
130 4 11 26 
48 5 0 26 
4966 5 12 26 
4875 6 11 26 
4648 7 10 26 
4388 0 6 26 
3982 1 5 26 
3827 1 7 26 
3722 2 4 26 
3446 2 8 26 
3272 3 3 26 
3116 3 9 26 
2930 4 2 26 
2838 4 10 26 
2443 5 1 26 
2410 5 11 26 
2340 6 0 26 
1618 6 10 26 
1606 1 6 26 
1529 2 5 26 
1183 2 7 26 
1114 3 4 26 
1038 3 8 26 
796 4 3 26 
707 4 9 26 
663 5 2 26 
366 5 10 26 
282 6 1 26 
4945 7 0 26 
4652 2 6 26 
4647 3 5 26 
4606 3 7 26 
4441 4 4 26 
4334 4 8 26 
4247 5 3 26 
4063 5 9 26 
4033 6 2 26 
3886 7 1 26 
3799 8 0 26 
3384 3 6 26 
2916 4 5 26 
2777 4 7 26 
2678 5 4 26 
2468 5 8 26 
1271 6 3 26 
1248 7 2 26 
994 8 1 26 
767 4 6 26 
686 5 5 26 
477 5 7 26 
409 6 4 26 
296 7 3 26 
123 8 2 26 
122 5 6 26 
5 6 5 26 
4869 6 9 26 
4451 7 4 26 
4440 8 3 26 
4391 8 11 26 
4378 6 6 26 
4347 6 8 26 
3967 7 5 26 
3758 7 9 26 
3463 8 4 26 
3316 8 10 26 
3234 9 11 26 
3208 6 7 26 
2994 7 6 26 
2906 7 8 26 
2545 8 5 26 
2500 8 9 26 
2188 9 10 26 
2130 10 11 26 
2051 7 7 26 
1910 8 6 26 
1810 8 8 26 
1749 9 5 26 
1648 9 9 26 
1351 10 10 26 
1175 11 11 26 
1169 8 7 26 
1134 9 6 26 
1025 9 8 26 
586 10 5 26 
561 10 9 26 
391 11 10 26 
4929 12 11 26 
4337 9 7 26 
4297 10 6 26 
4102 10 8 26 
3856 11 5 26 
3574 11 9 26 
3379 12 10 26 
3273 13 11 26 
2696 10 7 26 
2466 11 6 26 
2413 11 8 26 
2308 12 9 26 
2241 13 10 26 
1788 14 11 26 
1534 11 7 26 
1030 12 8 26 
1007 13 9 26 
841 14 10 26 
835 15 11 26 
788 9 4 26 
745 12 7 26 
521 13 8 26 
451 14 9 26 
302 15 10 26 
277 16 11 26 
253 9 3 26 
43 10 4 26 
4723 12 6 26 
4532 13 7 26 
4468 14 8 26 
4459 15 9 26 
4212 16 10 26 
3866 17 11 26 
3405 9 2 26 
3342 10 3 26 
2914 11 4 26 
2149 12 5 26 
2147 13 6 26 
2137 14 7 26 
2120 15 8 26 
2114 16 9 26 
1997 17 10 26 
1376 18 11 26 
1019 9 1 26 
672 10 2 26 
481 11 3 26 
63 12 4 26 
4795 13 5 26 
4570 14 6 26 
4482 15 7 26 
4346 16 8 26 
4155 17 9 26 
4098 18 10 26 
4042 19 11 26 
3965 9 0 26 
3843 10 1 26 
3804 11 2 26 
3595 12 3 26 
3292 13 4 26 
3101 14 5 26 
3092 15 6 26 
3058 16 7 26 
2892 17 8 26 
2462 18 9 26 
1877 19 10 26 
1834 10 0 26 
1751 11 1 26 
871 12 2 26 
797 13 3 26 
4662 14 4 26 
4630 15 5 26 
3535 16 6 26 
3487 17 7 26 
2818 18 8 26 
2705 19 9 26 
2600 11 0 26 
2482 12 1 26 
2440 13 2 26 
2370 14 3 26 
1737 15 4 26 
1663 16 5 26 
996 17 6 26 
907 18 7 26 
103 19 8 26 
3800 12 0 26 
2749 13 1 26 
2291 14 2 26 
1986 15 3 26 
1937 16 4 26 
1522 17 5 26 
1518 18 6 26 
1315 19 7 26 
972 13 0 26 
660 14 1 26 
615 15 2 26 
314 16 3 26 
264 17 4 26 
41 18 5 26 
4142 19 6 26 
3912 14 0 26 
3381 15 1 26 
2661 16 2 26 
1615 17 3 26 
1334 18 4 26 
1258 19 5 26 
1221 15 0 26 
1202 16 1 26 
1033 17 2 26 
163 18 3 26 
4569 19 4 26 
3946 16 0 26 
3751 17 1 26 
2270 18 2 26 
1865 19 3 26 
1449 17 0 26 
224 18 1 26 
10 19 2 26 
1845 18 0 26 
1549 19 1 26 
4787 19 0 26 
1348 18 1 38 
427 17 1 38 
601 18 2 38 
1375 16 1 39 
243 17 2 39 
624 18 3 39 
309 15 1 39 
1263 16 2 39 
1314 17 3 39 
1545 18 4 39 
2446 14 1 40 
2476 15 2 40 
3288 16 3 40 
3976 17 4 40 
4740 18 5 40 
19 13 1 40 
329 14 2 40 
608 15 3 40 
2018 16 4 40 
2077 17 5 40 
2537 18 6 40 
4084 12 1 41 
530 13 2 41 
2870 14 3 41 
3329 15 4 41 
4351 16 5 41 
14 17 6 41 
508 18 7 41 
579 11 1 42 
734 12 2 42 
790 13 3 42 
1250 14 4 41 
1775 15 5 41 
1787 16 6 41 
3455 17 7 41 
3503 18 8 41 
3909 10 1 42 
4091 11 2 42 
4226 12 3 42 
1203 13 4 42 
1224 14 5 42 
1303 15 6 42 
1442 16 7 42 
2674 17 8 42 
4104 18 9 42 
4713 10 2 43 
263 11 3 43 
1100 13 5 42 
1225 14 6 42 
1596 15 7 42 
2008 16 8 42 
2025 17 9 42 
2034 18 10 42 
2456 10 3 43 
3914 13 6 43 
179 14 7 43 
284 15 8 43 
454 16 9 43 
1374 17 10 43 
1403 13 7 43 
1539 14 8 43 
1658 15 9 43 
1660 16 10 43 
2741 13 8 44 
3999 14 9 44 
228 15 10 44 
254 12 8 44 
267 13 9 44 
380 14 10 44 
549 10 7 44 
823 11 8 44 
1323 12 9 44 
1593 13 10 44 
2884 9 7 44 
2957 10 6 44 
3071 10 8 44 
3238 11 9 44 
3616 12 10 44 
3621 8 7 45 
4108 9 6 45 
4370 19 19 51 
4323 18 19 51 
4304 19 18 51 
4186 17 19 51 
4094 18 18 51 
3885 19 17 51 
3460 16 19 51 
3400 17 18 51 
3251 18 17 51 
3105 19 16 51 
2845 15 19 51 
2421 16 18 51 
2368 17 17 51 
2182 18 16 51 
2013 19 15 51 
1703 14 19 51 
1565 15 18 51 
1465 16 17 51 
1446 17 16 51 
1408 18 15 51 
1287 19 14 51 
1057 13 19 51 
1000 14 18 51 
950 15 17 51 
718 16 16 51 
684 17 15 51 
610 18 14 51 
607 19 13 51 
538 12 19 51 
524 13 18 51 
4607 14 17 51 
4316 15 16 51 
4068 16 15 51 
4053 17 14 51 
3959 18 13 51 
3948 19 12 51 
3845 11 19 51 
3708 12 18 51 
3560 13 17 51 
3346 14 16 51 
3280 15 15 51 
3240 16 14 51 
3239 17 13 51 
2544 18 12 51 
2534 0 19 51 
2187 10 19 51 
2016 11 18 51 
1883 12 17 51 
1794 13 16 51 
1758 14 15 51 
1678 15 14 51 
1540 16 13 51 
1204 17 12 51 
1074 0 18 51 
1050 1 19 51 
606 9 19 51 
287 10 18 51 
162 11 17 51 
4791 12 16 51 
4653 13 15 51 
4494 14 14 51 
4400 15 13 51 
3951 16 12 51 
3889 0 17 51 
3879 1 18 51 
3433 2 19 51 
3432 8 19 51 
3343 9 18 51 
3340 10 17 51 
3125 11 16 51 
3070 12 15 51 
2996 13 14 51 
2647 14 13 51 
1730 15 12 51 
1704 0 16 51 
1642 1 17 51 
1524 2 18 51 
1240 3 19 51 
1111 7 19 51 
1026 8 18 51 
952 9 17 51 
949 10 16 51 
822 11 15 51 
798 12 14 51 
685 13 13 51 
435 14 12 51 
374 0 15 51 
351 1 16 51 
198 2 17 51 
182 3 18 51 
160 4 19 51 
47 6 19 51 
37 7 18 51 
4946 8 17 51 
4804 9 16 51 
4687 10 15 51 
4382 11 14 51 
4296 12 13 51 
3530 13 12 51 
3468 0 14 51 
3380 1 15 51 
3223 2 16 51 
3198 3 17 51 
3139 4 18 51 
3086 5 19 51 
2606 6 18 51 
2519 7 17 51 
2470 8 16 51 
2113 9 15 51 
1779 10 14 51 
1652 11 13 51 
1633 12 12 51 
1597 0 13 51 
1511 1 14 51 
1450 2 15 51 
1218 3 16 51 
1119 4 17 51 
1083 5 18 51 
985 6 17 51 
721 7 16 51 
290 8 15 51 
94 9 14 51 
7 10 13 51 
4708 11 12 51 
4283 0 0 51 
4028 0 12 51 
3704 1 13 51 
3594 2 14 51 
3416 3 15 51 
3331 4 16 51 
3299 5 17 51 
3296 6 16 51 
3163 7 15 51 
2947 8 14 51 
2751 9 13 51 
2515 10 12 51 
2430 0 1 51 
2392 0 11 51 
2258 1 0 51 
2197 1 12 51 
2175 2 13 51 
1939 3 14 51 
1894 4 15 51 
1680 5 16 51 
1637 6 15 51 
1604 7 14 51 
1551 8 13 51 
1311 9 12 51 
1163 0 2 51 
1003 0 10 51 
853 1 1 51 
848 1 11 51 
691 2 0 51 
554 2 12 51 
218 3 13 51 
149 4 14 51 
55 5 15 51 
52 6 14 51 
4958 7 13 51 
4863 8 12 51 
4407 0 3 51 
4387 0 9 51 
4096 1 2 51 
3961 1 10 51 
3860 2 1 51 
3813 2 11 51 
3795 3 0 51 
3559 3 12 51 
3473 4 13 51 
3276 5 14 51 
2555 6 13 51 
2359 7 12 51 
2342 0 4 51 
2223 0 8 51 
2118 1 3 51 
2037 1 9 51 
1801 2 2 51 
1571 2 10 51 
1207 3 1 51 
1188 3 11 51 
1088 4 0 51 
920 4 12 51 
725 5 13 51 
522 6 12 51 
388 7 11 51 
4938 0 5 51 
4743 0 7 51 
4633 1 4 51 
4383 1 8 51 
4329 2 3 51 
4130 2 9 51 
4115 3 2 51 
3901 3 10 51 
3857 4 1 51 
3585 4 11 51 
3313 5 0 51 
3250 5 12 51 
3248 6 11 51 
3214 7 10 51 
2929 0 6 51 
2908 1 5 51 
2901 1 7 51 
2521 2 4 51 
2469 2 8 51 
2322 3 3 51 
2091 3 9 51 
1406 4 2 51 
1261 4 10 51 
1129 5 1 51 
1041 5 11 51 
800 6 0 51 
709 6 10 51 
316 1 6 51 
4507 2 5 51 
4398 2 7 51 
4246 3 4 51 
4196 3 8 51 
3777 4 3 51 
3753 4 9 51 
3707 5 2 51 
3668 5 10 51 
3281 6 1 51 
3275 7 0 51 
2728 2 6 51 
2597 3 5 51 
2595 3 7 51 
2319 4 4 51 
2267 4 8 51 
2233 5 3 51 
2103 5 9 51 
1962 6 2 51 
1733 7 1 51 
1506 8 0 51 
1267 3 6 51 
1150 4 5 51 
1093 4 7 51 
1064 5 4 51 
862 5 8 51 
861 6 3 51 
690 7 2 51 
643 8 1 51 
4718 4 6 51 
4615 5 5 51 
4501 5 7 51 
4438 6 4 51 
4300 7 3 51 
4216 8 2 51 
4160 5 6 51 
4016 6 5 51 
3940 6 9 51 
3847 7 4 51 
3673 8 3 51 
3578 8 11 51 
3385 6 6 51 
3236 6 8 51 
3204 7 5 51 
3175 7 9 51 
3054 8 4 51 
2863 8 10 51 
2738 9 11 51 
2523 6 7 51 
2481 7 6 51 
2407 7 8 51 
2269 8 5 51 
2112 8 9 51 
2083 9 10 51 
1964 10 11 51 
1792 7 7 51 
1561 8 6 51 
1434 8 8 51 
1372 9 5 51 
1087 9 9 51 
1059 10 10 51 
968 11 11 51 
661 8 7 51 
650 9 6 51 
418 9 8 51 
402 10 5 51 
331 10 9 51 
65 11 10 51 
4904 12 11 51 
4887 9 7 51 
4813 10 6 51 
4252 10 8 51 
4231 11 5 51 
4181 11 9 51 
4049 12 10 51 
3274 13 11 51 
3141 10 7 51 
3087 11 6 51 
2981 11 8 51 
2614 12 9 51 
2257 13 10 51 
1821 14 11 51 
1805 11 7 51 
1653 12 8 51 
1541 13 9 51 
1415 14 10 51 
1350 15 11 51 
802 9 4 51 
666 12 7 51 
416 13 8 51 
394 14 9 51 
204 15 10 51 
4577 16 11 51 
4453 9 3 51 
4141 10 4 51 
4089 12 6 51 
4019 13 7 51 
3868 14 8 51 
3548 15 9 51 
3305 16 10 51 
3297 17 11 51 
3021 9 2 51 
2418 10 3 51 
2228 11 4 51 
1521 12 5 51 
1307 13 6 51 
1305 14 7 51 
913 15 8 51 
860 16 9 51 
383 17 10 51 
214 18 11 51 
4847 9 1 51 
4827 10 2 51 
4766 11 3 51 
4359 12 4 51 
4286 13 5 51 
4203 14 6 51 
4075 15 7 51 
3926 16 8 51 
3803 17 9 51 
3608 18 10 51 
3533 19 11 51 
3080 9 0 51 
2859 10 1 51 
2746 11 2 51 
1870 12 3 51 
1739 13 4 51 
1721 14 5 51 
1627 15 6 51 
893 16 7 51 
469 17 8 51 
39 18 9 51 
4686 19 10 51 
4651 10 0 51 
4645 11 1 51 
4567 12 2 51 
4022 13 3 51 
3891 14 4 51 
3627 15 5 51 
3219 16 6 51 
2729 17 7 51 
2618 18 8 51 
2432 19 9 51 
2415 11 0 51 
2195 12 1 51 
1817 13 2 51 
1783 14 3 51 
1295 15 4 51 
1273 16 5 51 
915 17 6 51 
842 18 7 51 
303 19 8 51 
66 12 0 51 
28 13 1 51 
3908 14 2 51 
3278 15 3 51 
3144 16 4 51 
2890 17 5 51 
2510 18 6 51 
981 19 7 51 
4920 13 0 51 
4264 14 1 51 
4229 15 2 51 
4109 16 3 51 
3985 17 4 51 
3572 18 5 51 
3567 19 6 51 
3003 14 0 51 
2570 15 1 51 
2141 16 2 51 
1547 17 3 51 
1108 18 4 51 
750 19 5 51 
252 15 0 51 
58 16 1 51 
4952 17 2 51 
4762 18 3 51 
4199 19 4 51 
3942 16 0 51 
3831 17 1 51 
2491 18 2 51 
4531 19 3 51 
4302 17 0 51 
3817 18 1 51 
2836 19 2 51 
2635 18 0 51 
2028 19 1 51 
1612 19 0 51 
4597 18 1 62 
4680 17 1 63 
68 18 2 63 
4784 16 1 64 
555 17 2 63 
1356 18 3 63 
4279 15 1 64 
4432 16 2 64 
4768 17 3 64 
120 18 4 64 
631 14 1 64 
1444 15 2 64 
1696 16 3 64 
4810 17 4 64 
4932 18 5 64 
105 13 1 66 
640 14 2 65 
1068 15 3 65 
1616 16 4 65 
3794 17 5 65 
4312 18 6 65 
4372 12 1 66 
4792 13 2 66 
4857 14 3 66 
317 15 4 66 
614 16 5 66 
1982 17 6 66 
2698 18 7 66 
4774 11 1 66 
378 12 2 66 
1802 13 3 66 
1823 14 4 66 
2673 15 5 66 
2952 16 6 66 
2969 17 7 66 
3348 18 8 66 
3449 10 1 67 
147 11 2 67 
158 12 3 67 
1242 13 4 67 
1759 14 5 67 
2136 15 6 67 
2539 16 7 67 
2987 17 8 67 
3196 18 9 67 
3932 10 2 67 
3937 11 3 67 
4949 13 5 67 
171 14 6 67 
311 15 7 67 
367 16 8 67 
470 17 9 67 
760 18 10 67 
1171 10 3 68 
2844 13 6 68 
3502 14 7 68 
3610 15 8 68 
633 16 9 68 
1410 17 10 68 
1568 13 7 68 
1756 14 8 68 
1942 15 9 68 
2046 16 10 68 
3023 13 8 69 
3549 14 9 69 
3887 15 10 69 
4157 12 8 69 
4599 13 9 69 
4707 14 10 69 
301 10 7 69 
344 11 8 69 
447 12 9 69 
516 13 10 69 
540 9 7 69 
588 10 6 69 
641 10 8 69 
812 11 9 69 
943 12 10 69 
3298 8 7 70 
4131 9 6 70 
4258 9 8 70 
4600 10 9 70 
4867 11 10 70 
4894 7 7 70 
4730 19 19 76 
4681 18 19 76 
4536 19 18 76 
4418 17 19 76 
4278 18 18 76 
4050 19 17 76 
3972 16 19 76 
3844 17 18 76 
3842 18 17 76 
3768 19 16 76 
3764 15 19 76 
3754 16 18 76 
3430 17 17 76 
3315 18 16 76 
3158 19 15 76 
3150 14 19 76 
3076 15 18 76 
2991 16 17 76 
2968 17 16 76 
2931 18 15 76 
2640 19 14 76 
2551 13 19 76 
2525 14 18 76 
2427 15 17 76 
2398 16 16 76 
2163 17 15 76 
1906 18 14 76 
1864 19 13 76 
1795 12 19 76 
1371 13 18 76 
1195 14 17 76 
1021 15 16 76 
931 16 15 76 
914 17 14 76 
755 18 13 76 
453 19 12 76 
328 11 19 76 
107 12 18 76 
4969 13 17 76 
4763 14 16 76 
4736 15 15 76 
4547 16 14 76 
4542 17 13 76 
4541 18 12 76 
4513 0 19 76 
3525 10 19 76 
3452 11 18 76 
3450 12 17 76 
3448 13 16 76 
2653 14 15 76 
2639 15 14 76 
2493 16 13 76 
2439 17 12 76 
2271 0 18 76 
2095 1 19 76 
1768 9 19 76 
1727 10 18 76 
1601 11 17 76 
1445 12 16 76 
1417 13 15 76 
1116 14 14 76 
859 15 13 76 
622 16 12 76 
621 0 17 76 
271 1 18 76 
201 2 19 76 
82 8 19 76 
4854 9 18 76 
4734 10 17 76 
4704 11 16 76 
4634 12 15 76 
4428 13 14 76 
4350 14 13 76 
4071 15 12 76 
3826 0 16 76 
3734 1 17 76 
3561 2 18 76 
3536 3 19 76 
3231 7 19 76 
2756 8 18 76 
2162 9 17 76 
1895 10 16 76 
1861 11 15 76 
1752 12 14 76 
1252 13 13 76 
504 14 12 76 
471 0 15 76 
202 1 16 76 
4523 2 17 76 
4490 3 18 76 
4118 4 19 76 
3934 6 19 76 
3807 7 18 76 
3486 8 17 76 
3447 9 16 76 
3210 10 15 76 
3068 11 14 76 
2922 12 13 76 
2898 13 12 76 
2585 0 14 76 
2279 1 15 76 
2161 2 16 76 
2144 3 17 76 
2116 4 18 76 
2022 5 19 76 
2017 6 18 76 
1732 7 17 76 
1598 8 16 76 
1508 9 15 76 
1431 10 14 76 
1238 11 13 76 
1229 12 12 76 
1161 0 13 76 
987 1 14 76 
381 2 15 76 
210 3 16 76 
140 4 17 76 
45 5 18 76 
4575 6 17 76 
4549 7 16 76 
4384 8 15 76 
3850 9 14 76 
3735 10 13 76 
3612 11 12 76 
3441 0 0 76 
3406 0 12 76 
3391 1 13 76 
3268 2 14 76 
3245 3 15 76 
3168 4 16 76 
3159 5 17 76 
2527 6 16 76 
2314 7 15 76 
2055 8 14 76 
2029 9 13 76 
1973 10 12 76 
1938 0 1 76 
1722 0 11 76 
1583 1 0 76 
1379 1 12 76 
970 2 13 76 
941 3 14 76 
932 4 15 76 
662 5 16 76 
646 6 15 76 
473 7 14 76 
429 8 13 76 
189 9 12 76 
4921 0 2 76 
4694 0 10 76 
4692 1 1 76 
4679 1 11 76 
4642 2 0 76 
4510 2 12 76 
4067 3 13 76 
3111 4 14 76 
2997 5 15 76 
2973 6 14 76 
2864 7 13 76 
2785 8 12 76 
2778 0 3 76 
2704 0 9 76 
2636 1 2 76 
2316 1 10 76 
1719 2 1 76 
1538 2 11 76 
1454 3 0 76 
1220 3 12 76 
1148 4 13 76 
922 5 14 76 
743 6 13 76 
655 7 12 76 
337 0 4 76 
238 0 8 76 
159 1 3 76 
50 1 9 76 
4924 2 2 76 
4801 2 10 76 
4650 3 1 76 
4462 3 11 76 
4439 4 0 76 
4435 4 12 76 
4038 5 13 76 
3604 6 12 76 
3521 7 11 76 
3505 0 5 76 
3461 0 7 76 
3300 1 4 76 
3090 1 8 76 
2403 2 3 76 
2335 2 9 76 
2237 3 2 76 
2235 3 10 76 
2222 4 1 76 
2211 4 11 76 
2155 5 0 76 
1841 5 12 76 
1643 6 11 76 
1510 7 10 76 
1156 0 6 76 
973 1 5 76 
817 1 7 76 
779 2 4 76 
532 2 8 76 
515 3 3 76 
408 3 9 76 
375 4 2 76 
161 4 10 76 
4711 5 1 76 
4665 5 11 76 
4537 6 0 76 
4503 6 10 76 
4338 1 6 76 
4137 2 5 76 
3893 2 7 76 
3816 3 4 76 
3624 3 8 76 
3577 4 3 76 
3519 4 9 76 
3511 5 2 76 
3407 5 10 76 
3201 6 1 76 
3171 7 0 76 
3117 2 6 76 
3061 3 5 76 
2718 3 7 76 
2672 4 4 76 
2617 4 8 76 
2464 5 3 76 
2369 5 9 76 
2259 6 2 76 
2129 7 1 76 
2030 8 0 76 
1837 3 6 76 
1745 4 5 76 
1709 4 7 76 
1345 5 4 76 
1294 5 8 76 
1042 6 3 76 
677 7 2 76 
490 8 1 76 
413 4 6 76 
220 5 5 76 
156 5 7 76 
4858 6 4 76 
4731 7 3 76 
4256 8 2 76 
4208 5 6 76 
4054 6 5 76 
3924 6 9 76 
3252 7 4 76 
3209 8 3 76 
3207 8 11 76 
3069 6 6 76 
3012 6 8 76 
2835 7 5 76 
2578 7 9 76 
2565 8 4 76 
2367 8 10 76 
2363 9 11 76 
2249 6 7 76 
2158 7 6 76 
2084 7 8 76 
1607 8 5 76 
1367 8 9 76 
1340 9 10 76 
816 10 11 76 
689 7 7 76 
371 8 6 76 
354 8 8 76 
208 9 5 76 
73 9 9 76 
4669 10 10 76 
4449 11 11 76 
4248 8 7 76 
4245 9 6 76 
4012 9 8 76 
3674 10 5 76 
3590 10 9 76 
3458 11 10 76 
3368 12 11 76 
3191 9 7 76 
2740 10 6 76 
2739 10 8 76 
2720 11 5 76 
2664 11 9 76 
2238 12 10 76 
1884 13 11 76 
1731 10 7 76 
1714 11 6 76 
1675 11 8 76 
1211 12 9 76 
1084 13 10 76 
982 14 11 76 
875 11 7 76 
737 12 8 76 
237 13 9 76 
167 14 10 76 
4716 15 11 76 
4294 9 4 76 
4243 12 7 76 
4195 13 8 76 
3663 14 9 76 
3419 15 10 76 
3310 16 11 76 
3130 9 3 76 
3115 10 4 76 
2911 12 6 76 
2883 13 7 76 
2837 14 8 76 
2401 15 9 76 
2203 16 10 76 
1386 17 11 76 
1186 9 2 76 
1159 10 3 76 
1001 11 4 76 
141 12 5 76 
4859 13 6 76 
4851 14 7 76 
4051 15 8 76 
3756 16 9 76 
3732 17 10 76 
3592 18 11 76 
3470 9 1 76 
3445 10 2 76 
3206 11 3 76 
2855 12 4 76 
2509 13 5 76 
1728 14 6 76 
1385 15 7 76 
991 16 8 76 
889 17 9 76 
724 18 10 76 
4846 19 11 76 
4290 9 0 76 
4027 10 1 76 
2854 11 2 76 
2721 12 3 76 
2703 13 4 76 
2225 14 5 76 
2216 15 6 76 
1626 16 7 76 
1443 17 8 76 
1353 18 9 76 
1023 19 10 76 
865 10 0 76 
784 11 1 76 
757 12 2 76 
740 13 3 76 
580 14 4 76 
125 15 5 76 
64 16 6 76 
21 17 7 76 
4841 18 8 76 
4839 19 9 76 
4343 11 0 76 
4331 12 1 76 
4232 13 2 76 
3583 14 3 76 
3373 15 4 76 
3285 16 5 76 
3279 17 6 76 
2402 18 7 76 
1926 19 8 76 
1896 12 0 76 
1580 13 1 76 
1308 14 2 76 
1181 15 3 76 
1143 16 4 76 
923 17 5 76 
885 18 6 76 
452 19 7 76 
203 13 0 76 
133 14 1 76 
4871 15 2 76 
4213 16 3 76 
3635 17 4 76 
3270 18 5 76 
3143 19 6 76 
2416 14 0 76 
2255 15 1 76 
1860 16 2 76 
1706 17 3 76 
1461 18 4 76 
934 19 5 76 
4073 15 0 76 
4062 16 1 76 
3943 17 2 76 
3263 18 3 76 
2680 19 4 76 
1651 16 0 76 
1405 17 1 76 
803 18 2 76 
520 19 3 76 
4955 17 0 76 
4171 18 1 76 
3499 19 2 76 
3293 18 0 76 
1098 19 1 76 
4876 19 0 76 
552 18 1 87 
319 17 1 88 
899 18 2 88 
1132 16 1 88 
1917 17 2 88 
2950 18 3 88 
1927 15 1 89 
2220 16 2 89 
2650 17 3 89 
3451 18 4 89 
4697 14 1 90 
4881 15 2 89 
1697 16 3 89 
1978 17 4 89 
2164 18 5 89 
1085 13 1 90 
2000 14 2 90 
2477 15 3 90 
2494 16 4 90 
2546 17 5 90 
2556 18 6 90 
3541 12 1 90 
3841 13 2 90 
4306 14 3 90 
4309 15 4 90 
67 16 5 90 
595 17 6 90 
948 18 7 90 
1054 11 1 91 
1664 12 2 91 
1819 13 3 91 
2325 14 4 91 
2830 15 5 91 
2938 16 6 91 
3002 17 7 91 
3649 18 8 90 
3939 10 1 91 
54 11 2 91 
434 12 3 91 
766 13 4 91 
775 14 5 91 
1437 15 6 91 
2052 16 7 91 
2354 17 8 91 
2584 18 9 91 
2923 10 2 92 
3369 11 3 92 
3606 13 5 92 
4752 14 6 92 
386 15 7 92 
992 16 8 92 
1010 17 9 92 
1500 18 10 92 
1742 10 3 93 
1814 13 6 92 
2318 14 7 92 
2694 15 8 92 
3504 16 9 92 
3957 17 10 92 
4093 13 7 93 
548 14 8 93 
1671 15 9 93 
1999 16 10 93 
2350 13 8 93 
2861 14 9 93 
3034 15 10 93 
3702 12 8 94 
3742 13 9 94 
3884 14 10 94 
4908 10 7 94 
153 11 8 94 
472 12 9 94 
636 13 10 94 
828 9 7 94 
1065 10 6 94 
1082 10 8 94 
1791 11 9 94 
3365 12 10 94 
3376 8 7 94 
3556 9 6 94 
3767 9 8 94 
4345 10 9 94 
4555 11 10 94 
262 7 7 95 
361 8 6 95 
627 8 8 95 
872 9 9 95 
1274 10 10 94 
2036 7 6 95 
2079 7 8 95 
2106 9 10 95 
2677 7 5 95 
2747 6 5 95 
2789 7 4 95 
4124 4 6 96 
4461 5 5 96 
4760 6 4 95 
