1686
3675 12 0 1 
3651 17 13 1 
3606 19 13 1 
3564 6 19 1 
3112 12 1 1 
3109 13 0 1 
3094 17 12 1 
2987 18 13 1 
2968 19 0 1 
2807 19 12 1 
2770 6 18 1 
2479 7 19 1 
2370 12 2 1 
2344 13 1 1 
2337 14 0 1 
2156 17 11 1 
1967 18 0 1 
1760 18 12 1 
1451 19 1 1 
1208 19 5 1 
1133 19 11 1 
933 6 17 1 
704 7 18 1 
702 8 19 1 
615 13 2 1 
602 14 1 1 
581 14 19 1 
321 15 0 1 
276 17 0 1 
262 17 10 1 
261 18 1 1 
16 18 5 1 
3672 18 11 1 
3422 19 2 1 
3060 19 4 1 
2862 19 10 1 
2803 6 16 1 
2716 7 17 1 
2563 8 18 1 
2352 14 2 1 
2229 14 18 1 
2061 15 1 1 
2003 15 19 1 
1950 16 0 1 
1853 17 1 1 
1818 17 9 1 
1743 18 2 1 
1522 18 4 1 
1305 18 10 1 
1160 19 3 1 
903 19 9 1 
794 19 19 1 
727 6 15 1 
667 7 16 1 
664 8 17 1 
474 15 2 1 
287 15 18 1 
174 16 1 1 
3740 16 19 1 
3737 17 2 1 
3696 18 3 1 
3602 18 9 1 
3580 18 19 1 
3533 19 8 1 
3478 19 18 1 
3114 5 19 1 
3080 7 15 1 
3074 8 16 1 
2876 13 19 1 
2724 15 3 1 
2622 16 2 1 
2379 16 18 1 
2331 17 3 1 
2272 17 19 1 
2177 18 8 1 
1593 18 18 1 
1515 19 7 1 
1221 19 17 1 
1187 4 19 1 
960 5 18 1 
825 7 14 1 
772 8 15 1 
746 12 19 1 
687 13 18 1 
657 15 4 1 
600 16 3 1 
583 17 4 1 
532 17 8 1 
501 17 18 1 
388 18 7 1 
211 18 17 1 
3702 19 6 1 
3679 19 16 1 
3529 3 19 1 
3368 4 18 1 
3234 7 13 1 
3222 8 12 1 
3151 8 14 1 
3117 9 19 1 
3021 11 19 1 
2891 12 18 1 
2766 16 4 1 
2669 16 8 1 
2549 17 5 1 
2390 17 7 1 
2361 17 17 1 
2336 18 6 1 
2296 18 16 1 
2295 19 15 1 
1970 0 19 1 
1923 2 19 1 
1920 3 18 1 
1825 8 13 1 
1789 9 12 1 
1685 9 18 1 
1403 10 19 1 
1383 11 18 1 
1351 12 17 1 
1279 15 8 1 
978 16 5 1 
948 16 7 1 
793 16 17 1 
775 17 6 1 
3734 17 16 1 
3716 18 15 1 
3631 19 14 1 
3590 0 18 1 
3516 1 19 1 
3473 2 18 1 
3446 9 13 1 
3444 9 17 1 
3359 10 12 1 
3290 10 18 1 
3131 11 17 1 
3105 15 7 1 
3095 15 17 1 
3049 16 6 1 
2873 16 16 1 
2868 17 15 1 
2615 18 14 1 
2510 0 17 1 
2391 1 18 1 
2373 9 14 1 
1649 9 16 1 
1646 10 13 1 
1607 10 17 1 
1502 14 3 1 
1348 14 17 1 
1216 15 6 1 
1139 15 16 1 
947 16 15 1 
779 17 14 1 
733 0 10 1 
77 0 16 1 
62 1 17 1 
3727 9 15 1 
3381 10 14 1 
3260 10 16 1 
3242 13 3 1 
3239 13 17 1 
3120 14 4 1 
3119 14 6 1 
3000 14 16 1 
2932 15 5 1 
2784 15 15 1 
2556 16 14 1 
2538 0 11 1 
2126 0 15 1 
2091 1 10 1 
2012 1 16 1 
1847 2 17 1 
1826 10 5 1 
1784 10 15 1 
1758 11 14 1 
1496 11 16 1 
1353 12 3 1 
1246 13 4 1 
1157 13 16 1 
1138 14 5 1 
869 14 15 1 
841 15 14 1 
179 16 9 1 
123 16 13 1 
34 0 12 1 
22 0 14 1 
3357 1 11 1 
3091 1 15 1 
2944 2 10 1 
2760 2 16 1 
2632 3 17 1 
2588 5 17 1 
2185 10 6 1 
1092 11 5 1 
1005 11 15 1 
831 12 4 1 
771 12 16 1 
731 13 5 1 
611 13 13 1 
608 13 15 1 
422 14 14 1 
183 15 9 1 
3678 15 13 1 
3461 16 10 1 
3351 16 12 1 
3327 0 13 1 
3305 1 12 1 
3236 1 14 1 
3183 2 11 1 
3152 2 15 1 
2980 3 16 1 
2885 4 17 1 
2754 5 16 1 
2637 10 7 1 
2620 11 6 1 
2587 12 5 1 
2486 12 15 1 
2420 13 6 1 
2350 13 14 1 
2265 14 7 1 
2180 14 13 1 
2026 15 10 1 
1732 15 12 1 
1712 16 11 1 
1629 1 13 1 
1625 2 12 1 
1360 2 14 1 
1332 3 15 1 
945 4 16 1 
910 5 15 1 
569 6 14 1 
486 11 7 1 
259 12 6 1 
3593 12 14 1 
3513 13 7 1 
3323 14 8 1 
3276 14 12 1 
3169 15 11 1 
3132 0 9 1 
3079 2 13 1 
2832 3 14 1 
2324 4 15 1 
2063 5 14 1 
2051 12 7 1 
1886 12 13 1 
1725 13 8 1 
1693 13 12 1 
1584 14 9 1 
1561 14 11 1 
1535 0 8 1 
1272 1 9 1 
1241 3 13 1 
1199 4 14 1 
1170 11 13 1 
871 12 8 1 
665 12 12 1 
628 13 9 1 
437 13 11 1 
427 14 10 1 
339 0 7 1 
178 1 8 1 
25 2 9 1 
3638 3 12 1 
3428 4 13 1 
3277 6 13 1 
3048 7 12 1 
3045 11 12 1 
2988 12 9 1 
2950 12 11 1 
2689 13 10 1 
2524 1 7 1 
2117 2 6 1 
1795 2 8 1 
1677 3 11 1 
1674 4 12 1 
1627 5 13 1 
1497 6 12 1 
1390 7 11 1 
1060 11 11 1 
1052 12 10 1 
590 2 7 1 
506 3 6 1 
3663 3 10 1 
3661 4 11 1 
3634 5 12 1 
3600 6 11 1 
3457 7 0 1 
3418 10 11 1 
3071 11 0 1 
2948 11 10 1 
2829 3 7 1 
2459 3 9 1 
2440 4 6 1 
2372 4 10 1 
2318 5 11 1 
1865 7 1 1 
1856 8 0 1 
1755 9 11 1 
1632 10 0 1 
1566 10 10 1 
1457 11 1 1 
1225 11 9 1 
1197 3 8 1 
1194 4 7 1 
738 4 9 1 
308 5 10 1 
280 7 2 1 
189 8 1 1 
119 8 11 1 
3735 9 0 1 
3732 9 10 1 
3542 10 1 1 
3498 10 9 1 
3373 11 2 1 
3335 11 8 1 
2659 4 8 1 
1969 5 9 1 
1512 6 10 1 
1307 8 2 1 
1245 8 10 1 
848 9 1 1 
748 9 9 1 
683 10 2 1 
513 10 8 1 
286 11 3 1 
197 5 8 1 
185 6 9 1 
144 7 10 1 
3657 8 9 1 
3628 9 2 1 
3568 9 8 1 
3509 10 3 1 
3348 11 4 1 
2959 5 7 1 
2017 6 8 1 
1939 7 9 1 
1524 8 8 1 
1465 9 3 1 
1452 9 7 1 
1389 10 4 1 
1300 6 7 1 
1113 7 8 1 
1026 8 3 1 
962 8 7 1 
811 9 4 1 
555 9 6 1 
303 7 3 1 
264 7 7 1 
85 8 4 1 
3721 8 6 1 
3496 9 5 1 
3216 7 4 1 
2743 7 6 1 
2541 8 5 1 
2515 0 6 1 
1414 6 6 1 
1193 7 5 1 
1185 0 5 1 
1111 1 6 1 
703 5 6 1 
634 6 5 1 
456 0 4 1 
350 1 5 1 
95 5 5 1 
31 6 0 1 
3251 6 4 1 
3149 0 3 1 
2974 1 4 1 
2087 2 5 1 
1571 4 5 1 
1125 5 0 1 
1085 5 4 1 
941 6 1 1 
890 6 3 1 
386 1 3 1 
3488 2 4 1 
3005 3 5 1 
2555 4 0 1 
1961 4 4 1 
1533 5 1 1 
1365 5 3 1 
1274 6 2 1 
1064 2 3 1 
1033 3 4 1 
1011 4 1 1 
2746 4 3 1 
2125 5 2 1 
1994 0 2 1 
1120 3 3 1 
3601 4 2 1 
3592 0 1 1 
3508 1 2 1 
3477 3 2 1 
3297 0 0 1 
2435 1 1 1 
84 2 2 1 
2918 3 1 1 
2761 1 0 1 
2675 2 1 1 
2598 3 0 1 
1237 2 0 1 
1436 2 1 10 
395 1 1 11 
89 3 4 13 
167 5 2 12 
679 2 4 13 
797 5 1 13 
1640 1 4 14 
1172 10 3 16 
1303 4 9 18 
2397 8 1 18 
91 4 10 18 
2137 1 8 20 
1062 13 9 20 
2398 3 14 20 
2640 13 8 20 
561 1 13 21 
999 12 6 21 
1433 1 12 21 
2464 11 6 21 
3333 15 12 21 
3455 12 0 26 
3429 17 13 26 
3319 19 13 26 
3153 6 19 26 
3059 12 1 26 
2898 13 0 26 
2895 17 12 26 
2843 18 13 26 
2817 19 0 26 
2774 19 12 26 
2741 6 18 26 
2676 7 19 26 
2548 12 2 26 
2522 13 1 26 
2402 14 0 26 
2241 17 11 26 
2153 18 0 26 
1989 18 12 26 
1894 19 1 26 
1880 19 5 26 
1852 19 11 26 
1780 6 17 26 
1530 7 18 26 
1477 8 19 26 
1439 13 2 26 
1247 14 1 26 
1235 14 19 26 
1107 15 0 26 
1050 17 0 26 
964 17 10 26 
906 18 1 26 
864 18 5 26 
617 18 11 26 
294 19 2 26 
173 19 4 26 
136 19 10 26 
15 6 16 26 
3669 7 17 26 
3667 8 18 26 
3618 14 2 26 
3526 14 18 26 
3437 15 1 26 
3386 15 19 26 
3179 16 0 26 
3171 17 1 26 
2992 17 9 26 
2934 18 2 26 
2861 18 4 26 
2813 18 10 26 
2273 19 3 26 
2005 19 9 26 
1876 19 19 26 
1686 6 15 26 
1581 7 16 26 
1181 8 17 26 
1165 15 2 26 
720 15 18 26 
676 16 1 26 
672 16 19 26 
480 17 2 26 
180 18 3 26 
132 18 9 26 
124 18 19 26 
120 19 8 26 
3521 19 18 26 
3493 5 19 26 
3233 7 15 26 
3146 8 16 26 
3073 13 19 26 
2937 15 3 26 
2834 16 2 26 
2831 16 18 26 
2826 17 3 26 
2808 17 19 26 
2652 18 8 26 
2423 18 18 26 
2322 19 7 26 
2316 19 17 26 
2271 4 19 26 
2246 5 18 26 
2183 7 14 26 
2173 8 15 26 
1793 12 19 26 
1765 13 18 26 
1680 15 4 26 
1507 16 3 26 
1434 17 4 26 
1419 17 8 26 
1143 17 18 26 
984 18 7 26 
908 18 17 26 
895 19 6 26 
616 19 16 26 
575 3 19 26 
234 4 18 26 
218 7 13 26 
118 8 12 26 
70 8 14 26 
45 9 19 26 
37 11 19 26 
36 12 18 26 
3572 16 4 26 
3489 16 8 26 
3409 17 5 26 
3124 17 7 26 
3107 17 17 26 
2971 18 6 26 
2805 18 16 26 
2688 19 15 26 
2595 0 19 26 
2574 2 19 26 
2534 3 18 26 
2411 8 13 26 
2269 9 12 26 
2069 9 18 26 
1586 10 19 26 
1474 11 18 26 
1354 12 17 26 
1290 15 8 26 
1277 16 5 26 
1079 16 7 26 
997 16 17 26 
881 17 6 26 
769 17 16 26 
507 18 15 26 
484 19 14 26 
434 0 18 26 
410 1 19 26 
368 2 18 26 
207 9 13 26 
33 9 17 26 
28 10 12 26 
3722 10 18 26 
3579 11 17 26 
3565 15 7 26 
3289 15 17 26 
3103 16 6 26 
2989 16 16 26 
2906 17 15 26 
2755 18 14 26 
2575 0 17 26 
2566 1 18 26 
2508 9 14 26 
2487 9 16 26 
2363 10 13 26 
1683 10 17 26 
1635 14 3 26 
1589 14 17 26 
1448 15 6 26 
1243 15 16 26 
1236 16 15 26 
1116 17 14 26 
986 0 10 26 
930 0 16 26 
535 1 17 26 
231 9 15 26 
182 10 14 26 
172 10 16 26 
65 13 3 26 
3406 13 17 26 
3334 14 4 26 
3172 14 6 26 
3014 14 16 26 
2882 15 5 26 
2742 15 15 26 
2210 16 14 26 
2170 0 11 26 
2163 0 15 26 
1881 1 10 26 
1783 1 16 26 
1302 2 17 26 
1182 10 5 26 
1119 10 15 26 
1078 11 14 26 
1031 11 16 26 
924 12 3 26 
923 13 4 26 
790 13 16 26 
766 14 5 26 
755 14 15 26 
691 15 14 26 
565 16 9 26 
444 16 13 26 
415 0 12 26 
255 0 14 26 
97 1 11 26 
3636 1 15 26 
3315 2 10 26 
3077 2 16 26 
2965 3 17 26 
2871 5 17 26 
2753 10 6 26 
2490 11 5 26 
2473 11 15 26 
2441 12 4 26 
2356 12 16 26 
2202 13 5 26 
2103 13 13 26 
1763 13 15 26 
1322 14 14 26 
1100 15 9 26 
870 15 13 26 
689 16 10 26 
636 16 12 26 
295 0 13 26 
290 1 12 26 
166 1 14 26 
143 2 11 26 
3660 2 15 26 
3530 3 16 26 
3520 4 17 26 
3469 5 16 26 
3159 10 7 26 
2913 11 6 26 
2641 12 5 26 
2448 12 15 26 
2380 13 6 26 
2300 13 14 26 
2089 14 7 26 
2076 14 13 26 
1641 15 10 26 
839 15 12 26 
773 16 11 26 
282 1 13 26 
270 2 12 26 
221 2 14 26 
19 3 15 26 
3360 4 16 26 
3034 5 15 26 
2951 6 14 26 
2758 11 7 26 
2601 12 6 26 
2554 12 14 26 
2427 13 7 26 
2310 14 8 26 
2297 14 12 26 
2277 15 11 26 
2152 0 9 26 
2136 2 13 26 
1861 3 14 26 
1749 4 15 26 
1638 5 14 26 
1531 12 7 26 
1095 12 13 26 
1083 13 8 26 
1075 13 12 26 
998 14 9 26 
927 14 11 26 
736 0 8 26 
732 1 9 26 
498 3 13 26 
169 4 14 26 
3559 11 13 26 
3532 12 8 26 
3467 12 12 26 
3273 13 9 26 
3081 13 11 26 
2701 14 10 26 
2570 0 7 26 
2413 1 8 26 
2133 2 9 26 
2115 3 12 26 
1942 4 13 26 
1869 6 13 26 
1655 7 12 26 
1375 11 12 26 
1356 12 9 26 
1325 12 11 26 
1196 13 10 26 
1084 1 7 26 
1034 2 6 26 
1021 2 8 26 
837 3 11 26 
762 4 12 26 
599 5 13 26 
428 6 12 26 
156 7 11 26 
3576 11 11 26 
3552 12 10 26 
3365 2 7 26 
2890 3 6 26 
2816 3 10 26 
2718 4 11 26 
2712 5 12 26 
2489 6 11 26 
2400 7 0 26 
2375 10 11 26 
2223 11 0 26 
2095 11 10 26 
1931 3 7 26 
1815 3 9 26 
1772 4 6 26 
1352 4 10 26 
1321 5 11 26 
1260 7 1 26 
1118 8 0 26 
1038 9 11 26 
812 10 0 26 
778 10 10 26 
572 11 1 26 
3605 11 9 26 
3279 3 8 26 
2984 4 7 26 
2981 4 9 26 
2920 5 10 26 
2656 7 2 26 
2255 8 1 26 
2165 8 11 26 
1811 9 0 26 
1720 9 10 26 
1483 10 1 26 
1150 10 9 26 
1020 11 2 26 
816 11 8 26 
795 4 8 26 
571 5 9 26 
367 6 10 26 
363 8 2 26 
246 8 10 26 
194 9 1 26 
44 9 9 26 
3695 10 2 26 
3694 10 8 26 
3642 11 3 26 
3136 5 8 26 
2207 6 9 26 
1840 7 10 26 
1466 8 9 26 
1316 9 2 26 
1156 9 8 26 
902 10 3 26 
792 11 4 26 
239 5 7 26 
46 6 8 26 
3586 7 9 26 
3453 8 8 26 
2802 9 3 26 
2798 9 7 26 
2775 10 4 26 
2740 6 7 26 
2720 7 8 26 
2507 8 3 26 
2494 8 7 26 
2437 9 4 26 
2405 9 6 26 
2242 7 3 26 
2236 7 7 26 
1992 8 4 26 
1229 8 6 26 
1203 9 5 26 
802 7 4 26 
788 7 6 26 
306 8 5 26 
110 0 6 26 
3278 6 6 26 
2648 7 5 26 
2010 0 5 26 
1816 1 6 26 
1703 5 6 26 
1035 6 5 26 
164 0 4 26 
3556 1 5 26 
3220 5 5 26 
2790 6 0 26 
2715 6 4 26 
2452 0 3 26 
1620 1 4 26 
1603 2 5 26 
1349 4 5 26 
1292 5 0 26 
1228 5 4 26 
752 6 1 26 
707 6 3 26 
546 1 3 26 
3350 2 4 26 
3219 3 5 26 
2963 4 0 26 
2660 4 4 26 
2319 5 1 26 
1885 5 3 26 
1711 6 2 26 
1657 2 3 26 
1631 3 4 26 
1609 4 1 26 
1587 4 3 26 
1421 5 2 26 
1140 0 2 26 
296 3 3 26 
177 4 2 26 
3391 0 1 26 
3228 1 2 26 
1520 3 2 26 
1409 0 0 26 
1220 1 1 26 
359 2 2 26 
3374 3 1 26 
2261 1 0 26 
1692 2 1 26 
1016 3 0 26 
798 2 0 26 
1066 2 1 35 
1177 1 1 36 
2877 3 4 37 
2298 5 2 37 
511 2 4 37 
1231 5 1 37 
2481 1 4 38 
3410 10 3 41 
2584 4 9 42 
3713 8 1 42 
1459 4 10 43 
2881 1 8 44 
313 13 9 44 
804 3 14 45 
1709 13 8 45 
2642 1 13 46 
3249 12 6 45 
656 1 12 47 
750 11 6 46 
2213 15 12 46 
3375 12 0 51 
3111 17 13 51 
2535 19 13 51 
2348 6 19 51 
2342 12 1 51 
2064 13 0 51 
1832 17 12 51 
1708 18 13 51 
1643 19 0 51 
1604 19 12 51 
1580 6 18 51 
1547 7 19 51 
1519 12 2 51 
1435 13 1 51 
1059 14 0 51 
928 17 11 51 
857 18 0 51 
654 18 12 51 
578 19 1 51 
458 19 5 51 
236 19 11 51 
3665 6 17 51 
3569 7 18 51 
3562 8 19 51 
3122 13 2 51 
2933 14 1 51 
2794 14 19 51 
2700 15 0 51 
2501 17 0 51 
2387 17 10 51 
2230 18 1 51 
2116 18 5 51 
2082 18 11 51 
1912 19 2 51 
1808 19 4 51 
1798 19 10 51 
1776 6 16 51 
1729 7 17 51 
1715 8 18 51 
1471 14 2 51 
1094 14 18 51 
658 15 1 51 
649 15 19 51 
601 16 0 51 
551 17 1 51 
490 17 9 51 
469 18 2 51 
391 18 4 51 
378 18 10 51 
351 19 3 51 
346 19 9 51 
328 19 19 51 
299 6 15 51 
279 7 16 51 
3703 8 17 51 
3535 15 2 51 
3431 15 18 51 
3301 16 1 51 
2894 16 19 51 
2633 17 2 51 
2586 18 3 51 
2503 18 9 51 
2360 18 19 51 
2166 19 8 51 
2057 19 18 51 
1999 5 19 51 
1975 7 15 51 
1707 8 16 51 
1427 13 19 51 
1343 15 3 51 
1337 16 2 51 
1269 16 18 51 
944 17 3 51 
729 17 19 51 
587 18 8 51 
523 18 18 51 
493 19 7 51 
479 19 17 51 
126 4 19 51 
3689 5 18 51 
3676 7 14 51 
3655 8 15 51 
3546 12 19 51 
3435 13 18 51 
3317 15 4 51 
3250 16 3 51 
3125 17 4 51 
3028 17 8 51 
2887 17 18 51 
2804 18 7 51 
2617 18 17 51 
2593 19 6 51 
2546 19 16 51 
2504 3 19 51 
2328 4 18 51 
2257 7 13 51 
2189 8 12 51 
2184 8 14 51 
2098 9 19 51 
1991 11 19 51 
1956 12 18 51 
1610 16 4 51 
1213 16 8 51 
1206 17 5 51 
1202 17 7 51 
1188 17 17 51 
1043 18 6 51 
880 18 16 51 
780 19 15 51 
566 0 19 51 
515 2 19 51 
508 3 18 51 
429 8 13 51 
403 9 12 51 
147 9 18 51 
146 10 19 51 
3550 11 18 51 
3363 12 17 51 
3320 15 8 51 
3257 16 5 51 
3202 16 7 51 
3078 16 17 51 
3065 17 6 51 
2977 17 16 51 
2857 18 15 51 
2698 19 14 51 
2325 0 18 51 
2080 1 19 51 
2034 2 18 51 
1890 9 13 51 
1873 9 17 51 
1821 10 12 51 
1752 10 18 51 
1582 11 17 51 
1506 15 7 51 
1492 15 17 51 
1406 16 6 51 
1089 16 16 51 
949 17 15 51 
753 18 14 51 
137 0 17 51 
3207 1 18 51 
2986 9 14 51 
2880 9 16 51 
2795 10 13 51 
2726 10 17 51 
2143 14 3 51 
1982 14 17 51 
1722 15 6 51 
1611 15 16 51 
1135 16 15 51 
931 17 14 51 
925 0 10 51 
850 0 16 51 
420 1 17 51 
129 9 15 51 
73 10 14 51 
3553 10 16 51 
3463 13 3 51 
3449 13 17 51 
3252 14 4 51 
3113 14 6 51 
2941 14 16 51 
2782 15 5 51 
2597 15 15 51 
2475 16 14 51 
2345 0 11 51 
2209 0 15 51 
2158 1 10 51 
2154 1 16 51 
2054 2 17 51 
2030 10 5 51 
2025 10 15 51 
1824 11 14 51 
1817 11 16 51 
1740 12 3 51 
1616 13 4 51 
1294 13 16 51 
1030 14 5 51 
885 14 15 51 
847 15 14 51 
820 16 9 51 
818 16 13 51 
640 0 12 51 
492 0 14 51 
485 1 11 51 
472 1 15 51 
435 2 10 51 
398 2 16 51 
397 3 17 51 
66 5 17 51 
3537 10 6 51 
3343 11 5 51 
3238 11 15 51 
3213 12 4 51 
3206 12 16 51 
2557 13 5 51 
2422 13 13 51 
2410 13 15 51 
2275 14 14 51 
2084 15 9 51 
1929 15 13 51 
1724 16 10 51 
1723 16 12 51 
1495 0 13 51 
1204 1 12 51 
1158 1 14 51 
1109 2 11 51 
1054 2 15 51 
967 3 16 51 
726 4 17 51 
673 5 16 51 
644 10 7 51 
74 11 6 51 
3685 12 5 51 
3659 12 15 51 
3637 13 6 51 
3595 13 14 51 
3591 14 7 51 
3423 14 13 51 
3197 15 10 51 
2969 15 12 51 
2870 16 11 51 
2749 1 13 51 
2589 2 12 51 
2558 2 14 51 
2466 3 15 51 
2368 4 16 51 
1965 5 15 51 
1960 6 14 51 
1651 11 7 51 
1379 12 6 51 
1367 12 14 51 
1329 13 7 51 
1301 14 8 51 
1191 14 12 51 
1166 15 11 51 
1093 0 9 51 
1055 2 13 51 
993 3 14 51 
935 4 15 51 
882 5 14 51 
761 12 7 51 
685 12 13 51 
396 13 8 51 
324 13 12 51 
10 14 9 51 
7 14 11 51 
3597 0 8 51 
3369 1 9 51 
3204 3 13 51 
3141 4 14 51 
2763 11 13 51 
2610 12 8 51 
2609 12 12 51 
2484 13 9 51 
2279 13 11 51 
2199 14 10 51 
2119 0 7 51 
2002 1 8 51 
1995 2 9 51 
1766 3 12 51 
1663 4 13 51 
1388 6 13 51 
872 7 12 51 
842 11 12 51 
741 12 9 51 
719 12 11 51 
647 13 10 51 
638 1 7 51 
63 2 6 51 
12 2 8 51 
3623 3 11 51 
3619 4 12 51 
3617 5 13 51 
3514 6 12 51 
3261 7 11 51 
3145 11 11 51 
2943 12 10 51 
2625 2 7 51 
2462 3 6 51 
2142 3 10 51 
2008 4 11 51 
1664 5 12 51 
1472 6 11 51 
1404 7 0 51 
1400 10 11 51 
989 11 0 51 
913 11 10 51 
810 3 7 51 
585 3 9 51 
448 4 6 51 
272 4 10 51 
3616 5 11 51 
3198 7 1 51 
2735 8 0 51 
2299 9 11 51 
2282 10 0 51 
1962 10 10 51 
1955 11 1 51 
1442 11 9 51 
1195 3 8 51 
1154 4 7 51 
1141 4 9 51 
959 5 10 51 
951 7 2 51 
823 8 1 51 
697 8 11 51 
586 9 0 51 
460 9 10 51 
370 10 1 51 
369 10 9 51 
55 11 2 51 
3400 11 8 51 
3379 4 8 51 
3353 5 9 51 
2602 6 10 51 
2382 8 2 51 
2347 8 10 51 
2285 9 1 51 
1996 9 9 51 
1893 10 2 51 
1837 10 8 51 
1794 11 3 51 
1645 5 8 51 
1557 6 9 51 
1538 7 10 51 
988 8 9 51 
441 9 2 51 
373 9 8 51 
53 10 3 51 
3728 11 4 51 
3407 5 7 51 
3042 6 8 51 
3019 7 9 51 
2748 8 8 51 
2327 9 3 51 
2211 9 7 51 
1843 10 4 51 
1319 6 7 51 
1068 7 8 51 
1032 8 3 51 
907 8 7 51 
159 9 4 51 
3440 9 6 51 
3088 7 3 51 
3044 7 7 51 
2528 8 4 51 
2371 8 6 51 
2227 9 5 51 
2171 7 4 51 
1884 7 6 51 
1297 8 5 51 
985 0 6 51 
594 6 6 51 
548 7 5 51 
510 0 5 51 
446 1 6 51 
421 5 6 51 
358 6 5 51 
298 0 4 51 
3706 1 5 51 
3613 5 5 51 
3495 6 0 51 
3340 6 4 51 
3302 0 3 51 
3135 1 4 51 
2839 2 5 51 
2727 4 5 51 
2480 5 0 51 
2396 5 4 51 
2085 6 1 51 
1874 6 3 51 
1528 1 3 51 
1499 2 4 51 
994 3 5 51 
822 4 0 51 
715 4 4 51 
612 5 1 51 
223 5 3 51 
3681 6 2 51 
3361 2 3 51 
3259 3 4 51 
2162 4 1 51 
2043 4 3 51 
1934 5 2 51 
1842 0 2 51 
1287 3 3 51 
621 4 2 51 
3682 0 1 51 
3680 1 2 51 
3331 3 2 51 
3248 0 0 51 
1242 1 1 51 
887 2 2 51 
1806 3 1 51 
1704 1 0 51 
1684 2 1 51 
1296 3 0 51 
405 2 0 51 
1974 2 1 60 
2383 1 1 61 
131 3 4 62 
3575 5 2 62 
723 2 4 63 
3458 5 1 63 
103 1 4 63 
24 10 3 66 
2693 4 9 67 
3200 8 1 67 
613 4 10 68 
1925 1 8 69 
730 13 9 69 
618 3 14 70 
1286 13 8 70 
3217 1 13 70 
3487 12 6 70 
100 1 12 71 
199 11 6 71 
1486 15 12 70 
1915 1 11 72 
2738 2 16 72 
64 1 16 72 
957 13 4 72 
2113 14 15 72 
2603 15 15 72 
3656 10 18 74 
3596 12 0 76 
3347 17 13 76 
3307 19 13 76 
2999 6 19 76 
2960 12 1 76 
2899 13 0 76 
2661 17 12 76 
2565 18 13 76 
2341 19 0 76 
2127 19 12 76 
1951 6 18 76 
1892 7 19 76 
1768 12 2 76 
1666 13 1 76 
1656 14 0 76 
1539 17 11 76 
1386 18 0 76 
1168 18 12 76 
1007 19 1 76 
932 19 5 76 
856 19 11 76 
609 6 17 76 
574 7 18 76 
504 8 19 76 
503 13 2 76 
3578 14 1 76 
3413 14 19 76 
3271 15 0 76 
3038 17 0 76 
2991 17 10 76 
2975 18 1 76 
2972 18 5 76 
2771 18 11 76 
2680 19 2 76 
2653 19 4 76 
2447 19 10 76 
2415 6 16 76 
2314 7 17 76 
2187 8 18 76 
1854 14 2 76 
1822 14 18 76 
1691 15 1 76 
1568 15 19 76 
1503 16 0 76 
1454 17 1 76 
1420 17 9 76 
983 18 2 76 
866 18 4 76 
851 18 10 76 
661 19 3 76 
604 19 9 76 
559 19 19 76 
337 6 15 76 
3724 7 16 76 
3677 8 17 76 
3635 15 2 76 
3622 15 18 76 
3607 16 1 76 
3604 16 19 76 
3524 17 2 76 
3522 18 3 76 
3366 18 9 76 
3346 18 19 76 
3291 19 8 76 
3231 19 18 76 
3208 5 19 76 
3139 7 15 76 
3116 8 16 76 
2912 13 19 76 
2670 15 3 76 
2612 16 2 76 
2594 16 18 76 
2567 17 3 76 
2530 17 19 76 
2288 18 8 76 
2251 18 18 76 
2067 19 7 76 
1769 19 17 76 
1630 4 19 76 
1393 5 18 76 
1381 7 14 76 
1327 8 15 76 
1255 12 19 76 
1217 13 18 76 
1161 15 4 76 
929 16 3 76 
861 17 4 76 
806 17 8 76 
777 17 18 76 
630 18 7 76 
629 18 17 76 
404 19 6 76 
366 19 16 76 
341 3 19 76 
3717 4 18 76 
3545 7 13 76 
3430 8 12 76 
3316 8 14 76 
3214 9 19 76 
3142 11 19 76 
3121 12 18 76 
2936 16 4 76 
2850 16 8 76 
2671 17 5 76 
2533 17 7 76 
2531 17 17 76 
2168 18 6 76 
2138 18 16 76 
2050 19 15 76 
2009 0 19 76 
1924 2 19 76 
1917 3 18 76 
1849 8 13 76 
1746 9 12 76 
1701 9 18 76 
1317 10 19 76 
1278 11 18 76 
1137 12 17 76 
1115 15 8 76 
1073 16 5 76 
1070 16 7 76 
846 16 17 76 
835 17 6 76 
678 17 16 76 
652 18 15 76 
512 19 14 76 
375 0 18 76 
184 1 19 76 
35 2 18 76 
3693 9 13 76 
3432 9 17 76 
3388 10 12 76 
3237 10 18 76 
3194 11 17 76 
2945 15 7 76 
2855 15 17 76 
2835 16 6 76 
2778 16 16 76 
2583 17 15 76 
2358 18 14 76 
2239 0 17 76 
2093 1 18 76 
1959 9 14 76 
1954 9 16 76 
1835 10 13 76 
1771 10 17 76 
1675 14 3 76 
1642 14 17 76 
1556 15 6 76 
1411 15 16 76 
1268 16 15 76 
1071 17 14 76 
1057 0 10 76 
1041 0 16 76 
1036 1 17 76 
826 9 15 76 
534 10 14 76 
412 10 16 76 
309 13 3 76 
11 13 17 76 
3494 14 4 76 
3371 14 6 76 
3298 14 16 76 
3093 15 5 76 
3041 15 15 76 
2928 16 14 76 
2788 0 11 76 
2636 0 15 76 
2498 1 10 76 
2317 1 16 76 
2235 2 17 76 
2035 10 5 76 
2021 10 15 76 
1831 11 14 76 
1612 11 16 76 
1565 12 3 76 
1498 13 4 76 
1473 13 16 76 
1470 14 5 76 
1468 14 15 76 
1415 15 14 76 
888 16 9 76 
877 16 13 76 
805 0 12 76 
763 0 14 76 
716 1 11 76 
536 1 15 76 
525 2 10 76 
318 2 16 76 
214 3 17 76 
3582 5 17 76 
3310 10 6 76 
3308 11 5 76 
3205 11 15 76 
3182 12 4 76 
3138 12 16 76 
2719 13 5 76 
2461 13 13 76 
2426 13 15 76 
2287 14 14 76 
2123 15 9 76 
2121 15 13 76 
1855 16 10 76 
1828 16 12 76 
1706 0 13 76 
1438 1 12 76 
1398 1 14 76 
1338 2 11 76 
1259 2 15 76 
1238 3 16 76 
1205 4 17 76 
829 5 16 76 
808 10 7 76 
770 11 6 76 
768 12 5 76 
643 12 15 76 
567 13 6 76 
425 13 14 76 
411 14 7 76 
252 14 13 76 
208 15 10 76 
8 15 12 76 
3266 16 11 76 
3033 1 13 76 
2799 2 12 76 
2703 2 14 76 
2446 3 15 76 
2307 4 16 76 
2301 5 15 76 
2243 6 14 76 
2151 11 7 76 
2024 12 6 76 
2022 12 14 76 
1829 13 7 76 
1754 14 8 76 
1721 14 12 76 
1702 15 11 76 
1248 0 9 76 
995 2 13 76 
625 3 14 76 
588 4 15 76 
487 5 14 76 
3 12 7 76 
3531 12 13 76 
3354 13 8 76 
3282 13 12 76 
3022 14 9 76 
2781 14 11 76 
2736 0 8 76 
2406 1 9 76 
2366 3 13 76 
2240 4 14 76 
1801 11 13 76 
1731 12 8 76 
1408 12 12 76 
1058 13 9 76 
701 13 11 76 
670 14 10 76 
319 0 7 76 
3710 1 8 76 
3511 2 9 76 
3425 3 12 76 
3221 4 13 76 
3051 6 13 76 
2964 7 12 76 
2744 11 12 76 
2408 12 9 76 
2364 12 11 76 
1926 13 10 76 
1882 1 7 76 
1878 2 6 76 
1671 2 8 76 
1509 3 11 76 
1090 4 12 76 
952 5 13 76 
889 6 12 76 
765 7 11 76 
620 11 11 76 
529 12 10 76 
87 2 7 76 
3589 3 6 76 
3583 3 10 76 
3551 4 11 76 
3506 5 12 76 
3460 6 11 76 
3358 7 0 76 
3355 10 11 76 
3008 11 0 76 
2647 11 10 76 
2564 3 7 76 
2386 3 9 76 
2381 4 6 76 
2190 4 10 76 
1872 5 11 76 
1812 7 1 76 
1733 8 0 76 
1637 9 11 76 
1525 10 0 76 
1306 10 10 76 
799 11 1 76 
595 11 9 76 
517 3 8 76 
212 4 7 76 
18 4 9 76 
3666 5 10 76 
3408 7 2 76 
3126 8 1 76 
2973 8 11 76 
2955 9 0 76 
2939 9 10 76 
2889 10 1 76 
2732 10 9 76 
2697 11 2 76 
2651 11 8 76 
2580 4 8 76 
2176 5 9 76 
2132 6 10 76 
2073 8 2 76 
1834 8 10 76 
1827 9 1 76 
1608 9 9 76 
1384 10 2 76 
1051 10 8 76 
1047 11 3 76 
899 5 8 76 
196 6 9 76 
3481 7 10 76 
2998 8 9 76 
2931 9 2 76 
2879 9 8 76 
2478 10 3 76 
2474 11 4 76 
2343 5 7 76 
2278 6 8 76 
2253 7 9 76 
2219 8 8 76 
1918 9 3 76 
1841 9 7 76 
1710 10 4 76 
1331 6 7 76 
1112 7 8 76 
1106 8 3 76 
1048 8 7 76 
991 9 4 76 
958 9 6 76 
449 7 3 76 
3577 7 7 76 
3412 8 4 76 
3342 8 6 76 
3215 9 5 76 
2599 7 4 76 
2500 7 6 76 
2395 8 5 76 
2225 0 6 76 
2102 6 6 76 
2020 7 5 76 
1072 0 5 76 
894 1 6 76 
784 5 6 76 
653 6 5 76 
580 0 4 76 
540 1 5 76 
229 5 5 76 
112 6 0 76 
3178 6 4 76 
2613 0 3 76 
2389 1 4 76 
2289 2 5 76 
2044 4 5 76 
1373 5 0 76 
1077 5 4 76 
684 6 1 76 
206 6 3 76 
2705 1 3 76 
2238 2 4 76 
1171 3 5 76 
1042 4 0 76 
992 4 4 76 
651 5 1 76 
481 5 3 76 
99 6 2 76 
30 2 3 76 
3549 3 4 76 
3293 4 1 76 
2274 4 3 76 
2191 5 2 76 
1429 0 2 76 
852 3 3 76 
807 4 2 76 
714 0 1 76 
389 1 2 76 
1699 3 2 76 
1624 0 0 76 
1394 1 1 76 
1304 2 2 76 
433 3 1 76 
2777 1 0 76 
2488 2 1 76 
2471 3 0 76 
2109 2 0 76 
354 2 1 85 
1010 1 1 86 
592 3 4 87 
1864 5 2 87 
2149 2 4 88 
2182 5 1 88 
3566 1 4 89 
3692 10 3 91 
152 4 9 93 
417 8 1 92 
686 4 10 93 
301 1 8 94 
1314 13 9 95 
3483 3 14 96 
886 13 8 95 
1567 1 13 96 
2267 12 6 96 
2465 1 12 97 
3230 11 6 97 
