1876
4049 0 19 1 
4030 0 12 1 
4009 0 18 1 
3854 1 19 1 
3214 7 19 1 
3075 0 13 1 
2979 0 17 1 
2581 1 12 1 
2501 1 18 1 
2203 2 19 1 
2147 6 19 1 
1908 7 18 1 
1878 0 14 1 
1871 0 16 1 
1817 1 13 1 
1739 1 17 1 
1727 2 12 1 
1480 2 18 1 
1463 3 19 1 
1386 5 19 1 
1187 6 18 1 
1167 7 17 1 
1148 0 15 1 
1067 1 14 1 
871 1 16 1 
465 2 13 1 
452 2 17 1 
388 3 12 1 
308 3 18 1 
296 4 19 1 
276 5 18 1 
140 6 17 1 
3978 7 16 1 
3856 1 15 1 
3839 2 14 1 
3749 2 16 1 
3411 3 13 1 
3410 3 17 1 
3127 4 12 1 
3069 4 18 1 
2823 5 17 1 
2775 6 16 1 
2700 2 15 1 
2669 3 14 1 
2449 3 16 1 
2388 4 13 1 
2002 4 17 1 
1943 5 12 1 
1764 5 16 1 
1696 3 15 1 
1670 4 14 1 
1626 4 16 1 
1519 5 13 1 
1469 6 12 1 
1434 4 15 1 
1374 5 14 1 
937 6 13 1 
865 7 12 1 
780 5 15 1 
419 6 14 1 
326 7 13 1 
212 8 12 1 
120 6 15 1 
115 7 14 1 
32 8 13 1 
4450 9 12 1 
4381 7 15 1 
4340 8 14 1 
4250 9 13 1 
3759 10 12 1 
3646 12 12 1 
3501 8 15 1 
3440 8 19 1 
3382 9 14 1 
3242 10 13 1 
3119 11 12 1 
3057 12 13 1 
2773 8 16 1 
2732 8 18 1 
2704 9 15 1 
2665 9 19 1 
2592 10 14 1 
2564 11 13 1 
1612 12 14 1 
1488 8 17 1 
1476 9 16 1 
1345 9 18 1 
1319 10 15 1 
1283 10 19 1 
1249 11 14 1 
1198 9 17 1 
1045 10 16 1 
989 10 18 1 
810 11 15 1 
646 11 19 1 
587 10 17 1 
551 11 16 1 
221 11 18 1 
35 12 19 1 
4382 11 17 1 
4328 12 18 1 
4306 13 19 1 
4264 19 19 1 
4185 12 17 1 
4034 13 18 1 
3968 14 19 1 
3797 18 19 1 
3729 19 18 1 
3226 12 16 1 
3159 13 17 1 
3038 14 18 1 
2737 15 19 1 
2684 17 19 1 
2444 18 18 1 
2317 19 17 1 
2257 12 15 1 
2240 13 16 1 
2091 14 17 1 
2062 15 18 1 
1867 16 19 1 
1704 17 18 1 
1484 18 17 1 
1362 19 16 1 
1066 13 15 1 
994 14 16 1 
768 15 17 1 
528 16 18 1 
489 17 17 1 
468 18 16 1 
376 19 15 1 
4406 13 0 1 
4119 13 14 1 
4060 14 15 1 
3936 15 16 1 
3813 16 17 1 
3762 17 16 1 
3416 18 15 1 
3298 19 0 1 
3219 19 14 1 
2929 13 1 1 
2656 13 13 1 
2238 14 0 1 
2178 14 14 1 
2013 15 15 1 
1861 16 16 1 
1860 17 15 1 
1806 18 0 1 
1733 18 14 1 
1126 19 1 1 
1124 19 13 1 
898 13 2 1 
284 14 1 1 
163 14 13 1 
62 15 0 1 
4590 15 14 1 
4313 16 15 1 
4307 17 0 1 
4165 17 14 1 
3996 18 1 1 
3802 18 13 1 
3769 19 2 1 
3663 19 12 1 
3496 13 3 1 
3367 14 2 1 
3215 15 1 1 
2953 15 13 1 
2764 16 0 1 
2713 16 14 1 
2556 17 1 1 
2541 17 13 1 
2539 18 2 1 
2491 18 12 1 
2387 19 3 1 
2342 19 11 1 
2075 13 4 1 
2063 14 3 1 
1805 15 2 1 
1773 16 1 1 
1491 16 13 1 
1420 17 2 1 
1412 17 12 1 
1314 18 3 1 
1225 18 11 1 
1122 19 4 1 
912 19 10 1 
831 8 0 1 
817 14 4 1 
798 15 3 1 
643 16 2 1 
625 16 12 1 
589 17 3 1 
571 17 11 1 
92 18 4 1 
4610 18 10 1 
4401 19 5 1 
4196 19 9 1 
4122 8 1 1 
4099 9 0 1 
4079 15 4 1 
3549 15 12 1 
3037 16 3 1 
2945 16 11 1 
2382 17 4 1 
2191 17 10 1 
2148 18 5 1 
2011 18 9 1 
1594 19 6 1 
1550 19 8 1 
1346 8 2 1 
1304 9 1 1 
1284 10 0 1 
1181 12 0 1 
1096 14 12 1 
1015 15 11 1 
751 16 4 1 
525 16 10 1 
415 17 5 1 
119 17 9 1 
4595 18 6 1 
4582 18 8 1 
4559 19 7 1 
4426 8 3 1 
4410 9 2 1 
4287 10 1 1 
3991 11 0 1 
3990 12 1 1 
3584 13 12 1 
3575 14 11 1 
3505 15 10 1 
3429 16 5 1 
3418 16 9 1 
3376 17 6 1 
2981 17 8 1 
2952 18 7 1 
2768 8 4 1 
2507 9 3 1 
2481 10 2 1 
2346 11 1 1 
2206 12 2 1 
1807 13 11 1 
1731 14 10 1 
1560 15 5 1 
1139 15 9 1 
1054 16 6 1 
918 16 8 1 
686 17 7 1 
549 8 5 1 
354 9 4 1 
174 10 3 1 
96 11 2 1 
4600 12 3 1 
4557 12 11 1 
4477 13 10 1 
4275 14 5 1 
4175 14 9 1 
4115 15 6 1 
4080 15 8 1 
3956 16 7 1 
3727 8 6 1 
3368 9 5 1 
3234 10 4 1 
3126 11 3 1 
2780 11 11 1 
2772 12 4 1 
2573 12 10 1 
2347 13 5 1 
2039 13 9 1 
1998 14 6 1 
1864 14 8 1 
1649 15 7 1 
1577 9 6 1 
1507 10 5 1 
1494 10 11 1 
1376 11 4 1 
1300 11 10 1 
816 12 5 1 
80 12 9 1 
4521 13 6 1 
4407 13 8 1 
4373 14 7 1 
4303 9 11 1 
3902 10 6 1 
3723 10 10 1 
3558 11 5 1 
3452 11 9 1 
3421 12 6 1 
3090 12 8 1 
2900 13 7 1 
2662 8 11 1 
2657 9 10 1 
2627 10 9 1 
2310 11 6 1 
1982 11 8 1 
1819 12 7 1 
1800 7 11 1 
1781 8 10 1 
1737 9 9 1 
1608 10 8 1 
1395 11 7 1 
1258 6 11 1 
720 7 10 1 
709 8 9 1 
700 9 8 1 
398 10 7 1 
294 5 11 1 
265 6 10 1 
29 7 9 1 
4503 8 8 1 
4246 9 7 1 
4139 0 11 1 
3838 4 11 1 
3525 5 10 1 
3258 6 9 1 
2897 7 8 1 
2640 8 7 1 
2568 0 10 1 
2530 1 11 1 
2503 3 11 1 
1959 4 10 1 
1305 5 9 1 
1239 6 8 1 
1226 7 7 1 
610 0 9 1 
253 1 10 1 
154 2 11 1 
98 3 10 1 
4348 4 9 1 
4016 5 8 1 
3922 6 7 1 
3870 0 8 1 
3224 1 9 1 
2742 2 10 1 
2593 3 9 1 
2540 4 8 1 
2189 5 7 1 
2179 0 7 1 
1854 1 8 1 
1783 2 9 1 
1267 3 8 1 
1011 4 7 1 
773 0 6 1 
2909 1 7 1 
2835 2 8 1 
2791 3 7 1 
2734 0 5 1 
2707 1 6 1 
2506 2 7 1 
1988 7 6 1 
1762 0 4 1 
824 1 5 1 
673 2 6 1 
503 6 6 1 
472 7 5 1 
462 0 3 1 
4351 1 4 1 
4341 2 5 1 
3880 3 6 1 
3753 5 6 1 
3748 6 5 1 
3467 7 4 1 
3396 0 2 1 
3054 1 3 1 
3030 2 4 1 
2504 3 5 1 
2413 4 6 1 
2328 5 5 1 
2320 6 4 1 
2304 0 1 1 
2291 1 2 1 
1989 2 3 1 
1830 3 4 1 
3966 4 5 1 
3700 5 4 1 
3690 0 0 1 
3036 1 1 1 
2971 2 2 1 
2970 3 3 1 
2853 4 4 1 
2792 7 3 1 
2575 1 0 1 
2467 2 1 1 
2180 3 2 1 
1681 4 3 1 
1377 6 3 1 
1072 7 2 1 
888 2 0 1 
794 3 1 1 
161 4 2 1 
4204 5 3 1 
4108 6 2 1 
3943 7 1 1 
3914 3 0 1 
3007 4 1 1 
1350 5 2 1 
967 6 1 1 
3707 7 0 1 
2836 4 0 1 
3557 5 1 1 
1503 6 0 1 
1385 5 0 1 
2919 5 1 11 
1064 4 1 13 
4106 5 2 13 
538 6 1 13 
1084 3 1 14 
1282 4 2 14 
1529 6 2 13 
2389 2 1 14 
3766 3 2 14 
14 1 1 14 
1212 2 2 14 
1241 3 3 14 
2944 1 2 15 
3066 2 3 15 
3391 4 5 14 
432 1 3 15 
1342 5 5 15 
2067 1 4 15 
3776 6 5 15 
677 1 5 16 
1043 1 6 16 
1173 1 7 16 
1814 2 8 16 
968 1 8 17 
1210 2 9 17 
1808 3 8 17 
1980 1 9 17 
2972 2 10 17 
3180 3 9 17 
3268 4 8 17 
4028 1 10 18 
482 3 10 18 
1149 4 9 17 
1172 5 8 17 
1963 4 10 18 
3346 5 9 18 
3834 6 8 18 
67 5 10 18 
1322 6 9 18 
1659 7 8 18 
1722 6 10 19 
1917 7 9 19 
3019 7 10 19 
3508 10 8 19 
3974 10 9 19 
333 12 7 19 
876 10 10 19 
1075 11 5 19 
1268 12 6 19 
1333 13 7 19 
1774 10 5 20 
3499 11 4 20 
3861 13 6 19 
3891 13 8 19 
553 9 5 20 
632 10 4 20 
757 11 3 20 
997 13 9 20 
1093 14 6 20 
1128 9 4 21 
1551 10 3 21 
1695 11 2 21 
2369 13 10 20 
2511 14 9 20 
2570 15 6 20 
3156 9 3 21 
4365 0 19 26 
4294 0 12 26 
4210 0 18 26 
4205 1 19 26 
4179 7 19 26 
3850 0 13 26 
3765 0 17 26 
3684 1 12 26 
3434 1 18 26 
3288 2 19 26 
3263 6 19 26 
3186 7 18 26 
3063 0 14 26 
3002 0 16 26 
2966 1 13 26 
2920 1 17 26 
2815 2 12 26 
2442 2 18 26 
2351 3 19 26 
2280 5 19 26 
2158 6 18 26 
2108 7 17 26 
2090 0 15 26 
1994 1 14 26 
1730 1 16 26 
1528 2 13 26 
1501 2 17 26 
1397 3 12 26 
1160 3 18 26 
828 4 19 26 
474 5 18 26 
361 6 17 26 
4562 7 16 26 
4223 1 15 26 
4220 2 14 26 
4063 2 16 26 
3985 3 13 26 
3827 3 17 26 
3722 4 12 26 
3620 4 18 26 
3569 5 17 26 
3547 6 16 26 
3455 2 15 26 
3333 3 14 26 
3250 3 16 26 
3101 4 13 26 
3097 4 17 26 
3055 5 12 26 
2996 5 16 26 
2967 3 15 26 
2943 4 14 26 
2797 4 16 26 
2788 5 13 26 
2701 6 12 26 
2663 4 15 26 
2637 5 14 26 
2323 6 13 26 
2188 7 12 26 
2156 5 15 26 
2120 6 14 26 
1872 7 13 26 
1728 8 12 26 
1486 6 15 26 
1407 7 14 26 
1012 8 13 26 
390 9 12 26 
323 7 15 26 
252 8 14 26 
97 9 13 26 
4438 10 12 26 
4323 12 12 26 
4064 8 15 26 
3973 8 19 26 
3959 9 14 26 
3837 10 13 26 
3537 11 12 26 
3266 12 13 26 
3211 8 16 26 
2987 8 18 26 
2937 9 15 26 
2921 9 19 26 
2822 10 14 26 
2451 11 13 26 
2327 12 14 26 
2269 8 17 26 
2222 9 16 26 
1929 9 18 26 
1755 10 15 26 
1638 10 19 26 
1349 11 14 26 
507 9 17 26 
170 10 16 26 
111 10 18 26 
4574 11 15 26 
4482 11 19 26 
4463 10 17 26 
4430 11 16 26 
4383 11 18 26 
4067 12 19 26 
3889 11 17 26 
3798 12 18 26 
3781 13 19 26 
3693 19 19 26 
3688 12 17 26 
3685 13 18 26 
3413 14 19 26 
3350 18 19 26 
3337 19 18 26 
3314 12 16 26 
3109 13 17 26 
3034 14 18 26 
3033 15 19 26 
2712 17 19 26 
2687 18 18 26 
2668 19 17 26 
2600 12 15 26 
2538 13 16 26 
2528 14 17 26 
2355 15 18 26 
2324 16 19 26 
2014 17 18 26 
1965 18 17 26 
1765 19 16 26 
1706 13 15 26 
1625 14 16 26 
1564 15 17 26 
1542 16 18 26 
1449 17 17 26 
1382 18 16 26 
935 19 15 26 
805 13 0 26 
410 13 14 26 
368 14 15 26 
272 15 16 26 
4403 16 17 26 
4292 17 16 26 
4173 18 15 26 
4010 19 0 26 
3513 19 14 26 
3443 13 1 26 
3305 13 13 26 
3223 14 0 26 
3176 14 14 26 
3170 15 15 26 
3144 16 16 26 
3108 17 15 26 
2949 18 0 26 
2787 18 14 26 
2691 19 1 26 
2431 19 13 26 
2410 13 2 26 
2398 14 1 26 
2334 14 13 26 
2225 15 0 26 
2208 15 14 26 
1788 16 15 26 
1756 17 0 26 
1710 17 14 26 
1535 18 1 26 
1229 18 13 26 
1131 19 2 26 
901 19 12 26 
854 13 3 26 
793 14 2 26 
578 15 1 26 
476 15 13 26 
435 16 0 26 
342 16 14 26 
339 17 1 26 
334 17 13 26 
230 18 2 26 
4593 18 12 26 
4575 19 3 26 
4161 19 11 26 
4111 13 4 26 
3844 14 3 26 
3800 15 2 26 
3737 16 1 26 
3668 16 13 26 
3552 17 2 26 
3093 17 12 26 
3088 18 3 26 
2670 18 11 26 
2515 19 4 26 
2405 19 10 26 
2171 8 0 26 
2102 14 4 26 
2033 15 3 26 
1956 16 2 26 
1857 16 12 26 
1841 17 3 26 
1734 17 11 26 
1616 18 4 26 
1203 18 10 26 
971 19 5 26 
924 19 9 26 
916 8 1 26 
744 9 0 26 
522 15 4 26 
215 15 12 26 
76 16 3 26 
4536 16 11 26 
4492 17 4 26 
3942 17 10 26 
3929 18 5 26 
3721 18 9 26 
3409 19 6 26 
3387 19 8 26 
3363 8 2 26 
3310 9 1 26 
3282 10 0 26 
3274 12 0 26 
3237 14 12 26 
3212 15 11 26 
2983 16 4 26 
2896 16 10 26 
2370 17 5 26 
2217 17 9 26 
1920 18 6 26 
1919 18 8 26 
1907 19 7 26 
1851 8 3 26 
1849 9 2 26 
1799 10 1 26 
1237 11 0 26 
987 12 1 26 
774 13 12 26 
745 14 11 26 
689 15 10 26 
631 16 5 26 
519 16 9 26 
188 17 6 26 
4612 17 8 26 
4268 18 7 26 
4258 8 4 26 
4194 9 3 26 
4140 10 2 26 
3673 11 1 26 
3666 12 2 26 
3640 13 11 26 
3330 14 10 26 
2912 15 5 26 
2553 15 9 26 
2537 16 6 26 
2461 16 8 26 
2436 17 7 26 
2249 8 5 26 
1834 9 4 26 
1581 10 3 26 
1077 11 2 26 
981 12 3 26 
756 12 11 26 
496 13 10 26 
456 14 5 26 
3979 14 9 26 
3847 15 6 26 
3760 15 8 26 
3686 16 7 26 
3531 8 6 26 
2989 9 5 26 
2948 10 4 26 
2910 11 3 26 
2864 11 11 26 
2634 12 4 26 
2611 12 10 26 
2580 13 5 26 
2262 13 9 26 
2250 14 6 26 
1541 14 8 26 
1259 15 7 26 
1154 9 6 26 
688 10 5 26 
650 10 11 26 
548 11 4 26 
4552 11 10 26 
4398 12 5 26 
4368 12 9 26 
4360 13 6 26 
3916 13 8 26 
3599 14 7 26 
3113 9 11 26 
3051 10 6 26 
3045 10 10 26 
2995 11 5 26 
2844 11 9 26 
2841 12 6 26 
2785 12 8 26 
2729 13 7 26 
2671 8 11 26 
2374 9 10 26 
2261 10 9 26 
1939 11 6 26 
1673 11 8 26 
1477 12 7 26 
1255 7 11 26 
1147 8 10 26 
1027 9 9 26 
487 10 8 26 
469 11 7 26 
356 6 11 26 
268 7 10 26 
145 8 9 26 
4567 9 8 26 
4255 10 7 26 
4138 5 11 26 
3926 6 10 26 
3923 7 9 26 
3912 8 8 26 
3745 9 7 26 
3270 0 11 26 
3118 4 11 26 
3061 5 10 26 
3032 6 9 26 
2810 7 8 26 
2743 8 7 26 
2711 0 10 26 
2616 1 11 26 
1946 3 11 26 
1359 4 10 26 
1233 5 9 26 
1220 6 8 26 
726 7 7 26 
4202 0 9 26 
4105 1 10 26 
3739 2 11 26 
3299 3 10 26 
3291 4 9 26 
3160 5 8 26 
2975 6 7 26 
2727 0 8 26 
2661 1 9 26 
2582 2 10 26 
2309 3 9 26 
2266 4 8 26 
1547 5 7 26 
1436 0 7 26 
1406 1 8 26 
1069 2 9 26 
950 3 8 26 
696 4 7 26 
594 0 6 26 
232 1 7 26 
4397 2 8 26 
4260 3 7 26 
4249 0 5 26 
3955 1 6 26 
3521 2 7 26 
3018 7 6 26 
2860 0 4 26 
2414 1 5 26 
1404 2 6 26 
1211 6 6 26 
1156 7 5 26 
990 0 3 26 
841 1 4 26 
137 2 5 26 
4345 3 6 26 
4068 5 6 26 
4019 6 5 26 
3354 7 4 26 
2430 0 2 26 
2362 1 3 26 
1562 2 4 26 
1421 3 5 26 
683 4 6 26 
23 5 5 26 
4077 6 4 26 
3934 0 1 26 
3867 1 2 26 
3756 2 3 26 
3486 3 4 26 
3381 4 5 26 
3013 5 4 26 
2686 0 0 26 
2655 1 1 26 
2517 2 2 26 
2193 3 3 26 
1856 4 4 26 
1749 7 3 26 
1411 1 0 26 
1316 2 1 26 
289 3 2 26 
3622 4 3 26 
3589 6 3 26 
3106 7 2 26 
2911 2 0 26 
2606 3 1 26 
1693 4 2 26 
766 5 3 26 
4519 6 2 26 
4357 7 1 26 
4146 3 0 26 
3901 4 1 26 
3819 5 2 26 
3302 6 1 26 
2160 7 0 26 
4212 4 0 26 
4042 5 1 26 
2373 6 0 26 
2312 5 0 26 
413 5 1 36 
1548 4 1 37 
3731 5 2 37 
4333 6 1 37 
2288 3 1 38 
278 4 2 38 
1437 6 2 37 
2446 2 1 39 
4129 3 2 39 
754 1 1 39 
2129 2 2 39 
2571 3 3 39 
4026 1 2 39 
200 2 3 39 
2190 4 5 39 
2406 1 3 40 
3386 5 5 40 
3446 1 4 41 
3601 6 5 40 
87 1 5 41 
752 1 6 41 
3747 1 7 42 
539 2 8 41 
858 1 8 42 
2078 2 9 42 
4029 3 8 42 
1152 1 9 42 
1578 2 10 42 
1859 3 9 42 
1922 4 8 42 
2074 1 10 42 
2954 3 10 42 
3070 4 9 42 
3595 5 8 42 
2 4 10 43 
679 5 9 43 
1161 6 8 43 
2096 5 10 43 
2246 6 9 43 
2892 7 8 43 
3419 6 10 43 
3604 7 9 43 
3787 7 10 44 
4274 10 8 44 
1293 10 9 44 
1598 12 7 44 
1647 10 10 44 
2025 11 5 44 
2434 12 6 44 
2521 13 7 44 
3197 10 5 45 
3972 11 4 45 
4416 13 6 44 
4556 13 8 44 
606 9 5 45 
718 10 4 45 
979 11 3 45 
2064 13 9 45 
2348 14 6 45 
133 9 4 46 
1643 10 3 46 
1680 11 2 46 
4488 13 10 46 
4201 0 19 51 
4048 0 12 51 
3848 0 18 51 
3768 1 19 51 
3626 7 19 51 
3517 0 13 51 
3461 0 17 51 
3275 1 12 51 
3241 1 18 51 
3155 2 19 51 
3142 6 19 51 
3067 7 18 51 
2940 0 14 51 
2724 0 16 51 
2658 1 13 51 
2650 1 17 51 
2625 2 12 51 
2233 2 18 51 
1967 3 19 51 
1701 5 19 51 
1038 6 18 51 
550 7 17 51 
529 0 15 51 
217 1 14 51 
123 1 16 51 
4494 2 13 51 
4393 2 17 51 
4376 3 12 51 
4338 3 18 51 
4120 4 19 51 
3297 5 18 51 
3099 6 17 51 
3023 7 16 51 
2885 1 15 51 
2756 2 14 51 
2424 2 16 51 
1991 3 13 51 
1661 3 17 51 
1587 4 12 51 
1438 4 18 51 
1222 5 17 51 
788 6 16 51 
775 2 15 51 
659 3 14 51 
322 3 16 51 
134 4 13 51 
4517 4 17 51 
4299 5 12 51 
4133 5 16 51 
4076 3 15 51 
3988 4 14 51 
3947 4 16 51 
3877 5 13 51 
3473 6 12 51 
3469 4 15 51 
3393 5 14 51 
3247 6 13 51 
3227 7 12 51 
3173 5 15 51 
2831 6 14 51 
2783 7 13 51 
2740 8 12 51 
2626 6 15 51 
2591 7 14 51 
2483 8 13 51 
2412 9 12 51 
2396 7 15 51 
2336 8 14 51 
2046 9 13 51 
1941 10 12 51 
1619 12 12 51 
1532 8 15 51 
1518 8 19 51 
1383 9 14 51 
778 10 13 51 
705 11 12 51 
475 12 13 51 
397 8 16 51 
309 8 18 51 
226 9 15 51 
4601 9 19 51 
4483 10 14 51 
4455 11 13 51 
4358 12 14 51 
4329 8 17 51 
4297 9 16 51 
4259 9 18 51 
4251 10 15 51 
4226 10 19 51 
4023 11 14 51 
3840 9 17 51 
3641 10 16 51 
3615 10 18 51 
3500 11 15 51 
3412 11 19 51 
3308 10 17 51 
2786 11 16 51 
2778 11 18 51 
2586 12 19 51 
2367 11 17 51 
2295 12 18 51 
2176 13 19 51 
2088 19 19 51 
2016 12 17 51 
2009 13 18 51 
2000 14 19 51 
1973 18 19 51 
1951 19 18 51 
1827 12 16 51 
1646 13 17 51 
1320 14 18 51 
1081 15 19 51 
900 17 19 51 
832 18 18 51 
694 19 17 51 
663 12 15 51 
370 13 16 51 
302 14 17 51 
205 15 18 51 
144 16 19 51 
60 17 18 51 
4337 18 17 51 
4228 19 16 51 
4136 13 15 51 
4109 14 16 51 
4096 15 17 51 
4051 16 18 51 
3970 17 17 51 
3884 18 16 51 
3332 19 15 51 
3300 13 0 51 
3096 13 14 51 
2689 14 15 51 
2605 15 16 51 
2495 16 17 51 
2404 17 16 51 
2285 18 15 51 
2087 19 0 51 
1887 19 14 51 
1839 13 1 51 
1821 13 13 51 
1794 14 0 51 
1433 14 14 51 
1396 15 15 51 
1235 16 16 51 
929 17 15 51 
769 18 0 51 
695 18 14 51 
490 19 1 51 
399 19 13 51 
394 13 2 51 
392 14 1 51 
375 14 13 51 
280 15 0 51 
130 15 14 51 
4539 16 15 51 
4510 17 0 51 
4467 17 14 51 
4454 18 1 51 
4444 18 13 51 
4050 19 2 51 
4007 19 12 51 
3836 13 3 51 
3824 14 2 51 
3778 15 1 51 
3714 15 13 51 
3644 16 0 51 
3372 16 14 51 
3329 17 1 51 
3110 17 13 51 
2680 18 2 51 
2679 18 12 51 
2615 19 3 51 
2459 19 11 51 
2194 13 4 51 
2133 14 3 51 
2117 15 2 51 
1940 16 1 51 
1833 16 13 51 
1483 17 2 51 
1428 17 12 51 
1400 18 3 51 
1324 18 11 51 
1288 19 4 51 
1193 19 10 51 
765 8 0 51 
439 14 4 51 
204 15 3 51 
150 16 2 51 
4611 16 12 51 
4555 17 3 51 
4269 17 11 51 
4239 18 4 51 
4114 18 10 51 
3982 19 5 51 
3703 19 9 51 
3639 8 1 51 
3035 9 0 51 
2876 15 4 51 
2866 15 12 51 
2648 16 3 51 
2500 16 11 51 
2394 17 4 51 
2146 17 10 51 
2015 18 5 51 
1875 18 9 51 
1330 19 6 51 
1032 19 8 51 
903 8 2 51 
851 9 1 51 
840 10 0 51 
772 12 0 51 
741 14 12 51 
377 15 11 51 
194 16 4 51 
4206 16 10 51 
4078 17 5 51 
4056 17 9 51 
3981 18 6 51 
3040 18 8 51 
3004 19 7 51 
2932 8 3 51 
2877 9 2 51 
2856 10 1 51 
2852 11 0 51 
2738 12 1 51 
2725 13 12 51 
2666 14 11 51 
2602 15 10 51 
2544 16 5 51 
2314 16 9 51 
2035 17 6 51 
1091 17 8 51 
969 18 7 51 
704 8 4 51 
70 9 3 51 
4527 10 2 51 
4359 11 1 51 
4125 12 2 51 
3529 13 11 51 
3480 14 10 51 
3352 15 5 51 
3284 15 9 51 
2956 16 6 51 
2851 16 8 51 
2622 17 7 51 
2395 8 5 51 
2276 9 4 51 
2137 10 3 51 
2066 11 2 51 
2020 12 3 51 
1736 12 11 51 
1614 13 10 51 
1516 14 5 51 
1151 14 9 51 
850 15 6 51 
619 15 8 51 
535 16 7 51 
360 8 6 51 
344 9 5 51 
155 10 4 51 
4447 11 3 51 
4446 11 11 51 
4389 12 4 51 
4318 12 10 51 
4238 13 5 51 
4191 13 9 51 
4085 14 6 51 
4005 14 8 51 
3893 15 7 51 
3892 9 6 51 
3862 10 5 51 
3833 10 11 51 
3667 11 4 51 
3653 11 10 51 
3643 12 5 51 
3124 12 9 51 
3105 13 6 51 
2957 13 8 51 
2777 14 7 51 
2747 9 11 51 
2577 10 6 51 
2407 10 10 51 
2365 11 5 51 
1574 11 9 51 
1500 12 6 51 
1408 12 8 51 
786 13 7 51 
682 8 11 51 
540 9 10 51 
338 10 9 51 
320 11 6 51 
192 11 8 51 
124 12 7 51 
4605 7 11 51 
4342 8 10 51 
4257 9 9 51 
3965 10 8 51 
3371 11 7 51 
3359 6 11 51 
3053 7 10 51 
2705 8 9 51 
2192 9 8 51 
2055 10 7 51 
1795 5 11 51 
1777 6 10 51 
1622 7 9 51 
1413 8 8 51 
1365 9 7 51 
1331 0 11 51 
1254 4 11 51 
1115 5 10 51 
1078 6 9 51 
868 7 8 51 
502 8 7 51 
208 0 10 51 
199 1 11 51 
4189 3 11 51 
3829 4 10 51 
3561 5 9 51 
3548 6 8 51 
3206 7 7 51 
2759 0 9 51 
2127 1 10 51 
1949 2 11 51 
1615 3 10 51 
1393 4 9 51 
1360 5 8 51 
1265 6 7 51 
1205 0 8 51 
669 1 9 51 
402 2 10 51 
4296 3 9 51 
4222 4 8 51 
3708 5 7 51 
3628 0 7 51 
3184 1 8 51 
2939 2 9 51 
2933 3 8 51 
2709 4 7 51 
2384 0 6 51 
2368 1 7 51 
2357 2 8 51 
2169 3 7 51 
2083 0 5 51 
1691 1 6 51 
1684 2 7 51 
1471 7 6 51 
1334 0 4 51 
1004 1 5 51 
896 2 6 51 
4 6 6 51 
4319 7 5 51 
4147 0 3 51 
3915 1 4 51 
3629 2 5 51 
3317 3 6 51 
2830 5 6 51 
2376 6 5 51 
1955 7 4 51 
1745 0 2 51 
1679 1 3 51 
1512 2 4 51 
913 3 5 51 
448 4 6 51 
427 5 5 51 
4013 6 4 51 
4008 0 1 51 
3845 1 2 51 
3649 2 3 51 
3507 3 4 51 
3481 4 5 51 
3479 5 4 51 
2913 0 0 51 
2805 1 1 51 
2784 2 2 51 
2610 3 3 51 
2542 4 4 51 
2031 7 3 51 
1893 1 0 51 
1692 2 1 51 
1232 3 2 51 
664 4 3 51 
4587 6 3 51 
4464 7 2 51 
3466 2 0 51 
2715 3 1 51 
1881 4 2 51 
883 5 3 51 
301 6 2 51 
172 7 1 51 
4298 3 0 51 
4091 4 1 51 
4090 5 2 51 
3577 6 1 51 
2555 7 0 51 
4320 4 0 51 
4102 5 1 51 
2882 6 0 51 
1202 5 0 51 
1786 5 1 61 
247 4 1 62 
2562 5 2 62 
3511 6 1 62 
2172 3 1 63 
58 4 2 63 
483 6 2 63 
508 2 1 64 
1869 3 2 64 
228 1 1 64 
1199 2 2 64 
2527 3 3 64 
3000 1 2 64 
3233 2 3 64 
3799 4 5 64 
3940 1 3 65 
4236 5 5 65 
1183 1 4 65 
1495 6 5 65 
1703 1 5 66 
1944 1 6 66 
3080 1 7 66 
3296 2 8 66 
4523 1 8 66 
838 2 9 66 
875 3 8 66 
3928 1 9 67 
269 2 10 67 
1576 3 9 66 
1897 4 8 66 
1986 1 10 67 
2476 3 10 67 
4301 4 9 67 
1157 5 8 67 
3085 4 10 67 
3195 5 9 67 
3774 6 8 67 
209 5 10 68 
310 6 9 68 
500 7 8 68 
1357 6 10 68 
1741 7 9 68 
1811 7 10 68 
1876 10 8 68 
2545 10 9 69 
2974 12 7 69 
3207 10 10 69 
3509 11 5 69 
72 12 6 69 
373 13 7 69 
691 10 5 69 
998 11 4 69 
1309 13 6 69 
1429 13 8 69 
1530 9 5 70 
1757 10 4 70 
1968 11 3 69 
2341 13 9 69 
3474 14 6 69 
3619 9 4 70 
3852 10 3 70 
4040 11 2 70 
4586 13 10 70 
401 14 9 70 
575 15 6 70 
660 9 3 71 
1217 10 2 70 
2119 11 1 70 
3017 14 10 70 
3952 9 2 71 
4100 10 1 71 
4541 14 11 71 
4499 0 19 76 
4334 0 12 76 
4253 0 18 76 
4252 1 19 76 
4126 7 19 76 
4101 0 13 76 
4089 0 17 76 
3694 1 12 76 
3607 1 18 76 
3370 2 19 76 
3320 6 19 76 
3273 7 18 76 
3016 0 14 76 
2721 0 16 76 
2505 1 13 76 
2433 1 17 76 
2426 2 12 76 
2022 2 18 76 
1942 3 19 76 
1804 5 19 76 
1779 6 18 76 
1760 7 17 76 
1633 0 15 76 
1627 1 14 76 
1439 1 16 76 
1263 2 13 76 
1185 2 17 76 
1184 3 12 76 
1065 3 18 76 
1030 4 19 76 
995 5 18 76 
944 6 17 76 
835 7 16 76 
656 1 15 76 
580 2 14 76 
527 2 16 76 
505 3 13 76 
473 3 17 76 
382 4 12 76 
91 4 18 76 
13 5 17 76 
4563 6 16 76 
4286 2 15 76 
4231 3 14 76 
4188 3 16 76 
3945 4 13 76 
3541 4 17 76 
3389 5 12 76 
3331 5 16 76 
2988 3 15 76 
2754 4 14 76 
2635 4 16 76 
2522 5 13 76 
2514 6 12 76 
2221 4 15 76 
2116 5 14 76 
2019 6 13 76 
1803 7 12 76 
1732 5 15 76 
1361 6 14 76 
1296 7 13 76 
931 8 12 76 
847 6 15 76 
762 7 14 76 
426 8 13 76 
4616 9 12 76 
4475 7 15 76 
4182 8 14 76 
3890 9 13 76 
3814 10 12 76 
3732 12 12 76 
3483 8 15 76 
3444 8 19 76 
3442 9 14 76 
3213 10 13 76 
3168 11 12 76 
3081 12 13 76 
3014 8 16 76 
2745 8 18 76 
2589 9 15 76 
2254 9 19 76 
2182 10 14 76 
2008 11 13 76 
1752 12 14 76 
1751 8 17 76 
1716 9 16 76 
1571 9 18 76 
1343 10 15 76 
1340 10 19 76 
1146 11 14 76 
1104 9 17 76 
877 10 16 76 
789 10 18 76 
613 11 15 76 
17 11 19 76 
4529 10 17 76 
4485 11 16 76 
4422 11 18 76 
4395 12 19 76 
4113 11 17 76 
4055 12 18 76 
4054 13 19 76 
3783 19 19 76 
3771 12 17 76 
3594 13 18 76 
3172 14 19 76 
2997 18 19 76 
2804 19 18 76 
2559 12 16 76 
2477 13 17 76 
2393 14 18 76 
2303 15 19 76 
1975 17 19 76 
1462 18 18 76 
1435 19 17 76 
1256 12 15 76 
1179 13 16 76 
853 14 17 76 
748 15 18 76 
685 16 19 76 
621 17 18 76 
562 18 17 76 
558 19 16 76 
451 13 15 76 
182 14 16 76 
113 15 17 76 
109 16 18 76 
4520 17 17 76 
4470 18 16 76 
4453 19 15 76 
4404 13 0 76 
4197 13 14 76 
4195 14 15 76 
3750 15 16 76 
3402 16 17 76 
2947 17 16 76 
2834 18 15 76 
2651 19 0 76 
2333 19 14 76 
1997 13 1 76 
1930 13 13 76 
1717 14 0 76 
1580 14 14 76 
1546 15 15 76 
1414 16 16 76 
1052 17 15 76 
1016 18 0 76 
565 18 14 76 
506 19 1 76 
287 19 13 76 
132 13 2 76 
4547 14 1 76 
4316 14 13 76 
4247 15 0 76 
4071 15 14 76 
3712 16 15 76 
3683 17 0 76 
3647 17 14 76 
3627 18 1 76 
3336 18 13 76 
3218 19 2 76 
2924 19 12 76 
2904 13 3 76 
2842 14 2 76 
2827 15 1 76 
2816 15 13 76 
2770 16 0 76 
2492 16 14 76 
2315 17 1 76 
1918 17 13 76 
1885 18 2 76 
1398 18 12 76 
1245 19 3 76 
1240 19 11 76 
1162 13 4 76 
1117 14 3 76 
962 15 2 76 
910 16 1 76 
640 16 13 76 
197 17 2 76 
116 17 12 76 
4507 18 3 76 
4369 18 11 76 
4242 19 4 76 
3994 19 10 76 
3701 8 0 76 
3430 14 4 76 
3246 15 3 76 
3217 16 2 76 
2809 16 12 76 
2771 17 3 76 
2766 17 11 76 
2603 18 4 76 
2558 18 10 76 
2445 19 5 76 
2439 19 9 76 
2380 8 1 76 
2174 9 0 76 
2124 15 4 76 
1966 15 12 76 
1886 16 3 76 
1744 16 11 76 
1690 17 4 76 
1522 17 10 76 
1499 18 5 76 
4235 18 9 76 
4024 19 6 76 
3565 19 8 76 
3556 8 2 76 
3301 9 1 76 
2936 10 0 76 
2858 12 0 76 
2677 14 12 76 
2579 15 11 76 
2534 16 4 76 
2471 16 10 76 
2356 17 5 76 
2258 17 9 76 
2138 18 6 76 
2105 18 8 76 
2097 19 7 76 
1666 8 3 76 
1652 9 2 76 
1489 10 1 76 
1444 11 0 76 
1213 12 1 76 
776 13 12 76 
517 14 11 76 
340 15 10 76 
329 16 5 76 
196 16 9 76 
4591 17 6 76 
4420 17 8 76 
4176 18 7 76 
4158 8 4 76 
4072 9 3 76 
3899 10 2 76 
3784 11 1 76 
3754 12 2 76 
3697 13 11 76 
3439 14 10 76 
3031 15 5 76 
2886 15 9 76 
2868 16 6 76 
2730 16 8 76 
2596 17 7 76 
2460 8 5 76 
2378 9 4 76 
2340 10 3 76 
2051 11 2 76 
1950 12 3 76 
1863 12 11 76 
1720 13 10 76 
1689 14 5 76 
1508 14 9 76 
1380 15 6 76 
1261 15 8 76 
825 16 7 76 
291 8 6 76 
114 9 5 76 
4207 10 4 76 
3779 11 3 76 
3490 11 11 76 
3415 12 4 76 
3154 12 10 76 
2926 13 5 76 
2914 13 9 76 
2278 14 6 76 
2159 14 8 76 
2144 15 7 76 
1307 9 6 76 
1109 10 5 76 
926 10 11 76 
784 11 4 76 
703 11 10 76 
636 12 5 76 
585 12 9 76 
4362 13 6 76 
4229 13 8 76 
4170 14 7 76 
4088 9 11 76 
4070 10 6 76 
3987 10 10 76 
3523 11 5 76 
3487 11 9 76 
2894 12 6 76 
2474 12 8 76 
2256 13 7 76 
2205 8 11 76 
2166 9 10 76 
2005 10 9 76 
1894 11 6 76 
1427 11 8 76 
1088 12 7 76 
1044 7 11 76 
557 8 10 76 
349 9 9 76 
304 10 8 76 
102 11 7 76 
4597 6 11 76 
4461 7 10 76 
4434 8 9 76 
4289 9 8 76 
4266 10 7 76 
3403 5 11 76 
3347 6 10 76 
3260 7 9 76 
3208 8 8 76 
2617 9 7 76 
2494 0 11 76 
2415 4 11 76 
2361 5 10 76 
2360 6 9 76 
1813 7 8 76 
1544 8 7 76 
1543 0 10 76 
1313 1 11 76 
1031 3 11 76 
353 4 10 76 
218 5 9 76 
181 6 8 76 
82 7 7 76 
15 0 9 76 
4392 1 10 76 
4219 2 11 76 
4118 3 10 76 
3606 4 9 76 
3602 5 8 76 
3528 6 7 76 
3328 0 8 76 
2887 1 9 76 
2714 2 10 76 
2525 3 9 76 
2463 4 8 76 
2425 5 7 76 
2094 0 7 76 
1303 1 8 76 
1056 2 9 76 
932 3 8 76 
731 4 7 76 
391 0 6 76 
285 1 7 76 
127 2 8 76 
3691 3 7 76 
3574 0 5 76 
3554 1 6 76 
2531 2 7 76 
2417 7 6 76 
2268 0 4 76 
2237 1 5 76 
2151 2 6 76 
2106 6 6 76 
1985 7 5 76 
1585 0 3 76 
1536 1 4 76 
1008 2 5 76 
307 3 6 76 
266 5 6 76 
117 6 5 76 
4402 7 4 76 
4370 0 2 76 
3958 1 3 76 
3930 2 4 76 
3785 3 5 76 
3674 4 6 76 
3564 5 5 76 
3228 6 4 76 
2352 0 1 76 
2054 1 2 76 
1369 2 3 76 
1326 3 4 76 
977 4 5 76 
811 5 4 76 
795 0 0 76 
792 1 1 76 
4566 2 2 76 
4361 3 3 76 
3506 4 4 76 
2959 7 3 76 
2482 1 0 76 
1921 2 1 76 
1674 3 2 76 
1520 4 3 76 
711 6 3 76 
676 7 2 76 
286 2 0 76 
46 3 1 76 
4457 4 2 76 
3200 5 3 76 
2903 6 2 76 
2862 7 1 76 
2755 3 0 76 
2353 4 1 76 
1855 5 2 76 
1017 6 1 76 
702 7 0 76 
241 4 0 76 
3603 5 1 76 
3253 6 0 76 
1129 5 0 76 
697 5 1 86 
4535 4 1 87 
732 5 2 87 
1573 6 1 87 
1600 3 1 88 
2056 4 2 87 
3087 6 2 87 
3618 2 1 88 
4000 3 2 88 
2874 1 1 89 
3326 2 2 88 
57 3 3 88 
433 1 2 89 
1557 2 3 89 
1658 4 5 89 
2245 1 3 89 
3874 5 5 89 
4377 1 4 90 
736 6 5 90 
2113 1 5 90 
2963 1 6 90 
4531 1 7 91 
40 2 8 91 
47 1 8 91 
973 2 9 91 
1605 3 8 91 
3401 1 9 91 
466 2 10 91 
537 3 9 91 
905 4 8 91 
956 1 10 91 
1702 3 10 91 
1747 4 9 91 
2045 5 8 91 
3908 4 10 92 
4033 5 9 92 
4528 6 8 92 
43 5 10 92 
729 6 9 92 
1416 7 8 92 
2200 6 10 92 
2363 7 9 92 
2739 7 10 92 
2776 10 8 93 
3581 10 9 93 
3851 12 7 93 
4278 10 10 93 
173 11 5 93 
666 12 6 93 
1166 13 7 93 
2753 10 5 94 
2901 11 4 94 
3060 13 6 93 
3351 13 8 93 
1231 9 5 95 
1640 10 4 94 
1820 11 3 94 
2244 13 9 94 
2391 14 6 94 
2583 9 4 95 
3220 10 3 95 
3433 11 2 95 
4516 13 10 95 
83 14 9 95 
290 15 6 95 
1291 9 3 95 
1410 10 2 95 
1589 11 1 95 
1726 14 10 95 
1789 9 2 96 
2614 10 1 96 
3816 14 11 96 
4065 17 8 95 
4366 9 1 96 
4558 17 5 96 
