1918
5522 19 0 1 
5431 18 0 1 
5169 19 1 1 
4537 17 0 1 
4367 18 1 1 
4327 19 2 1 
4142 16 0 1 
3981 17 1 1 
3636 18 2 1 
3614 19 3 1 
3243 13 0 1 
3151 15 0 1 
3048 16 1 1 
2790 17 2 1 
2766 18 3 1 
2430 19 4 1 
2143 13 1 1 
1786 14 0 1 
1617 15 1 1 
1465 16 2 1 
1303 17 3 1 
955 18 4 1 
896 19 5 1 
749 13 2 1 
729 14 1 1 
580 15 2 1 
426 16 3 1 
308 17 4 1 
74 18 5 1 
5494 19 6 1 
5417 13 3 1 
5349 14 2 1 
5135 15 3 1 
4992 16 4 1 
4659 17 5 1 
4177 18 6 1 
3974 19 7 1 
3943 13 4 1 
3914 14 3 1 
3589 15 4 1 
3411 16 5 1 
2996 17 6 1 
2955 18 7 1 
2834 19 8 1 
2279 11 7 1 
2217 13 5 1 
2154 14 4 1 
2129 15 5 1 
1550 16 6 1 
1342 17 7 1 
1077 18 8 1 
1032 19 9 1 
919 11 8 1 
588 12 7 1 
445 13 6 1 
238 14 5 1 
133 15 6 1 
64 16 7 1 
28 17 8 1 
5357 18 9 1 
5256 19 10 1 
5185 11 9 1 
5179 12 8 1 
5127 13 7 1 
4513 14 6 1 
4471 15 7 1 
4452 16 8 1 
4410 17 9 1 
4305 18 10 1 
4242 19 11 1 
3905 19 19 1 
3848 12 9 1 
3776 13 8 1 
3765 14 7 1 
3684 15 8 1 
3304 16 9 1 
3022 17 10 1 
2989 18 11 1 
2693 18 19 1 
2438 19 12 1 
2424 19 18 1 
2415 13 9 1 
2404 14 8 1 
2222 15 9 1 
1978 16 10 1 
1888 17 11 1 
1864 17 19 1 
1704 18 12 1 
1659 18 18 1 
1597 19 13 1 
1521 19 17 1 
1339 13 10 1 
1292 14 9 1 
1257 15 10 1 
911 16 11 1 
516 16 19 1 
107 17 12 1 
91 17 18 1 
5614 18 13 1 
5312 18 17 1 
5219 19 14 1 
5214 19 16 1 
4792 13 11 1 
4726 14 10 1 
4509 15 11 1 
4467 15 19 1 
4329 16 12 1 
4160 16 18 1 
3854 17 13 1 
3838 17 17 1 
3676 18 14 1 
3613 18 16 1 
3413 19 15 1 
3295 14 11 1 
3144 14 19 1 
3086 15 12 1 
2836 15 18 1 
2748 16 13 1 
2743 16 17 1 
2722 17 14 1 
2560 17 16 1 
2393 18 15 1 
2370 13 19 1 
2351 14 12 1 
2272 14 18 1 
2138 15 13 1 
2120 15 17 1 
1713 16 14 1 
1498 16 16 1 
1427 17 15 1 
1414 12 19 1 
1344 13 18 1 
1064 14 13 1 
980 14 17 1 
967 15 14 1 
671 15 16 1 
644 16 15 1 
567 11 19 1 
360 12 10 1 
336 12 18 1 
190 13 17 1 
119 14 14 1 
111 14 16 1 
38 15 15 1 
15 0 19 1 
5595 10 19 1 
5226 11 10 1 
5060 11 18 1 
4958 12 11 1 
4466 12 17 1 
3851 13 12 1 
3450 13 16 1 
3261 14 15 1 
3217 0 18 1 
3101 1 19 1 
2880 9 19 1 
2871 10 10 1 
2752 10 18 1 
2597 11 11 1 
2182 11 17 1 
2006 12 12 1 
1857 12 16 1 
1671 13 13 1 
1660 13 15 1 
1457 0 17 1 
1453 1 18 1 
1349 2 19 1 
1348 8 19 1 
1216 9 18 1 
1163 10 11 1 
1094 10 17 1 
1038 11 12 1 
905 11 16 1 
848 12 13 1 
256 12 15 1 
220 13 14 1 
125 0 16 1 
99 1 17 1 
5532 2 18 1 
5487 3 19 1 
4687 7 19 1 
4547 8 18 1 
3728 9 17 1 
3146 10 12 1 
3130 10 16 1 
2854 11 13 1 
2817 11 15 1 
2372 12 14 1 
2302 0 15 1 
2236 1 16 1 
2231 2 17 1 
2113 3 18 1 
2086 4 19 1 
1913 6 19 1 
1901 7 18 1 
1896 8 17 1 
1840 9 16 1 
1639 10 13 1 
1496 10 15 1 
1269 11 14 1 
862 1 15 1 
818 2 16 1 
803 3 17 1 
733 4 18 1 
279 5 19 1 
192 6 18 1 
162 7 17 1 
5516 8 16 1 
5338 9 15 1 
5193 10 14 1 
5136 2 15 1 
4304 3 16 1 
4207 4 17 1 
3865 5 18 1 
3689 6 17 1 
3581 7 16 1 
3527 8 15 1 
3415 9 14 1 
3403 0 14 1 
3166 3 15 1 
3077 4 16 1 
2987 5 17 1 
2741 6 16 1 
2542 7 15 1 
2538 8 14 1 
2498 9 13 1 
2442 0 13 1 
2332 1 14 1 
2193 4 15 1 
2107 5 16 1 
1932 6 15 1 
1849 7 14 1 
1722 8 13 1 
1035 9 12 1 
1004 0 12 1 
992 1 13 1 
760 2 14 1 
586 5 15 1 
361 6 14 1 
267 7 9 1 
191 7 13 1 
47 8 12 1 
5258 9 11 1 
5253 0 11 1 
5176 1 12 1 
4989 2 13 1 
4828 3 14 1 
4739 5 14 1 
4643 6 13 1 
4419 7 8 1 
4289 7 12 1 
3953 8 9 1 
3713 8 11 1 
3242 9 10 1 
3148 10 9 1 
2885 0 10 1 
2874 1 11 1 
2798 2 12 1 
2634 3 13 1 
2364 4 14 1 
2118 5 13 1 
2060 6 12 1 
1839 7 7 1 
720 7 11 1 
647 8 8 1 
563 8 10 1 
322 9 9 1 
5490 10 8 1 
5186 12 6 1 
4983 0 9 1 
4953 1 10 1 
4902 2 11 1 
4831 3 12 1 
4629 4 13 1 
4572 5 12 1 
4553 6 11 1 
4526 7 6 1 
4396 7 10 1 
4379 8 7 1 
4152 9 8 1 
3890 10 7 1 
3547 11 6 1 
3443 12 5 1 
3324 0 8 1 
3265 1 9 1 
2845 2 10 1 
2607 3 11 1 
2492 4 12 1 
2070 5 11 1 
1274 6 10 1 
1127 8 6 1 
914 9 7 1 
856 10 6 1 
596 11 5 1 
203 12 4 1 
178 0 7 1 
5555 1 8 1 
5509 2 9 1 
5503 3 10 1 
5462 4 11 1 
5430 5 10 1 
5172 6 9 1 
5104 9 6 1 
4543 10 5 1 
4485 11 4 1 
4115 12 3 1 
3481 0 6 1 
3236 1 7 1 
3228 2 8 1 
2666 3 9 1 
2665 4 10 1 
2157 5 9 1 
1983 6 8 1 
1872 9 5 1 
1794 10 4 1 
1627 11 3 1 
1583 12 2 1 
1215 0 5 1 
1182 1 6 1 
1103 2 7 1 
812 3 8 1 
798 4 9 1 
797 5 8 1 
726 6 7 1 
5578 8 5 1 
5533 9 4 1 
5400 10 3 1 
5236 11 2 1 
5083 12 1 1 
4427 0 4 1 
4069 1 5 1 
3978 2 6 1 
3539 3 7 1 
3201 4 8 1 
2552 5 7 1 
2504 6 6 1 
2427 7 5 1 
2025 8 4 1 
2020 9 3 1 
1919 10 2 1 
1835 11 1 1 
1650 12 0 1 
1141 0 3 1 
1117 1 4 1 
5464 2 5 1 
5454 3 6 1 
4658 4 7 1 
4570 5 6 1 
4173 6 5 1 
4090 7 4 1 
3818 8 3 1 
3710 9 2 1 
3018 10 1 1 
2964 11 0 1 
2855 0 2 1 
1998 1 3 1 
76 2 4 1 
5579 3 5 1 
4420 4 6 1 
3082 5 5 1 
2973 6 4 1 
2915 7 3 1 
2801 8 2 1 
2705 9 1 1 
2342 10 0 1 
1890 0 1 1 
1699 1 2 1 
1310 2 3 1 
678 3 4 1 
5586 4 5 1 
5334 5 4 1 
5142 6 3 1 
5057 7 2 1 
4959 8 1 1 
4394 9 0 1 
4219 0 0 1 
3747 1 1 1 
2675 2 2 1 
2555 3 3 1 
2380 4 4 1 
2362 5 3 1 
2238 6 2 1 
1996 7 1 1 
1262 8 0 1 
606 1 0 1 
179 2 1 1 
4932 3 2 1 
4293 4 3 1 
3842 5 2 1 
2862 6 1 1 
2234 7 0 1 
1776 2 0 1 
780 3 1 1 
625 4 2 1 
5455 5 1 1 
4255 6 0 1 
3252 3 0 1 
1781 4 1 1 
365 5 0 1 
4234 4 0 1 
120 4 1 13 
556 3 1 14 
796 4 2 14 
876 5 1 13 
3340 2 1 15 
3697 3 2 14 
4274 4 3 14 
5116 5 2 14 
52 6 1 14 
1916 1 1 15 
1923 2 2 15 
3103 3 3 15 
3632 5 3 15 
4991 6 2 15 
508 7 1 15 
681 1 2 16 
1846 2 3 16 
2765 5 4 15 
3031 6 3 15 
3061 7 2 15 
3111 8 1 15 
4717 1 3 17 
184 4 6 16 
1034 5 5 16 
1646 6 4 16 
1827 7 3 16 
1842 8 2 16 
2604 9 1 16 
4017 3 6 17 
4204 4 7 17 
5536 5 6 17 
443 7 4 17 
1205 9 2 17 
1397 10 1 17 
2203 2 6 18 
3470 3 7 18 
3694 4 8 18 
4354 5 7 18 
4731 10 2 18 
5530 11 1 18 
207 1 6 19 
1822 2 7 19 
3316 3 8 19 
33 4 9 19 
69 5 8 19 
449 10 3 18 
514 11 2 18 
766 1 7 19 
937 2 8 19 
2164 3 9 19 
3503 5 9 19 
4663 10 4 19 
5271 11 3 19 
127 1 8 19 
687 2 9 19 
882 5 10 19 
1859 10 5 19 
2001 11 4 19 
2242 1 9 20 
3064 4 12 20 
3442 5 11 20 
3518 9 7 20 
3886 11 5 20 
4273 3 12 20 
4335 4 13 20 
4697 5 12 20 
4781 6 11 20 
306 8 7 20 
823 9 8 20 
1687 2 12 21 
1851 3 13 21 
1928 5 13 21 
2176 6 12 21 
2391 7 11 21 
2598 8 8 21 
3958 1 12 21 
4147 2 13 21 
5325 6 13 21 
5482 7 12 21 
5512 19 0 26 
5484 18 0 26 
5151 19 1 26 
5062 17 0 26 
5032 18 1 26 
4979 19 2 26 
4891 16 0 26 
4759 17 1 26 
4689 18 2 26 
4473 19 3 26 
4297 13 0 26 
3966 15 0 26 
3945 16 1 26 
3579 17 2 26 
3431 18 3 26 
3298 19 4 26 
3256 13 1 26 
3237 14 0 26 
2784 15 1 26 
2517 16 2 26 
2399 17 3 26 
2247 18 4 26 
2088 19 5 26 
2066 13 2 26 
1750 14 1 26 
1709 15 2 26 
1630 16 3 26 
1619 17 4 26 
1586 18 5 26 
1401 19 6 26 
1265 13 3 26 
1238 14 2 26 
1236 15 3 26 
1079 16 4 26 
1024 17 5 26 
932 18 6 26 
693 19 7 26 
645 13 4 26 
85 14 3 26 
49 15 4 26 
5583 16 5 26 
5539 17 6 26 
5356 18 7 26 
5295 19 8 26 
5247 11 7 26 
5014 13 5 26 
4988 14 4 26 
4914 15 5 26 
4892 16 6 26 
4754 17 7 26 
4747 18 8 26 
4642 19 9 26 
4051 11 8 26 
3845 12 7 26 
3817 13 6 26 
3582 14 5 26 
3405 15 6 26 
3147 16 7 26 
3102 17 8 26 
2966 18 9 26 
2450 19 10 26 
2420 11 9 26 
2327 12 8 26 
2251 13 7 26 
2183 14 6 26 
2151 15 7 26 
2026 16 8 26 
1951 17 9 26 
1714 18 10 26 
1210 19 11 26 
894 19 19 26 
750 12 9 26 
509 13 8 26 
278 14 7 26 
5560 15 8 26 
5540 16 9 26 
5507 17 10 26 
5241 18 11 26 
5111 18 19 26 
4961 19 12 26 
4868 19 18 26 
4585 13 9 26 
4493 14 8 26 
4472 15 9 26 
4432 16 10 26 
4341 17 11 26 
4151 17 19 26 
4084 18 12 26 
3994 18 18 26 
3980 19 13 26 
3732 19 17 26 
3703 13 10 26 
3565 14 9 26 
3406 15 10 26 
3132 16 11 26 
2939 16 19 26 
2756 17 12 26 
2682 17 18 26 
2580 18 13 26 
2502 18 17 26 
2338 19 14 26 
2317 19 16 26 
2281 13 11 26 
1787 14 10 26 
1412 15 11 26 
1392 15 19 26 
944 16 12 26 
832 16 18 26 
762 17 13 26 
663 17 17 26 
512 18 14 26 
5517 18 16 26 
5282 19 15 26 
5144 14 11 26 
4872 14 19 26 
4803 15 12 26 
4596 15 18 26 
4592 16 13 26 
4527 16 17 26 
4415 17 14 26 
3832 17 16 26 
3800 18 15 26 
3532 13 19 26 
3489 14 12 26 
3268 14 18 26 
2812 15 13 26 
2361 15 17 26 
2309 16 14 26 
1602 16 16 26 
1523 17 15 26 
1154 12 19 26 
1112 13 18 26 
1073 14 13 26 
957 14 17 26 
878 15 14 26 
855 15 16 26 
784 16 15 26 
763 11 19 26 
661 12 10 26 
541 12 18 26 
280 13 17 26 
2 14 14 26 
5500 14 16 26 
5485 15 15 26 
5456 0 19 26 
5231 10 19 26 
5042 11 10 26 
4886 11 18 26 
4597 12 11 26 
4528 12 17 26 
4511 13 12 26 
4193 13 16 26 
4045 14 15 26 
3835 0 18 26 
3538 1 19 26 
3336 9 19 26 
3178 10 10 26 
3093 10 18 26 
2829 11 11 26 
2821 11 17 26 
2726 12 12 26 
2724 12 16 26 
2609 13 13 26 
2209 13 15 26 
2208 0 17 26 
2104 1 18 26 
2054 2 19 26 
2031 8 19 26 
1956 9 18 26 
1350 10 11 26 
1142 10 17 26 
1108 11 12 26 
1086 11 16 26 
1016 12 13 26 
827 12 15 26 
826 13 14 26 
493 0 16 26 
287 1 17 26 
53 2 18 26 
5573 3 19 26 
5518 7 19 26 
5278 8 18 26 
4005 9 17 26 
3826 10 12 26 
3761 10 16 26 
3656 11 13 26 
3616 11 15 26 
3441 12 14 26 
3386 0 15 26 
3270 1 16 26 
3057 2 17 26 
2887 3 18 26 
2877 4 19 26 
2684 6 19 26 
1838 7 18 26 
1494 8 17 26 
1235 9 16 26 
963 10 13 26 
928 10 15 26 
743 11 14 26 
369 1 15 26 
5514 2 16 26 
5421 3 17 26 
5406 4 18 26 
5310 5 19 26 
5137 6 18 26 
4918 7 17 26 
4840 8 16 26 
4766 9 15 26 
4709 10 14 26 
4477 2 15 26 
3885 3 16 26 
3721 4 17 26 
3642 5 18 26 
3640 6 17 26 
3511 7 16 26 
3394 8 15 26 
3003 9 14 26 
2697 0 14 26 
2055 3 15 26 
2045 4 16 26 
1882 5 17 26 
1535 6 16 26 
1295 7 15 26 
1176 8 14 26 
1037 9 13 26 
910 0 13 26 
899 1 14 26 
842 4 15 26 
788 5 16 26 
404 6 15 26 
62 7 14 26 
5606 8 13 26 
5529 9 12 26 
5520 0 12 26 
5392 1 13 26 
5300 2 14 26 
5157 5 15 26 
5036 6 14 26 
5015 7 9 26 
4877 7 13 26 
4704 8 12 26 
4583 9 11 26 
4283 0 11 26 
4187 1 12 26 
4163 2 13 26 
3940 3 14 26 
3896 5 14 26 
3341 6 13 26 
3163 7 8 26 
3001 7 12 26 
2589 8 9 26 
2495 8 11 26 
2434 9 10 26 
2387 10 9 26 
1437 0 10 26 
1026 1 11 26 
674 2 12 26 
239 3 13 26 
5568 4 14 26 
5322 5 13 26 
5291 6 12 26 
5091 7 7 26 
4405 7 11 26 
4359 8 8 26 
4095 8 10 26 
3998 9 9 26 
3401 10 8 26 
3209 12 6 26 
3029 0 9 26 
2948 1 10 26 
2715 2 11 26 
2650 3 12 26 
2447 4 13 26 
2319 5 12 26 
2163 6 11 26 
1973 7 6 26 
1448 7 10 26 
1372 8 7 26 
544 9 8 26 
382 10 7 26 
122 11 6 26 
5510 12 5 26 
5336 0 8 26 
5301 1 9 26 
5296 2 10 26 
5146 3 11 26 
5100 4 12 26 
4883 5 11 26 
4822 6 10 26 
4657 8 6 26 
4579 9 7 26 
4548 10 6 26 
4362 11 5 26 
4238 12 4 26 
4145 0 7 26 
4087 1 8 26 
3284 2 9 26 
2869 3 10 26 
2861 4 11 26 
2611 5 10 26 
2383 6 9 26 
1432 9 6 26 
1174 10 5 26 
873 11 4 26 
854 12 3 26 
619 0 6 26 
385 1 7 26 
229 2 8 26 
5611 3 9 26 
5588 4 10 26 
5457 5 9 26 
5078 6 8 26 
4771 9 5 26 
4257 10 4 26 
4150 11 3 26 
4046 12 2 26 
3767 0 5 26 
3599 1 6 26 
3108 2 7 26 
2997 3 8 26 
2466 4 9 26 
2460 5 8 26 
2426 6 7 26 
2352 8 5 26 
1955 9 4 26 
1837 10 3 26 
1744 11 2 26 
1591 12 1 26 
1393 0 4 26 
1227 1 5 26 
830 2 6 26 
753 3 7 26 
535 4 8 26 
147 5 7 26 
4556 6 6 26 
4536 7 5 26 
4243 8 4 26 
3741 9 3 26 
3633 10 2 26 
3492 11 1 26 
3118 12 0 26 
2893 0 3 26 
2103 1 4 26 
2057 2 5 26 
1654 3 6 26 
542 4 7 26 
531 5 6 26 
350 6 5 26 
318 7 4 26 
84 8 3 26 
5524 9 2 26 
5360 10 1 26 
4674 11 0 26 
4447 0 2 26 
4176 1 3 26 
3718 2 4 26 
3606 3 5 26 
3454 4 6 26 
3185 5 5 26 
2995 6 4 26 
2692 7 3 26 
1952 8 2 26 
1812 9 1 26 
1318 10 0 26 
782 0 1 26 
739 1 2 26 
374 2 3 26 
284 3 4 26 
197 4 5 26 
9 5 4 26 
5178 6 3 26 
5065 7 2 26 
5003 8 1 26 
3930 9 0 26 
2875 0 0 26 
2531 1 1 26 
1791 2 2 26 
1040 3 3 26 
5495 4 4 26 
5353 5 3 26 
4465 6 2 26 
4464 7 1 26 
4216 8 0 26 
4047 1 0 26 
3671 2 1 26 
2974 3 2 26 
2723 4 3 26 
2389 5 2 26 
5584 6 1 26 
5280 7 0 26 
5098 2 0 26 
5027 3 1 26 
4555 4 2 26 
1975 5 1 26 
1217 6 0 26 
1044 3 0 26 
713 4 1 26 
5382 5 0 26 
5049 4 0 26 
389 4 1 38 
1247 3 1 38 
4530 4 2 38 
1353 5 1 38 
2685 2 1 39 
3822 3 2 39 
1276 4 3 39 
2803 5 2 39 
3278 6 1 38 
863 1 1 40 
3247 2 2 40 
56 3 3 40 
93 5 3 39 
251 6 2 39 
311 7 1 39 
1641 1 2 41 
2294 2 3 41 
2734 5 4 41 
3337 6 3 40 
3908 7 2 40 
4843 8 1 40 
5596 1 3 41 
211 4 6 41 
534 5 5 41 
624 6 4 41 
1128 7 3 41 
2572 8 2 41 
2951 9 1 41 
2984 3 6 42 
3155 4 7 42 
3626 5 6 42 
4038 7 4 42 
4436 9 2 41 
4882 10 1 41 
5216 2 6 43 
1502 3 7 43 
2004 4 8 43 
2797 5 7 43 
3226 10 2 42 
4107 11 1 42 
543 1 6 43 
929 2 7 43 
940 3 8 43 
979 4 9 43 
1126 5 8 43 
2623 10 3 43 
4816 11 2 43 
5140 1 7 44 
103 2 8 44 
222 3 9 43 
524 5 9 43 
883 10 4 43 
1544 11 3 43 
2994 1 8 44 
3629 2 9 44 
3799 5 10 44 
4323 10 5 44 
4348 11 4 44 
5605 1 9 44 
559 4 12 44 
595 5 11 44 
792 9 7 44 
1333 11 5 44 
2166 3 12 45 
2896 4 13 45 
3054 5 12 45 
3200 6 11 45 
3992 8 7 45 
4521 9 8 45 
5079 2 12 46 
1684 3 13 46 
2171 5 13 45 
2376 6 12 45 
3199 7 11 45 
3245 8 8 45 
3542 1 12 46 
3745 2 13 46 
3762 6 13 46 
3853 7 12 46 
4292 8 11 46 
5433 19 0 51 
5221 18 0 51 
5166 19 1 51 
4489 17 0 51 
4463 18 1 51 
4317 19 2 51 
4250 16 0 51 
3797 17 1 51 
3594 18 2 51 
3127 19 3 51 
3034 13 0 51 
3009 15 0 51 
2982 16 1 51 
2400 17 2 51 
2147 18 3 51 
2053 19 4 51 
1830 13 1 51 
1623 14 0 51 
1621 15 1 51 
1615 16 2 51 
1572 17 3 51 
1513 18 4 51 
1468 19 5 51 
1347 13 2 51 
1275 14 1 51 
933 15 2 51 
768 16 3 51 
710 17 4 51 
519 18 5 51 
331 19 6 51 
248 13 3 51 
213 14 2 51 
5566 15 3 51 
5391 16 4 51 
5309 17 5 51 
5305 18 6 51 
4942 19 7 51 
4613 13 4 51 
4430 14 3 51 
4363 15 4 51 
4197 16 5 51 
4109 17 6 51 
3888 18 7 51 
3739 19 8 51 
3176 11 7 51 
2676 13 5 51 
2571 14 4 51 
2548 15 5 51 
2374 16 6 51 
996 17 7 51 
994 18 8 51 
993 19 9 51 
757 11 8 51 
412 12 7 51 
363 13 6 51 
353 14 5 51 
268 15 6 51 
225 16 7 51 
201 17 8 51 
194 18 9 51 
20 19 10 51 
5283 11 9 51 
5244 12 8 51 
5212 13 7 51 
5017 14 6 51 
4978 15 7 51 
4943 16 8 51 
4896 17 9 51 
4746 18 10 51 
4573 19 11 51 
4417 19 19 51 
4370 12 9 51 
4338 13 8 51 
4308 14 7 51 
4301 15 8 51 
4290 16 9 51 
3970 17 10 51 
3877 18 11 51 
3850 18 19 51 
3717 19 12 51 
3657 19 18 51 
3334 13 9 51 
2823 14 8 51 
2706 15 9 51 
2617 16 10 51 
2614 17 11 51 
2551 17 19 51 
2341 18 12 51 
1206 18 18 51 
1056 19 13 51 
952 19 17 51 
951 13 10 51 
697 14 9 51 
430 15 10 51 
333 16 11 51 
237 16 19 51 
5129 17 12 51 
5125 17 18 51 
4864 18 13 51 
4838 18 17 51 
4676 19 14 51 
4610 19 16 51 
4199 13 11 51 
4063 14 10 51 
3812 15 11 51 
3706 15 19 51 
3528 16 12 51 
3471 16 18 51 
3006 17 13 51 
2323 17 17 51 
2297 18 14 51 
2083 18 16 51 
2010 19 15 51 
2005 14 11 51 
1856 14 19 51 
1825 15 12 51 
1555 15 18 51 
1377 16 13 51 
1326 16 17 51 
1059 17 14 51 
1007 17 16 51 
712 18 15 51 
536 13 19 51 
500 14 12 51 
358 14 18 51 
223 15 13 51 
5609 15 17 51 
5598 16 14 51 
5474 16 16 51 
5467 17 15 51 
5084 12 19 51 
5063 13 18 51 
4841 14 13 51 
4815 14 17 51 
4400 15 14 51 
4328 15 16 51 
4307 16 15 51 
4166 11 19 51 
3934 12 10 51 
3891 12 18 51 
3516 13 17 51 
3272 14 14 51 
3083 14 16 51 
2992 15 15 51 
2956 0 19 51 
2805 10 19 51 
2720 11 10 51 
2659 11 18 51 
2440 12 11 51 
1565 12 17 51 
1486 13 12 51 
1062 13 16 51 
938 14 15 51 
925 0 18 51 
853 1 19 51 
98 9 19 51 
55 10 10 51 
54 10 18 51 
39 11 11 51 
5355 11 17 51 
5154 12 12 51 
5021 12 16 51 
4725 13 13 51 
4637 13 15 51 
4614 0 17 51 
4444 1 18 51 
4411 2 19 51 
4343 8 19 51 
4188 9 18 51 
4149 10 11 51 
3810 10 17 51 
3793 11 12 51 
3742 11 16 51 
3711 12 13 51 
3702 12 15 51 
3514 13 14 51 
3398 0 16 51 
3283 1 17 51 
3269 2 18 51 
3049 3 19 51 
3038 7 19 51 
2988 8 18 51 
2783 9 17 51 
2714 10 12 51 
2549 10 16 51 
2410 11 13 51 
2324 11 15 51 
2291 12 14 51 
2239 0 15 51 
1898 1 16 51 
1817 2 17 51 
1082 3 18 51 
1071 4 19 51 
978 6 19 51 
804 7 18 51 
366 8 17 51 
255 9 16 51 
206 10 13 51 
61 10 15 51 
5493 11 14 51 
5381 1 15 51 
5287 2 16 51 
5130 3 17 51 
5123 4 18 51 
4998 5 19 51 
4962 6 18 51 
4921 7 17 51 
4691 8 16 51 
4668 9 15 51 
4557 10 14 51 
4387 2 15 51 
4260 3 16 51 
4131 4 17 51 
3874 5 18 51 
3828 6 17 51 
3655 7 16 51 
3097 8 15 51 
3047 9 14 51 
2849 0 14 51 
2712 3 15 51 
2625 4 16 51 
2610 5 17 51 
2595 6 16 51 
2554 7 15 51 
1892 8 14 51 
859 9 13 51 
807 0 13 51 
736 1 14 51 
343 4 15 51 
5069 5 16 51 
4940 6 15 51 
4213 7 14 51 
4124 8 13 51 
4007 9 12 51 
3679 0 12 51 
3587 1 13 51 
3465 2 14 51 
3330 5 15 51 
3255 6 14 51 
3183 7 9 51 
3135 7 13 51 
2965 8 12 51 
2865 9 11 51 
2686 0 11 51 
2575 1 12 51 
2229 2 13 51 
2075 3 14 51 
1912 5 14 51 
1562 6 13 51 
1123 7 8 51 
601 7 12 51 
448 8 9 51 
232 8 11 51 
150 9 10 51 
124 10 9 51 
112 0 10 51 
5324 1 11 51 
5269 2 12 51 
4981 3 13 51 
4496 4 14 51 
4470 5 13 51 
4364 6 12 51 
4023 7 7 51 
3922 7 11 51 
3807 8 8 51 
3643 8 10 51 
3179 9 9 51 
3117 10 8 51 
2749 12 6 51 
2735 0 9 51 
2360 1 10 51 
2008 2 11 51 
1726 3 12 51 
1241 4 13 51 
887 5 12 51 
607 6 11 51 
587 7 6 51 
497 7 10 51 
18 8 7 51 
5496 9 8 51 
5440 10 7 51 
5217 11 6 51 
5210 12 5 51 
5158 0 8 51 
5101 1 9 51 
4924 2 10 51 
4665 3 11 51 
4306 4 12 51 
3963 5 11 51 
3716 6 10 51 
3388 8 6 51 
3307 9 7 51 
3194 10 6 51 
3059 11 5 51 
2906 12 4 51 
2838 0 7 51 
2513 1 8 51 
2497 2 9 51 
2303 3 10 51 
1503 4 11 51 
1499 5 10 51 
1312 6 9 51 
867 9 6 51 
787 10 5 51 
747 11 4 51 
735 12 3 51 
97 0 6 51 
72 1 7 51 
4713 2 8 51 
4439 3 9 51 
3764 4 10 51 
2950 5 9 51 
2850 6 8 51 
2558 9 5 51 
2322 10 4 51 
2202 11 3 51 
2039 12 2 51 
1868 0 5 51 
1557 1 6 51 
1552 2 7 51 
1461 3 8 51 
1042 4 9 51 
695 5 8 51 
431 6 7 51 
351 8 5 51 
186 9 4 51 
165 10 3 51 
104 11 2 51 
5342 12 1 51 
5285 0 4 51 
5177 1 5 51 
4735 2 6 51 
4231 3 7 51 
4103 4 8 51 
3834 5 7 51 
3809 6 6 51 
3743 7 5 51 
2029 8 4 51 
1873 9 3 51 
1803 10 2 51 
1625 11 1 51 
1156 12 0 51 
920 0 3 51 
898 1 4 51 
838 2 5 51 
401 3 6 51 
349 4 7 51 
95 5 6 51 
5551 6 5 51 
4928 7 4 51 
4898 8 3 51 
4648 9 2 51 
4620 10 1 51 
4168 11 0 51 
3938 0 2 51 
3484 1 3 51 
3251 2 4 51 
2828 3 5 51 
2299 4 6 51 
2284 5 5 51 
1815 6 4 51 
1190 7 3 51 
924 8 2 51 
794 9 1 51 
5511 10 0 51 
5423 0 1 51 
5405 1 2 51 
5215 2 3 51 
5034 3 4 51 
5005 4 5 51 
4917 5 4 51 
4818 6 3 51 
4601 7 2 51 
3051 8 1 51 
2980 9 0 51 
2944 0 0 51 
2764 1 1 51 
2581 2 2 51 
2022 3 3 51 
1651 4 4 51 
1379 5 3 51 
1266 6 2 51 
315 7 1 51 
204 8 0 51 
117 1 0 51 
31 2 1 51 
11 3 2 51 
3913 4 3 51 
3661 5 2 51 
2553 6 1 51 
986 7 0 51 
293 2 0 51 
224 3 1 51 
212 4 2 51 
5207 5 1 51 
4571 6 0 51 
3973 3 0 51 
3766 4 1 51 
2807 5 0 51 
4931 4 0 51 
3507 4 1 63 
480 3 1 64 
915 4 2 64 
1670 5 1 63 
1712 2 1 65 
2881 3 2 65 
3408 4 3 64 
4696 5 2 64 
410 6 1 64 
997 1 1 65 
1109 2 2 65 
1198 3 3 65 
1954 5 3 65 
2990 6 2 65 
4806 7 1 65 
610 1 2 65 
664 2 3 65 
884 5 4 65 
1404 6 3 65 
2165 7 2 65 
2499 8 1 65 
2816 1 3 66 
3480 4 6 66 
137 5 5 66 
253 6 4 66 
755 7 3 66 
1177 8 2 66 
1595 9 1 66 
1862 3 6 67 
3395 4 7 67 
5435 5 6 67 
21 7 4 66 
589 9 2 66 
1187 10 1 66 
1308 2 6 67 
1340 3 7 67 
1949 4 8 67 
2448 5 7 67 
4099 10 2 67 
4209 11 1 67 
5339 1 6 68 
317 2 7 68 
1701 3 8 68 
1723 4 9 68 
1957 5 8 68 
2099 10 3 68 
2668 11 2 68 
2920 1 7 69 
3227 2 8 68 
5026 3 9 68 
217 5 9 68 
277 10 4 68 
550 11 3 68 
551 1 8 69 
1762 2 9 69 
2540 5 10 69 
2976 10 5 69 
3806 11 4 69 
5170 1 9 69 
566 4 12 69 
688 5 11 69 
841 9 7 69 
2774 11 5 69 
3120 3 12 70 
4576 4 13 70 
158 5 12 70 
403 6 11 70 
539 8 7 70 
1400 9 8 69 
1772 2 12 70 
2304 3 13 70 
2449 5 13 70 
2688 6 12 70 
2866 7 11 70 
3036 8 8 70 
3440 1 12 71 
3829 2 13 71 
4311 6 13 71 
4907 7 12 71 
4976 8 11 71 
5426 19 0 76 
5361 18 0 76 
5263 19 1 76 
4977 17 0 76 
4908 18 1 76 
4391 19 2 76 
4345 16 0 76 
4015 17 1 76 
3864 18 2 76 
3659 19 3 76 
3495 13 0 76 
3494 15 0 76 
3419 16 1 76 
3356 17 2 76 
3327 18 3 76 
3313 19 4 76 
2919 13 1 76 
2663 14 0 76 
2312 15 1 76 
2011 16 2 76 
1831 17 3 76 
1604 18 4 76 
1260 19 5 76 
1009 13 2 76 
875 14 1 76 
630 15 2 76 
71 16 3 76 
5603 17 4 76 
5438 18 5 76 
5437 19 6 76 
5399 13 3 76 
5316 14 2 76 
5106 15 3 76 
5050 16 4 76 
4912 17 5 76 
4811 18 6 76 
4768 19 7 76 
4566 13 4 76 
4478 14 3 76 
4459 15 4 76 
4262 16 5 76 
4258 17 6 76 
4123 18 7 76 
3756 19 8 76 
3687 11 7 76 
3612 13 5 76 
3537 14 4 76 
3523 15 5 76 
3459 16 6 76 
3412 17 7 76 
3254 18 8 76 
3218 19 9 76 
3169 11 8 76 
3138 12 7 76 
2703 13 6 76 
2639 14 5 76 
2437 15 6 76 
2394 16 7 76 
2384 17 8 76 
1865 18 9 76 
1810 19 10 76 
1367 11 9 76 
1244 12 8 76 
1212 13 7 76 
1167 14 6 76 
488 15 7 76 
409 16 8 76 
383 17 9 76 
148 18 10 76 
50 19 11 76 
5587 19 19 76 
5365 12 9 76 
5331 13 8 76 
5163 14 7 76 
5145 15 8 76 
5011 16 9 76 
4866 17 10 76 
4844 18 11 76 
4752 18 19 76 
4738 19 12 76 
4520 19 18 76 
4264 13 9 76 
3722 14 8 76 
3638 15 9 76 
3513 16 10 76 
3486 17 11 76 
3311 17 19 76 
3172 18 12 76 
3045 18 18 76 
2945 19 13 76 
2753 19 17 76 
2435 13 10 76 
2428 14 9 76 
2320 15 10 76 
2292 16 11 76 
2145 16 19 76 
2112 17 12 76 
2061 17 18 76 
1805 18 13 76 
1727 18 17 76 
1288 19 14 76 
1281 19 16 76 
1088 13 11 76 
1053 14 10 76 
971 15 11 76 
767 15 19 76 
723 16 12 76 
381 16 18 76 
302 17 13 76 
210 17 17 76 
5427 18 14 76 
5281 18 16 76 
5097 19 15 76 
5053 14 11 76 
4904 14 19 76 
4800 15 12 76 
4705 15 18 76 
4431 16 13 76 
4221 16 17 76 
4137 17 14 76 
4132 17 16 76 
3740 18 15 76 
3731 13 19 76 
3662 14 12 76 
3648 14 18 76 
3605 15 13 76 
3467 15 17 76 
3384 16 14 76 
3167 16 16 76 
3067 17 15 76 
2947 12 19 76 
2890 13 18 76 
2815 14 13 76 
2713 14 17 76 
2633 15 14 76 
2223 15 16 76 
2040 16 15 76 
1948 11 19 76 
1947 12 10 76 
1843 12 18 76 
1484 13 17 76 
1305 14 14 76 
877 14 16 76 
789 15 15 76 
752 0 19 76 
628 10 19 76 
484 11 10 76 
5330 11 18 76 
5255 12 11 76 
5128 12 17 76 
4905 13 12 76 
4770 13 16 76 
4653 14 15 76 
4635 0 18 76 
4621 1 19 76 
4588 9 19 76 
4222 10 10 76 
4075 10 18 76 
3402 11 11 76 
3360 11 17 76 
3244 12 12 76 
3119 12 16 76 
3068 13 13 76 
2433 13 15 76 
2280 0 17 76 
2235 1 18 76 
1972 2 19 76 
1675 8 19 76 
1475 9 18 76 
1361 10 11 76 
1319 10 17 76 
1120 11 12 76 
613 11 16 76 
337 12 13 76 
234 12 15 76 
5577 13 14 76 
5499 0 16 76 
5046 1 17 76 
4985 2 18 76 
4346 3 19 76 
4171 7 19 76 
4155 8 18 76 
3824 9 17 76 
3686 10 12 76 
3604 10 16 76 
3275 11 13 76 
3056 11 15 76 
3010 12 14 76 
2993 0 15 76 
2898 1 16 76 
2863 2 17 76 
2859 3 18 76 
2728 4 19 76 
2545 6 19 76 
2233 7 18 76 
1421 8 17 76 
1164 9 16 76 
1030 10 13 76 
958 10 15 76 
885 11 14 76 
791 1 15 76 
32 2 16 76 
5569 3 17 76 
5182 4 18 76 
5052 5 19 76 
4854 6 18 76 
4652 7 17 76 
3026 8 16 76 
2892 9 15 76 
2831 10 14 76 
2491 2 15 76 
2305 3 16 76 
2135 4 17 76 
2065 5 18 76 
2046 6 17 76 
1784 7 16 76 
1280 8 15 76 
1011 9 14 76 
879 0 14 76 
839 3 15 76 
711 4 16 76 
5025 5 17 76 
4915 6 16 76 
4875 7 15 76 
4352 8 14 76 
4214 9 13 76 
4116 0 13 76 
3780 1 14 76 
3748 4 15 76 
3667 5 16 76 
3427 6 15 76 
3328 7 14 76 
3134 8 13 76 
3090 9 12 76 
3004 0 12 76 
2622 1 13 76 
2600 2 14 76 
2255 5 15 76 
1777 6 14 76 
1689 7 9 76 
1450 7 13 76 
1441 8 12 76 
1302 9 11 76 
1144 0 11 76 
1008 1 12 76 
907 2 13 76 
828 3 14 76 
800 5 14 76 
737 6 13 76 
668 7 8 76 
5352 7 12 76 
5311 8 9 76 
4970 8 11 76 
4558 9 10 76 
4461 10 9 76 
4182 0 10 76 
4009 1 11 76 
4002 2 12 76 
3534 3 13 76 
3414 4 14 76 
2547 5 13 76 
2476 6 12 76 
2089 7 7 76 
1231 7 11 76 
1218 8 8 76 
1018 8 10 76 
815 9 9 76 
801 10 8 76 
709 12 6 76 
582 0 9 76 
529 1 10 76 
258 2 11 76 
5265 3 12 76 
5235 4 13 76 
5093 5 12 76 
4785 6 11 76 
4567 7 6 76 
4437 7 10 76 
3952 8 7 76 
3869 9 8 76 
3759 10 7 76 
3276 11 6 76 
3205 12 5 76 
3073 0 8 76 
3007 1 9 76 
2511 2 10 76 
2477 3 11 76 
2325 4 12 76 
1908 5 11 76 
1806 6 10 76 
1343 8 6 76 
1196 9 7 76 
1162 10 6 76 
667 11 5 76 
579 12 4 76 
476 0 7 76 
354 1 8 76 
241 2 9 76 
169 3 10 76 
5479 4 11 76 
5411 5 10 76 
5257 6 9 76 
4655 9 6 76 
4541 10 5 76 
4376 11 4 76 
4373 12 3 76 
4057 0 6 76 
3621 1 7 76 
3455 2 8 76 
3425 3 9 76 
2899 4 10 76 
2641 5 9 76 
2478 6 8 76 
2443 9 5 76 
2036 10 4 76 
1606 11 3 76 
1021 12 2 76 
490 0 5 76 
4790 1 6 76 
4681 2 7 76 
4623 3 8 76 
3738 4 9 76 
3344 5 8 76 
2952 6 7 76 
2905 8 5 76 
2524 9 4 76 
2423 10 3 76 
2095 11 2 76 
1921 12 1 76 
1656 0 4 76 
1541 1 5 76 
1507 2 6 76 
1467 3 7 76 
1365 4 8 76 
1313 5 7 76 
1270 6 6 76 
850 7 5 76 
629 8 4 76 
87 9 3 76 
5308 10 2 76 
4893 11 1 76 
4337 12 0 76 
4024 0 3 76 
3927 1 4 76 
3862 2 5 76 
3644 3 6 76 
3390 4 7 76 
2494 5 6 76 
2377 6 5 76 
2273 7 4 76 
2228 8 3 76 
2169 9 2 76 
2050 10 1 76 
1534 11 0 76 
1214 0 2 76 
1193 1 3 76 
159 2 4 76 
5600 3 5 76 
5453 4 6 76 
5081 5 5 76 
4799 6 4 76 
4368 7 3 76 
4033 8 2 76 
3573 9 1 76 
3570 10 0 76 
3461 0 1 76 
3342 1 2 76 
2811 2 3 76 
2473 3 4 76 
2390 4 5 76 
1943 5 4 76 
1418 6 3 76 
1191 7 2 76 
916 8 1 76 
641 9 0 76 
518 0 0 76 
4941 1 1 76 
4350 2 2 76 
4148 3 3 76 
3720 4 4 76 
3696 5 3 76 
3639 6 2 76 
3535 7 1 76 
2569 8 0 76 
1725 1 0 76 
1692 2 1 76 
1389 3 2 76 
1271 4 3 76 
990 5 2 76 
931 6 1 76 
776 7 0 76 
421 2 0 76 
4516 3 1 76 
4029 4 2 76 
3576 5 1 76 
2694 6 0 76 
2593 3 0 76 
1761 4 1 76 
2536 5 0 76 
2405 4 0 76 
2263 4 1 88 
1870 3 1 88 
2878 4 2 88 
3422 5 1 88 
653 2 1 89 
1497 3 2 89 
2718 4 3 89 
2937 5 2 89 
5013 6 1 89 
696 1 1 89 
727 2 2 89 
3725 3 3 89 
4094 5 3 89 
4456 6 2 89 
4708 7 1 89 
5359 1 2 90 
3637 2 3 90 
3898 5 4 90 
4076 6 3 90 
4135 7 2 90 
4416 8 1 90 
4853 1 3 91 
5321 4 6 90 
5389 5 5 90 
270 6 4 90 
900 7 3 90 
1273 8 2 90 
2148 9 1 90 
3092 3 6 91 
3241 4 7 91 
4535 5 6 91 
68 7 4 91 
328 9 2 91 
444 10 1 91 
1546 2 6 92 
1590 3 7 92 
1900 4 8 92 
2848 5 7 92 
2979 10 2 91 
3122 11 1 91 
3477 1 6 92 
4407 2 7 92 
5019 3 8 92 
5439 4 9 92 
5489 5 8 92 
722 10 3 92 
725 11 2 92 
857 1 7 93 
1514 2 8 93 
2218 3 9 93 
2267 5 9 93 
2884 10 4 93 
3548 11 3 93 
4960 1 8 94 
24 2 9 94 
545 5 10 93 
1136 10 5 93 
1408 11 4 93 
1495 1 9 94 
2480 4 12 94 
2662 5 11 94 
3404 9 7 94 
4190 11 5 94 
4282 3 12 94 
4644 4 13 94 
4826 5 12 94 
5066 6 11 94 
5114 8 7 94 
1327 9 8 94 
1567 2 12 95 
2090 3 13 95 
5064 5 13 95 
5319 6 12 95 
1819 7 11 95 
1922 8 8 95 
2421 1 12 96 
4202 2 13 96 
4433 6 13 96 
4589 7 12 95 
