1952
3940 19 0 1 
3912 10 0 1 
3897 18 0 1 
3858 19 1 1 
3852 10 1 1 
3730 11 0 1 
3682 17 0 1 
3557 18 1 1 
3464 19 2 1 
3305 10 2 1 
3096 11 1 1 
3083 12 0 1 
3067 16 0 1 
3018 17 1 1 
2993 18 2 1 
2980 19 3 1 
2917 10 3 1 
2863 11 2 1 
2472 12 1 1 
2337 13 0 1 
2243 15 0 1 
2137 16 1 1 
2032 17 2 1 
1961 18 3 1 
1825 19 4 1 
1824 10 4 1 
1793 11 3 1 
1538 12 2 1 
1241 13 1 1 
865 14 0 1 
777 15 1 1 
746 16 2 1 
555 17 3 1 
494 18 4 1 
312 19 5 1 
155 10 5 1 
17 11 4 1 
3978 12 3 1 
3955 13 2 1 
3672 14 1 1 
3590 15 2 1 
3493 16 3 1 
2884 17 4 1 
2699 18 5 1 
2437 19 6 1 
2404 10 6 1 
2116 11 5 1 
2098 12 4 1 
1663 13 3 1 
1472 14 2 1 
1402 15 3 1 
1207 16 4 1 
1170 17 5 1 
1032 18 6 1 
771 10 7 1 
714 11 6 1 
687 12 5 1 
681 13 4 1 
680 14 3 1 
635 15 4 1 
617 16 5 1 
568 17 6 1 
532 10 8 1 
529 11 7 1 
418 12 6 1 
414 13 5 1 
270 14 4 1 
22 15 5 1 
3947 16 6 1 
3899 19 7 1 
3851 10 9 1 
3812 11 8 1 
3574 12 7 1 
3562 13 6 1 
3458 14 5 1 
3413 15 6 1 
3396 18 7 1 
3349 19 8 1 
3193 10 10 1 
3191 11 9 1 
2976 12 8 1 
2965 13 7 1 
2553 14 6 1 
2371 17 7 1 
2351 18 8 1 
2281 19 9 1 
2127 10 11 1 
1981 11 10 1 
1907 12 9 1 
1788 13 8 1 
1664 14 7 1 
1408 16 7 1 
1250 17 8 1 
1243 18 9 1 
1099 19 10 1 
832 10 12 1 
800 11 11 1 
688 12 10 1 
465 13 9 1 
317 14 8 1 
4049 15 7 1 
3861 16 8 1 
3467 17 9 1 
3234 18 10 1 
3185 19 11 1 
3156 19 19 1 
3014 11 12 1 
2911 12 11 1 
2878 13 10 1 
2846 14 9 1 
2792 15 8 1 
2750 16 9 1 
2713 17 10 1 
2603 18 11 1 
2305 18 19 1 
1972 19 12 1 
1874 19 18 1 
1806 12 12 1 
1510 13 11 1 
1497 14 10 1 
1445 15 9 1 
1316 16 10 1 
1304 17 11 1 
1252 17 19 1 
834 18 12 1 
782 18 18 1 
640 19 13 1 
453 19 17 1 
411 12 13 1 
265 13 12 1 
244 14 11 1 
3848 15 10 1 
3762 16 11 1 
3748 16 19 1 
3681 17 12 1 
3644 17 18 1 
3282 18 13 1 
3221 18 17 1 
3133 19 14 1 
2790 19 16 1 
2762 12 14 1 
2752 13 13 1 
2580 14 12 1 
2504 15 11 1 
2274 15 19 1 
2155 16 12 1 
2138 16 18 1 
2038 17 13 1 
2008 17 17 1 
1962 18 14 1 
1791 18 16 1 
1744 19 15 1 
1317 13 14 1 
1280 14 13 1 
1197 14 19 1 
913 15 12 1 
856 15 18 1 
508 16 13 1 
503 16 17 1 
425 17 14 1 
336 17 16 1 
285 18 15 1 
216 13 19 1 
201 14 14 1 
3942 14 18 1 
3820 15 13 1 
3254 15 17 1 
3239 16 14 1 
3235 16 16 1 
3142 17 15 1 
2900 0 19 1 
2642 12 19 1 
2228 13 18 1 
2122 14 17 1 
1871 15 14 1 
1866 15 16 1 
1804 16 15 1 
1633 0 18 1 
1469 1 19 1 
1349 11 19 1 
1338 12 18 1 
1334 13 17 1 
1306 14 16 1 
1253 15 15 1 
1152 0 17 1 
905 1 18 1 
895 2 19 1 
761 10 19 1 
577 11 18 1 
362 12 17 1 
260 13 16 1 
166 14 15 1 
101 0 16 1 
4032 1 17 1 
3884 2 18 1 
3711 3 19 1 
3710 9 19 1 
3691 10 18 1 
3463 11 17 1 
3280 12 16 1 
3200 13 15 1 
3184 0 15 1 
2974 1 16 1 
2941 2 17 1 
2915 3 18 1 
2892 4 19 1 
2871 8 19 1 
2831 9 18 1 
2533 10 17 1 
2511 11 16 1 
2500 12 15 1 
2345 0 14 1 
2334 1 15 1 
2315 2 16 1 
2310 3 17 1 
2247 4 18 1 
2240 5 19 1 
2175 7 19 1 
2113 8 18 1 
1818 9 17 1 
1709 10 16 1 
1675 11 15 1 
1532 0 13 1 
1412 1 14 1 
1216 2 15 1 
1028 3 16 1 
926 4 17 1 
904 5 18 1 
797 6 19 1 
692 7 18 1 
527 8 17 1 
479 9 16 1 
295 10 15 1 
219 11 14 1 
108 1 13 1 
67 2 14 1 
3993 3 15 1 
3914 4 16 1 
3809 5 17 1 
3576 6 18 1 
3004 7 17 1 
2701 8 16 1 
2610 9 15 1 
2529 10 14 1 
2522 11 13 1 
2217 2 13 1 
2194 3 14 1 
2012 4 15 1 
1594 5 16 1 
1074 6 17 1 
992 7 16 1 
727 8 15 1 
721 9 14 1 
130 10 13 1 
109 3 13 1 
94 4 14 1 
3996 5 15 1 
3976 6 16 1 
3860 7 15 1 
3412 8 14 1 
3261 9 13 1 
3075 4 13 1 
3027 5 14 1 
2994 6 15 1 
2795 7 14 1 
2309 8 13 1 
2273 9 12 1 
2133 5 13 1 
1990 6 14 1 
1949 7 13 1 
1701 8 12 1 
1682 9 11 1 
1567 6 13 1 
1499 7 12 1 
1036 8 11 1 
659 9 10 1 
264 6 12 1 
6 7 11 1 
4031 8 10 1 
3960 9 9 1 
3703 5 12 1 
3646 6 11 1 
3371 7 10 1 
3352 8 9 1 
3333 9 8 1 
3117 0 12 1 
2984 4 12 1 
2866 5 11 1 
2521 6 10 1 
2451 7 9 1 
2425 8 8 1 
2412 9 7 1 
2375 0 11 1 
2276 1 12 1 
2255 3 12 1 
2151 4 11 1 
1802 5 10 1 
1771 6 9 1 
1562 7 8 1 
1554 8 7 1 
1506 9 6 1 
1474 0 10 1 
1173 1 11 1 
1001 2 12 1 
923 3 11 1 
817 4 10 1 
663 5 9 1 
438 6 8 1 
60 7 7 1 
3939 8 6 1 
3829 9 5 1 
3484 0 9 1 
2767 1 10 1 
2496 2 11 1 
2388 3 10 1 
2042 4 9 1 
1389 5 8 1 
1180 6 7 1 
1006 7 6 1 
715 8 5 1 
675 9 4 1 
422 0 8 1 
238 1 9 1 
129 2 10 1 
4064 3 9 1 
3921 4 8 1 
3656 5 7 1 
3636 6 6 1 
3443 7 5 1 
3382 8 4 1 
2954 9 3 1 
2800 0 7 1 
2757 1 8 1 
2545 2 9 1 
2182 3 8 1 
2149 4 7 1 
2118 5 6 1 
1033 6 5 1 
912 7 4 1 
633 8 3 1 
504 9 2 1 
168 0 6 1 
3935 1 7 1 
3767 2 8 1 
3545 3 7 1 
2988 4 6 1 
2895 5 5 1 
2737 6 4 1 
1893 7 3 1 
1680 8 2 1 
1650 9 1 1 
793 0 5 1 
772 1 6 1 
359 2 7 1 
3880 3 6 1 
3326 4 5 1 
3147 5 4 1 
3079 6 3 1 
2956 7 2 1 
2697 8 1 1 
2339 9 0 1 
1459 0 4 1 
1441 1 5 1 
1063 2 6 1 
484 3 5 1 
3868 4 4 1 
3786 5 3 1 
3689 6 2 1 
3623 7 1 1 
3202 8 0 1 
3072 0 3 1 
3026 1 4 1 
3016 2 5 1 
2882 3 4 1 
2862 4 3 1 
2595 5 2 1 
2336 6 1 1 
1369 7 0 1 
1255 0 2 1 
558 1 3 1 
463 2 4 1 
3389 3 3 1 
3034 4 2 1 
3002 5 1 1 
2733 6 0 1 
2635 0 1 1 
2060 1 2 1 
1891 2 3 1 
1757 3 2 1 
1718 4 1 1 
3550 5 0 1 
2669 0 0 1 
2628 1 1 1 
2376 2 2 1 
2003 3 1 1 
1584 4 0 1 
671 1 0 1 
2897 2 1 1 
2605 3 0 1 
2099 2 0 1 
3024 2 1 11 
119 1 1 12 
1121 2 2 12 
2760 3 1 12 
3186 1 2 13 
3516 2 3 13 
631 3 2 13 
3045 4 1 13 
2855 1 3 14 
3217 2 4 14 
3554 3 3 13 
3609 4 2 13 
240 5 1 13 
1817 1 4 14 
2852 2 5 14 
3695 3 4 14 
18 4 3 14 
1043 5 2 14 
1399 6 1 14 
2479 1 5 15 
3303 2 6 15 
126 3 5 15 
185 4 4 14 
389 5 3 14 
591 6 2 14 
1655 7 1 14 
1661 1 6 16 
1938 2 7 16 
2907 3 6 15 
3037 4 5 15 
3738 5 4 15 
477 6 3 15 
634 7 2 15 
883 8 1 15 
1050 1 7 16 
1056 2 8 16 
1312 3 7 16 
1876 4 6 16 
2368 5 5 16 
3130 6 4 16 
3686 7 3 16 
3782 8 2 16 
11 1 8 17 
1115 2 9 17 
1177 3 8 17 
1222 5 6 17 
2367 6 5 17 
3017 7 4 17 
3245 8 3 17 
3606 1 9 18 
3697 2 10 18 
82 3 9 17 
152 6 6 17 
207 7 5 17 
242 8 4 17 
517 1 10 18 
1423 2 11 18 
1696 3 10 18 
2817 4 9 18 
3103 7 6 18 
3211 8 5 18 
3665 1 11 19 
232 3 11 19 
1017 4 10 19 
1858 5 9 19 
1932 8 6 18 
2084 4 11 19 
2696 5 10 19 
3784 6 9 19 
3937 5 11 19 
136 6 10 19 
1372 7 9 19 
1760 6 11 19 
2445 7 10 19 
2507 8 9 19 
2724 7 11 20 
3170 8 10 19 
3520 7 12 20 
4005 19 0 26 
3951 10 0 26 
3811 18 0 26 
3669 19 1 26 
3639 10 1 26 
3483 11 0 26 
3391 17 0 26 
3023 18 1 26 
2880 19 2 26 
2836 10 2 26 
2797 11 1 26 
2771 12 0 26 
2759 16 0 26 
2754 17 1 26 
2731 18 2 26 
2703 19 3 26 
2666 10 3 26 
2476 11 2 26 
2406 12 1 26 
2278 13 0 26 
2267 15 0 26 
2235 16 1 26 
2169 17 2 26 
1571 18 3 26 
1339 19 4 26 
1239 10 4 26 
1072 11 3 26 
929 12 2 26 
835 13 1 26 
830 14 0 26 
826 15 1 26 
762 16 2 26 
589 17 3 26 
491 18 4 26 
256 19 5 26 
3894 10 5 26 
3819 11 4 26 
3734 12 3 26 
3611 13 2 26 
3492 14 1 26 
3336 15 2 26 
3300 16 3 26 
2830 17 4 26 
2808 18 5 26 
2796 19 6 26 
2742 10 6 26 
2705 11 5 26 
2541 12 4 26 
1989 13 3 26 
1956 14 2 26 
1898 15 3 26 
1449 16 4 26 
1328 17 5 26 
1286 18 6 26 
1254 10 7 26 
1035 11 6 26 
1029 12 5 26 
970 13 4 26 
876 14 3 26 
843 15 4 26 
829 16 5 26 
798 17 6 26 
789 10 8 26 
765 11 7 26 
764 12 6 26 
718 13 5 26 
652 14 4 26 
622 15 5 26 
495 16 6 26 
441 19 7 26 
268 10 9 26 
61 11 8 26 
24 12 7 26 
4042 13 6 26 
3654 14 5 26 
3570 15 6 26 
3549 18 7 26 
3523 19 8 26 
3342 10 10 26 
3260 11 9 26 
3141 12 8 26 
3135 13 7 26 
2924 14 6 26 
2745 17 7 26 
2461 18 8 26 
2435 19 9 26 
2322 10 11 26 
2290 11 10 26 
2196 12 9 26 
2130 13 8 26 
1986 14 7 26 
1943 16 7 26 
1920 17 8 26 
1588 18 9 26 
1505 19 10 26 
1357 10 12 26 
1154 11 11 26 
1113 12 10 26 
1030 13 9 26 
870 14 8 26 
734 15 7 26 
724 16 8 26 
539 17 9 26 
310 18 10 26 
4 19 11 26 
4015 19 19 26 
3398 11 12 26 
3347 12 11 26 
3152 13 10 26 
3125 14 9 26 
3070 15 8 26 
3060 16 9 26 
2883 17 10 26 
2753 18 11 26 
2474 18 19 26 
2372 19 12 26 
2083 19 18 26 
2069 12 12 26 
1939 13 11 26 
1716 14 10 26 
1693 15 9 26 
1024 16 10 26 
994 17 11 26 
805 17 19 26 
739 18 12 26 
642 18 18 26 
562 19 13 26 
483 19 17 26 
383 12 13 26 
368 13 12 26 
115 14 11 26 
110 15 10 26 
88 16 11 26 
4068 16 19 26 
4046 17 12 26 
3910 17 18 26 
3837 18 13 26 
3134 18 17 26 
3056 19 14 26 
3015 19 16 26 
2940 12 14 26 
2898 13 13 26 
2712 14 12 26 
2690 15 11 26 
2637 15 19 26 
2410 16 12 26 
2234 16 18 26 
2153 17 13 26 
2117 17 17 26 
2074 18 14 26 
1964 18 16 26 
1957 19 15 26 
1924 13 14 26 
1773 14 13 26 
1703 14 19 26 
1543 15 12 26 
1102 15 18 26 
1068 16 13 26 
1066 16 17 26 
1009 17 14 26 
953 17 16 26 
898 18 15 26 
880 13 19 26 
808 14 14 26 
799 14 18 26 
740 15 13 26 
623 15 17 26 
490 16 14 26 
458 16 16 26 
299 17 15 26 
4016 0 19 26 
3995 12 19 26 
3700 13 18 26 
3658 14 17 26 
3456 15 14 26 
3369 15 16 26 
3312 16 15 26 
3231 0 18 26 
3145 1 19 26 
3059 11 19 26 
3054 12 18 26 
3036 13 17 26 
3029 14 16 26 
3022 15 15 26 
2961 0 17 26 
2910 1 18 26 
2904 2 19 26 
2789 10 19 26 
2630 11 18 26 
2454 12 17 26 
2432 13 16 26 
2379 14 15 26 
2355 0 16 26 
2342 1 17 26 
2070 2 18 26 
1925 3 19 26 
1863 9 19 26 
1734 10 18 26 
1733 11 17 26 
1458 12 16 26 
1268 13 15 26 
649 0 15 26 
614 1 16 26 
528 2 17 26 
333 3 18 26 
278 4 19 26 
254 8 19 26 
217 9 18 26 
4009 10 17 26 
3365 11 16 26 
3215 12 15 26 
3119 0 14 26 
3112 1 15 26 
2931 2 16 26 
2922 3 17 26 
2891 4 18 26 
2816 5 19 26 
2740 7 19 26 
2729 8 18 26 
2716 9 17 26 
2501 10 16 26 
2161 11 15 26 
2146 0 13 26 
1780 1 14 26 
1296 2 15 26 
1233 3 16 26 
1164 4 17 26 
699 5 18 26 
608 6 19 26 
573 7 18 26 
544 8 17 26 
230 9 16 26 
148 10 15 26 
42 11 14 26 
3863 1 13 26 
3804 2 14 26 
3799 3 15 26 
3724 4 16 26 
3417 5 17 26 
3288 6 18 26 
3266 7 17 26 
3093 8 16 26 
2916 9 15 26 
2581 10 14 26 
2539 11 13 26 
2022 2 13 26 
2010 3 14 26 
1918 4 15 26 
1751 5 16 26 
1738 6 17 26 
1635 7 16 26 
1457 8 15 26 
1433 9 14 26 
1300 10 13 26 
1122 3 13 26 
944 4 14 26 
874 5 15 26 
854 6 16 26 
709 7 15 26 
228 8 14 26 
164 9 13 26 
3702 4 13 26 
3610 5 14 26 
2937 6 15 26 
2411 7 14 26 
2220 8 13 26 
1922 9 12 26 
1292 5 13 26 
1262 6 14 26 
982 7 13 26 
922 8 12 26 
920 9 11 26 
756 6 13 26 
690 7 12 26 
570 8 11 26 
298 9 10 26 
252 6 12 26 
251 7 11 26 
3964 8 10 26 
3890 9 9 26 
3604 5 12 26 
3432 6 11 26 
3378 7 10 26 
2870 8 9 26 
2727 9 8 26 
2708 0 12 26 
2657 4 12 26 
2549 5 11 26 
2285 6 10 26 
2209 7 9 26 
1808 8 8 26 
1766 9 7 26 
1546 0 11 26 
1299 1 12 26 
643 3 12 26 
621 4 11 26 
546 5 10 26 
541 6 9 26 
426 7 8 26 
198 8 7 26 
4036 9 6 26 
3856 0 10 26 
3722 1 11 26 
3428 2 12 26 
3314 3 11 26 
3183 4 10 26 
2572 5 9 26 
2434 6 8 26 
2131 7 7 26 
1966 8 6 26 
1915 9 5 26 
1887 0 9 26 
1530 1 10 26 
1494 2 11 26 
1484 3 10 26 
1137 4 9 26 
811 5 8 26 
679 6 7 26 
328 7 6 26 
199 8 5 26 
3901 9 4 26 
3900 0 8 26 
3509 1 9 26 
2739 2 10 26 
2377 3 9 26 
1895 4 8 26 
1462 5 7 26 
1277 6 6 26 
1182 7 5 26 
986 8 4 26 
704 9 3 26 
291 0 7 26 
248 1 8 26 
34 2 9 26 
3825 3 8 26 
3763 4 7 26 
3754 5 6 26 
3355 6 5 26 
3276 7 4 26 
3258 8 3 26 
2684 9 2 26 
2508 0 6 26 
2145 1 7 26 
2045 2 8 26 
1786 3 7 26 
1555 4 6 26 
1521 5 5 26 
700 6 4 26 
697 7 3 26 
468 8 2 26 
306 9 1 26 
170 0 5 26 
85 1 6 26 
57 2 7 26 
3956 3 6 26 
3794 4 5 26 
3736 5 4 26 
3502 6 3 26 
3387 7 2 26 
3085 8 1 26 
2691 9 0 26 
2672 0 4 26 
1772 1 5 26 
1049 2 6 26 
950 3 5 26 
158 4 4 26 
64 5 3 26 
3 6 2 26 
3879 7 1 26 
3295 8 0 26 
3268 0 3 26 
2809 1 4 26 
2303 2 5 26 
2009 3 4 26 
1900 4 3 26 
1883 5 2 26 
838 6 1 26 
3743 7 0 26 
3427 0 2 26 
2717 1 3 26 
2568 2 4 26 
2469 3 3 26 
2171 4 2 26 
1485 5 1 26 
1442 6 0 26 
917 0 1 26 
486 1 2 26 
3936 2 3 26 
3607 3 2 26 
3364 4 1 26 
3190 5 0 26 
2671 0 0 26 
2180 1 1 26 
2077 2 2 26 
1926 3 1 26 
1504 4 0 26 
1348 1 0 26 
1570 2 1 26 
587 3 0 26 
3309 2 0 26 
1911 2 1 36 
2847 1 1 37 
4051 2 2 37 
239 3 1 37 
274 1 2 38 
755 2 3 37 
2436 3 2 37 
3220 4 1 37 
3679 1 3 38 
407 2 4 38 
455 3 3 38 
518 4 2 38 
1525 5 1 38 
3283 1 4 39 
3584 2 5 39 
147 3 4 39 
945 4 3 39 
1851 5 2 39 
2107 6 1 39 
2427 1 5 40 
3174 2 6 40 
3216 3 5 40 
3758 4 4 40 
1524 5 3 40 
2921 6 2 40 
3047 7 1 39 
235 1 6 41 
906 2 7 41 
1031 3 6 40 
1329 4 5 40 
1503 5 4 40 
1712 6 3 40 
1759 7 2 40 
2089 8 1 40 
2709 1 7 41 
2711 2 8 41 
2841 3 7 41 
3213 4 6 41 
3340 5 5 41 
3384 6 4 41 
4014 7 3 41 
976 8 2 41 
1218 1 8 42 
3105 2 9 42 
3242 3 8 41 
3345 5 6 41 
3773 6 5 41 
43 7 4 41 
159 8 3 41 
545 1 9 42 
550 2 10 42 
773 3 9 42 
1008 6 6 42 
1202 7 5 42 
2200 8 4 42 
2531 1 10 43 
3031 2 11 43 
3817 3 10 43 
1163 4 9 43 
1272 7 6 43 
1637 8 5 43 
2333 1 11 43 
2953 3 11 43 
3408 4 10 43 
3839 5 9 43 
420 8 6 43 
629 4 11 44 
1060 5 10 44 
2704 6 9 44 
2781 5 11 44 
2890 6 10 44 
3451 7 9 44 
3678 6 11 44 
3791 7 10 44 
14 8 9 44 
287 7 11 45 
311 8 10 44 
1621 7 12 45 
1960 8 11 45 
2190 6 14 45 
2384 7 13 45 
2918 8 12 45 
3092 5 14 45 
3101 6 15 45 
3922 19 0 51 
3744 10 0 51 
3600 18 0 51 
3565 19 1 51 
3439 10 1 51 
3393 11 0 51 
3297 17 0 51 
3140 18 1 51 
3058 19 2 51 
2268 10 2 51 
2135 11 1 51 
1947 12 0 51 
1857 16 0 51 
1789 17 1 51 
1783 18 2 51 
1362 19 3 51 
1229 10 3 51 
1016 11 2 51 
850 12 1 51 
813 13 0 51 
636 15 0 51 
537 16 1 51 
466 17 2 51 
3987 18 3 51 
3962 19 4 51 
3873 10 4 51 
3704 11 3 51 
3376 12 2 51 
3293 13 1 51 
3243 14 0 51 
3071 15 1 51 
2636 16 2 51 
2530 17 3 51 
2513 18 4 51 
2287 19 5 51 
2195 10 5 51 
2046 11 4 51 
1830 12 3 51 
1673 13 2 51 
1119 14 1 51 
1023 15 2 51 
705 16 3 51 
462 17 4 51 
377 18 5 51 
370 19 6 51 
341 10 6 51 
294 11 5 51 
231 12 4 51 
212 13 3 51 
77 14 2 51 
2 15 3 51 
4033 16 4 51 
3836 17 5 51 
3348 18 6 51 
3284 10 7 51 
3188 11 6 51 
3129 12 5 51 
2868 13 4 51 
2835 14 3 51 
2559 15 4 51 
2523 16 5 51 
2462 17 6 51 
2233 10 8 51 
2188 11 7 51 
2030 12 6 51 
1954 13 5 51 
1779 14 4 51 
1388 15 5 51 
1352 16 6 51 
1117 19 7 51 
1042 10 9 51 
967 11 8 51 
656 12 7 51 
505 13 6 51 
183 14 5 51 
5 15 6 51 
4038 18 7 51 
3946 19 8 51 
3788 10 10 51 
3765 11 9 51 
3632 12 8 51 
3558 13 7 51 
3465 14 6 51 
3082 17 7 51 
2826 18 8 51 
2675 19 9 51 
2620 10 11 51 
2594 11 10 51 
2328 12 9 51 
2193 13 8 51 
1999 14 7 51 
1752 16 7 51 
1704 17 8 51 
1520 18 9 51 
1436 19 10 51 
1428 10 12 51 
1392 11 11 51 
1089 12 10 51 
890 13 9 51 
674 14 8 51 
464 15 7 51 
315 16 8 51 
288 17 9 51 
141 18 10 51 
37 19 11 51 
25 19 19 51 
3981 11 12 51 
3902 12 11 51 
3597 13 10 51 
3301 14 9 51 
3249 15 8 51 
3182 16 9 51 
2749 17 10 51 
1865 18 11 51 
1558 18 19 51 
1548 19 12 51 
1526 19 18 51 
1512 12 12 51 
1498 13 11 51 
1453 14 10 51 
1351 15 9 51 
1310 16 10 51 
1183 17 11 51 
1176 17 19 51 
1041 18 12 51 
966 18 18 51 
638 19 13 51 
625 19 17 51 
507 12 13 51 
342 13 12 51 
4027 14 11 51 
3992 15 10 51 
3846 16 11 51 
3696 16 19 51 
3486 17 12 51 
3394 17 18 51 
3383 18 13 51 
3257 18 17 51 
2876 19 14 51 
2587 19 16 51 
2441 12 14 51 
2340 13 13 51 
2299 14 12 51 
2253 15 11 51 
2140 15 19 51 
2111 16 12 51 
2076 16 18 51 
1916 17 13 51 
1697 17 17 51 
1654 18 14 51 
1544 18 16 51 
1168 19 15 51 
941 13 14 51 
92 14 13 51 
4072 14 19 51 
3455 15 12 51 
3425 15 18 51 
3410 16 13 51 
3247 16 17 51 
3167 17 14 51 
3160 17 16 51 
3030 18 15 51 
2889 13 19 51 
2769 14 14 51 
2660 14 18 51 
2604 15 13 51 
2413 15 17 51 
2335 16 14 51 
2326 16 16 51 
2214 17 15 51 
1764 0 19 51 
1728 12 19 51 
1725 13 18 51 
1559 14 17 51 
1536 15 14 51 
1477 15 16 51 
1305 16 15 51 
1157 0 18 51 
1078 1 19 51 
875 11 19 51 
618 12 18 51 
549 13 17 51 
28 14 16 51 
4018 15 15 51 
3688 0 17 51 
3676 1 18 51 
3647 2 19 51 
3612 10 19 51 
3337 11 18 51 
3228 12 17 51 
3120 13 16 51 
3078 14 15 51 
2856 0 16 51 
2714 1 17 51 
2616 2 18 51 
2546 3 19 51 
2517 9 19 51 
2491 10 18 51 
2473 11 17 51 
1940 12 16 51 
1792 13 15 51 
1746 0 15 51 
1507 1 16 51 
1384 2 17 51 
1368 3 18 51 
677 4 19 51 
502 8 19 51 
485 9 18 51 
181 10 17 51 
113 11 16 51 
103 12 15 51 
4039 0 14 51 
3620 1 15 51 
3568 2 16 51 
3555 3 17 51 
3373 4 18 51 
3166 5 19 51 
3039 7 19 51 
3013 8 18 51 
2975 9 17 51 
2723 10 16 51 
2678 11 15 51 
2560 0 13 51 
2433 1 14 51 
2393 2 15 51 
2184 3 16 51 
1901 4 17 51 
1698 5 18 51 
1440 6 19 51 
1358 7 18 51 
1132 8 17 51 
1059 9 16 51 
563 10 15 51 
498 11 14 51 
3844 1 13 51 
3789 2 14 51 
3768 3 15 51 
3727 4 16 51 
3424 5 17 51 
3292 6 18 51 
3208 7 17 51 
3158 8 16 51 
3153 9 15 51 
2776 10 14 51 
2720 11 13 51 
2266 2 13 51 
2252 3 14 51 
2225 4 15 51 
2152 5 16 51 
2047 6 17 51 
1801 7 16 51 
1641 8 15 51 
1490 9 14 51 
1260 10 13 51 
1128 3 13 51 
1010 4 14 51 
968 5 15 51 
778 6 16 51 
250 7 15 51 
3882 8 14 51 
3687 9 13 51 
3521 4 13 51 
3405 5 14 51 
3298 6 15 51 
3277 7 14 51 
3197 8 13 51 
2414 9 12 51 
1879 5 13 51 
1798 6 14 51 
1729 7 13 51 
1599 8 12 51 
1486 9 11 51 
1327 6 13 51 
1226 7 12 51 
1217 8 11 51 
1209 9 10 51 
1082 6 12 51 
946 7 11 51 
728 8 10 51 
559 9 9 51 
524 5 12 51 
520 6 11 51 
480 7 10 51 
53 8 9 51 
3781 9 8 51 
3772 0 12 51 
3354 4 12 51 
3128 5 11 51 
2867 6 10 51 
2833 7 9 51 
2748 8 8 51 
2506 9 7 51 
2415 0 11 51 
2297 1 12 51 
2147 3 12 51 
2124 4 11 51 
2094 5 10 51 
2086 6 9 51 
1201 7 8 51 
785 8 7 51 
388 9 6 51 
354 0 10 51 
301 1 11 51 
3923 2 12 51 
3805 3 11 51 
3787 4 10 51 
3437 5 9 51 
3253 6 8 51 
3044 7 7 51 
2858 8 6 51 
2838 9 5 51 
2564 0 9 51 
2525 1 10 51 
2487 2 11 51 
2185 3 10 51 
1623 4 9 51 
1611 5 8 51 
908 6 7 51 
685 7 6 51 
338 8 5 51 
171 9 4 51 
4026 0 8 51 
3849 1 9 51 
3490 2 10 51 
3445 3 9 51 
3441 4 8 51 
3251 5 7 51 
3180 6 6 51 
3149 7 5 51 
3057 8 4 51 
3008 9 3 51 
2227 0 7 51 
2134 1 8 51 
2108 2 9 51 
2050 3 8 51 
1969 4 7 51 
1819 5 6 51 
1690 6 5 51 
1639 7 4 51 
1612 8 3 51 
1565 9 2 51 
488 0 6 51 
3925 1 7 51 
3641 2 8 51 
3482 3 7 51 
3435 4 6 51 
3379 5 5 51 
3318 6 4 51 
2677 7 3 51 
2625 8 2 51 
2459 9 1 51 
2163 0 5 51 
1888 1 6 51 
1881 2 7 51 
1822 3 6 51 
1795 4 5 51 
1657 5 4 51 
1269 6 3 51 
624 7 2 51 
222 8 1 51 
125 9 0 51 
93 0 4 51 
3842 1 5 51 
3775 2 6 51 
3626 3 5 51 
3581 4 4 51 
2986 5 3 51 
2949 6 2 51 
2707 7 1 51 
2590 8 0 51 
2317 0 3 51 
2219 1 4 51 
2064 2 5 51 
2041 3 4 51 
1859 4 3 51 
1437 5 2 51 
1053 6 1 51 
732 7 0 51 
628 0 2 51 
472 1 3 51 
358 2 4 51 
4024 3 3 51 
3972 4 2 51 
3927 5 1 51 
3908 6 0 51 
3661 0 1 51 
2600 1 2 51 
2024 2 3 51 
646 3 2 51 
492 4 1 51 
473 5 0 51 
454 0 0 51 
360 1 1 51 
249 2 2 51 
1904 3 1 51 
1686 4 0 51 
403 1 0 51 
3548 2 1 51 
3534 3 0 51 
2770 2 0 51 
847 2 1 60 
135 1 1 62 
1649 2 2 62 
3021 3 1 61 
3400 1 2 62 
121 2 3 62 
146 3 2 62 
1508 4 1 62 
2142 1 3 63 
2944 2 4 63 
3617 3 3 62 
450 4 2 62 
2034 5 1 62 
3118 1 4 63 
3178 2 5 63 
4056 3 4 63 
506 4 3 63 
879 5 2 63 
1282 6 1 63 
2216 1 5 63 
2409 2 6 63 
2865 3 5 63 
3198 4 4 63 
3649 5 3 63 
79 6 2 63 
858 7 1 63 
1833 1 6 64 
3667 2 7 64 
50 3 6 64 
1232 4 5 64 
1950 5 4 64 
2173 6 3 64 
2347 7 2 64 
3110 8 1 64 
3124 1 7 64 
3143 2 8 64 
3206 3 7 64 
3953 4 6 64 
1100 5 5 64 
1476 6 4 64 
1493 7 3 64 
1714 8 2 64 
3651 1 8 65 
892 2 9 65 
1343 3 8 65 
1431 5 6 65 
1769 6 5 65 
1810 7 4 65 
1937 8 3 65 
2028 1 9 65 
2057 2 10 65 
2634 3 9 65 
2649 6 6 65 
3212 7 5 65 
3619 8 4 65 
27 1 10 66 
62 2 11 66 
209 3 10 66 
542 4 9 66 
576 7 6 66 
1347 8 5 66 
1413 1 11 67 
1595 3 11 66 
1652 4 10 66 
2251 5 9 66 
2926 8 6 66 
2930 4 11 67 
3706 5 10 67 
4021 6 9 67 
12 5 11 67 
409 6 10 67 
691 7 9 67 
712 6 11 68 
956 7 10 68 
1238 8 9 68 
2016 7 11 68 
2270 8 10 68 
3223 7 12 68 
4022 8 11 68 
1037 6 14 68 
1039 7 13 68 
1390 8 12 68 
2318 5 14 68 
2365 6 15 68 
2848 7 14 68 
2991 8 13 68 
122 4 14 69 
788 5 15 69 
1194 6 16 69 
1463 7 15 69 
1790 8 14 68 
2271 3 14 69 
2481 4 15 69 
2658 5 16 69 
3528 6 17 69 
3859 19 0 76 
3783 10 0 76 
3718 18 0 76 
3411 19 1 76 
3356 10 1 76 
3089 11 0 76 
3068 17 0 76 
2927 18 1 76 
2565 19 2 76 
2438 10 2 76 
2112 11 1 76 
1629 12 0 76 
1481 16 0 76 
1427 17 1 76 
1267 18 2 76 
1103 19 3 76 
1084 10 3 76 
809 11 2 76 
807 12 1 76 
748 13 0 76 
566 15 0 76 
461 16 1 76 
435 17 2 76 
296 18 3 76 
280 19 4 76 
233 10 4 76 
150 11 3 76 
4025 12 2 76 
3892 13 1 76 
3785 14 0 76 
3598 15 1 76 
3526 16 2 76 
3525 17 3 76 
3522 18 4 76 
3436 19 5 76 
3159 10 5 76 
3095 11 4 76 
2806 12 3 76 
2791 13 2 76 
2552 14 1 76 
2206 15 2 76 
2002 16 3 76 
1975 17 4 76 
1743 18 5 76 
1448 19 6 76 
1330 10 6 76 
1040 11 5 76 
702 12 4 76 
664 13 3 76 
519 14 2 76 
3998 15 3 76 
3928 16 4 76 
3726 17 5 76 
3719 18 6 76 
3470 10 7 76 
3323 11 6 76 
3172 12 5 76 
3064 13 4 76 
3032 14 3 76 
2971 15 4 76 
2955 16 5 76 
2939 17 6 76 
2928 10 8 76 
2869 11 7 76 
2444 12 6 76 
2408 13 5 76 
2265 14 4 76 
2035 15 5 76 
2017 16 6 76 
1765 19 7 76 
1740 10 9 76 
1540 11 8 76 
1375 12 7 76 
1085 13 6 76 
1048 14 5 76 
1007 15 6 76 
598 18 7 76 
406 19 8 76 
372 10 10 76 
289 11 9 76 
284 12 8 76 
169 13 7 76 
76 14 6 76 
8 17 7 76 
3965 18 8 76 
3770 19 9 76 
3459 10 11 76 
3418 11 10 76 
3269 12 9 76 
3252 13 8 76 
3011 14 7 76 
2686 16 7 76 
2527 17 8 76 
2360 18 9 76 
2080 19 10 76 
2058 10 12 76 
1934 11 11 76 
1854 12 10 76 
1841 13 9 76 
1809 14 8 76 
1648 15 7 76 
1615 16 8 76 
1586 17 9 76 
1534 18 10 76 
1367 19 11 76 
1318 19 19 76 
886 11 12 76 
853 12 11 76 
706 13 10 76 
350 14 9 76 
176 15 8 76 
54 16 9 76 
3959 17 10 76 
3938 18 11 76 
3792 18 19 76 
3561 19 12 76 
3543 19 18 76 
3491 12 12 76 
3401 13 11 76 
3122 14 10 76 
2964 15 9 76 
2680 16 10 76 
2661 17 11 76 
2617 17 19 76 
2510 18 12 76 
2353 18 18 76 
1630 19 13 76 
1487 19 17 76 
1131 12 13 76 
901 13 12 76 
840 14 11 76 
567 15 10 76 
540 16 11 76 
525 16 19 76 
469 17 12 76 
366 17 18 76 
319 18 13 76 
305 18 17 76 
161 19 14 76 
69 19 16 76 
3990 12 14 76 
3932 13 13 76 
3747 14 12 76 
3645 15 11 76 
3399 15 19 76 
3099 16 12 76 
3050 16 18 76 
2673 17 13 76 
2670 17 17 76 
2576 18 14 76 
2554 18 16 76 
2465 19 15 76 
1963 13 14 76 
1583 14 13 76 
1274 14 19 76 
1210 15 12 76 
1193 15 18 76 
1151 16 13 76 
1134 16 17 76 
1021 17 14 76 
955 17 16 76 
855 18 15 76 
719 13 19 76 
611 14 14 76 
594 14 18 76 
371 15 13 76 
47 15 17 76 
23 16 14 76 
4066 16 16 76 
3793 17 15 76 
3438 0 19 76 
2894 12 19 76 
2732 13 18 76 
2601 14 17 76 
2475 15 14 76 
2370 15 16 76 
2323 16 15 76 
2242 0 18 76 
2241 1 19 76 
1762 11 19 76 
1590 12 18 76 
1549 13 17 76 
1228 14 16 76 
1174 15 15 76 
910 0 17 76 
888 1 18 76 
786 2 19 76 
654 10 19 76 
604 11 18 76 
538 12 17 76 
487 13 16 76 
346 14 15 76 
330 0 16 76 
3971 1 17 76 
3916 2 18 76 
3841 3 19 76 
3828 9 19 76 
3621 10 18 76 
3530 11 17 76 
3447 12 16 76 
3328 13 15 76 
3313 0 15 76 
2977 1 16 76 
2692 2 17 76 
2577 3 18 76 
2352 4 19 76 
2237 8 19 76 
1561 9 18 76 
1398 10 17 76 
1314 11 16 76 
1294 12 15 76 
1279 0 14 76 
963 1 15 76 
914 2 16 76 
776 3 17 76 
627 4 18 76 
605 5 19 76 
515 7 19 76 
421 8 18 76 
4041 9 17 76 
4019 10 16 76 
4000 11 15 76 
3766 0 13 76 
3605 1 14 76 
3450 2 15 76 
3440 3 16 76 
3131 4 17 76 
3108 5 18 76 
3094 6 19 76 
2948 7 18 76 
2534 8 17 76 
2327 9 16 76 
2157 10 15 76 
1959 11 14 76 
1905 1 13 76 
1890 2 14 76 
1784 3 15 76 
1713 4 16 76 
1679 5 17 76 
1607 6 18 76 
1569 7 17 76 
1301 8 16 76 
1293 9 15 76 
1271 10 14 76 
1096 11 13 76 
981 2 13 76 
919 3 14 76 
882 4 15 76 
501 5 16 76 
213 6 17 76 
3989 7 16 76 
3986 8 15 76 
3663 9 14 76 
3308 10 13 76 
3209 3 13 76 
3028 4 14 76 
2710 5 15 76 
2614 6 16 76 
2585 7 15 76 
2480 8 14 76 
2396 9 13 76 
2332 4 13 76 
2183 5 14 76 
2036 6 15 76 
1581 7 14 76 
1311 8 13 76 
1020 9 12 76 
694 5 13 76 
600 6 14 76 
404 7 13 76 
400 8 12 76 
214 9 11 76 
194 6 13 76 
83 7 12 76 
4054 8 11 76 
4010 9 10 76 
3807 6 12 76 
3741 7 11 76 
3622 8 10 76 
3593 9 9 76 
3506 5 12 76 
3496 6 11 76 
3267 7 10 76 
3250 8 9 76 
3224 9 8 76 
2813 0 12 76 
2768 4 12 76 
2380 5 11 76 
2224 6 10 76 
1973 7 9 76 
1597 8 8 76 
1435 9 7 76 
1213 0 11 76 
993 1 12 76 
536 3 12 76 
521 4 11 76 
413 5 10 76 
3991 6 9 76 
3776 7 8 76 
3753 8 7 76 
3488 9 6 76 
3480 0 10 76 
3204 1 11 76 
2978 2 12 76 
2920 3 11 76 
2524 4 10 76 
2482 5 9 76 
2456 6 8 76 
2362 7 7 76 
2068 8 6 76 
1951 9 5 76 
1385 0 9 76 
1359 1 10 76 
1105 2 11 76 
1038 3 10 76 
930 4 9 76 
259 5 8 76 
4040 6 7 76 
3674 7 6 76 
3449 8 5 76 
3263 9 4 76 
3081 0 8 76 
2832 1 9 76 
2659 2 10 76 
2304 3 9 76 
2239 4 8 76 
2159 5 7 76 
1971 6 6 76 
1944 7 5 76 
1768 8 4 76 
1616 9 3 76 
1391 0 7 76 
1360 1 8 76 
1246 2 9 76 
964 3 8 76 
887 4 7 76 
824 5 6 76 
655 6 5 76 
4048 7 4 76 
3969 8 3 76 
3771 9 2 76 
3659 0 6 76 
3648 1 7 76 
3025 2 8 76 
2820 3 7 76 
2741 4 6 76 
2648 5 5 76 
2574 6 4 76 
2551 7 3 76 
2431 8 2 76 
1640 9 1 76 
1319 0 5 76 
947 1 6 76 
909 2 7 76 
553 3 6 76 
552 4 5 76 
84 5 4 76 
3876 6 3 76 
3638 7 2 76 
3515 8 1 76 
3457 9 0 76 
2967 0 4 76 
2535 1 5 76 
2338 2 6 76 
2015 3 5 76 
1952 4 4 76 
1931 5 3 76 
1815 6 2 76 
1422 7 1 76 
980 8 0 76 
703 0 3 76 
261 1 4 76 
4073 2 5 76 
4047 3 4 76 
3210 4 3 76 
2221 5 2 76 
1813 6 1 76 
1587 7 0 76 
1124 0 2 76 
522 1 3 76 
405 2 4 76 
224 3 3 76 
63 4 2 76 
3979 5 1 76 
3226 6 0 76 
3090 0 1 76 
3009 1 2 76 
2557 2 3 76 
2141 3 2 76 
2096 4 1 76 
1666 5 0 76 
1418 0 0 76 
780 1 1 76 
3553 2 2 76 
3426 3 1 76 
3372 4 0 76 
3329 1 0 76 
3327 2 1 76 
1908 3 0 76 
1982 2 0 76 
4013 2 1 86 
2049 1 1 87 
2957 2 2 86 
3164 3 1 86 
516 1 2 87 
596 2 3 87 
607 3 2 87 
693 4 1 87 
3717 1 3 88 
3806 2 4 88 
215 3 3 88 
523 4 2 88 
1206 5 1 87 
2286 1 4 89 
3388 2 5 88 
46 3 4 88 
864 4 3 88 
1884 5 2 88 
3000 6 1 88 
3511 1 5 89 
81 2 6 89 
316 3 5 89 
448 4 4 89 
669 5 3 89 
897 6 2 89 
1755 7 1 89 
3097 1 6 90 
3324 2 7 90 
3343 3 6 90 
3671 4 5 90 
66 5 4 90 
314 6 3 89 
382 7 2 89 
1126 8 1 89 
1333 1 7 90 
1516 2 8 90 
2307 3 7 90 
2618 4 6 90 
2901 5 5 90 
2906 6 4 90 
2962 7 3 90 
3091 8 2 90 
3331 1 8 91 
3694 2 9 91 
1465 3 8 91 
2419 5 6 91 
3368 6 5 91 
4030 7 4 90 
134 8 3 90 
750 1 9 91 
1515 2 10 91 
1545 3 9 91 
1906 6 6 91 
2230 7 5 91 
2503 8 4 91 
3821 1 10 92 
343 2 11 92 
398 3 10 92 
711 4 9 92 
814 7 6 91 
915 8 5 91 
1051 1 11 92 
1326 3 11 92 
1747 4 10 92 
2641 5 9 92 
3146 8 6 92 
3474 4 11 93 
3739 5 10 93 
3814 6 9 92 
3867 5 11 93 
509 6 10 93 
815 7 9 93 
1614 6 11 93 
2229 7 10 93 
2674 8 9 93 
2839 7 11 93 
3281 8 10 93 
3924 7 12 94 
619 8 11 93 
869 6 14 94 
907 7 13 94 
1337 8 12 94 
2478 5 14 94 
3358 6 15 94 
275 7 14 94 
648 8 13 94 
903 4 14 94 
1761 5 15 94 
2401 6 16 94 
2532 7 15 94 
2811 8 14 94 
2879 3 14 95 
3051 4 15 95 
3596 5 16 95 
4011 6 17 95 
