1685
6283 7 19 1 
6241 0 11 1 
6150 7 18 1 
6114 8 19 1 
5960 10 19 1 
5950 0 8 1 
5796 0 10 1 
5433 1 11 1 
5405 8 18 1 
5220 9 19 1 
4970 10 16 1 
4839 10 18 1 
4288 0 9 1 
3898 0 17 1 
3821 0 19 1 
3324 1 8 1 
2955 1 10 1 
2037 2 11 1 
1904 9 16 1 
1787 9 18 1 
1415 10 17 1 
1412 0 12 1 
1100 0 18 1 
1079 1 9 1 
1057 1 17 1 
711 1 19 1 
636 2 8 1 
487 2 10 1 
392 8 16 1 
32 9 17 1 
6322 0 13 1 
6152 1 12 1 
6051 1 18 1 
5890 2 9 1 
5799 2 17 1 
5399 2 19 1 
5281 3 8 1 
5181 6 19 1 
4885 7 16 1 
4589 8 17 1 
4558 0 14 1 
4393 0 16 1 
4071 1 13 1 
3701 2 12 1 
3589 2 18 1 
3560 3 9 1 
3256 3 19 1 
3084 4 8 1 
2841 5 19 1 
2834 6 16 1 
2802 6 18 1 
2615 7 9 1 
2547 7 17 1 
2474 0 15 1 
1969 1 14 1 
1758 1 16 1 
1470 2 13 1 
1405 3 10 1 
1348 3 18 1 
1344 4 9 1 
1322 4 19 1 
1000 5 16 1 
733 5 18 1 
572 6 9 1 
387 6 17 1 
273 7 10 1 
76 1 15 1 
6280 2 14 1 
6108 2 16 1 
5739 3 11 1 
5737 3 17 1 
5163 4 10 1 
5064 4 18 1 
3907 5 9 1 
3703 5 17 1 
3456 6 10 1 
3229 7 11 1 
2870 2 15 1 
2562 3 12 1 
2439 3 16 1 
2396 4 11 1 
2372 4 17 1 
1849 5 10 1 
1752 6 11 1 
1751 7 12 1 
1669 3 13 1 
1516 3 15 1 
1506 4 12 1 
1014 4 16 1 
694 5 11 1 
655 6 12 1 
498 3 14 1 
348 4 13 1 
286 4 15 1 
6436 5 12 1 
5606 4 14 1 
5039 5 13 1 
4702 5 15 1 
4363 19 19 1 
4208 5 14 1 
3944 6 13 1 
3729 6 15 1 
3273 18 19 1 
3254 19 18 1 
3187 6 14 1 
2958 7 13 1 
2625 7 15 1 
2529 11 19 1 
2514 17 19 1 
2337 18 18 1 
1875 19 17 1 
1852 7 14 1 
1807 8 15 1 
1806 10 15 1 
1435 11 18 1 
157 12 19 1 
6256 16 19 1 
6236 17 18 1 
6081 18 17 1 
5685 19 16 1 
5395 8 14 1 
5279 9 15 1 
5240 10 14 1 
5154 11 17 1 
4976 12 18 1 
4728 13 19 1 
4460 15 19 1 
4180 16 18 1 
4117 17 17 1 
4058 18 16 1 
3818 19 11 1 
3816 19 15 1 
3804 8 13 1 
3663 9 14 1 
3645 10 13 1 
3541 11 16 1 
2882 12 17 1 
2790 13 18 1 
2774 14 19 1 
2699 15 18 1 
2424 16 17 1 
2140 17 16 1 
1972 18 11 1 
1884 18 15 1 
1788 19 12 1 
1206 19 14 1 
324 8 8 1 
6161 8 12 1 
6057 9 13 1 
5953 10 12 1 
5789 11 13 1 
5741 11 15 1 
5549 12 16 1 
5505 13 17 1 
5452 14 18 1 
5187 15 17 1 
5054 16 16 1 
4910 17 15 1 
4516 18 12 1 
4423 18 14 1 
4355 19 9 1 
4148 19 13 1 
4121 8 9 1 
4009 8 11 1 
3796 9 8 1 
3733 9 12 1 
3554 11 14 1 
3528 12 13 1 
3346 12 15 1 
3274 13 16 1 
3204 14 17 1 
2759 15 16 1 
2710 16 15 1 
2475 17 14 1 
2442 18 9 1 
2136 18 13 1 
2123 19 10 1 
1468 8 10 1 
1467 9 9 1 
1225 9 11 1 
1214 10 8 1 
1121 11 7 1 
967 12 14 1 
952 13 15 1 
366 14 16 1 
6424 15 15 1 
5186 16 14 1 
5049 17 9 1 
4878 17 13 1 
4843 18 10 1 
4714 9 10 1 
4543 10 9 1 
4378 10 11 1 
4361 11 8 1 
4300 11 12 1 
3941 13 14 1 
3845 14 15 1 
3422 15 14 1 
3405 16 9 1 
3351 16 13 1 
2867 17 10 1 
2704 17 12 1 
2636 19 0 1 
2622 10 10 1 
1989 11 9 1 
1970 11 11 1 
1921 12 12 1 
1097 13 13 1 
953 14 14 1 
902 15 9 1 
548 15 13 1 
23 16 10 1 
7 16 12 1 
6435 17 11 1 
6194 18 0 1 
5974 19 1 1 
5716 6 3 1 
4935 11 10 1 
4817 12 9 1 
4583 12 11 1 
4579 13 0 1 
4499 13 12 1 
4032 14 13 1 
3894 15 10 1 
3516 15 12 1 
3218 16 11 1 
3177 17 0 1 
2932 18 1 1 
2846 19 2 1 
2727 19 8 1 
2430 4 4 1 
2388 6 4 1 
2352 12 10 1 
2081 13 1 1 
1747 13 11 1 
1611 14 0 1 
1248 14 12 1 
1088 15 11 1 
682 16 0 1 
666 17 1 1 
432 18 2 1 
423 18 8 1 
321 19 3 1 
153 19 7 1 
5848 4 5 1 
5756 5 4 1 
5715 6 5 1 
5579 13 2 1 
5511 13 10 1 
5107 14 1 1 
4994 14 11 1 
4819 15 0 1 
4535 16 1 1 
4182 17 2 1 
4080 17 8 1 
3964 18 3 1 
3547 18 7 1 
3288 19 4 1 
3112 19 6 1 
3075 4 6 1 
2422 5 5 1 
1698 12 8 1 
1331 13 3 1 
1163 13 9 1 
1107 14 2 1 
919 14 10 1 
898 15 1 1 
855 16 2 1 
708 16 8 1 
565 17 3 1 
344 17 7 1 
75 18 4 1 
6277 18 6 1 
5956 19 5 1 
5701 4 7 1 
5595 5 6 1 
5580 5 8 1 
5352 12 7 1 
5303 13 8 1 
5259 14 3 1 
5119 14 9 1 
4890 15 2 1 
4482 15 8 1 
4476 16 3 1 
4193 16 7 1 
3970 17 4 1 
3732 17 6 1 
3647 18 5 1 
3161 5 7 1 
3100 6 8 1 
2489 7 3 1 
2366 13 7 1 
2344 14 8 1 
1792 15 3 1 
1365 15 7 1 
1339 16 4 1 
1328 16 6 1 
1091 17 5 1 
1030 6 7 1 
810 7 4 1 
798 7 8 1 
99 14 7 1 
83 15 4 1 
5915 15 6 1 
5712 16 5 1 
5677 6 6 1 
5660 7 5 1 
5573 7 7 1 
5322 8 4 1 
5273 14 4 1 
4954 14 6 1 
4573 15 5 1 
4474 7 6 1 
4398 8 5 1 
4145 8 7 1 
3979 9 4 1 
3608 12 3 1 
2178 13 4 1 
2171 13 6 1 
2118 14 5 1 
1947 3 7 1 
1942 8 6 1 
1844 9 5 1 
1608 9 7 1 
1320 12 4 1 
1157 12 6 1 
888 13 5 1 
754 0 7 1 
668 2 7 1 
497 3 6 1 
290 9 6 1 
47 10 7 1 
6423 11 6 1 
6357 12 5 1 
6273 0 6 1 
6244 1 7 1 
6134 2 6 1 
4720 3 5 1 
3795 10 6 1 
3570 11 5 1 
3404 12 0 1 
3183 0 5 1 
3156 1 6 1 
2873 2 5 1 
2744 10 5 1 
2582 11 0 1 
2016 11 4 1 
1224 12 1 1 
940 0 0 1 
758 0 4 1 
477 1 5 1 
470 10 0 1 
6186 10 4 1 
5803 11 1 1 
5787 11 3 1 
5027 12 2 1 
4733 0 1 1 
4652 0 3 1 
4147 1 0 1 
4085 1 4 1 
3495 10 1 1 
2828 10 3 1 
2634 11 2 1 
1227 0 2 1 
894 1 1 1 
248 1 3 1 
6375 2 4 1 
6366 9 3 1 
6238 10 2 1 
6208 1 2 1 
6045 2 3 1 
5744 3 4 1 
5682 8 3 1 
3861 9 2 1 
3603 2 2 1 
3035 3 3 1 
2328 8 2 1 
1558 9 1 1 
1528 2 1 1 
42 3 2 1 
4899 4 3 1 
4776 7 2 1 
4569 8 1 1 
4186 9 0 1 
4144 2 0 1 
4055 3 1 1 
3871 4 2 1 
3806 5 3 1 
3472 6 2 1 
3000 7 1 1 
2451 8 0 1 
2371 3 0 1 
1690 4 1 1 
686 5 2 1 
14 6 1 1 
5944 7 0 1 
3537 4 0 1 
2336 5 1 1 
1445 6 0 1 
124 5 0 1 
6064 5 1 13 
5866 6 1 14 
709 7 1 14 
2544 8 1 14 
2548 2 3 15 
3082 1 3 16 
3334 11 1 16 
3470 1 6 17 
5783 2 6 17 
4684 8 6 18 
5844 13 5 18 
117 8 5 18 
212 15 7 19 
812 16 7 19 
3773 17 7 20 
80 18 4 20 
3734 18 7 20 
263 16 11 21 
838 18 1 21 
1131 16 10 22 
5204 9 9 23 
5341 9 13 23 
6353 7 19 26 
6262 0 11 26 
6230 7 18 26 
6219 8 19 26 
6175 10 19 26 
6079 0 8 26 
6011 0 10 26 
5424 1 11 26 
5347 8 18 26 
5312 9 19 26 
5262 10 16 26 
5227 10 18 26 
4775 0 9 26 
4442 0 17 26 
4155 0 19 26 
4100 1 8 26 
3743 1 10 26 
3683 2 11 26 
3572 9 16 26 
3532 9 18 26 
3506 10 17 26 
3263 0 12 26 
2991 0 18 26 
2819 1 9 26 
2572 1 17 26 
2321 1 19 26 
2004 2 8 26 
1889 2 10 26 
1847 8 16 26 
1767 9 17 26 
1748 0 13 26 
1713 1 12 26 
1068 1 18 26 
1009 2 9 26 
623 2 17 26 
456 2 19 26 
431 3 8 26 
235 6 19 26 
183 7 16 26 
85 8 17 26 
43 0 14 26 
4 0 16 26 
6400 1 13 26 
6323 2 12 26 
6263 2 18 26 
6170 3 9 26 
6138 3 19 26 
5719 4 8 26 
5499 5 19 26 
5330 6 16 26 
5248 6 18 26 
5214 7 9 26 
5040 7 17 26 
4991 0 15 26 
4931 1 14 26 
4742 1 16 26 
4658 2 13 26 
4541 3 10 26 
4530 3 18 26 
4342 4 9 26 
3834 4 19 26 
3664 5 16 26 
3658 5 18 26 
3525 6 9 26 
3482 6 17 26 
2809 7 10 26 
2677 1 15 26 
2256 2 14 26 
2125 2 16 26 
1315 3 11 26 
869 3 17 26 
817 4 10 26 
659 4 18 26 
510 5 9 26 
285 5 17 26 
6373 6 10 26 
6352 7 11 26 
6247 2 15 26 
6047 3 12 26 
5985 3 16 26 
5837 4 11 26 
5746 4 17 26 
5507 5 10 26 
5368 6 11 26 
5152 7 12 26 
5125 3 13 26 
5111 3 15 26 
5083 4 12 26 
5079 4 16 26 
4783 5 11 26 
4555 6 12 26 
4426 3 14 26 
3973 4 13 26 
3520 4 15 26 
3504 5 12 26 
3219 4 14 26 
3088 5 13 26 
2942 5 15 26 
2903 19 19 26 
2820 5 14 26 
2629 6 13 26 
1927 6 15 26 
1812 18 19 26 
1451 19 18 26 
1385 6 14 26 
1325 7 13 26 
1185 7 15 26 
1134 11 19 26 
793 17 19 26 
427 18 18 26 
308 19 17 26 
6346 7 14 26 
6330 8 15 26 
6206 10 15 26 
6054 11 18 26 
5461 12 19 26 
4767 16 19 26 
4697 17 18 26 
4370 18 17 26 
3798 19 16 26 
3739 8 14 26 
3725 9 15 26 
3392 10 14 26 
3382 11 17 26 
2947 12 18 26 
2833 13 19 26 
2520 15 19 26 
1998 16 18 26 
1907 17 17 26 
1820 18 16 26 
1638 19 11 26 
1624 19 15 26 
1021 8 13 26 
614 9 14 26 
515 10 13 26 
491 11 16 26 
281 12 17 26 
6307 13 18 26 
6162 14 19 26 
5900 15 18 26 
5545 16 17 26 
5432 17 16 26 
5183 18 11 26 
5138 18 15 26 
5127 19 12 26 
4939 19 14 26 
4680 8 8 26 
4675 8 12 26 
4524 9 13 26 
4443 10 12 26 
4170 11 13 26 
3616 11 15 26 
3575 12 16 26 
3478 13 17 26 
3460 14 18 26 
3401 15 17 26 
2788 16 16 26 
2734 17 15 26 
2655 18 12 26 
2527 18 14 26 
2476 19 9 26 
2387 19 13 26 
2318 8 9 26 
2180 8 11 26 
2030 9 8 26 
1944 9 12 26 
1938 11 14 26 
1882 12 13 26 
1784 12 15 26 
1465 13 16 26 
1400 14 17 26 
1233 15 16 26 
1038 16 15 26 
6409 17 14 26 
6148 18 9 26 
6147 18 13 26 
6116 19 10 26 
5867 8 10 26 
5634 9 9 26 
5463 9 11 26 
5363 10 8 26 
5337 11 7 26 
5306 12 14 26 
4822 13 15 26 
4510 14 16 26 
4247 15 15 26 
3661 16 14 26 
3651 17 9 26 
3464 17 13 26 
3266 18 10 26 
3166 9 10 26 
3096 10 9 26 
2921 10 11 26 
2815 11 8 26 
2679 11 12 26 
2361 13 14 26 
2338 14 15 26 
2089 15 14 26 
1753 16 9 26 
1408 16 13 26 
1390 17 10 26 
1144 17 12 26 
397 19 0 26 
293 10 10 26 
82 11 9 26 
6270 11 11 26 
6233 12 12 26 
6041 13 13 26 
5965 14 14 26 
5721 15 9 26 
5705 15 13 26 
5598 16 10 26 
5427 16 12 26 
5362 17 11 26 
5145 18 0 26 
4953 19 1 26 
4858 6 3 26 
4815 11 10 26 
4551 12 9 26 
4547 12 11 26 
4470 13 0 26 
4438 13 12 26 
4236 14 13 26 
4213 15 10 26 
4107 15 12 26 
4002 16 11 26 
3688 17 0 26 
3445 18 1 26 
3402 19 2 26 
2709 19 8 26 
2219 4 4 26 
1750 6 4 26 
1442 12 10 26 
1113 13 1 26 
592 13 11 26 
420 14 0 26 
6190 14 12 26 
6086 15 11 26 
5359 16 0 26 
5294 17 1 26 
4732 18 2 26 
4565 18 8 26 
4548 19 3 26 
3869 19 7 26 
3724 4 5 26 
3685 5 4 26 
3538 6 5 26 
3141 13 2 26 
3043 13 10 26 
2825 14 1 26 
2631 14 11 26 
2594 15 0 26 
2502 16 1 26 
2467 17 2 26 
2354 17 8 26 
2306 18 3 26 
2283 18 7 26 
2228 19 4 26 
2189 19 6 26 
1765 4 6 26 
1708 5 5 26 
1593 12 8 26 
1586 13 3 26 
1232 13 9 26 
830 14 2 26 
494 14 10 26 
49 15 1 26 
37 16 2 26 
6345 16 8 26 
6155 17 3 26 
5930 17 7 26 
5798 18 4 26 
5792 18 6 26 
5778 19 5 26 
5687 4 7 26 
5594 5 6 26 
5096 5 8 26 
4942 12 7 26 
4906 13 8 26 
4137 14 3 26 
3952 14 9 26 
3876 15 2 26 
3814 15 8 26 
3622 16 3 26 
3566 16 7 26 
3179 17 4 26 
2917 17 6 26 
2580 18 5 26 
2573 5 7 26 
2286 6 8 26 
2268 7 3 26 
1285 13 7 26 
1098 14 8 26 
663 15 3 26 
595 15 7 26 
534 16 4 26 
319 16 6 26 
252 17 5 26 
6176 6 7 26 
5834 7 4 26 
5529 7 8 26 
5483 14 7 26 
5415 15 4 26 
4984 15 6 26 
4930 16 5 26 
4855 6 6 26 
4834 7 5 26 
4414 7 7 26 
4362 8 4 26 
4091 14 4 26 
4062 14 6 26 
3659 15 5 26 
3134 7 6 26 
3033 8 5 26 
2611 8 7 26 
2174 9 4 26 
1729 12 3 26 
957 13 4 26 
904 13 6 26 
635 14 5 26 
256 3 7 26 
5233 8 6 26 
4956 9 5 26 
4507 9 7 26 
4216 12 4 26 
4175 12 6 26 
4149 13 5 26 
3902 0 7 26 
3310 2 7 26 
2412 3 6 26 
2233 9 6 26 
2007 10 7 26 
1905 11 6 26 
1614 12 5 26 
1054 0 6 26 
1045 1 7 26 
746 2 6 26 
554 3 5 26 
525 10 6 26 
45 11 5 26 
6385 12 0 26 
6174 0 5 26 
5952 1 6 26 
5464 2 5 26 
5444 10 5 26 
5351 11 0 26 
5143 11 4 26 
5025 12 1 26 
4650 0 0 26 
4151 0 4 26 
4134 1 5 26 
3803 10 0 26 
3735 10 4 26 
3714 11 1 26 
3599 11 3 26 
3045 12 2 26 
2402 0 1 26 
2126 0 3 26 
2053 1 0 26 
1588 1 4 26 
1419 10 1 26 
1143 10 3 26 
627 11 2 26 
593 0 2 26 
63 1 1 26 
5135 1 3 26 
4955 2 4 26 
4933 9 3 26 
4784 10 2 26 
4572 1 2 26 
4491 2 3 26 
4310 3 4 26 
4248 8 3 26 
3671 9 2 26 
2319 2 2 26 
881 3 3 26 
755 8 2 26 
6217 9 1 26 
5908 2 1 26 
5790 3 2 26 
5697 4 3 26 
5536 7 2 26 
5420 8 1 26 
5098 9 0 26 
4922 2 0 26 
4566 3 1 26 
3963 4 2 26 
3826 5 3 26 
3708 6 2 26 
3648 7 1 26 
270 8 0 26 
5861 3 0 26 
4420 4 1 26 
3740 5 2 26 
3011 6 1 26 
1041 7 0 26 
4972 4 0 26 
4940 5 1 26 
3607 6 0 26 
2135 5 0 26 
1509 5 1 38 
4283 6 1 39 
3523 7 1 40 
5775 8 1 40 
2838 2 3 41 
841 1 3 41 
970 11 1 42 
1284 1 6 42 
58 2 6 43 
352 8 6 43 
1456 13 5 43 
3414 8 5 44 
3529 15 7 45 
3448 16 7 45 
5381 17 7 45 
5544 18 4 45 
329 18 7 46 
3582 16 11 47 
4410 18 1 47 
652 16 10 47 
5114 9 9 48 
6059 7 19 51 
5895 0 11 51 
5759 7 18 51 
5451 8 19 51 
5412 10 19 51 
5299 0 8 51 
4891 0 10 51 
4735 1 11 51 
4707 8 18 51 
4691 9 19 51 
4132 10 16 51 
3962 10 18 51 
3929 0 9 51 
3839 0 17 51 
3744 0 19 51 
3530 1 8 51 
3127 1 10 51 
3046 2 11 51 
3024 9 16 51 
2743 9 18 51 
2391 10 17 51 
2359 0 12 51 
2351 0 18 51 
2154 1 9 51 
2058 1 17 51 
1912 1 19 51 
1687 2 8 51 
1354 2 10 51 
1202 8 16 51 
909 9 17 51 
393 0 13 51 
191 1 12 51 
144 1 18 51 
6164 2 9 51 
5925 2 17 51 
5772 2 19 51 
5636 3 8 51 
5442 6 19 51 
5419 7 16 51 
5292 8 17 51 
5235 0 14 51 
5176 0 16 51 
5028 1 13 51 
4916 2 12 51 
4904 2 18 51 
4478 3 9 51 
4457 3 19 51 
4436 4 8 51 
4418 5 19 51 
4222 6 16 51 
4054 6 18 51 
3642 7 9 51 
3600 7 17 51 
3304 0 15 51 
3237 1 14 51 
3200 1 16 51 
3073 2 13 51 
2889 3 10 51 
2623 3 18 51 
2121 4 9 51 
1950 4 19 51 
1548 5 16 51 
1368 5 18 51 
1219 6 9 51 
1155 6 17 51 
981 7 10 51 
606 1 15 51 
449 2 14 51 
268 2 16 51 
255 3 11 51 
241 3 17 51 
151 4 10 51 
6139 4 18 51 
6031 5 9 51 
6019 5 17 51 
5933 6 10 51 
5879 7 11 51 
5864 2 15 51 
5747 3 12 51 
5673 3 16 51 
5650 4 11 51 
5638 4 17 51 
5289 5 10 51 
5245 6 11 51 
5191 7 12 51 
5166 3 13 51 
5158 3 15 51 
4981 4 12 51 
4924 4 16 51 
4608 5 11 51 
4081 6 12 51 
3899 3 14 51 
3483 4 13 51 
3041 4 15 51 
3015 5 12 51 
2530 4 14 51 
2400 5 13 51 
2277 5 15 51 
2266 19 19 51 
2229 5 14 51 
2208 6 13 51 
2077 6 15 51 
1772 18 19 51 
1523 19 18 51 
1279 6 14 51 
653 7 13 51 
31 7 15 51 
6367 11 19 51 
6328 17 19 51 
6180 18 18 51 
5136 19 17 51 
5093 7 14 51 
4932 8 15 51 
4496 10 15 51 
4377 11 18 51 
4303 12 19 51 
4269 16 19 51 
4103 17 18 51 
4077 18 17 51 
3831 19 16 51 
3776 8 14 51 
3450 9 15 51 
3260 10 14 51 
3186 11 17 51 
2275 12 18 51 
2192 13 19 51 
2165 15 19 51 
2080 16 18 51 
2005 17 17 51 
1543 18 16 51 
1518 19 11 51 
1102 19 15 51 
917 8 13 51 
845 9 14 51 
684 10 13 51 
681 11 16 51 
603 12 17 51 
323 13 18 51 
6393 14 19 51 
5991 15 18 51 
5869 16 17 51 
5665 17 16 51 
5339 18 11 51 
5242 18 15 51 
5229 19 12 51 
5211 19 14 51 
5106 8 8 51 
4937 8 12 51 
4821 9 13 51 
4493 10 12 51 
4286 11 13 51 
4165 11 15 51 
3756 12 16 51 
3634 13 17 51 
3569 14 18 51 
3397 15 17 51 
3396 16 16 51 
2998 17 15 51 
2929 18 12 51 
2190 18 14 51 
2134 19 9 51 
1879 19 13 51 
1818 8 9 51 
1554 8 11 51 
1510 9 8 51 
1439 9 12 51 
1383 11 14 51 
965 12 13 51 
960 12 15 51 
546 13 16 51 
436 14 17 51 
54 15 16 51 
6163 16 15 51 
6121 17 14 51 
5975 18 9 51 
5821 18 13 51 
5710 19 10 51 
5657 8 10 51 
5616 9 9 51 
5486 9 11 51 
5314 10 8 51 
4387 11 7 51 
4385 12 14 51 
4276 13 15 51 
4069 14 16 51 
3900 15 15 51 
3854 16 14 51 
3378 17 9 51 
3368 17 13 51 
3316 18 10 51 
3221 9 10 51 
2017 10 9 51 
1710 10 11 51 
749 11 8 51 
610 11 12 51 
6137 13 14 51 
6006 14 15 51 
5785 15 14 51 
5663 16 9 51 
5603 16 13 51 
5528 17 10 51 
5468 17 12 51 
5398 19 0 51 
5168 10 10 51 
4751 11 9 51 
4641 11 11 51 
4593 12 12 51 
4505 13 13 51 
4381 14 14 51 
4327 15 9 51 
4235 15 13 51 
4212 16 10 51 
4053 16 12 51 
3672 17 11 51 
3384 18 0 51 
3264 19 1 51 
3159 6 3 51 
2881 11 10 51 
2799 12 9 51 
2795 12 11 51 
2760 13 0 51 
2592 13 12 51 
2386 14 13 51 
2188 15 10 51 
2100 15 12 51 
2045 16 11 51 
2031 17 0 51 
2020 18 1 51 
1979 19 2 51 
1581 19 8 51 
991 4 4 51 
707 6 4 51 
195 12 10 51 
6119 13 1 51 
6103 13 11 51 
5899 14 0 51 
5285 14 12 51 
5180 15 11 51 
4136 16 0 51 
4105 17 1 51 
4000 18 2 51 
3892 18 8 51 
3827 19 3 51 
3779 19 7 51 
3442 4 5 51 
2769 5 4 51 
2766 6 5 51 
2273 13 2 51 
2149 13 10 51 
1623 14 1 51 
1549 14 11 51 
1521 15 0 51 
1423 16 1 51 
641 17 2 51 
585 17 8 51 
522 18 3 51 
6269 18 7 51 
5946 19 4 51 
5838 19 6 51 
5627 4 6 51 
5375 5 5 51 
5213 12 8 51 
4461 13 3 51 
4233 13 9 51 
4112 14 2 51 
4089 14 10 51 
3997 15 1 51 
3916 16 2 51 
3914 16 8 51 
3348 17 3 51 
2895 17 7 51 
2243 18 4 51 
2234 18 6 51 
1930 19 5 51 
1886 4 7 51 
1704 5 6 51 
1606 5 8 51 
1580 12 7 51 
1159 13 8 51 
1094 14 3 51 
1093 14 9 51 
954 15 2 51 
826 15 8 51 
699 16 3 51 
579 16 7 51 
450 17 4 51 
204 17 6 51 
6418 18 5 51 
6264 5 7 51 
6242 6 8 51 
5849 7 3 51 
5480 13 7 51 
5148 14 8 51 
5088 15 3 51 
5031 15 7 51 
4801 16 4 51 
4360 16 6 51 
4120 17 5 51 
3272 6 7 51 
3192 7 4 51 
2816 7 8 51 
2649 14 7 51 
1830 15 4 51 
1592 15 6 51 
1080 16 5 51 
705 6 6 51 
660 7 5 51 
588 7 7 51 
516 8 4 51 
265 14 4 51 
163 14 6 51 
40 15 5 51 
6182 7 6 51 
5767 8 5 51 
5531 8 7 51 
5384 9 4 51 
4772 12 3 51 
4568 13 4 51 
4263 13 6 51 
3696 14 5 51 
3617 3 7 51 
3591 8 6 51 
3475 9 5 51 
3428 9 7 51 
2986 12 4 51 
2694 12 6 51 
2368 13 5 51 
1536 0 7 51 
1153 2 7 51 
779 3 6 51 
763 9 6 51 
691 10 7 51 
184 11 6 51 
138 12 5 51 
105 0 6 51 
28 1 7 51 
6133 2 6 51 
5646 3 5 51 
5621 10 6 51 
4727 11 5 51 
4666 12 0 51 
4439 0 5 51 
4354 1 6 51 
3961 2 5 51 
3030 10 5 51 
884 11 0 51 
835 11 4 51 
581 12 1 51 
6153 0 0 51 
6100 0 4 51 
6095 1 5 51 
5681 10 0 51 
5609 10 4 51 
5172 11 1 51 
4699 11 3 51 
4322 12 2 51 
3164 0 1 51 
3002 0 3 51 
2908 1 0 51 
2044 1 4 51 
1985 10 1 51 
1553 10 3 51 
831 11 2 51 
564 0 2 51 
86 1 1 51 
6287 1 3 51 
5770 2 4 51 
5655 9 3 51 
5335 10 2 51 
5260 1 2 51 
4722 2 3 51 
4637 3 4 51 
3666 8 3 51 
3465 9 2 51 
2918 2 2 51 
2697 3 3 51 
2363 8 2 51 
1871 9 1 51 
1413 2 1 51 
1158 3 2 51 
1072 4 3 51 
650 7 2 51 
44 8 1 51 
6431 9 0 51 
6267 2 0 51 
5029 3 1 51 
3665 4 2 51 
3656 5 3 51 
2864 6 2 51 
2565 7 1 51 
2438 8 0 51 
978 3 0 51 
335 4 1 51 
326 5 2 51 
6004 6 1 51 
5346 7 0 51 
4689 4 0 51 
3741 5 1 51 
2599 6 0 51 
2120 5 0 51 
277 5 1 63 
3267 6 1 63 
496 7 1 64 
4576 8 1 65 
1351 2 3 65 
2137 1 3 65 
2552 11 1 66 
3308 1 6 67 
1823 2 6 67 
4067 8 6 68 
664 13 5 68 
1743 8 5 68 
2577 15 7 69 
2724 16 7 70 
2043 17 7 70 
3355 18 4 70 
196 18 7 70 
4964 16 11 72 
5749 18 1 72 
575 16 10 72 
4997 9 9 73 
6216 7 19 76 
6080 0 11 76 
5970 7 18 76 
5855 8 19 76 
5599 10 19 76 
5251 0 8 76 
5234 0 10 76 
5017 1 11 76 
4979 8 18 76 
4556 9 19 76 
4189 10 16 76 
4123 10 18 76 
3993 0 9 76 
3823 0 17 76 
3613 0 19 76 
3021 1 8 76 
2237 1 10 76 
2041 2 11 76 
1455 9 16 76 
1448 9 18 76 
1258 10 17 76 
1156 0 12 76 
1149 0 18 76 
911 1 9 76 
702 1 17 76 
537 1 19 76 
379 2 8 76 
278 2 10 76 
103 8 16 76 
6050 9 17 76 
6040 0 13 76 
6035 1 12 76 
5875 1 18 76 
5839 2 9 76 
5570 2 17 76 
5437 2 19 76 
4999 3 8 76 
4934 6 19 76 
4529 7 16 76 
4475 8 17 76 
4369 0 14 76 
4257 0 16 76 
4114 1 13 76 
4012 2 12 76 
3718 2 18 76 
3579 3 9 76 
3512 3 19 76 
3501 4 8 76 
3409 5 19 76 
3154 6 16 76 
3074 6 18 76 
3060 7 9 76 
2646 7 17 76 
2511 0 15 76 
2508 1 14 76 
2414 1 16 76 
2329 2 13 76 
2304 3 10 76 
1846 3 18 76 
1814 4 9 76 
1738 4 19 76 
1703 5 16 76 
1464 5 18 76 
1388 6 9 76 
1210 6 17 76 
1120 7 10 76 
1032 1 15 76 
933 2 14 76 
875 2 16 76 
658 3 11 76 
342 3 17 76 
229 4 10 76 
223 4 18 76 
219 5 9 76 
178 5 17 76 
51 6 10 76 
6188 7 11 76 
5731 2 15 76 
5717 3 12 76 
5645 3 16 76 
5637 4 11 76 
5539 4 17 76 
5390 5 10 76 
5128 6 11 76 
4946 7 12 76 
4785 3 13 76 
4669 3 15 76 
4560 4 12 76 
4481 4 16 76 
4459 5 11 76 
4196 6 12 76 
4041 3 14 76 
4013 4 13 76 
3933 4 15 76 
3720 5 12 76 
3438 4 14 76 
3199 5 13 76 
3071 5 15 76 
3026 19 19 76 
2987 5 14 76 
2731 6 13 76 
2683 6 15 76 
2595 18 19 76 
2509 19 18 76 
2432 6 14 76 
2227 7 13 76 
2205 7 15 76 
1858 11 19 76 
1821 17 19 76 
1542 18 18 76 
1530 19 17 76 
1308 7 14 76 
571 8 15 76 
6291 10 15 76 
6087 11 18 76 
6030 12 19 76 
5462 16 19 76 
4803 17 18 76 
4654 18 17 76 
4578 19 16 76 
4176 8 14 76 
4011 9 15 76 
3918 10 14 76 
3794 11 17 76 
3393 12 18 76 
3281 13 19 76 
2551 15 19 76 
2147 16 18 76 
1324 17 17 76 
748 18 16 76 
740 19 11 76 
739 19 15 76 
474 8 13 76 
473 9 14 76 
6196 10 13 76 
6082 11 16 76 
5829 12 17 76 
5423 13 18 76 
4607 14 19 76 
4582 15 18 76 
4570 16 17 76 
4409 17 16 76 
4079 18 11 76 
4006 18 15 76 
3755 19 12 76 
3737 19 14 76 
3265 8 8 76 
3202 8 12 76 
3196 9 13 76 
3083 10 12 76 
2949 11 13 76 
2675 11 15 76 
2571 12 16 76 
2225 13 17 76 
1918 14 18 76 
1522 15 17 76 
1494 16 16 76 
1485 17 15 76 
1428 18 12 76 
1141 18 14 76 
947 19 9 76 
736 19 13 76 
246 8 9 76 
232 8 11 76 
6239 9 8 76 
5938 9 12 76 
5854 11 14 76 
5475 12 13 76 
4711 12 15 76 
4651 13 16 76 
4603 14 17 76 
4291 15 16 76 
4138 16 15 76 
3503 17 14 76 
3463 18 9 76 
3291 18 13 76 
2172 19 10 76 
1832 8 10 76 
1462 9 9 76 
1291 9 11 76 
1281 10 8 76 
791 11 7 76 
751 12 14 76 
612 13 15 76 
569 14 16 76 
306 15 15 76 
6055 16 14 76 
6012 17 9 76 
5711 17 13 76 
5550 18 10 76 
5494 9 10 76 
5421 10 9 76 
5056 10 11 76 
5020 11 8 76 
4982 11 12 76 
4887 13 14 76 
4884 14 15 76 
4619 15 14 76 
4408 16 9 76 
4306 16 13 76 
4221 17 10 76 
3539 17 12 76 
3410 19 0 76 
3124 10 10 76 
2963 11 9 76 
2370 11 11 76 
2179 12 12 76 
1860 13 13 76 
1779 14 14 76 
1631 15 9 76 
1478 15 13 76 
1330 16 10 76 
1116 16 12 76 
1106 17 11 76 
1064 18 0 76 
971 19 1 76 
520 6 3 76 
197 11 10 76 
98 12 9 76 
5858 12 11 76 
5525 13 0 76 
5396 13 12 76 
5173 14 13 76 
5167 15 10 76 
5078 15 12 76 
4656 16 11 76 
4620 17 0 76 
4594 18 1 76 
4157 19 2 76 
4010 19 8 76 
3765 4 4 76 
3416 6 4 76 
3210 12 10 76 
3171 13 1 76 
2667 13 11 76 
2270 14 0 76 
2242 14 12 76 
2168 15 11 76 
2054 16 0 76 
1993 17 1 76 
1957 18 2 76 
1537 18 8 76 
1424 19 3 76 
1416 19 7 76 
1250 4 5 76 
501 5 4 76 
340 6 5 76 
275 13 2 76 
182 13 10 76 
6288 14 1 76 
6144 14 11 76 
5755 15 0 76 
5666 16 1 76 
5316 17 2 76 
5315 17 8 76 
5074 18 3 76 
5018 18 7 76 
4998 19 4 76 
4415 19 6 76 
4413 4 6 76 
4404 5 5 76 
4382 12 8 76 
4333 13 3 76 
4096 13 9 76 
4052 14 2 76 
3835 14 10 76 
3099 15 1 76 
2926 16 2 76 
2616 16 8 76 
1926 17 3 76 
1900 17 7 76 
1556 18 4 76 
1417 18 6 76 
961 19 5 76 
578 4 7 76 
292 5 6 76 
133 5 8 76 
6226 12 7 76 
6098 13 8 76 
6038 14 3 76 
5765 14 9 76 
5631 15 2 76 
5551 15 8 76 
5481 16 3 76 
5460 16 7 76 
5130 17 4 76 
5012 17 6 76 
4635 18 5 76 
4612 5 7 76 
4513 6 8 76 
3857 7 3 76 
3681 13 7 76 
3553 14 8 76 
3359 15 3 76 
2561 15 7 76 
1791 16 4 76 
1672 16 6 76 
1105 17 5 76 
867 6 7 76 
822 7 4 76 
239 7 8 76 
214 14 7 76 
135 15 4 76 
123 15 6 76 
6258 16 5 76 
6106 6 6 76 
5986 7 5 76 
5702 7 7 76 
4944 8 4 76 
4628 14 4 76 
4373 14 6 76 
4352 15 5 76 
4156 7 6 76 
3069 8 5 76 
2789 8 7 76 
2557 9 4 76 
2483 12 3 76 
1570 13 4 76 
1362 13 6 76 
1276 14 5 76 
570 3 7 76 
402 8 6 76 
131 9 5 76 
6389 9 7 76 
6266 12 4 76 
5527 12 6 76 
4672 13 5 76 
4512 0 7 76 
3653 2 7 76 
3385 3 6 76 
2311 9 6 76 
2298 10 7 76 
2236 11 6 76 
2091 12 5 76 
2062 0 6 76 
1945 1 7 76 
1720 2 6 76 
1265 3 5 76 
949 10 6 76 
503 11 5 76 
355 12 0 76 
113 0 5 76 
6140 1 6 76 
6060 2 5 76 
6014 10 5 76 
5639 11 0 76 
5614 11 4 76 
5366 12 1 76 
5257 0 0 76 
4959 0 4 76 
4110 1 5 76 
3323 10 0 76 
3131 10 4 76 
2668 11 1 76 
2597 11 3 76 
1978 12 2 76 
1680 0 1 76 
1486 0 3 76 
1294 1 0 76 
986 1 4 76 
927 10 1 76 
792 10 3 76 
643 11 2 76 
77 0 2 76 
6168 1 1 76 
6029 1 3 76 
5832 2 4 76 
5484 9 3 76 
4553 10 2 76 
3055 1 2 76 
2800 2 3 76 
2663 3 4 76 
2099 8 3 76 
1552 9 2 76 
1335 2 2 76 
820 3 3 76 
688 8 2 76 
6411 9 1 76 
6053 2 1 76 
5918 3 2 76 
5894 4 3 76 
5688 7 2 76 
4967 8 1 76 
4021 9 0 76 
3139 2 0 76 
2880 3 1 76 
2362 4 2 76 
1810 5 3 76 
1481 6 2 76 
809 7 1 76 
6259 8 0 76 
6109 3 0 76 
5576 4 1 76 
4812 5 2 76 
4766 6 1 76 
3361 7 0 76 
3330 4 0 76 
1730 5 1 76 
1620 6 0 76 
726 5 0 76 
1369 5 1 88 
1599 6 1 88 
891 7 1 89 
3888 8 1 89 
4789 2 3 90 
4863 1 3 90 
922 11 1 91 
2784 1 6 91 
3786 2 6 92 
1312 8 6 93 
4465 13 5 92 
6248 8 5 93 
2745 15 7 94 
3226 16 7 94 
573 17 7 95 
3408 18 4 95 
1430 18 7 95 
3436 16 11 96 
3758 18 1 96 
1794 16 10 97 
5892 9 9 98 
