1867
5318 19 0 1 
5129 19 6 1 
5123 12 0 1 
4862 18 0 1 
4751 18 6 1 
4653 19 1 1 
4525 19 5 1 
4506 19 19 1 
4416 12 1 1 
4327 13 0 1 
4235 17 0 1 
4166 17 6 1 
4123 18 1 1 
4100 18 5 1 
3790 18 19 1 
3736 19 2 1 
3296 19 4 1 
2757 19 18 1 
2326 12 2 1 
2151 13 1 1 
2035 14 0 1 
2005 16 0 1 
1919 17 1 1 
1772 17 5 1 
1695 17 19 1 
1611 18 2 1 
1563 18 4 1 
1417 18 18 1 
1128 19 3 1 
1115 19 17 1 
980 0 19 1 
788 12 3 1 
531 13 2 1 
194 14 1 1 
5447 15 0 1 
5434 16 1 1 
5075 16 19 1 
5024 17 2 1 
4852 17 4 1 
4621 17 18 1 
4408 18 3 1 
4176 18 17 1 
4021 19 16 1 
3784 0 18 1 
3640 1 19 1 
3493 7 19 1 
3470 12 4 1 
3117 13 3 1 
3054 14 2 1 
3047 15 1 1 
2767 15 19 1 
2491 16 2 1 
2411 16 18 1 
2265 17 3 1 
2089 17 17 1 
1900 18 16 1 
1833 19 15 1 
1671 0 17 1 
1551 1 18 1 
1218 2 19 1 
1053 6 19 1 
765 7 18 1 
601 8 19 1 
521 13 4 1 
511 14 3 1 
5566 14 19 1 
5207 15 2 1 
5019 15 18 1 
4192 16 3 1 
3982 16 17 1 
3669 17 16 1 
3644 18 15 1 
3440 19 14 1 
3380 0 16 1 
3122 1 17 1 
2935 2 18 1 
2899 3 19 1 
2475 5 19 1 
2227 6 18 1 
1990 7 17 1 
1958 8 18 1 
1673 9 19 1 
1599 13 19 1 
1595 14 4 1 
1509 14 18 1 
1085 15 3 1 
1055 15 17 1 
1004 16 4 1 
899 16 16 1 
757 17 15 1 
5574 18 14 1 
5568 19 7 1 
5562 19 13 1 
5305 0 15 1 
5211 1 16 1 
5191 2 17 1 
5080 3 18 1 
5055 4 19 1 
4838 5 18 1 
4831 6 17 1 
4717 7 16 1 
4683 8 17 1 
4539 9 18 1 
4362 10 19 1 
4187 12 19 1 
4020 13 18 1 
3854 14 17 1 
3753 15 4 1 
3563 15 16 1 
3511 16 5 1 
3500 16 15 1 
3382 17 14 1 
3376 18 7 1 
3336 18 13 1 
2723 19 8 1 
2679 19 12 1 
2609 0 14 1 
2370 1 15 1 
2369 2 16 1 
1781 3 17 1 
1593 4 18 1 
1531 5 17 1 
1429 6 16 1 
1123 7 15 1 
1070 8 16 1 
710 9 17 1 
470 10 18 1 
21 11 19 1 
5459 12 18 1 
5357 13 17 1 
5256 14 16 1 
5251 15 5 1 
5247 15 15 1 
5115 16 6 1 
5078 16 14 1 
4459 17 7 1 
4316 17 13 1 
4033 18 8 1 
3983 18 12 1 
3811 19 9 1 
3755 19 11 1 
3743 0 5 1 
3437 0 13 1 
3352 1 14 1 
3283 2 15 1 
3279 3 16 1 
3156 4 17 1 
3073 5 16 1 
3003 6 15 1 
2976 7 14 1 
2962 8 15 1 
2772 9 16 1 
2541 10 17 1 
2525 11 18 1 
1974 12 17 1 
1858 13 16 1 
1508 14 5 1 
1418 14 15 1 
1017 15 6 1 
995 15 14 1 
916 16 7 1 
127 16 13 1 
36 17 8 1 
5425 17 12 1 
5333 18 9 1 
5199 18 11 1 
4513 19 10 1 
4476 0 6 1 
3952 0 10 1 
3889 0 12 1 
3829 1 5 1 
3668 1 13 1 
3622 2 14 1 
3573 3 15 1 
3128 4 16 1 
2774 5 15 1 
2430 6 14 1 
2389 9 15 1 
2297 10 16 1 
2004 11 17 1 
1423 12 16 1 
1090 13 5 1 
1007 13 15 1 
697 14 6 1 
512 14 14 1 
212 15 7 1 
5312 15 13 1 
5167 16 8 1 
5150 16 12 1 
5117 17 9 1 
4754 17 11 1 
4692 18 10 1 
4618 0 7 1 
4616 0 11 1 
4611 1 6 1 
4517 1 10 1 
3865 1 12 1 
3592 2 5 1 
3569 2 13 1 
3555 3 14 1 
3528 4 15 1 
3321 5 14 1 
3310 10 15 1 
2940 11 16 1 
2894 12 5 1 
2420 12 15 1 
2317 13 6 1 
2257 13 14 1 
2006 14 7 1 
1881 14 13 1 
1744 15 8 1 
1636 15 12 1 
1533 16 9 1 
1480 16 11 1 
1184 17 10 1 
1057 0 8 1 
806 1 7 1 
698 1 11 1 
300 2 6 1 
222 2 10 1 
5520 2 12 1 
5372 3 5 1 
5315 3 13 1 
5298 4 14 1 
5244 11 15 1 
5242 12 6 1 
4908 12 14 1 
4537 13 7 1 
4377 13 13 1 
4111 14 8 1 
3819 14 12 1 
3245 15 9 1 
2884 15 11 1 
2608 16 10 1 
2283 0 9 1 
1901 1 8 1 
1604 2 7 1 
1287 2 11 1 
1282 3 6 1 
1201 3 10 1 
1124 3 12 1 
895 4 13 1 
874 11 14 1 
869 12 7 1 
483 12 13 1 
480 13 8 1 
382 13 12 1 
12 14 9 1 
5404 14 11 1 
5368 15 10 1 
5069 1 9 1 
4879 2 8 1 
4599 3 7 1 
4569 3 11 1 
3935 4 10 1 
3852 4 12 1 
3687 5 13 1 
3564 10 14 1 
3357 11 13 1 
3356 12 8 1 
3272 12 12 1 
2705 13 9 1 
2478 13 11 1 
2470 14 10 1 
2336 2 9 1 
2178 3 8 1 
1927 4 7 1 
1752 4 11 1 
1491 5 12 1 
1490 6 13 1 
1244 9 14 1 
1239 10 13 1 
704 11 12 1 
296 12 9 1 
5458 12 11 1 
5303 13 10 1 
5074 3 9 1 
4898 4 8 1 
4781 5 7 1 
4752 5 11 1 
4695 6 12 1 
4485 7 13 1 
4338 8 14 1 
4049 9 13 1 
4018 10 12 1 
3904 11 11 1 
3742 12 10 1 
3738 4 9 1 
3075 5 8 1 
2856 5 10 1 
2495 6 11 1 
2428 7 12 1 
2366 8 13 1 
1947 9 12 1 
1702 10 11 1 
1634 11 10 1 
1216 5 9 1 
1080 6 10 1 
903 7 11 1 
416 8 12 1 
4970 9 11 1 
4837 10 10 1 
4739 11 9 1 
4288 6 9 1 
4268 7 10 1 
3846 8 11 1 
3571 9 10 1 
3445 10 9 1 
3444 11 8 1 
3285 0 0 1 
3277 7 9 1 
3230 8 10 1 
2827 9 9 1 
2730 10 8 1 
2610 11 7 1 
2458 0 1 1 
2331 1 0 1 
1882 8 9 1 
1483 9 8 1 
1171 10 7 1 
1102 11 6 1 
376 0 2 1 
5102 0 4 1 
4903 1 1 1 
4466 2 0 1 
4368 8 8 1 
4221 9 7 1 
4027 10 6 1 
3833 11 5 1 
3824 0 3 1 
3547 1 2 1 
3347 1 4 1 
3338 2 1 1 
3243 3 0 1 
3209 7 8 1 
2508 8 7 1 
1845 9 6 1 
1717 10 5 1 
1495 11 4 1 
822 1 3 1 
476 2 2 1 
402 2 4 1 
381 3 1 1 
4949 4 0 1 
4720 4 6 1 
4413 6 8 1 
3911 7 7 1 
3696 8 6 1 
3676 9 5 1 
3658 10 4 1 
3542 11 3 1 
3225 2 3 1 
2181 3 2 1 
2096 3 4 1 
2095 4 1 1 
1420 4 5 1 
1026 5 0 1 
90 5 6 1 
77 6 7 1 
5515 7 6 1 
5510 8 5 1 
4851 9 4 1 
4551 10 3 1 
4515 11 2 1 
4285 3 3 1 
3675 4 2 1 
3365 4 4 1 
3118 5 1 1 
3033 5 5 1 
2419 6 6 1 
2334 7 5 1 
2247 8 4 1 
1943 9 3 1 
1846 10 2 1 
1626 11 1 1 
1475 4 3 1 
991 5 2 1 
424 5 4 1 
278 6 5 1 
4342 7 4 1 
4323 8 3 1 
4300 9 2 1 
3566 10 1 1 
3311 11 0 1 
2656 5 3 1 
2145 6 4 1 
802 7 3 1 
739 8 2 1 
669 9 1 1 
627 10 0 1 
5178 6 3 1 
4096 7 2 1 
4080 8 1 1 
4064 9 0 1 
3559 6 2 1 
2604 7 1 1 
5472 8 0 1 
4349 6 1 1 
3615 7 0 1 
3213 6 0 1 
2972 7 1 13 
391 7 2 13 
1145 8 1 13 
5342 6 4 14 
1193 7 3 14 
45 9 1 14 
972 4 3 15 
1747 5 4 15 
2406 6 5 15 
4125 7 4 14 
4145 10 1 14 
4165 3 3 15 
5164 4 2 15 
1210 5 5 15 
1776 8 4 15 
2131 2 3 16 
2754 3 2 16 
359 4 1 16 
877 9 4 15 
4527 1 3 17 
4578 2 2 17 
224 3 1 17 
992 7 7 16 
1550 10 4 16 
1847 1 2 17 
4042 2 1 17 
4247 8 7 17 
4426 1 1 17 
5386 9 7 17 
868 9 8 18 
1197 10 7 18 
1353 8 10 18 
1968 9 9 18 
2682 10 8 18 
4867 7 10 18 
5257 8 11 18 
2 9 10 18 
70 10 9 18 
1641 6 10 19 
1658 7 11 19 
1705 10 10 18 
2874 6 11 19 
3531 4 8 19 
4603 6 12 19 
5168 11 11 19 
453 3 8 20 
1810 5 12 20 
1960 11 12 20 
2513 12 11 19 
2860 13 10 19 
4672 2 8 20 
4760 3 11 20 
657 4 12 20 
771 11 13 20 
1258 12 12 20 
1687 13 9 20 
2404 14 10 20 
2531 1 8 21 
2699 2 7 21 
3530 2 11 21 
3570 12 13 21 
4110 13 8 21 
4124 14 9 21 
4402 15 10 20 
4514 1 7 22 
4950 1 11 22 
4983 19 0 26 
4910 19 6 26 
4587 12 0 26 
4574 18 0 26 
4234 18 6 26 
3921 19 1 26 
3903 19 5 26 
3847 19 19 26 
3841 12 1 26 
3619 13 0 26 
3601 17 0 26 
3308 17 6 26 
3247 18 1 26 
3024 18 5 26 
2851 18 19 26 
2481 19 2 26 
2381 19 4 26 
2176 19 18 26 
1655 12 2 26 
1651 13 1 26 
1609 14 0 26 
1605 16 0 26 
1601 17 1 26 
1567 17 5 26 
1558 17 19 26 
1323 18 2 26 
694 18 4 26 
578 18 18 26 
461 19 3 26 
217 19 17 26 
174 0 19 26 
5335 12 3 26 
5219 13 2 26 
5079 14 1 26 
5066 15 0 26 
4922 16 1 26 
4894 16 19 26 
4787 17 2 26 
4735 17 4 26 
4403 17 18 26 
4218 18 3 26 
4172 18 17 26 
4126 19 16 26 
3961 0 18 26 
3906 1 19 26 
3840 7 19 26 
3766 12 4 26 
3685 13 3 26 
3362 14 2 26 
3307 15 1 26 
3289 15 19 26 
2906 16 2 26 
2877 16 18 26 
2871 17 3 26 
2805 17 17 26 
2578 18 16 26 
2364 19 15 26 
1916 0 17 26 
1891 1 18 26 
1803 2 19 26 
1108 6 19 26 
1072 7 18 26 
546 8 19 26 
243 13 4 26 
156 14 3 26 
5532 14 19 26 
5142 15 2 26 
5086 15 18 26 
4979 16 3 26 
4710 16 17 26 
4418 17 16 26 
4355 18 15 26 
4224 19 14 26 
4163 0 16 26 
3594 1 17 26 
3514 2 18 26 
3421 3 19 26 
3345 5 19 26 
3235 6 18 26 
3211 7 17 26 
3141 8 18 26 
3007 9 19 26 
2653 13 19 26 
2626 14 4 26 
2547 14 18 26 
2546 15 3 26 
2514 15 17 26 
1812 16 4 26 
1564 16 16 26 
1561 17 15 26 
1434 18 14 26 
1368 19 7 26 
1362 19 13 26 
1283 0 15 26 
1189 1 16 26 
998 2 17 26 
637 3 18 26 
619 4 19 26 
263 5 18 26 
4976 6 17 26 
4783 7 16 26 
4404 8 17 26 
4370 9 18 26 
4328 10 19 26 
4082 12 19 26 
4026 13 18 26 
3850 14 17 26 
3712 15 4 26 
3572 15 16 26 
3013 16 5 26 
2011 16 15 26 
1905 17 14 26 
1783 18 7 26 
1726 18 13 26 
1504 19 8 26 
1463 19 12 26 
1411 0 14 26 
1110 1 15 26 
1002 2 16 26 
737 3 17 26 
716 4 18 26 
594 5 17 26 
468 6 16 26 
149 7 15 26 
129 8 16 26 
5505 9 17 26 
5362 10 18 26 
5300 11 19 26 
5160 12 18 26 
5145 13 17 26 
4906 14 16 26 
4885 15 5 26 
4746 15 15 26 
4711 16 6 26 
4685 16 14 26 
4674 17 7 26 
4605 17 13 26 
4282 18 8 26 
4113 18 12 26 
4063 19 9 26 
3953 19 11 26 
3928 0 5 26 
3844 0 13 26 
3638 1 14 26 
3349 2 15 26 
3241 3 16 26 
3028 4 17 26 
2759 5 16 26 
2354 6 15 26 
1861 7 14 26 
1808 8 15 26 
1769 9 16 26 
1637 10 17 26 
1602 11 18 26 
1501 12 17 26 
1479 13 16 26 
1457 14 5 26 
1277 14 15 26 
1164 15 6 26 
1118 15 14 26 
656 16 7 26 
631 16 13 26 
496 17 8 26 
183 17 12 26 
5411 18 9 26 
5403 18 11 26 
5330 19 10 26 
5020 0 6 26 
4961 0 10 26 
4955 0 12 26 
4897 1 5 26 
4714 1 13 26 
4682 2 14 26 
4487 3 15 26 
4357 4 16 26 
4031 5 15 26 
3936 6 14 26 
3828 9 15 26 
3580 10 16 26 
3375 11 17 26 
3217 12 16 26 
2971 13 5 26 
2885 13 15 26 
2322 14 6 26 
2293 14 14 26 
2277 15 7 26 
1654 15 13 26 
1414 16 8 26 
1295 16 12 26 
883 17 9 26 
810 17 11 26 
592 18 10 26 
539 0 7 26 
538 0 11 26 
527 1 6 26 
241 1 10 26 
164 1 12 26 
5091 2 5 26 
5081 2 13 26 
4959 3 14 26 
4943 4 15 26 
4733 5 14 26 
4713 10 15 26 
4664 11 16 26 
4399 12 5 26 
3533 12 15 26 
3411 13 6 26 
3288 13 14 26 
3265 14 7 26 
3097 14 13 26 
2655 15 8 26 
2237 15 12 26 
1914 16 9 26 
1766 16 11 26 
1398 17 10 26 
1046 0 8 26 
728 1 7 26 
411 1 11 26 
131 2 6 26 
5575 2 10 26 
5246 2 12 26 
5165 3 5 26 
4536 3 13 26 
4523 4 14 26 
4002 11 15 26 
3997 12 6 26 
3915 12 14 26 
3734 13 7 26 
3637 13 13 26 
3212 14 8 26 
3191 14 12 26 
2766 15 9 26 
2240 15 11 26 
2033 16 10 26 
1864 0 9 26 
1039 1 8 26 
726 2 7 26 
341 2 11 26 
261 3 6 26 
234 3 10 26 
162 3 12 26 
5400 4 13 26 
5197 11 14 26 
5032 12 7 26 
4948 12 13 26 
4928 13 8 26 
4919 13 12 26 
4763 14 9 26 
4432 14 11 26 
4122 15 10 26 
4118 1 9 26 
4075 2 8 26 
4047 3 7 26 
3536 3 11 26 
3423 4 10 26 
3415 4 12 26 
3232 5 13 26 
3192 10 14 26 
2887 11 13 26 
2837 12 8 26 
2551 12 12 26 
2507 13 9 26 
2226 13 11 26 
2165 14 10 26 
2079 2 9 26 
1996 3 8 26 
1962 4 7 26 
1823 4 11 26 
1582 5 12 26 
1227 6 13 26 
1132 9 14 26 
1113 10 13 26 
5565 11 12 26 
5423 12 9 26 
5161 12 11 26 
5038 13 10 26 
4661 3 9 26 
4229 4 8 26 
4058 5 7 26 
4052 5 11 26 
4023 6 12 26 
3406 7 13 26 
3255 8 14 26 
3130 9 13 26 
2584 10 12 26 
2521 11 11 26 
1876 12 10 26 
1875 4 9 26 
1791 5 8 26 
1546 5 10 26 
1350 6 11 26 
1330 7 12 26 
1133 8 13 26 
1054 9 12 26 
1034 10 11 26 
1000 11 10 26 
940 5 9 26 
829 6 10 26 
650 7 11 26 
451 8 12 26 
5529 9 11 26 
5525 10 10 26 
5473 11 9 26 
5469 6 9 26 
5405 7 10 26 
5021 8 11 26 
4886 9 10 26 
4857 10 9 26 
4815 11 8 26 
4076 0 0 26 
3796 7 9 26 
3671 8 10 26 
3656 9 9 26 
3370 10 8 26 
3326 11 7 26 
3263 0 1 26 
3169 1 0 26 
3037 8 9 26 
2866 9 8 26 
2520 10 7 26 
1825 11 6 26 
1552 0 2 26 
1497 0 4 26 
1486 1 1 26 
720 2 0 26 
684 8 8 26 
5460 9 7 26 
5314 10 6 26 
4836 11 5 26 
4701 0 3 26 
4489 1 2 26 
3745 1 4 26 
3714 2 1 26 
3643 3 0 26 
2938 7 8 26 
1863 8 7 26 
1467 9 6 26 
1152 10 5 26 
1138 11 4 26 
1027 1 3 26 
828 2 2 26 
200 2 4 26 
5526 3 1 26 
5267 4 0 26 
5018 4 6 26 
4654 6 8 26 
3913 7 7 26 
3881 8 6 26 
3613 9 5 26 
3210 10 4 26 
3026 11 3 26 
2464 2 3 26 
2445 3 2 26 
2230 3 4 26 
1474 4 1 26 
1397 4 5 26 
857 5 0 26 
335 5 6 26 
329 6 7 26 
328 7 6 26 
5045 8 5 26 
4107 9 4 26 
4040 10 3 26 
3327 11 2 26 
2895 3 3 26 
2820 4 2 26 
2446 4 4 26 
2421 5 1 26 
2120 5 5 26 
2013 6 6 26 
1917 7 5 26 
1746 8 4 26 
555 9 3 26 
4952 10 2 26 
4913 11 1 26 
4884 4 3 26 
4589 5 2 26 
4160 5 4 26 
4005 6 5 26 
3636 7 4 26 
3519 8 3 26 
3484 9 2 26 
3157 10 1 26 
2932 11 0 26 
2648 5 3 26 
2566 6 4 26 
933 7 3 26 
503 8 2 26 
5043 9 1 26 
4765 10 0 26 
3860 6 3 26 
3853 7 2 26 
3199 8 1 26 
3010 9 0 26 
1956 6 2 26 
1246 7 1 26 
4883 8 0 26 
2069 6 1 26 
2040 7 0 26 
1325 6 0 26 
297 7 1 38 
2001 7 2 38 
2627 8 1 38 
4341 6 4 39 
542 7 3 39 
1194 9 1 38 
1817 4 3 39 
2697 5 4 39 
3808 6 5 39 
4568 7 4 39 
4570 10 1 39 
5087 3 3 40 
775 4 2 40 
1136 5 5 40 
1516 8 4 40 
861 2 3 41 
1222 3 2 41 
1496 4 1 41 
1821 9 4 40 
3871 1 3 42 
3975 2 2 42 
4287 3 1 41 
4313 7 7 41 
4690 10 4 41 
4818 1 2 42 
4939 2 1 42 
238 8 7 42 
1465 1 1 43 
1481 9 7 42 
4465 9 8 43 
4824 10 7 43 
4984 8 10 43 
214 9 9 43 
338 10 8 43 
963 7 10 43 
3607 8 11 43 
4054 9 10 43 
4109 10 9 43 
4278 6 10 44 
4779 7 11 44 
5072 10 10 43 
57 6 11 44 
536 4 8 44 
1652 6 12 44 
2343 11 11 44 
2862 3 8 45 
4554 5 12 45 
4708 11 12 44 
4827 12 11 44 
5062 13 10 44 
5396 2 8 45 
1571 3 11 45 
1731 4 12 45 
2482 11 13 45 
3104 12 12 45 
4193 13 9 45 
4223 14 10 45 
19 1 8 46 
1724 2 7 46 
2163 2 11 46 
2320 12 13 45 
2351 13 8 45 
2945 14 9 45 
3045 15 10 45 
3713 1 7 47 
3902 1 11 47 
5468 2 6 47 
5412 19 0 51 
5388 19 6 51 
5224 12 0 51 
5203 18 0 51 
4670 18 6 51 
4658 19 1 51 
4289 19 5 51 
3969 19 19 51 
3926 12 1 51 
3922 13 0 51 
3912 17 0 51 
3741 17 6 51 
3630 18 1 51 
3540 18 5 51 
2461 18 19 51 
2342 19 2 51 
2268 19 4 51 
1992 19 18 51 
1708 12 2 51 
1698 13 1 51 
1442 14 0 51 
1060 16 0 51 
436 17 1 51 
50 17 5 51 
5379 17 19 51 
5266 18 2 51 
4996 18 4 51 
4985 18 18 51 
4887 19 3 51 
4821 19 17 51 
4694 0 19 51 
4609 12 3 51 
4608 13 2 51 
4604 14 1 51 
4597 15 0 51 
4558 16 1 51 
4482 16 19 51 
3892 17 2 51 
3701 17 4 51 
3663 17 18 51 
3596 18 3 51 
3480 18 17 51 
3422 19 16 51 
3294 0 18 51 
3182 1 19 51 
3143 7 19 51 
2970 12 4 51 
2967 13 3 51 
2952 14 2 51 
2897 15 1 51 
2819 15 19 51 
2690 16 2 51 
2315 16 18 51 
2231 17 3 51 
1755 17 17 51 
1559 18 16 51 
1459 19 15 51 
1269 0 17 51 
1236 1 18 51 
1075 2 19 51 
970 6 19 51 
651 7 18 51 
388 8 19 51 
210 13 4 51 
98 14 3 51 
5522 14 19 51 
5205 15 2 51 
5022 15 18 51 
5009 16 3 51 
4881 16 17 51 
4861 17 16 51 
4650 18 15 51 
4586 19 14 51 
4522 0 16 51 
4211 1 17 51 
3798 2 18 51 
3275 3 19 51 
3154 5 19 51 
2749 6 18 51 
2712 7 17 51 
2426 8 18 51 
2112 9 19 51 
1999 13 19 51 
1923 14 4 51 
1536 14 18 51 
1394 15 3 51 
1284 15 17 51 
1279 16 4 51 
634 16 16 51 
502 17 15 51 
244 18 14 51 
105 19 7 51 
5492 19 13 51 
5491 0 15 51 
5141 1 16 51 
5017 2 17 51 
4937 3 18 51 
4924 4 19 51 
4742 5 18 51 
4423 6 17 51 
4198 7 16 51 
3989 8 17 51 
3403 9 18 51 
3077 10 19 51 
2846 12 19 51 
2791 13 18 51 
2678 14 17 51 
2493 15 4 51 
2486 15 16 51 
2026 16 5 51 
2017 16 15 51 
1998 17 14 51 
1830 18 7 51 
1816 18 13 51 
1469 19 8 51 
779 19 12 51 
749 0 14 51 
596 1 15 51 
426 2 16 51 
394 3 17 51 
320 4 18 51 
229 5 17 51 
180 6 16 51 
26 7 15 51 
5549 8 16 51 
4083 9 17 51 
3947 10 18 51 
3857 11 19 51 
3791 12 18 51 
3759 13 17 51 
3748 14 16 51 
3458 15 5 51 
3340 15 15 51 
3339 16 6 51 
3306 16 14 51 
3133 17 7 51 
2992 17 13 51 
2981 18 8 51 
2407 18 12 51 
2380 19 9 51 
2246 19 11 51 
1461 0 5 51 
1396 0 13 51 
1253 1 14 51 
816 2 15 51 
699 3 16 51 
580 4 17 51 
387 5 16 51 
151 6 15 51 
72 7 14 51 
5498 8 15 51 
5296 9 16 51 
5121 10 17 51 
5058 11 18 51 
4358 12 17 51 
4354 13 16 51 
4249 14 5 51 
3803 14 15 51 
3718 15 6 51 
3623 15 14 51 
3602 16 7 51 
2533 16 13 51 
2456 17 8 51 
2392 17 12 51 
2388 18 9 51 
2116 18 11 51 
1909 19 10 51 
1696 0 6 51 
1455 0 10 51 
1355 0 12 51 
1056 1 5 51 
1044 1 13 51 
997 2 14 51 
927 3 15 51 
838 4 16 51 
113 5 15 51 
5345 6 14 51 
4998 9 15 51 
4782 10 16 51 
4780 11 17 51 
4547 12 16 51 
4415 13 5 51 
4232 13 15 51 
4139 14 6 51 
4114 14 14 51 
4001 15 7 51 
3697 15 13 51 
3558 16 8 51 
3454 16 12 51 
3395 17 9 51 
3328 17 11 51 
3302 18 10 51 
2911 0 7 51 
2677 0 11 51 
2601 1 6 51 
2306 1 10 51 
2134 1 12 51 
1575 2 5 51 
1507 2 13 51 
974 3 14 51 
969 4 15 51 
751 5 14 51 
676 10 15 51 
352 11 16 51 
351 12 5 51 
5277 12 15 51 
5239 13 6 51 
5068 13 14 51 
4934 14 7 51 
4729 14 13 51 
4595 15 8 51 
4456 15 12 51 
4369 16 9 51 
4248 16 11 51 
4216 17 10 51 
4208 0 8 51 
3986 1 7 51 
3694 1 11 51 
3670 2 6 51 
2835 2 10 51 
2713 2 12 51 
2703 3 5 51 
2671 3 13 51 
2602 4 14 51 
2599 11 15 51 
1514 12 6 51 
1513 12 14 51 
1435 13 7 51 
1376 13 13 51 
1296 14 8 51 
820 14 12 51 
530 15 9 51 
282 15 11 51 
216 16 10 51 
5416 0 9 51 
5225 1 8 51 
5118 2 7 51 
4677 2 11 51 
4582 3 6 51 
4388 3 10 51 
4345 3 12 51 
4281 4 13 51 
4260 11 14 51 
3946 12 7 51 
3794 12 13 51 
3537 13 8 51 
3257 13 12 51 
3136 14 9 51 
3108 14 11 51 
2979 15 10 51 
2765 1 9 51 
2737 2 8 51 
2516 3 7 51 
2460 3 11 51 
2198 4 10 51 
2099 4 12 51 
1978 5 13 51 
1797 10 14 51 
1369 11 13 51 
1322 12 8 51 
1220 12 12 51 
1059 13 9 51 
1040 13 11 51 
968 14 10 51 
575 2 9 51 
390 3 8 51 
378 4 7 51 
346 4 11 51 
39 5 12 51 
5415 6 13 51 
5332 9 14 51 
5210 10 13 51 
5092 11 12 51 
4498 12 9 51 
4350 12 11 51 
3463 13 10 51 
3404 3 9 51 
3270 4 8 51 
3226 5 7 51 
3186 5 11 51 
3127 6 12 51 
2879 7 13 51 
2799 8 14 51 
2621 9 13 51 
2519 10 12 51 
1878 11 11 51 
1848 12 10 51 
1408 4 9 51 
953 5 8 51 
689 5 10 51 
579 6 11 51 
130 7 12 51 
64 8 13 51 
14 9 12 51 
4855 10 11 51 
4835 11 10 51 
4788 5 9 51 
4656 6 10 51 
4453 7 11 51 
4411 8 12 51 
3973 9 11 51 
3930 10 10 51 
3925 11 9 51 
3733 6 9 51 
3535 7 10 51 
3523 8 11 51 
3292 9 10 51 
3171 10 9 51 
2993 11 8 51 
2781 0 0 51 
2403 7 9 51 
2285 8 10 51 
1949 9 9 51 
1940 10 8 51 
1713 11 7 51 
786 0 1 51 
595 1 0 51 
237 8 9 51 
5560 9 8 51 
5308 10 7 51 
5036 11 6 51 
4802 0 2 51 
4675 0 4 51 
4407 1 1 51 
4356 2 0 51 
4084 8 8 51 
3984 9 7 51 
3729 10 6 51 
3119 11 5 51 
3046 0 3 51 
2832 1 2 51 
2618 1 4 51 
2616 2 1 51 
2471 3 0 51 
2188 7 8 51 
2068 8 7 51 
1804 9 6 51 
1773 10 5 51 
1260 11 4 51 
1172 1 3 51 
1117 2 2 51 
1051 2 4 51 
901 3 1 51 
879 4 0 51 
711 4 6 51 
559 6 8 51 
403 7 7 51 
5559 8 6 51 
5517 9 5 51 
4747 10 4 51 
4231 11 3 51 
3441 2 3 51 
3287 3 2 51 
2784 3 4 51 
2779 4 1 51 
783 4 5 51 
5410 5 0 51 
5076 5 6 51 
4284 6 7 51 
4068 7 6 51 
4029 8 5 51 
3839 9 4 51 
3814 10 3 51 
3492 11 2 51 
3359 3 3 51 
3256 4 2 51 
3071 4 4 51 
2630 5 1 51 
2571 5 5 51 
2263 6 6 51 
1814 7 5 51 
1741 8 4 51 
935 9 3 51 
686 10 2 51 
598 11 1 51 
5084 4 3 51 
4770 5 2 51 
4375 5 4 51 
4308 6 5 51 
4116 7 4 51 
3891 8 3 51 
3557 9 2 51 
3374 10 1 51 
3042 11 0 51 
2740 5 3 51 
1598 6 4 51 
1093 7 3 51 
367 8 2 51 
319 9 1 51 
5561 10 0 51 
4938 6 3 51 
3715 7 2 51 
3457 8 1 51 
2951 9 0 51 
2223 6 2 51 
1926 7 1 51 
504 8 0 51 
5067 6 1 51 
4991 7 0 51 
3941 6 0 51 
2384 7 1 63 
5365 7 2 63 
137 8 1 63 
32 6 4 64 
3332 7 3 64 
4014 9 1 64 
4106 4 3 64 
4707 5 4 64 
433 6 5 64 
640 7 4 64 
1331 10 1 64 
2368 3 3 65 
2742 4 2 65 
4203 5 5 65 
146 8 4 65 
2849 2 3 66 
3763 3 2 66 
5467 4 1 66 
1112 9 4 65 
1711 1 3 67 
3610 2 2 67 
1087 3 1 67 
1199 7 7 67 
1676 10 4 66 
3747 1 2 67 
4490 2 1 67 
5008 8 7 67 
5181 1 1 67 
5462 9 7 67 
931 9 8 67 
1647 10 7 67 
2205 8 10 68 
2731 9 9 68 
2782 10 8 68 
2830 7 10 68 
3052 8 11 68 
1666 9 10 68 
1729 10 9 68 
1913 6 10 68 
2509 7 11 68 
2750 10 10 68 
2751 6 11 69 
3589 4 8 69 
4191 6 12 69 
4353 11 11 69 
4748 3 8 70 
4902 5 12 70 
4925 11 12 69 
5109 12 11 69 
407 13 10 69 
2166 2 8 70 
2218 3 11 70 
2490 4 12 70 
2824 11 13 70 
3038 12 12 70 
3460 13 9 70 
4553 14 10 70 
4619 1 8 70 
375 2 7 70 
662 2 11 70 
812 12 13 70 
2339 13 8 70 
2341 14 9 70 
2658 15 10 70 
2745 1 7 71 
2857 1 11 71 
2974 2 6 71 
4071 12 14 71 
5120 13 7 71 
5236 13 13 71 
5482 19 0 76 
5433 19 6 76 
5137 12 0 76 
5046 18 0 76 
4954 18 6 76 
4918 19 1 76 
4530 19 5 76 
4492 19 19 76 
4454 12 1 76 
4331 13 0 76 
3985 17 0 76 
3690 17 6 76 
3242 18 1 76 
3231 18 5 76 
3139 18 19 76 
2840 19 2 76 
2773 19 4 76 
2695 19 18 76 
2401 12 2 76 
2398 13 1 76 
2090 14 0 76 
1880 16 0 76 
1879 17 1 76 
1768 17 5 76 
1742 17 19 76 
1597 18 2 76 
1285 18 4 76 
1101 18 18 76 
1016 19 3 76 
925 19 17 76 
824 0 19 76 
735 12 3 76 
385 13 2 76 
314 14 1 76 
71 15 0 76 
4 16 1 76 
5401 16 19 76 
5263 17 2 76 
5169 17 4 76 
5000 17 18 76 
4764 18 3 76 
4676 18 17 76 
4462 19 16 76 
3863 0 18 76 
3606 1 19 76 
3456 7 19 76 
3408 12 4 76 
3319 13 3 76 
3000 14 2 76 
2838 15 1 76 
2466 15 19 76 
2375 16 2 76 
2345 16 18 76 
2294 17 3 76 
2291 17 17 76 
2146 18 16 76 
1800 19 15 76 
1099 0 17 76 
1038 1 18 76 
1028 2 19 76 
796 6 19 76 
398 7 18 76 
349 8 19 76 
213 13 4 76 
65 14 3 76 
5479 14 19 76 
5195 15 2 76 
5131 15 18 76 
5012 16 3 76 
4691 16 17 76 
4339 17 16 76 
4272 18 15 76 
3923 19 14 76 
3739 0 16 76 
3431 1 17 76 
3184 2 18 76 
3095 3 19 76 
3072 5 19 76 
2923 6 18 76 
2854 7 17 76 
2676 8 18 76 
2652 9 19 76 
2454 13 19 76 
2436 14 4 76 
2196 14 18 76 
2179 15 3 76 
1994 15 17 76 
1975 16 4 76 
1488 16 16 76 
1401 17 15 76 
1329 18 14 76 
1106 19 7 76 
1076 19 13 76 
691 0 15 76 
610 1 16 76 
5363 2 17 76 
5273 3 18 76 
5202 4 19 76 
4846 5 18 76 
4507 6 17 76 
4421 7 16 76 
4371 8 17 76 
4269 9 18 76 
4265 10 19 76 
4182 12 19 76 
3910 13 18 76 
3896 14 17 76 
3826 15 4 76 
3716 15 16 76 
3401 16 5 76 
3148 16 15 76 
3147 17 14 76 
3115 18 7 76 
2556 18 13 76 
2526 19 8 76 
2455 19 12 76 
2374 0 14 76 
1932 1 15 76 
1750 2 16 76 
1451 3 17 76 
646 4 18 76 
620 5 17 76 
566 6 16 76 
274 7 15 76 
5438 8 16 76 
5238 9 17 76 
5227 10 18 76 
4865 11 19 76 
4808 12 18 76 
4731 13 17 76 
4428 14 16 76 
4389 15 5 76 
4360 15 15 76 
4348 16 6 76 
4190 16 14 76 
4183 17 7 76 
4146 17 13 76 
3761 18 8 76 
3574 18 12 76 
3549 19 9 76 
3539 19 11 76 
3330 0 5 76 
2988 0 13 76 
2719 1 14 76 
2530 2 15 76 
2511 3 16 76 
2488 4 17 76 
2441 5 16 76 
2281 6 15 76 
1794 7 14 76 
1679 8 15 76 
1522 9 16 76 
1447 10 17 76 
1415 11 18 76 
1213 12 17 76 
1140 13 16 76 
1078 14 5 76 
1062 14 15 76 
984 15 6 76 
759 15 14 76 
718 16 7 76 
537 16 13 76 
308 17 8 76 
228 17 12 76 
5531 18 9 76 
5384 18 11 76 
5360 19 10 76 
5352 0 6 76 
5324 0 10 76 
5259 0 12 76 
5098 1 5 76 
4875 1 13 76 
4629 2 14 76 
4469 3 15 76 
3970 4 16 76 
3778 5 15 76 
3723 6 14 76 
3342 9 15 76 
3022 10 16 76 
2959 11 17 76 
2834 12 16 76 
2806 13 5 76 
2536 13 15 76 
2272 14 6 76 
2118 14 14 76 
1760 15 7 76 
1619 15 13 76 
1570 16 8 76 
1566 16 12 76 
1125 17 9 76 
956 17 11 76 
871 18 10 76 
803 0 7 76 
670 0 11 76 
554 1 6 76 
160 1 10 76 
42 1 12 76 
5557 2 5 76 
4511 2 13 76 
4087 3 14 76 
4077 4 15 76 
3950 5 14 76 
3866 10 15 76 
3631 11 16 76 
3522 12 5 76 
3499 12 15 76 
3187 13 6 76 
3176 13 14 76 
2955 14 7 76 
2768 14 13 76 
2714 15 8 76 
2619 15 12 76 
2465 16 9 76 
2349 16 11 76 
2101 17 10 76 
2073 0 8 76 
1897 1 7 76 
1789 1 11 76 
1693 2 6 76 
1606 2 10 76 
1416 2 12 76 
1219 3 5 76 
784 3 13 76 
706 4 14 76 
439 11 15 76 
208 12 6 76 
91 12 14 76 
5385 13 7 76 
5127 13 13 76 
4596 14 8 76 
4561 14 12 76 
4419 15 9 76 
3999 15 11 76 
3867 16 10 76 
3859 0 9 76 
3693 1 8 76 
3674 2 7 76 
3455 2 11 76 
3248 3 6 76 
3121 3 10 76 
2896 3 12 76 
2888 4 13 76 
2861 11 14 76 
2391 12 7 76 
2270 12 13 76 
2109 13 8 76 
2052 13 12 76 
1809 14 9 76 
1319 14 11 76 
1241 15 10 76 
1086 1 9 76 
404 2 8 76 
178 3 7 76 
5329 3 11 76 
5179 4 10 76 
5153 4 12 76 
5060 5 13 76 
4576 10 14 76 
4429 11 13 76 
4199 12 8 76 
3560 12 12 76 
3502 13 9 76 
3387 13 11 76 
2529 14 10 76 
2358 2 9 76 
2180 3 8 76 
2113 4 7 76 
2057 4 11 76 
1874 5 12 76 
1592 6 13 76 
1525 9 14 76 
1336 10 13 76 
1196 11 12 76 
1120 12 9 76 
960 12 11 76 
905 13 10 76 
103 3 9 76 
5486 4 8 76 
5348 5 7 76 
5228 5 11 76 
5128 6 12 76 
4805 7 13 76 
4340 8 14 76 
3988 9 13 76 
3968 10 12 76 
3428 11 11 76 
3425 12 10 76 
3290 4 9 76 
3280 5 8 76 
3162 5 10 76 
3030 6 11 76 
2733 7 12 76 
2534 8 13 76 
2337 9 12 76 
2287 10 11 76 
1898 11 10 76 
1684 5 9 76 
1485 6 10 76 
1305 7 11 76 
1129 8 12 76 
943 9 11 76 
746 10 10 76 
94 11 9 76 
5481 6 9 76 
5189 7 10 76 
4784 8 11 76 
4734 9 10 76 
4277 10 9 76 
4257 11 8 76 
4059 0 0 76 
4057 7 9 76 
3897 8 10 76 
3842 9 9 76 
3771 10 8 76 
3417 11 7 76 
3399 0 1 76 
3335 1 0 76 
3058 8 9 76 
3040 9 8 76 
2378 10 7 76 
2189 11 6 76 
2027 0 2 76 
1630 0 4 76 
1579 1 1 76 
1443 2 0 76 
1375 8 8 76 
1334 9 7 76 
1142 10 6 76 
1067 11 5 76 
705 0 3 76 
460 1 2 76 
155 1 4 76 
5294 2 1 76 
5255 3 0 76 
5028 7 8 76 
4870 8 7 76 
4792 9 6 76 
4532 10 5 76 
4363 11 4 76 
4326 1 3 76 
4325 2 2 76 
3757 2 4 76 
3461 3 1 76 
3333 4 0 76 
3317 4 6 76 
3240 6 8 76 
2902 7 7 76 
2675 8 6 76 
1425 9 5 76 
1421 10 4 76 
1265 11 3 76 
655 2 3 76 
396 3 2 76 
5289 3 4 76 
4435 4 1 76 
4157 4 5 76 
3591 5 0 76 
3517 5 6 76 
3126 6 7 76 
2390 7 6 76 
2169 8 5 76 
1862 9 4 76 
1822 10 3 76 
625 11 2 76 
611 3 3 76 
5116 4 2 76 
4999 4 4 76 
4789 5 1 76 
4774 5 5 76 
4280 6 6 76 
4103 7 5 76 
3348 8 4 76 
3173 9 3 76 
2842 10 2 76 
2572 11 1 76 
2229 4 3 76 
1884 5 2 76 
1372 5 4 76 
967 6 5 76 
309 7 4 76 
121 8 3 76 
5427 9 2 76 
4660 10 1 76 
4085 11 0 76 
3418 5 3 76 
2721 6 4 76 
2127 7 3 76 
2078 8 2 76 
1248 9 1 76 
741 10 0 76 
667 6 3 76 
337 7 2 76 
4009 8 1 76 
3807 9 0 76 
3111 6 2 76 
2904 7 1 76 
860 8 0 76 
731 6 1 76 
529 7 0 76 
3462 6 0 76 
2788 7 1 88 
1409 7 2 89 
3201 8 1 88 
179 6 4 89 
267 7 3 89 
597 9 1 89 
2958 4 3 90 
4072 5 4 90 
5291 6 5 90 
47 7 4 90 
648 10 1 89 
2143 3 3 91 
2683 4 2 90 
2758 5 5 90 
3556 8 4 90 
5519 2 3 92 
1107 3 2 92 
1252 4 1 91 
1281 9 4 91 
2559 1 3 92 
2660 2 2 92 
2947 3 1 92 
353 7 7 92 
787 10 4 92 
855 1 2 93 
1387 2 1 92 
2687 8 7 92 
5035 1 1 93 
5047 9 7 93 
1291 9 8 93 
1608 10 7 93 
1887 8 10 93 
1938 9 9 93 
2295 10 8 93 
2299 7 10 93 
2506 8 11 93 
3109 9 10 93 
4197 10 9 93 
4560 6 10 94 
153 7 11 94 
658 10 10 94 
1177 6 11 94 
1850 4 8 94 
1982 6 12 94 
2267 11 11 94 
5366 3 8 95 
1422 5 12 95 
1617 11 12 95 
3503 12 11 95 
3788 13 10 95 
4115 2 8 96 
76 3 11 95 
744 4 12 95 
1276 11 13 95 
1544 12 12 95 
1670 13 9 95 
1832 14 10 95 
2583 1 8 96 
2706 2 7 96 
2983 2 11 96 
3008 12 13 96 
3089 13 8 96 
3215 14 9 96 
5441 15 10 96 
