1895
4002 0 19 1 
3609 0 18 1 
3410 1 19 1 
3320 0 17 1 
3283 1 18 1 
2977 2 19 1 
2909 0 16 1 
2897 1 17 1 
2859 2 18 1 
2831 3 19 1 
2629 0 15 1 
2458 1 16 1 
2448 2 17 1 
2362 3 18 1 
2339 4 19 1 
2325 0 12 1 
2279 0 14 1 
2170 1 15 1 
2166 2 16 1 
1990 3 17 1 
1937 4 18 1 
1905 5 19 1 
1896 0 13 1 
1854 1 12 1 
1730 1 14 1 
1365 2 15 1 
1335 3 16 1 
1327 4 17 1 
1140 5 18 1 
1065 6 19 1 
1046 1 13 1 
998 2 12 1 
777 2 14 1 
755 3 15 1 
719 4 16 1 
469 5 17 1 
31 6 18 1 
3683 7 19 1 
3453 19 19 1 
3324 2 13 1 
3247 3 12 1 
3192 3 14 1 
2944 4 15 1 
2938 5 16 1 
2907 6 17 1 
2874 7 18 1 
2596 8 19 1 
2578 18 19 1 
2522 19 18 1 
2174 3 13 1 
1837 4 12 1 
1717 4 14 1 
1645 5 15 1 
1511 6 16 1 
1192 7 17 1 
1124 8 18 1 
1040 9 19 1 
1021 17 19 1 
824 18 18 1 
799 19 17 1 
743 4 13 1 
738 5 12 1 
696 5 14 1 
668 6 15 1 
640 7 16 1 
398 8 17 1 
361 9 18 1 
111 10 19 1 
62 16 19 1 
4024 17 18 1 
3948 18 17 1 
3866 19 16 1 
3657 5 13 1 
3631 6 12 1 
3435 6 14 1 
3423 7 15 1 
3363 8 16 1 
3357 9 17 1 
3257 10 18 1 
3239 11 19 1 
3171 15 19 1 
2946 16 18 1 
2838 17 17 1 
2707 18 16 1 
2504 19 15 1 
2345 6 13 1 
2117 7 12 1 
2059 7 14 1 
1630 8 15 1 
1420 9 16 1 
1354 10 17 1 
1336 11 18 1 
1091 12 19 1 
1075 14 19 1 
979 15 18 1 
974 16 17 1 
419 17 16 1 
283 18 15 1 
225 19 14 1 
199 7 13 1 
151 8 12 1 
133 8 14 1 
4114 9 15 1 
3701 10 16 1 
3695 11 17 1 
3627 12 18 1 
3573 13 19 1 
3371 14 18 1 
3289 15 17 1 
3250 16 16 1 
3220 17 15 1 
3203 18 14 1 
3151 19 13 1 
2817 8 13 1 
2805 9 12 1 
2750 9 14 1 
2646 10 15 1 
2614 11 16 1 
2489 12 17 1 
2381 13 18 1 
2181 14 17 1 
2083 15 16 1 
1984 16 15 1 
1946 17 14 1 
1926 18 13 1 
1718 19 0 1 
1693 19 12 1 
1564 9 13 1 
1439 10 12 1 
906 10 14 1 
764 11 15 1 
729 12 16 1 
697 13 17 1 
245 14 16 1 
131 15 15 1 
52 16 14 1 
36 17 13 1 
4103 18 0 1 
3906 18 12 1 
3739 19 1 1 
3730 19 11 1 
3597 10 13 1 
3500 11 12 1 
3425 11 14 1 
3416 12 15 1 
3370 13 16 1 
3292 14 15 1 
2628 15 14 1 
2576 16 13 1 
2341 17 0 1 
2123 17 12 1 
1708 18 1 1 
1664 18 11 1 
1500 19 2 1 
1307 19 10 1 
1045 11 13 1 
960 12 12 1 
701 12 14 1 
591 13 15 1 
379 14 14 1 
227 15 13 1 
175 16 0 1 
4124 16 12 1 
4092 17 1 1 
4083 17 11 1 
3911 18 2 1 
3714 18 10 1 
3538 19 3 1 
3441 19 9 1 
3243 12 13 1 
3228 13 14 1 
3067 14 13 1 
3021 15 0 1 
2981 15 12 1 
2729 16 1 1 
2703 16 11 1 
2642 17 2 1 
2544 17 10 1 
2455 18 3 1 
2239 18 9 1 
1855 19 4 1 
1752 19 8 1 
1520 13 13 1 
1394 14 0 1 
1370 14 12 1 
1180 15 1 1 
853 15 11 1 
814 16 2 1 
728 16 10 1 
465 17 3 1 
422 17 9 1 
223 18 4 1 
72 18 8 1 
11 19 5 1 
7 19 7 1 
4104 13 0 1 
4014 13 12 1 
3386 14 1 1 
3241 14 11 1 
3174 15 2 1 
2806 15 10 1 
2784 16 3 1 
2484 16 9 1 
2422 17 4 1 
2305 17 8 1 
2160 18 5 1 
1774 18 7 1 
1657 19 6 1 
1607 12 0 1 
1554 13 1 1 
1310 13 11 1 
1225 14 2 1 
1132 14 10 1 
1095 15 3 1 
991 15 9 1 
836 16 4 1 
822 16 8 1 
600 17 5 1 
561 17 7 1 
350 18 6 1 
307 11 0 1 
179 12 1 1 
115 12 11 1 
3991 13 2 1 
3561 13 10 1 
3446 14 3 1 
3323 14 9 1 
2993 15 4 1 
2988 15 8 1 
2962 16 5 1 
2558 16 7 1 
2468 17 6 1 
2383 10 0 1 
2158 11 1 1 
2033 12 2 1 
2029 12 10 1 
1906 13 3 1 
1877 13 9 1 
1579 14 4 1 
1462 14 8 1 
1445 15 5 1 
1383 15 7 1 
1241 16 6 1 
784 9 0 1 
606 10 1 1 
530 11 2 1 
382 12 3 1 
322 12 9 1 
172 13 4 1 
4085 13 8 1 
3769 14 5 1 
3565 14 7 1 
3308 15 6 1 
3169 9 1 1 
3160 10 2 1 
3037 11 3 1 
2919 12 4 1 
2918 12 8 1 
2736 13 5 1 
2711 13 7 1 
2516 14 6 1 
2143 9 2 1 
1659 10 3 1 
1434 11 4 1 
990 12 5 1 
939 12 7 1 
927 13 6 1 
677 9 3 1 
572 10 4 1 
402 11 5 1 
17 11 11 1 
4118 12 6 1 
4046 9 4 1 
4018 10 5 1 
3955 10 11 1 
3808 11 6 1 
3502 11 10 1 
3003 9 5 1 
2928 9 11 1 
2794 10 6 1 
2678 10 10 1 
2256 11 7 1 
2199 11 9 1 
2141 8 5 1 
2084 8 11 1 
2076 9 6 1 
1833 9 10 1 
1510 10 7 1 
1138 10 9 1 
1129 11 8 1 
936 7 5 1 
862 7 11 1 
378 8 6 1 
214 8 10 1 
89 9 7 1 
4157 9 9 1 
4121 10 8 1 
4101 0 11 1 
4039 6 11 1 
3686 7 6 1 
3405 7 10 1 
3351 8 7 1 
2781 8 9 1 
2714 9 8 1 
2284 0 10 1 
2125 1 11 1 
2109 5 11 1 
2108 6 10 1 
2060 7 7 1 
1940 7 9 1 
970 8 8 1 
969 0 9 1 
802 1 10 1 
676 2 11 1 
371 4 11 1 
208 5 10 1 
171 6 9 1 
145 7 8 1 
3999 0 8 1 
3606 1 9 1 
3205 2 10 1 
3149 3 11 1 
3078 4 10 1 
2829 5 9 1 
2684 6 8 1 
2282 0 7 1 
2225 1 8 1 
1427 2 9 1 
1324 3 10 1 
1131 4 9 1 
885 5 8 1 
663 0 6 1 
389 1 7 1 
266 2 8 1 
207 3 9 1 
195 4 8 1 
162 0 5 1 
3872 1 6 1 
3756 2 7 1 
3389 3 8 1 
2754 6 7 1 
2007 0 4 1 
1409 1 5 1 
1391 2 6 1 
1048 3 7 1 
551 5 7 1 
274 6 6 1 
210 8 4 1 
69 1 4 1 
3992 2 5 1 
3796 3 6 1 
3318 4 7 1 
2843 5 6 1 
2734 6 5 1 
2609 7 4 1 
2492 8 3 1 
2048 2 4 1 
1889 3 5 1 
1695 4 6 1 
1444 5 5 1 
977 6 4 1 
967 7 3 1 
470 8 2 1 
4062 3 4 1 
3814 4 5 1 
3781 5 4 1 
3586 6 3 1 
3422 7 2 1 
2664 8 1 1 
2584 4 4 1 
2003 5 3 1 
1810 6 2 1 
1751 7 1 1 
1633 8 0 1 
1507 0 3 1 
1502 4 3 1 
1147 5 2 1 
1144 6 1 1 
1089 7 0 1 
1084 0 2 1 
868 1 3 1 
851 3 3 1 
471 4 2 1 
129 5 1 1 
48 6 0 1 
3330 0 1 1 
3314 1 2 1 
3260 2 3 1 
3116 3 2 1 
3047 4 1 1 
1650 5 0 1 
1167 0 0 1 
1035 1 1 1 
180 2 2 1 
3969 3 1 1 
3929 4 0 1 
3212 1 0 1 
831 2 1 1 
501 3 0 1 
3587 2 0 1 
1251 2 1 12 
1663 1 1 13 
323 2 2 13 
1242 3 1 12 
1366 1 2 13 
1456 3 2 13 
2728 4 1 13 
2934 4 2 14 
421 5 1 14 
731 5 2 14 
58 6 1 14 
1158 5 3 14 
1406 6 2 14 
1678 7 1 14 
2359 4 5 14 
2387 5 4 14 
2749 6 3 14 
3307 7 2 14 
439 3 5 15 
1629 4 6 15 
2446 5 5 15 
2475 7 3 15 
2732 2 5 15 
3325 3 6 15 
3494 5 6 15 
141 1 5 16 
156 2 6 16 
254 1 6 16 
1797 2 7 16 
3216 1 7 17 
3424 2 8 17 
297 3 9 17 
414 1 8 17 
466 2 9 17 
812 3 10 17 
2077 4 9 17 
3771 1 9 17 
3883 2 10 17 
319 4 10 17 
1418 5 9 17 
2171 1 10 18 
2725 5 10 18 
3301 6 9 18 
4140 6 10 18 
445 7 9 18 
1438 8 8 18 
2776 7 10 18 
2915 8 7 18 
3056 8 9 18 
3482 9 8 18 
3563 8 6 19 
3946 8 10 19 
882 9 7 19 
908 9 9 18 
1100 10 8 18 
1282 9 6 19 
1431 9 10 19 
3068 10 7 19 
3114 10 9 19 
3540 10 6 19 
3663 10 10 19 
3934 10 5 19 
4108 10 4 20 
517 11 5 20 
809 10 3 20 
1255 11 4 20 
2451 12 5 20 
2602 13 6 20 
3979 0 19 26 
3961 0 18 26 
3755 1 19 26 
3733 0 17 26 
3555 1 18 26 
3382 2 19 26 
3141 0 16 26 
3103 1 17 26 
3028 2 18 26 
2973 3 19 26 
2837 0 15 26 
2742 1 16 26 
2676 2 17 26 
2482 3 18 26 
2392 4 19 26 
2291 0 12 26 
2085 0 14 26 
1945 1 15 26 
1883 2 16 26 
1697 3 17 26 
1586 4 18 26 
1476 5 19 26 
1415 0 13 26 
1309 1 12 26 
1286 1 14 26 
1279 2 15 26 
707 3 16 26 
648 4 17 26 
635 5 18 26 
601 6 19 26 
547 1 13 26 
337 2 12 26 
255 2 14 26 
106 3 15 26 
66 4 16 26 
4129 5 17 26 
4034 6 18 26 
4033 7 19 26 
4005 19 19 26 
3804 2 13 26 
3787 3 12 26 
3720 3 14 26 
3564 4 15 26 
3420 5 16 26 
3165 6 17 26 
3063 7 18 26 
3054 8 19 26 
3016 18 19 26 
2880 19 18 26 
2715 3 13 26 
2548 4 12 26 
2532 4 14 26 
2472 5 15 26 
2470 6 16 26 
2072 7 17 26 
1750 8 18 26 
1361 9 19 26 
1083 17 19 26 
1013 18 18 26 
943 19 17 26 
770 4 13 26 
595 5 12 26 
578 5 14 26 
511 6 15 26 
432 7 16 26 
314 8 17 26 
278 9 18 26 
184 10 19 26 
154 16 19 26 
4097 17 18 26 
4071 18 17 26 
3884 19 16 26 
3461 5 13 26 
3439 6 12 26 
2885 6 14 26 
2785 7 15 26 
2638 8 16 26 
2615 9 17 26 
2565 10 18 26 
2498 11 19 26 
2311 15 19 26 
2254 16 18 26 
1986 17 17 26 
1794 18 16 26 
1778 19 15 26 
1775 6 13 26 
1681 7 12 26 
1674 7 14 26 
1617 8 15 26 
1559 9 16 26 
1543 10 17 26 
1451 11 18 26 
1450 12 19 26 
1402 14 19 26 
1326 15 18 26 
1022 16 17 26 
793 17 16 26 
710 18 15 26 
665 19 14 26 
625 7 13 26 
558 8 12 26 
247 8 14 26 
102 9 15 26 
82 10 16 26 
25 11 17 26 
4182 12 18 26 
4152 13 19 26 
4054 14 18 26 
4016 15 17 26 
3805 16 16 26 
3506 17 15 26 
3075 18 14 26 
2809 19 13 26 
2445 8 13 26 
2200 9 12 26 
2094 9 14 26 
1419 10 15 26 
1271 11 16 26 
1155 12 17 26 
1149 13 18 26 
966 14 17 26 
925 15 16 26 
767 16 15 26 
604 17 14 26 
477 18 13 26 
197 19 0 26 
4057 19 12 26 
3822 9 13 26 
3664 10 12 26 
3451 10 14 26 
3443 11 15 26 
3240 12 16 26 
3082 13 17 26 
2597 14 16 26 
2537 15 15 26 
2521 16 14 26 
2180 17 13 26 
2142 18 0 26 
2116 18 12 26 
2036 19 1 26 
1739 19 11 26 
1258 10 13 26 
971 11 12 26 
828 11 14 26 
4023 12 15 26 
3976 13 16 26 
3745 14 15 26 
3697 15 14 26 
3570 16 13 26 
3407 17 0 26 
3206 17 12 26 
3042 18 1 26 
2905 18 11 26 
2643 19 2 26 
2541 19 10 26 
2274 11 13 26 
1969 12 12 26 
1710 12 14 26 
1231 13 15 26 
984 14 14 26 
921 15 13 26 
589 16 0 26 
321 16 12 26 
234 17 1 26 
64 17 11 26 
3523 18 2 26 
3427 18 10 26 
3346 19 3 26 
3222 19 9 26 
3179 12 13 26 
3092 13 14 26 
2802 14 13 26 
2718 15 0 26 
2474 15 12 26 
2395 16 1 26 
2353 16 11 26 
1963 17 2 26 
1875 17 10 26 
1597 18 3 26 
1466 18 9 26 
1363 19 4 26 
1085 19 8 26 
956 13 13 26 
858 14 0 26 
765 14 12 26 
636 15 1 26 
602 15 11 26 
451 16 2 26 
410 16 10 26 
243 17 3 26 
181 17 9 26 
114 18 4 26 
4090 18 8 26 
3964 19 5 26 
3846 19 7 26 
3835 13 0 26 
3725 13 12 26 
3666 14 1 26 
3575 14 11 26 
3568 15 2 26 
3486 15 10 26 
3326 16 3 26 
3237 16 9 26 
2782 17 4 26 
2653 17 8 26 
2370 18 5 26 
2253 18 7 26 
2197 19 6 26 
2137 12 0 26 
2044 13 1 26 
1761 13 11 26 
1726 14 2 26 
1386 14 10 26 
1300 15 3 26 
1256 15 9 26 
1015 16 4 26 
880 16 8 26 
870 17 5 26 
841 17 7 26 
673 18 6 26 
593 11 0 26 
526 12 1 26 
502 12 11 26 
497 13 2 26 
489 13 10 26 
70 14 3 26 
53 14 9 26 
4120 15 4 26 
3761 15 8 26 
3681 16 5 26 
3265 16 7 26 
3094 17 6 26 
2972 10 0 26 
2893 11 1 26 
2868 12 2 26 
2818 12 10 26 
2523 13 3 26 
2427 13 9 26 
2385 14 4 26 
2382 14 8 26 
1972 15 5 26 
1948 15 7 26 
1836 16 6 26 
1716 9 0 26 
1312 10 1 26 
1288 11 2 26 
1206 12 3 26 
1102 12 9 26 
1060 13 4 26 
895 13 8 26 
884 14 5 26 
734 14 7 26 
723 15 6 26 
704 9 1 26 
409 10 2 26 
258 11 3 26 
158 12 4 26 
4031 12 8 26 
3718 13 5 26 
3658 13 7 26 
3161 14 6 26 
3124 9 2 26 
2906 10 3 26 
2673 11 4 26 
2598 12 5 26 
2580 12 7 26 
2386 13 6 26 
2248 9 3 26 
1789 10 4 26 
1673 11 5 26 
1578 11 11 26 
1421 12 6 26 
1405 9 4 26 
1175 10 5 26 
1114 10 11 26 
407 11 6 26 
4165 11 10 26 
4093 9 5 26 
3214 9 11 26 
2735 10 6 26 
2417 10 10 26 
2416 11 7 26 
2150 11 9 26 
1776 8 5 26 
1426 8 11 26 
1384 9 6 26 
1319 9 10 26 
1107 10 7 26 
795 10 9 26 
649 11 8 26 
491 7 5 26 
192 7 11 26 
4162 8 6 26 
4077 8 10 26 
3825 9 7 26 
3273 9 9 26 
3248 10 8 26 
3209 0 11 26 
3134 6 11 26 
3052 7 6 26 
3030 7 10 26 
2995 8 7 26 
2878 8 9 26 
2828 9 8 26 
2507 0 10 26 
2276 1 11 26 
2192 5 11 26 
2146 6 10 26 
2131 7 7 26 
1973 7 9 26 
1874 8 8 26 
1592 0 9 26 
1285 1 10 26 
1056 2 11 26 
975 4 11 26 
856 5 10 26 
631 6 9 26 
586 7 8 26 
396 0 8 26 
80 1 9 26 
57 2 10 26 
4149 3 11 26 
4069 4 10 26 
3968 5 9 26 
3966 6 8 26 
3860 0 7 26 
3775 1 8 26 
3598 2 9 26 
3313 3 10 26 
3177 4 9 26 
3102 5 8 26 
2497 0 6 26 
2228 1 7 26 
2045 2 8 26 
1921 3 9 26 
1834 4 8 26 
1537 0 5 26 
1412 1 6 26 
1146 2 7 26 
1088 3 8 26 
923 6 7 26 
686 0 4 26 
633 1 5 26 
598 2 6 26 
550 3 7 26 
473 5 7 26 
354 6 6 26 
224 8 4 26 
4130 1 4 26 
4072 2 5 26 
3125 3 6 26 
3086 4 7 26 
3062 5 6 26 
2645 6 5 26 
2570 7 4 26 
1992 8 3 26 
1655 2 4 26 
1228 3 5 26 
957 4 6 26 
909 5 5 26 
472 6 4 26 
3662 7 3 26 
3199 8 2 26 
3010 3 4 26 
2342 4 5 26 
2333 5 4 26 
2103 6 3 26 
2090 7 2 26 
1975 8 1 26 
1646 4 4 26 
1538 5 3 26 
1151 6 2 26 
1066 7 1 26 
905 8 0 26 
621 0 3 26 
612 4 3 26 
400 5 2 26 
55 6 1 26 
4150 7 0 26 
3803 0 2 26 
3154 1 3 26 
2842 3 3 26 
2799 4 2 26 
2031 5 1 26 
1843 6 0 26 
1250 0 1 26 
1125 1 2 26 
993 2 3 26 
857 3 2 26 
582 4 1 26 
83 5 0 26 
3294 0 0 26 
2941 1 1 26 
2272 2 2 26 
1886 3 1 26 
1742 4 0 26 
904 1 0 26 
670 2 1 26 
2759 3 0 26 
290 2 0 26 
3593 2 1 37 
75 1 1 37 
110 2 2 37 
1477 3 1 37 
1955 1 2 38 
3005 3 2 38 
81 4 1 38 
647 4 2 38 
4102 5 1 38 
666 5 2 39 
1105 6 1 39 
1120 5 3 39 
2501 6 2 39 
846 7 1 39 
1128 4 5 39 
1187 5 4 39 
1234 6 3 39 
1932 7 2 39 
2179 3 5 40 
356 4 6 40 
2424 5 5 40 
2591 7 3 39 
2763 2 5 40 
3146 3 6 40 
965 5 6 40 
1707 1 5 41 
2313 2 6 41 
2467 1 6 41 
90 2 7 41 
562 1 7 41 
933 2 8 41 
1081 3 9 41 
1398 1 8 41 
1583 2 9 41 
2979 3 10 41 
3027 4 9 41 
188 1 9 42 
218 2 10 42 
294 4 10 41 
540 5 9 41 
559 1 10 42 
942 5 10 42 
1550 6 9 42 
1713 6 10 42 
2441 7 9 42 
2449 8 8 42 
3319 7 10 42 
3753 8 7 42 
3779 8 9 42 
3924 9 8 42 
4177 8 6 42 
438 8 10 42 
603 9 7 42 
1378 9 9 42 
1553 10 8 42 
1755 9 6 43 
2271 9 10 43 
2487 10 7 43 
2552 10 9 43 
2654 10 6 43 
3032 10 10 43 
3226 10 5 44 
3489 10 4 44 
122 11 5 44 
159 10 3 44 
819 11 4 44 
1004 12 5 44 
1417 13 6 44 
2968 10 2 45 
3549 11 3 45 
505 12 4 45 
889 13 5 44 
1044 13 7 44 
1152 14 6 44 
1317 10 1 45 
1573 11 2 45 
1872 12 3 45 
2575 13 4 45 
2920 13 8 45 
3373 14 5 45 
3672 0 19 51 
3455 0 18 51 
3285 1 19 51 
3025 0 17 51 
3019 1 18 51 
2970 2 19 51 
2826 0 16 51 
2686 1 17 51 
2626 2 18 51 
2625 3 19 51 
2519 0 15 51 
2494 1 16 51 
2332 2 17 51 
2257 3 18 51 
2241 4 19 51 
2214 0 12 51 
2201 0 14 51 
1967 1 15 51 
1766 2 16 51 
1741 3 17 51 
1709 4 18 51 
1654 5 19 51 
1551 0 13 51 
1266 1 12 51 
1248 1 14 51 
1179 2 15 51 
1001 3 16 51 
832 4 17 51 
657 5 18 51 
655 6 19 51 
537 1 13 51 
480 2 12 51 
320 2 14 51 
169 3 15 51 
109 4 16 51 
18 5 17 51 
4113 6 18 51 
3900 7 19 51 
3751 19 19 51 
3629 2 13 51 
3557 3 12 51 
3458 3 14 51 
3359 4 15 51 
3159 5 16 51 
3119 6 17 51 
3041 7 18 51 
3007 8 19 51 
2940 18 19 51 
2808 19 18 51 
2783 3 13 51 
2557 4 12 51 
2510 4 14 51 
2231 5 15 51 
2078 6 16 51 
2019 7 17 51 
2004 8 18 51 
1999 9 19 51 
1922 17 19 51 
1098 18 18 51 
816 19 17 51 
730 4 13 51 
658 5 12 51 
449 5 14 51 
251 6 15 51 
183 7 16 51 
178 8 17 51 
3943 9 18 51 
3726 10 19 51 
3488 16 19 51 
3481 17 18 51 
3449 18 17 51 
2926 19 16 51 
2873 5 13 51 
2867 6 12 51 
2819 6 14 51 
2661 7 15 51 
2652 8 16 51 
2586 9 17 51 
2562 10 18 51 
2505 11 19 51 
2491 15 19 51 
2428 16 18 51 
2316 17 17 51 
1670 18 16 51 
1662 19 15 51 
1533 6 13 51 
1515 7 12 51 
1501 7 14 51 
1359 8 15 51 
1249 9 16 51 
978 10 17 51 
798 11 18 51 
790 12 19 51 
515 14 19 51 
483 15 18 51 
437 16 17 51 
313 17 16 51 
46 18 15 51 
30 19 14 51 
4145 7 13 51 
4134 8 12 51 
4100 8 14 51 
3942 9 15 51 
3865 10 16 51 
3648 11 17 51 
3624 12 18 51 
3474 13 19 51 
3469 14 18 51 
3296 15 17 51 
3173 16 16 51 
3167 17 15 51 
3073 18 14 51 
3001 19 13 51 
2464 8 13 51 
2429 9 12 51 
2380 9 14 51 
2177 10 15 51 
2129 11 16 51 
1557 12 17 51 
1118 13 18 51 
1109 14 17 51 
1079 15 16 51 
989 16 15 51 
688 17 14 51 
541 18 13 51 
128 19 0 51 
44 19 12 51 
3932 9 13 51 
3754 10 12 51 
3612 10 14 51 
3556 11 15 51 
3368 12 16 51 
3219 13 17 51 
2613 14 16 51 
2457 15 15 51 
2366 16 14 51 
2356 17 13 51 
2156 18 0 51 
2067 18 12 51 
1904 19 1 51 
1864 19 11 51 
1621 10 13 51 
1362 11 12 51 
1232 11 14 51 
761 12 15 51 
667 13 16 51 
583 14 15 51 
534 15 14 51 
450 16 13 51 
429 17 0 51 
246 17 12 51 
118 18 1 51 
3933 18 11 51 
3909 19 2 51 
3864 19 10 51 
3784 11 13 51 
3302 12 12 51 
3235 12 14 51 
3198 13 15 51 
3195 14 14 51 
3022 15 13 51 
2699 16 0 51 
2690 16 12 51 
2631 17 1 51 
2162 17 11 51 
1591 18 2 51 
1544 18 10 51 
1257 19 3 51 
1064 19 9 51 
894 12 13 51 
810 13 14 51 
720 14 13 51 
654 15 0 51 
624 15 12 51 
588 16 1 51 
431 16 11 51 
298 17 2 51 
259 17 10 51 
4160 18 3 51 
3921 18 9 51 
3874 19 4 51 
3367 19 8 51 
3297 13 13 51 
3290 14 0 51 
3201 14 12 51 
3194 15 1 51 
3118 15 11 51 
3089 16 2 51 
3044 16 10 51 
2950 17 3 51 
2896 17 9 51 
2568 18 4 51 
2477 18 8 51 
2453 19 5 51 
1898 19 7 51 
1882 13 0 51 
1660 13 12 51 
1516 14 1 51 
1215 14 11 51 
1204 15 2 51 
644 15 10 51 
528 16 3 51 
395 16 9 51 
345 17 4 51 
339 17 8 51 
216 18 5 51 
100 18 7 51 
4141 19 6 51 
3680 12 0 51 
3419 13 1 51 
3354 13 11 51 
3238 14 2 51 
3185 14 10 51 
3120 15 3 51 
3104 15 9 51 
2840 16 4 51 
2727 16 8 51 
2647 17 5 51 
2571 17 7 51 
2438 18 6 51 
2261 11 0 51 
1569 12 1 51 
1454 12 11 51 
1390 13 2 51 
1311 13 10 51 
1108 14 3 51 
1063 14 9 51 
964 15 4 51 
902 15 8 51 
718 16 5 51 
627 16 7 51 
609 17 6 51 
411 10 0 51 
324 11 1 51 
249 12 2 51 
4148 12 10 51 
4137 13 3 51 
3938 13 9 51 
3806 14 4 51 
3777 14 8 51 
3599 15 5 51 
3580 15 7 51 
3306 16 6 51 
3131 9 0 51 
3040 10 1 51 
2815 11 2 51 
2641 12 3 51 
2534 12 9 51 
1869 13 4 51 
1371 13 8 51 
1344 14 5 51 
1020 14 7 51 
1014 15 6 51 
931 9 1 51 
787 10 2 51 
785 11 3 51 
703 12 4 51 
689 12 8 51 
662 13 5 51 
630 13 7 51 
579 14 6 51 
575 9 2 51 
426 10 3 51 
4178 11 4 51 
4158 12 5 51 
3848 12 7 51 
3533 13 6 51 
3275 9 3 51 
2796 10 4 51 
2704 11 5 51 
2496 11 11 51 
2351 12 6 51 
2173 9 4 51 
2159 10 5 51 
2026 10 11 51 
1987 11 6 51 
1899 11 10 51 
1634 9 5 51 
1561 9 11 51 
1473 10 6 51 
1458 10 10 51 
1200 11 7 51 
772 11 9 51 
614 8 5 51 
140 8 11 51 
56 9 6 51 
4173 9 10 51 
4030 10 7 51 
3811 10 9 51 
3607 11 8 51 
3521 7 5 51 
3519 7 11 51 
3413 8 6 51 
2589 8 10 51 
2340 9 7 51 
1781 9 9 51 
1743 10 8 51 
1358 0 11 51 
1188 6 11 51 
896 7 6 51 
568 7 10 51 
200 8 7 51 
4142 8 9 51 
4028 9 8 51 
3953 0 10 51 
3780 1 11 51 
3728 5 11 51 
3510 6 10 51 
3304 7 7 51 
3122 7 9 51 
3083 8 8 51 
3020 0 9 51 
2820 1 10 51 
2561 2 11 51 
2443 4 11 51 
2406 5 10 51 
2379 6 9 51 
1961 7 8 51 
1715 0 8 51 
1275 1 9 51 
1267 2 10 51 
1181 3 11 51 
464 4 10 51 
3892 5 9 51 
3749 6 8 51 
3711 0 7 51 
3542 1 8 51 
3513 2 9 51 
3452 3 10 51 
3358 4 9 51 
2363 5 8 51 
2204 0 6 51 
2124 1 7 51 
1860 2 8 51 
1805 3 9 51 
1763 4 8 51 
1572 0 5 51 
1546 1 6 51 
638 2 7 51 
4153 3 8 51 
4013 6 7 51 
3834 0 4 51 
3809 1 5 51 
3379 2 6 51 
3070 3 7 51 
2929 5 7 51 
2881 6 6 51 
2841 8 4 51 
2425 1 4 51 
2187 2 5 51 
2056 3 6 51 
2054 4 7 51 
1991 5 6 51 
1648 6 5 51 
1448 7 4 51 
1424 8 3 51 
1141 2 4 51 
1090 3 5 51 
682 4 6 51 
513 5 5 51 
334 6 4 51 
92 7 3 51 
4040 8 2 51 
3975 3 4 51 
3974 4 5 51 
3588 5 4 51 
3525 6 3 51 
2967 7 2 51 
2708 8 1 51 
2397 4 4 51 
2148 5 3 51 
1849 6 2 51 
1610 7 1 51 
1160 8 0 51 
488 0 3 51 
3880 4 3 51 
3813 5 2 51 
3559 6 1 51 
2862 7 0 51 
2677 0 2 51 
484 1 3 51 
4095 3 3 51 
4082 4 2 51 
3572 5 1 51 
3268 6 0 51 
3155 0 1 51 
2827 1 2 51 
2795 2 3 51 
2779 3 2 51 
1074 4 1 51 
1009 5 0 51 
592 0 0 51 
3793 1 1 51 
2935 2 2 51 
78 3 1 51 
20 4 0 51 
3853 1 0 51 
3667 2 1 51 
3473 3 0 51 
2836 2 0 51 
3758 2 1 60 
1939 1 1 61 
3605 2 2 61 
5 3 1 61 
3524 1 2 62 
463 3 2 62 
1246 4 1 62 
1576 4 2 62 
1706 5 1 62 
272 5 2 63 
577 6 1 63 
2223 5 3 64 
2288 6 2 64 
2481 7 1 64 
2604 4 5 64 
29 5 4 64 
573 6 3 64 
1980 7 2 64 
3445 3 5 65 
33 4 6 65 
441 5 5 65 
2910 7 3 65 
3081 2 5 65 
1668 3 6 65 
3180 5 6 65 
3272 1 5 65 
3903 2 6 65 
946 1 6 66 
1297 2 7 66 
1876 1 7 66 
2080 2 8 66 
2281 3 9 66 
2295 1 8 66 
2388 2 9 66 
3919 3 10 66 
973 4 9 66 
1497 1 9 67 
1760 2 10 67 
1962 4 10 67 
2490 5 9 66 
2712 1 10 67 
2747 5 10 67 
3017 6 9 67 
3464 6 10 67 
3602 7 9 67 
4061 8 8 67 
303 7 10 68 
315 8 7 68 
901 8 9 67 
3004 9 8 67 
3254 8 6 68 
3581 8 10 68 
4022 9 7 68 
813 9 9 68 
1545 10 8 68 
2038 9 6 69 
2719 9 10 68 
3392 10 7 68 
3585 10 9 68 
3823 10 6 69 
23 10 10 69 
26 10 5 69 
359 10 4 69 
519 11 5 69 
521 10 3 70 
618 11 4 69 
1030 12 5 69 
1121 13 6 69 
1385 10 2 70 
1498 11 3 70 
2194 12 4 70 
2294 13 5 70 
2556 13 7 70 
2633 14 6 70 
2851 10 1 70 
3656 11 2 70 
4144 12 3 70 
4086 0 19 76 
3889 0 18 76 
3828 1 19 76 
3783 0 17 76 
3760 1 18 76 
3688 2 19 76 
3635 0 16 76 
3505 1 17 76 
3396 2 18 76 
3365 3 19 76 
3262 0 15 76 
3164 1 16 76 
3059 2 17 76 
2963 3 18 76 
2122 4 19 76 
2088 0 12 76 
2068 0 14 76 
1911 1 15 76 
1799 2 16 76 
1632 3 17 76 
1623 4 18 76 
1457 5 19 76 
1433 0 13 76 
1154 1 12 76 
1142 1 14 76 
1106 2 15 76 
1003 3 16 76 
961 4 17 76 
876 5 18 76 
871 6 19 76 
700 1 13 76 
597 2 12 76 
499 2 14 76 
418 3 15 76 
405 4 16 76 
369 5 17 76 
265 6 18 76 
217 7 19 76 
4 19 19 76 
4012 2 13 76 
3520 3 12 76 
3484 3 14 76 
3249 4 15 76 
3187 5 16 76 
3008 6 17 76 
2976 7 18 76 
2692 8 19 76 
2610 18 19 76 
2577 19 18 76 
2520 3 13 76 
2462 4 12 76 
2319 4 14 76 
2296 5 15 76 
1970 6 16 76 
1901 7 17 76 
1815 8 18 76 
1552 9 19 76 
1494 17 19 76 
1351 18 18 76 
1208 19 17 76 
808 4 13 76 
781 5 12 76 
737 5 14 76 
549 6 15 76 
362 7 16 76 
271 8 17 76 
201 9 18 76 
12 10 19 76 
4058 16 19 76 
3995 17 18 76 
3487 18 17 76 
3197 19 16 76 
3191 5 13 76 
3172 6 12 76 
3143 6 14 76 
2894 7 15 76 
2823 8 16 76 
2608 9 17 76 
2182 10 18 76 
2053 11 19 76 
1964 15 19 76 
1727 16 18 76 
1721 17 17 76 
1720 18 16 76 
1692 19 15 76 
1637 6 13 76 
1560 7 12 76 
1558 7 14 76 
1430 8 15 76 
1401 9 16 76 
1294 10 17 76 
1195 11 18 76 
1156 12 19 76 
1086 14 19 76 
1017 15 18 76 
893 16 17 76 
887 17 16 76 
866 18 15 76 
840 19 14 76 
699 7 13 76 
482 8 12 76 
344 8 14 76 
240 9 15 76 
4171 10 16 76 
4128 11 17 76 
4051 12 18 76 
3954 13 19 76 
3941 14 18 76 
3790 15 17 76 
3678 16 16 76 
3632 17 15 76 
3398 18 14 76 
3303 19 13 76 
3211 8 13 76 
2687 9 12 76 
2639 9 14 76 
2617 10 15 76 
2389 11 16 76 
2371 12 17 76 
2304 13 18 76 
2092 14 17 76 
2000 15 16 76 
1994 16 15 76 
1907 17 14 76 
1847 18 13 76 
1714 19 0 76 
1566 19 12 76 
1461 9 13 76 
1422 10 12 76 
693 10 14 76 
675 11 15 76 
611 12 16 76 
3972 13 17 76 
3886 14 16 76 
3742 15 15 76 
3668 16 14 76 
3535 17 13 76 
3298 18 0 76 
2790 18 12 76 
2764 19 1 76 
2760 19 11 76 
2624 10 13 76 
2289 11 12 76 
2221 11 14 76 
2215 12 15 76 
2132 13 16 76 
1915 14 15 76 
1601 15 14 76 
1298 16 13 76 
1295 17 0 76 
1049 17 12 76 
1028 18 1 76 
924 18 11 76 
861 19 2 76 
859 19 10 76 
543 11 13 76 
300 12 12 76 
289 12 14 76 
282 13 15 76 
121 14 14 76 
77 15 13 76 
61 16 0 76 
3856 16 12 76 
3837 17 1 76 
3717 17 11 76 
3450 18 2 76 
3440 18 10 76 
3395 19 3 76 
3242 19 9 76 
3069 12 13 76 
2237 13 14 76 
1846 14 13 76 
1838 15 0 76 
1821 15 12 76 
1729 16 1 76 
1666 16 11 76 
1346 17 2 76 
1292 17 10 76 
1239 18 3 76 
1227 18 9 76 
1116 19 4 76 
1018 19 8 76 
883 13 13 76 
855 14 0 76 
392 14 12 76 
368 15 1 76 
160 15 11 76 
152 16 2 76 
108 16 10 76 
4055 17 3 76 
3362 17 9 76 
3048 18 4 76 
2974 18 8 76 
2961 19 5 76 
2956 19 7 76 
2360 13 0 76 
1893 13 12 76 
1850 14 1 76 
1832 14 11 76 
1802 15 2 76 
1590 15 10 76 
1459 16 3 76 
1393 16 9 76 
1381 17 4 76 
1277 17 8 76 
1247 18 5 76 
1237 18 7 76 
1222 19 6 76 
1193 12 0 76 
953 13 1 76 
922 13 11 76 
918 14 2 76 
842 14 10 76 
800 15 3 76 
632 15 9 76 
607 16 4 76 
585 16 8 76 
479 17 5 76 
365 17 7 76 
326 18 6 76 
280 11 0 76 
260 12 1 76 
127 12 11 76 
4067 13 2 76 
4015 13 10 76 
3939 14 3 76 
3877 14 9 76 
3316 15 4 76 
3079 15 8 76 
2710 16 5 76 
2546 16 7 76 
2506 17 6 76 
2476 10 0 76 
2430 11 1 76 
2393 12 2 76 
2280 12 10 76 
2269 13 3 76 
2266 13 9 76 
2203 14 4 76 
2119 14 8 76 
2017 15 5 76 
1305 15 7 76 
762 16 6 76 
656 9 0 76 
650 10 1 76 
539 11 2 76 
423 12 3 76 
420 12 9 76 
237 13 4 76 
4087 13 8 76 
4003 14 5 76 
3908 14 7 76 
3109 15 6 76 
2922 9 1 76 
2657 10 2 76 
2612 11 3 76 
2461 12 4 76 
2344 12 8 76 
2016 13 5 76 
2001 13 7 76 
1996 14 6 76 
1944 9 2 76 
1928 10 3 76 
1927 11 4 76 
1455 12 5 76 
1376 12 7 76 
1350 13 6 76 
1261 9 3 76 
1148 10 4 76 
1043 11 5 76 
877 11 11 76 
864 12 6 76 
750 9 4 76 
391 10 5 76 
4176 10 11 76 
4048 11 6 76 
3415 11 10 76 
3311 9 5 76 
3207 9 11 76 
3178 10 6 76 
3061 10 10 76 
2904 11 7 76 
2846 11 9 76 
2593 8 5 76 
2310 8 11 76 
1917 9 6 76 
1856 9 10 76 
1823 10 7 76 
1769 10 9 76 
1072 11 8 76 
1012 7 5 76 
796 7 11 76 
390 8 6 76 
47 8 10 76 
3 9 7 76 
3571 9 9 76 
3348 10 8 76 
3024 0 11 76 
3023 6 11 76 
2659 7 6 76 
2450 7 10 76 
2358 8 7 76 
2074 8 9 76 
1792 9 8 76 
1587 0 10 76 
1491 1 11 76 
1452 5 11 76 
1329 6 10 76 
1168 7 7 76 
968 7 9 76 
874 8 8 76 
823 0 9 76 
508 1 10 76 
126 2 11 76 
4181 4 11 76 
4038 5 10 76 
3694 6 9 76 
3404 7 8 76 
3347 0 8 76 
2740 1 9 76 
2658 2 10 76 
2543 3 11 76 
2539 4 10 76 
2368 5 9 76 
2087 6 8 76 
1929 0 7 76 
1347 1 8 76 
1189 2 9 76 
1094 3 10 76 
1050 4 9 76 
714 5 8 76 
28 0 6 76 
4007 1 7 76 
3980 2 8 76 
3774 3 9 76 
3430 4 8 76 
3397 0 5 76 
3133 1 6 76 
2671 2 7 76 
2394 3 8 76 
2347 6 7 76 
2300 0 4 76 
2062 1 5 76 
1711 2 6 76 
1284 3 7 76 
1213 5 7 76 
493 6 6 76 
456 8 4 76 
3529 1 4 76 
3517 2 5 76 
3454 3 6 76 
3035 4 7 76 
2751 5 6 76 
2632 6 5 76 
1976 7 4 76 
1801 8 3 76 
1677 2 4 76 
1025 3 5 76 
982 4 6 76 
917 5 5 76 
659 6 4 76 
434 7 3 76 
415 8 2 76 
310 3 4 76 
203 4 5 76 
3996 5 4 76 
3409 6 3 76 
3333 7 2 76 
2965 8 1 76 
2866 4 4 76 
2452 5 3 76 
2250 6 2 76 
2008 7 1 76 
1313 8 0 76 
1273 0 3 76 
898 4 3 76 
825 5 2 76 
685 6 1 76 
570 7 0 76 
4122 0 2 76 
3772 1 3 76 
3741 3 3 76 
3433 4 2 76 
2460 5 1 76 
1268 6 0 76 
1130 0 1 76 
1117 1 2 76 
317 2 3 76 
132 3 2 76 
3947 4 1 76 
2989 5 0 76 
2535 0 0 76 
929 1 1 76 
3497 2 2 76 
2871 3 1 76 
2493 4 0 76 
2326 1 0 76 
2206 2 1 76 
304 3 0 76 
15 2 0 76 
428 2 1 86 
3638 1 1 87 
3764 2 2 86 
3852 3 1 86 
3820 1 2 88 
74 3 2 88 
306 4 1 87 
981 4 2 88 
3644 5 1 88 
2335 5 2 89 
3685 6 1 89 
19 5 3 89 
1073 6 2 89 
1367 7 1 89 
1891 4 5 90 
347 5 4 89 
1368 6 3 89 
1828 7 2 89 
2511 3 5 90 
2870 4 6 90 
3970 5 5 90 
34 7 3 90 
879 2 5 90 
940 3 6 90 
1082 5 6 90 
1698 1 5 91 
3595 2 6 91 
4106 1 6 91 
377 2 7 91 
1254 1 7 91 
1804 2 8 91 
2331 3 9 91 
2630 1 8 92 
3552 2 9 92 
3922 3 10 92 
13 4 9 92 
98 1 9 92 
340 2 10 92 
500 4 10 92 
684 5 9 92 
837 1 10 93 
1122 5 10 92 
1649 6 9 92 
2702 6 10 93 
3480 7 9 93 
3621 8 8 93 
104 7 10 93 
695 8 7 93 
1988 8 9 93 
2071 9 8 93 
2111 8 6 94 
3417 8 10 94 
3998 9 7 94 
4127 9 9 93 
739 10 8 93 
1680 9 6 94 
1949 9 10 94 
2018 10 7 94 
2165 10 9 94 
2321 10 6 94 
2821 10 10 94 
3372 10 5 95 
4115 10 4 95 
852 11 5 95 
1115 10 3 95 
1943 11 4 95 
2205 12 5 95 
2791 13 6 95 
2899 10 2 95 
3196 11 3 95 
