1985
6514 19 0 1 
6495 18 0 1 
6459 19 1 1 
6351 17 0 1 
6063 18 1 1 
5915 19 2 1 
5869 16 0 1 
5266 17 1 1 
5194 18 2 1 
5142 19 3 1 
4847 11 0 1 
4750 15 0 1 
4689 16 1 1 
4621 17 2 1 
4140 18 3 1 
4074 19 4 1 
3620 11 1 1 
3442 12 0 1 
2937 14 0 1 
2656 15 1 1 
2633 16 2 1 
2423 17 3 1 
2379 18 4 1 
2192 19 5 1 
2076 19 19 1 
1999 11 2 1 
1312 12 1 1 
843 13 0 1 
652 14 1 1 
550 15 2 1 
527 16 3 1 
461 17 4 1 
273 18 5 1 
227 18 19 1 
6469 19 6 1 
6352 19 18 1 
6159 11 3 1 
6078 12 2 1 
5429 13 1 1 
5132 14 2 1 
4924 15 3 1 
4471 16 4 1 
4334 17 5 1 
4182 17 19 1 
4154 18 6 1 
4037 18 18 1 
3647 19 7 1 
3498 19 17 1 
3209 11 4 1 
3164 12 3 1 
3138 13 2 1 
2982 14 3 1 
2889 15 4 1 
2871 16 5 1 
2807 16 19 1 
2575 17 6 1 
1519 17 18 1 
1353 18 7 1 
1125 18 17 1 
898 19 8 1 
789 19 16 1 
551 11 5 1 
522 12 4 1 
491 13 3 1 
441 14 4 1 
439 15 5 1 
98 15 19 1 
6474 16 6 1 
6256 16 18 1 
6116 17 7 1 
6074 17 17 1 
5867 18 8 1 
5858 18 16 1 
5747 19 9 1 
5646 19 15 1 
5549 11 6 1 
5210 12 5 1 
5165 13 4 1 
5093 14 5 1 
4987 14 19 1 
4853 15 6 1 
4747 15 18 1 
4654 16 7 1 
4428 16 17 1 
3605 17 8 1 
3525 17 16 1 
3348 18 9 1 
3324 18 15 1 
3263 19 10 1 
2830 19 14 1 
2571 12 6 1 
2346 13 5 1 
2267 13 19 1 
1859 14 6 1 
1322 14 18 1 
953 15 7 1 
945 15 17 1 
595 16 8 1 
475 16 16 1 
399 17 9 1 
257 17 15 1 
6487 18 10 1 
6239 18 14 1 
6029 19 11 1 
5977 19 13 1 
5975 12 19 1 
5964 13 6 1 
5658 13 18 1 
5482 14 7 1 
5259 14 17 1 
5080 15 8 1 
4832 15 16 1 
4693 16 9 1 
4484 16 15 1 
4447 17 10 1 
4246 17 14 1 
4240 18 11 1 
4227 18 13 1 
4044 19 12 1 
3684 11 19 1 
3570 12 18 1 
3540 13 7 1 
3134 13 17 1 
2912 14 8 1 
1535 14 16 1 
1048 15 9 1 
964 15 15 1 
924 16 10 1 
670 16 14 1 
668 17 11 1 
344 17 13 1 
6425 18 12 1 
6067 0 19 1 
6045 10 19 1 
5599 11 18 1 
5524 12 7 1 
4424 12 17 1 
4236 13 8 1 
4002 13 16 1 
3554 14 9 1 
3364 14 15 1 
2643 15 10 1 
2599 15 14 1 
2397 16 11 1 
2396 16 13 1 
2378 17 12 1 
1397 0 18 1 
1394 1 19 1 
1253 9 19 1 
1101 10 18 1 
832 11 7 1 
508 11 17 1 
237 12 8 1 
37 12 16 1 
6418 13 9 1 
6304 13 15 1 
6176 14 10 1 
5971 14 14 1 
5730 15 11 1 
5403 15 13 1 
5095 16 12 1 
4691 0 17 1 
4688 1 18 1 
4630 2 19 1 
4468 8 19 1 
4275 9 18 1 
4257 10 7 1 
4139 10 17 1 
4013 11 8 1 
3899 11 16 1 
3751 12 9 1 
3457 12 15 1 
3395 13 10 1 
3149 13 14 1 
3005 14 11 1 
2739 14 13 1 
2665 15 12 1 
2648 0 16 1 
2580 1 17 1 
2565 2 18 1 
2510 3 19 1 
2457 7 19 1 
2403 8 18 1 
2360 9 7 1 
2291 9 17 1 
2280 10 8 1 
2186 10 16 1 
1915 11 9 1 
1853 11 15 1 
1607 12 10 1 
1601 12 14 1 
1362 13 11 1 
1361 13 13 1 
1203 14 12 1 
1115 0 15 1 
1113 1 16 1 
1002 2 17 1 
706 3 18 1 
570 4 19 1 
324 6 19 1 
215 7 18 1 
6527 8 7 1 
6426 8 17 1 
6073 9 8 1 
6047 9 16 1 
6003 10 9 1 
5678 10 15 1 
5388 11 10 1 
5354 11 14 1 
5225 12 11 1 
5119 12 13 1 
4783 13 12 1 
4554 0 14 1 
4247 1 15 1 
4141 2 16 1 
4075 3 17 1 
4041 4 18 1 
3750 5 19 1 
3680 6 18 1 
3599 7 17 1 
3075 8 8 1 
3066 8 16 1 
3029 9 9 1 
2781 9 15 1 
2680 10 10 1 
2180 10 14 1 
2081 11 11 1 
1702 11 13 1 
1393 12 12 1 
1185 1 14 1 
944 2 15 1 
6448 3 16 1 
6396 4 17 1 
5778 5 18 1 
5580 6 17 1 
5577 7 16 1 
5537 8 9 1 
5430 8 15 1 
5398 9 10 1 
5077 9 14 1 
5010 10 11 1 
4998 10 13 1 
4834 11 12 1 
4571 2 14 1 
4540 3 15 1 
4436 4 16 1 
4332 5 17 1 
4244 6 16 1 
3777 7 15 1 
3637 8 10 1 
3394 8 14 1 
3330 9 11 1 
3234 9 13 1 
3109 10 12 1 
3041 0 13 1 
2668 3 14 1 
2455 4 15 1 
2385 5 16 1 
2332 6 15 1 
1429 7 14 1 
1414 8 11 1 
1140 8 13 1 
1135 9 12 1 
686 0 12 1 
633 1 13 1 
6567 4 14 1 
6388 5 15 1 
6343 6 14 1 
6287 7 13 1 
6165 8 12 1 
6030 0 11 1 
5734 1 12 1 
5700 2 13 1 
5699 5 14 1 
5675 6 13 1 
5181 7 12 1 
4935 0 10 1 
4274 1 11 1 
4160 2 12 1 
4060 3 13 1 
3974 5 13 1 
3959 6 12 1 
3875 7 11 1 
3718 0 9 1 
3626 1 10 1 
3494 2 11 1 
3351 3 12 1 
3344 4 13 1 
3248 5 12 1 
3107 6 11 1 
3057 7 10 1 
3023 0 8 1 
2099 1 9 1 
1721 2 10 1 
1430 3 11 1 
745 4 12 1 
624 5 11 1 
578 6 10 1 
552 7 9 1 
182 10 6 1 
14 0 7 1 
6395 1 8 1 
6370 2 9 1 
5951 3 10 1 
5640 4 11 1 
5432 5 10 1 
5265 6 9 1 
5064 7 8 1 
4800 9 6 1 
4642 10 5 1 
4613 0 6 1 
4368 1 7 1 
4220 2 8 1 
4124 3 9 1 
4039 4 10 1 
3985 5 9 1 
3649 6 8 1 
3417 7 7 1 
3355 8 6 1 
2717 9 5 1 
2435 10 4 1 
2401 0 5 1 
2354 1 6 1 
2147 2 7 1 
2133 3 8 1 
1575 4 9 1 
1530 5 8 1 
1389 6 7 1 
1255 7 6 1 
453 8 5 1 
363 9 4 1 
32 10 3 1 
6085 0 4 1 
6014 1 5 1 
5995 2 6 1 
5851 3 7 1 
5771 4 8 1 
5757 5 7 1 
5144 6 6 1 
5078 7 5 1 
4668 8 4 1 
4224 9 3 1 
3530 10 2 1 
2765 0 3 1 
2731 1 4 1 
2426 2 5 1 
2101 3 6 1 
1926 4 7 1 
751 5 6 1 
5704 6 5 1 
5406 7 4 1 
5333 8 3 1 
4971 9 2 1 
4600 10 1 1 
3326 0 2 1 
3172 1 3 1 
2653 2 4 1 
2488 3 5 1 
2072 4 6 1 
783 5 5 1 
777 6 4 1 
43 7 3 1 
6119 8 2 1 
5753 9 1 1 
5453 10 0 1 
5347 0 1 1 
4745 1 2 1 
4188 2 3 1 
3949 3 4 1 
3900 4 5 1 
3513 5 4 1 
3062 6 3 1 
2341 7 2 1 
2336 8 1 1 
2279 9 0 1 
2245 0 0 1 
1985 1 1 1 
1559 2 2 1 
824 3 3 1 
561 4 4 1 
482 5 3 1 
6492 6 2 1 
6381 7 1 1 
5733 8 0 1 
5518 1 0 1 
5319 2 1 1 
4416 3 2 1 
3103 4 3 1 
2763 5 2 1 
2728 6 1 1 
1694 7 0 1 
1564 2 0 1 
1266 3 1 1 
366 4 2 1 
6292 5 1 1 
4369 6 0 1 
2762 3 0 1 
2096 4 1 1 
1947 5 0 1 
3469 4 0 1 
2040 4 1 14 
2090 3 1 15 
5212 4 2 15 
5723 5 1 14 
3090 2 1 15 
151 3 2 15 
321 4 3 15 
819 5 2 15 
1027 6 1 15 
1552 1 1 16 
4345 2 2 16 
4817 3 3 16 
5514 4 4 16 
6008 5 3 16 
6314 6 2 15 
6324 7 1 15 
258 1 2 16 
381 2 3 16 
1344 3 4 16 
1520 4 5 16 
2043 5 4 16 
2225 6 3 16 
2698 7 2 16 
3420 8 1 16 
4087 1 3 17 
5221 2 4 17 
1017 3 5 17 
1092 4 6 17 
1214 5 5 17 
3169 6 4 17 
271 7 3 17 
667 8 2 16 
742 9 1 16 
1277 1 4 18 
2005 2 5 18 
2834 3 6 18 
3081 4 7 18 
3093 5 6 18 
3500 6 5 17 
3883 7 4 17 
4218 8 3 17 
4506 9 2 17 
4607 1 5 18 
4735 2 6 18 
5238 3 7 18 
5457 4 8 18 
6007 5 7 18 
1097 7 5 18 
1146 8 4 18 
1718 9 3 18 
2642 1 6 19 
2675 2 7 19 
2733 3 8 19 
3790 4 9 19 
3914 5 8 19 
6064 8 5 19 
1006 9 4 19 
1219 1 7 19 
1250 2 8 19 
1576 3 9 19 
2263 4 10 19 
2585 5 9 19 
2968 6 8 19 
3196 9 5 19 
3755 1 8 19 
3975 2 9 19 
4070 3 10 19 
4660 4 11 19 
5007 5 10 19 
5183 6 9 19 
5275 1 9 20 
191 2 10 20 
765 3 11 20 
874 4 12 20 
1147 5 11 20 
1435 6 10 20 
2430 1 10 20 
2861 2 11 20 
3534 3 12 20 
3706 5 12 20 
4548 6 11 20 
4572 1 11 20 
4792 2 12 20 
5107 6 12 20 
5471 1 12 20 
5602 6 13 20 
5669 5 15 20 
6560 6 14 20 
6563 7 13 20 
6137 19 0 26 
5706 18 0 26 
5605 19 1 26 
5598 17 0 26 
5545 18 1 26 
5134 19 2 26 
5014 16 0 26 
4759 17 1 26 
4755 18 2 26 
4591 19 3 26 
4376 11 0 26 
4167 15 0 26 
4043 16 1 26 
3747 17 2 26 
3284 18 3 26 
3060 19 4 26 
2956 11 1 26 
2623 12 0 26 
2528 14 0 26 
2463 15 1 26 
2358 16 2 26 
2213 17 3 26 
2138 18 4 26 
1620 19 5 26 
1591 19 19 26 
1458 11 2 26 
1391 12 1 26 
1249 13 0 26 
727 14 1 26 
607 15 2 26 
6437 16 3 26 
6257 17 4 26 
5790 18 5 26 
5782 18 19 26 
5571 19 6 26 
5501 19 18 26 
5428 11 3 26 
5244 12 2 26 
5222 13 1 26 
5039 14 2 26 
5029 15 3 26 
4917 16 4 26 
4772 17 5 26 
4264 17 19 26 
4082 18 6 26 
4053 18 18 26 
3921 19 7 26 
3880 19 17 26 
3774 11 4 26 
3763 12 3 26 
3655 13 2 26 
3277 14 3 26 
3194 15 4 26 
2989 16 5 26 
2399 16 19 26 
2386 17 6 26 
2318 17 18 26 
2163 18 7 26 
2146 18 17 26 
1892 19 8 26 
1868 19 16 26 
1808 11 5 26 
1748 12 4 26 
1451 13 3 26 
1436 14 4 26 
1292 15 5 26 
910 15 19 26 
520 16 6 26 
436 16 18 26 
403 17 7 26 
75 17 17 26 
21 18 8 26 
6369 18 16 26 
6356 19 9 26 
6305 19 15 26 
6253 11 6 26 
6195 12 5 26 
5892 13 4 26 
5845 14 5 26 
5741 14 19 26 
5417 15 6 26 
4950 15 18 26 
4439 16 7 26 
4406 16 17 26 
3925 17 8 26 
3841 17 16 26 
3231 18 9 26 
2993 18 15 26 
2916 19 10 26 
2581 19 14 26 
2536 12 6 26 
2235 13 5 26 
1935 13 19 26 
1677 14 6 26 
1613 14 18 26 
1608 15 7 26 
1142 15 17 26 
941 16 8 26 
440 16 16 26 
333 17 9 26 
266 17 15 26 
178 18 10 26 
139 18 14 26 
136 19 11 26 
125 19 13 26 
6572 12 19 26 
6410 13 6 26 
6218 13 18 26 
5342 14 7 26 
5261 14 17 26 
5091 15 8 26 
5003 15 16 26 
4961 16 9 26 
4835 16 15 26 
4058 17 10 26 
4050 17 14 26 
3931 18 11 26 
3797 18 13 26 
3737 19 12 26 
3713 11 19 26 
3488 12 18 26 
3301 13 7 26 
2980 13 17 26 
2570 14 8 26 
2487 14 16 26 
2375 15 9 26 
2325 15 15 26 
2035 16 10 26 
1975 16 14 26 
1648 17 11 26 
1515 17 13 26 
1025 18 12 26 
985 0 19 26 
931 10 19 26 
747 11 18 26 
470 12 7 26 
135 12 17 26 
6379 13 8 26 
6336 13 16 26 
6171 14 9 26 
6166 14 15 26 
5836 15 10 26 
5823 15 14 26 
5742 16 11 26 
5688 16 13 26 
5346 17 12 26 
5179 0 18 26 
4927 1 19 26 
4394 9 19 26 
4370 10 18 26 
4317 11 7 26 
3937 11 17 26 
3740 12 8 26 
3652 12 16 26 
3475 13 9 26 
2929 13 15 26 
2657 14 10 26 
2542 14 14 26 
2503 15 11 26 
2337 15 13 26 
2153 16 12 26 
2128 0 17 26 
1781 1 18 26 
870 2 19 26 
764 8 19 26 
474 9 18 26 
206 10 7 26 
133 10 17 26 
6498 11 8 26 
6368 11 16 26 
5314 12 9 26 
5163 12 15 26 
4976 13 10 26 
4887 13 14 26 
4866 14 11 26 
4756 14 13 26 
4614 15 12 26 
4073 0 16 26 
3922 1 17 26 
3873 2 18 26 
3787 3 19 26 
3368 7 19 26 
3220 8 18 26 
2755 9 7 26 
2266 9 17 26 
2228 10 8 26 
2187 10 16 26 
1900 11 9 26 
1634 11 15 26 
1526 12 10 26 
1439 12 14 26 
1091 13 11 26 
1010 13 13 26 
317 14 12 26 
87 0 15 26 
6547 1 16 26 
6358 2 17 26 
5731 3 18 26 
5634 4 19 26 
5587 6 19 26 
5530 7 18 26 
5455 8 7 26 
3832 8 17 26 
3695 9 8 26 
3380 9 16 26 
3131 10 9 26 
3121 10 15 26 
2786 11 10 26 
2456 11 14 26 
1940 12 11 26 
1730 12 13 26 
1695 13 12 26 
1651 0 14 26 
1647 1 15 26 
1631 2 16 26 
1533 3 17 26 
1401 4 18 26 
1227 5 19 26 
1190 6 18 26 
1013 7 17 26 
829 8 8 26 
473 8 16 26 
204 9 9 26 
6318 9 15 26 
6310 10 10 26 
6266 10 14 26 
5540 11 11 26 
5512 11 13 26 
5456 12 12 26 
4769 1 14 26 
4709 2 15 26 
4461 3 16 26 
4144 4 17 26 
3941 5 18 26 
3926 6 17 26 
3756 7 16 26 
3698 8 9 26 
3691 8 15 26 
3521 9 10 26 
3232 9 14 26 
3171 10 11 26 
3105 10 13 26 
2991 11 12 26 
2978 2 14 26 
2902 3 15 26 
2816 4 16 26 
2538 5 17 26 
2348 6 16 26 
2161 7 15 26 
1882 8 10 26 
1015 8 14 26 
875 9 11 26 
838 9 13 26 
738 10 12 26 
728 0 13 26 
534 3 14 26 
278 4 15 26 
228 5 16 26 
6312 6 15 26 
6308 7 14 26 
6302 8 11 26 
6020 8 13 26 
5821 9 12 26 
5653 0 12 26 
5129 1 13 26 
4761 4 14 26 
4547 5 15 26 
3849 6 14 26 
3837 7 13 26 
3646 8 12 26 
3163 0 11 26 
3156 1 12 26 
3092 2 13 26 
2852 5 14 26 
2044 6 13 26 
2010 7 12 26 
1674 0 10 26 
1273 1 11 26 
1241 2 12 26 
750 3 13 26 
468 5 13 26 
65 6 12 26 
6565 7 11 26 
6098 0 9 26 
5691 1 10 26 
5621 2 11 26 
4873 3 12 26 
4768 4 13 26 
4665 5 12 26 
4646 6 11 26 
4222 7 10 26 
3685 0 8 26 
3098 1 9 26 
3026 2 10 26 
2883 3 11 26 
2882 4 12 26 
2663 5 11 26 
2605 6 10 26 
2551 7 9 26 
2530 10 6 26 
2414 0 7 26 
2054 1 8 26 
1970 2 9 26 
1714 3 10 26 
1523 4 11 26 
936 5 10 26 
861 6 9 26 
501 7 8 26 
355 9 6 26 
157 10 5 26 
129 0 6 26 
6536 1 7 26 
6075 2 8 26 
5905 3 9 26 
5575 4 10 26 
4960 5 9 26 
4883 6 8 26 
4518 7 7 26 
4365 8 6 26 
4033 9 5 26 
3942 10 4 26 
3800 0 5 26 
3663 1 6 26 
3579 2 7 26 
3569 3 8 26 
3365 4 9 26 
3137 5 8 26 
3069 6 7 26 
2934 7 6 26 
2627 8 5 26 
2395 9 4 26 
2317 10 3 26 
2298 0 4 26 
1931 1 5 26 
1910 2 6 26 
1733 3 7 26 
1602 4 8 26 
1583 5 7 26 
1336 6 6 26 
1175 7 5 26 
739 8 4 26 
602 9 3 26 
544 10 2 26 
5966 0 3 26 
5806 1 4 26 
5229 2 5 26 
5190 3 6 26 
5145 4 7 26 
5102 5 6 26 
5041 6 5 26 
4742 7 4 26 
4716 8 3 26 
3609 9 2 26 
3548 10 1 26 
3281 0 2 26 
2278 1 3 26 
1622 2 4 26 
1132 3 5 26 
850 4 6 26 
489 5 5 26 
82 6 4 26 
6505 7 3 26 
5641 8 2 26 
4263 9 1 26 
3771 10 0 26 
3366 0 1 26 
3222 1 2 26 
3012 2 3 26 
3007 3 4 26 
2718 4 5 26 
2289 5 4 26 
2232 6 3 26 
1851 7 2 26 
1335 8 1 26 
866 9 0 26 
787 0 0 26 
5727 1 1 26 
5180 2 2 26 
4721 3 3 26 
4292 4 4 26 
4052 5 3 26 
3509 6 2 26 
3283 7 1 26 
3091 8 0 26 
2618 1 0 26 
2576 2 1 26 
2080 3 2 26 
1992 4 3 26 
713 5 2 26 
313 6 1 26 
6275 7 0 26 
5323 2 0 26 
4549 3 1 26 
3742 4 2 26 
1919 5 1 26 
5682 6 0 26 
3781 3 0 26 
3076 4 1 26 
1256 5 0 26 
1172 4 0 26 
3451 4 1 38 
4397 3 1 39 
5487 4 2 39 
2517 5 1 39 
2686 2 1 40 
4926 3 2 40 
5109 4 3 40 
5775 5 2 40 
6009 6 1 40 
1100 1 1 40 
1912 2 2 40 
3374 3 3 40 
4265 4 4 40 
4551 5 3 40 
4734 6 2 40 
5291 7 1 40 
63 1 2 41 
1444 2 3 41 
2305 3 4 41 
2520 4 5 41 
4516 5 4 41 
4957 6 3 41 
6203 7 2 41 
442 8 1 41 
494 1 3 42 
1007 2 4 42 
1205 3 5 42 
2432 4 6 42 
2737 5 5 42 
3056 6 4 42 
3280 7 3 41 
3462 8 2 41 
3583 9 1 41 
5696 1 4 42 
243 2 5 42 
267 3 6 42 
619 4 7 42 
1294 5 6 42 
1346 6 5 42 
1845 7 4 42 
2021 8 3 42 
3247 9 2 42 
4513 1 5 43 
4562 2 6 43 
4700 3 7 43 
5254 4 8 43 
427 5 7 43 
786 7 5 43 
1676 8 4 43 
1920 9 3 43 
1950 1 6 43 
2578 2 7 43 
3611 3 8 43 
3623 4 9 43 
3682 5 8 43 
3726 8 5 43 
3907 9 4 43 
4389 1 7 43 
4545 2 8 43 
4627 3 9 43 
4802 4 10 43 
6262 5 9 43 
6526 6 8 43 
86 9 5 43 
312 1 8 44 
976 2 9 44 
1685 3 10 44 
3843 4 11 44 
4415 5 10 44 
4882 6 9 44 
4949 1 9 44 
5628 2 10 44 
6076 3 11 44 
6409 4 12 44 
103 5 11 44 
1084 6 10 44 
1594 1 10 44 
1822 2 11 44 
2259 3 12 44 
2522 5 12 44 
2661 6 11 44 
2713 1 11 45 
2726 2 12 45 
3031 6 12 45 
3692 1 12 45 
4090 6 13 45 
4091 5 15 45 
4309 6 14 45 
5497 7 13 45 
5859 4 15 46 
6306 19 0 51 
6248 18 0 51 
6189 19 1 51 
5984 17 0 51 
5839 18 1 51 
5807 19 2 51 
5663 16 0 51 
5038 17 1 51 
4762 18 2 51 
4477 19 3 51 
4457 11 0 51 
4355 15 0 51 
4297 16 1 51 
4267 17 2 51 
4195 18 3 51 
4134 19 4 51 
3860 11 1 51 
3282 12 0 51 
3260 14 0 51 
3015 15 1 51 
3013 16 2 51 
2567 17 3 51 
2539 18 4 51 
2083 19 5 51 
1642 19 19 51 
1023 11 2 51 
952 12 1 51 
628 13 0 51 
617 14 1 51 
558 15 2 51 
337 16 3 51 
6109 17 4 51 
5679 18 5 51 
5425 18 19 51 
5018 19 6 51 
4973 19 18 51 
4812 11 3 51 
4779 12 2 51 
4731 13 1 51 
4617 14 2 51 
4541 15 3 51 
4323 16 4 51 
4301 17 5 51 
4225 17 19 51 
4168 18 6 51 
4126 18 18 51 
3633 19 7 51 
3460 19 17 51 
3372 11 4 51 
3059 12 3 51 
2927 13 2 51 
2877 14 3 51 
2444 15 4 51 
2441 16 5 51 
2127 16 19 51 
2032 17 6 51 
1343 17 18 51 
1281 18 7 51 
1198 18 17 51 
961 19 8 51 
883 19 16 51 
814 11 5 51 
209 12 4 51 
30 13 3 51 
6392 14 4 51 
6331 15 5 51 
6162 15 19 51 
6143 16 6 51 
5864 16 18 51 
5611 17 7 51 
5507 17 17 51 
5433 18 8 51 
5177 18 16 51 
4968 19 9 51 
4710 19 15 51 
4213 11 6 51 
4120 12 5 51 
3753 13 4 51 
3501 14 5 51 
2981 14 19 51 
2775 15 6 51 
2566 15 18 51 
2518 16 7 51 
2489 16 17 51 
2252 17 8 51 
1795 17 16 51 
1747 18 9 51 
1003 18 15 51 
218 19 10 51 
89 19 14 51 
36 12 6 51 
6475 13 5 51 
6411 13 19 51 
6401 14 6 51 
6198 14 18 51 
6108 15 7 51 
5969 15 17 51 
5786 16 8 51 
5671 16 16 51 
5523 17 9 51 
5447 17 15 51 
5341 18 10 51 
5327 18 14 51 
5005 19 11 51 
4940 19 13 51 
4878 12 19 51 
4816 13 6 51 
4514 13 18 51 
4498 14 7 51 
4372 14 17 51 
4298 15 8 51 
4069 15 16 51 
3972 16 9 51 
3722 16 15 51 
3577 17 10 51 
3375 17 14 51 
3217 18 11 51 
3184 18 13 51 
3140 19 12 51 
3110 11 19 51 
3001 12 18 51 
2770 13 7 51 
2545 13 17 51 
2111 14 8 51 
1799 14 16 51 
1658 15 9 51 
1473 15 15 51 
1221 16 10 51 
1193 16 14 51 
1164 17 11 51 
1076 17 13 51 
996 18 12 51 
988 0 19 51 
862 10 19 51 
614 11 18 51 
568 12 7 51 
435 12 17 51 
397 13 8 51 
194 13 16 51 
128 14 9 51 
92 14 15 51 
58 15 10 51 
6471 15 14 51 
6034 16 11 51 
5881 16 13 51 
5423 17 12 51 
5220 0 18 51 
5182 1 19 51 
5105 9 19 51 
4440 10 18 51 
2874 11 7 51 
2684 11 17 51 
2640 12 8 51 
2519 12 16 51 
2405 13 9 51 
1921 13 15 51 
1917 14 10 51 
1815 14 14 51 
1678 15 11 51 
1669 15 13 51 
1021 16 12 51 
920 0 17 51 
854 1 18 51 
801 2 19 51 
791 8 19 51 
358 9 18 51 
6507 10 7 51 
6422 10 17 51 
6282 11 8 51 
6228 11 16 51 
6149 12 9 51 
6028 12 15 51 
5729 13 10 51 
5708 13 14 51 
5248 14 11 51 
5240 14 13 51 
5044 15 12 51 
5040 0 16 51 
4699 1 17 51 
4620 2 18 51 
4556 3 19 51 
4473 7 19 51 
4047 8 18 51 
3727 9 7 51 
3631 9 17 51 
3438 10 8 51 
3206 10 16 51 
3144 11 9 51 
3096 11 15 51 
2819 12 10 51 
2743 12 14 51 
2390 13 11 51 
2380 13 13 51 
1802 14 12 51 
1446 0 15 51 
1188 1 16 51 
1019 2 17 51 
962 3 18 51 
707 4 19 51 
68 6 19 51 
6232 7 18 51 
5939 8 7 51 
5585 8 17 51 
4818 9 8 51 
4283 9 16 51 
3758 10 9 51 
3497 10 15 51 
3384 11 10 51 
3323 11 14 51 
3295 12 11 51 
2920 12 13 51 
2052 13 12 51 
1671 0 14 51 
1491 1 15 51 
1328 2 16 51 
1051 3 17 51 
711 4 18 51 
649 5 19 51 
302 6 18 51 
41 7 17 51 
6386 8 8 51 
6032 8 16 51 
5954 9 9 51 
5914 9 15 51 
5872 10 10 51 
5551 10 14 51 
5208 11 11 51 
4943 11 13 51 
4808 12 12 51 
4586 1 14 51 
4528 2 15 51 
4413 3 16 51 
4012 4 17 51 
4010 5 18 51 
3731 6 17 51 
3585 7 16 51 
3511 8 9 51 
3510 8 15 51 
3299 9 10 51 
3224 9 14 51 
2832 10 11 51 
2821 10 13 51 
2344 11 12 51 
2283 2 14 51 
1928 3 15 51 
1739 4 16 51 
1480 5 17 51 
1337 6 16 51 
1201 7 15 51 
1046 8 10 51 
1039 8 14 51 
987 9 11 51 
426 9 13 51 
385 10 12 51 
177 0 13 51 
6548 3 14 51 
6427 4 15 51 
6194 5 16 51 
6072 6 15 51 
6038 7 14 51 
5991 8 11 51 
5774 8 13 51 
5584 9 12 51 
5334 0 12 51 
5097 1 13 51 
5055 4 14 51 
5032 5 15 51 
4733 6 14 51 
4702 7 13 51 
3739 8 12 51 
3529 0 11 51 
3173 1 12 51 
3037 2 13 51 
2140 5 14 51 
1282 6 13 51 
1124 7 12 51 
572 0 10 51 
174 1 11 51 
6090 2 12 51 
6058 3 13 51 
5479 5 13 51 
5262 6 12 51 
5147 7 11 51 
5114 0 9 51 
4523 1 10 51 
3701 2 11 51 
3679 3 12 51 
3259 4 13 51 
3079 5 12 51 
2758 6 11 51 
2677 7 10 51 
2237 0 8 51 
2003 1 9 51 
1973 2 10 51 
1911 3 11 51 
1567 4 12 51 
982 5 11 51 
716 6 10 51 
548 7 9 51 
6549 10 6 51 
6240 0 7 51 
6154 1 8 51 
5649 2 9 51 
4901 3 10 51 
4529 4 11 51 
4398 5 10 51 
4186 6 9 51 
3956 7 8 51 
3573 9 6 51 
3314 10 5 51 
3207 0 6 51 
2601 1 7 51 
2274 2 8 51 
2079 3 9 51 
1032 4 10 51 
1009 5 9 51 
805 6 8 51 
6278 7 7 51 
6146 8 6 51 
6059 9 5 51 
5847 10 4 51 
5831 0 5 51 
5717 1 6 51 
5385 2 7 51 
5281 3 8 51 
5258 4 9 51 
5020 5 8 51 
4913 6 7 51 
4707 7 6 51 
3720 8 5 51 
3630 9 4 51 
3465 10 3 51 
3342 0 4 51 
3210 1 5 51 
3102 2 6 51 
2387 3 7 51 
2376 4 8 51 
2060 5 7 51 
1154 6 6 51 
1004 7 5 51 
896 8 4 51 
737 9 3 51 
149 10 2 51 
6484 0 3 51 
6051 1 4 51 
5925 2 5 51 
5888 3 6 51 
5558 4 7 51 
4990 5 6 51 
4954 6 5 51 
4814 7 4 51 
4333 8 3 51 
4290 9 2 51 
4162 10 1 51 
3264 0 2 51 
2223 1 3 51 
2098 2 4 51 
2089 3 5 51 
1863 4 6 51 
1138 5 5 51 
1083 6 4 51 
502 7 3 51 
423 8 2 51 
6219 9 1 51 
6113 10 0 51 
6068 0 1 51 
4965 1 2 51 
4530 2 3 51 
4350 3 4 51 
4258 4 5 51 
4178 5 4 51 
3906 6 3 51 
3703 7 2 51 
3688 8 1 51 
3322 9 0 51 
2815 0 0 51 
2625 1 1 51 
2088 2 2 51 
806 3 3 51 
582 4 4 51 
477 5 3 51 
197 6 2 51 
154 7 1 51 
6391 8 0 51 
5840 1 0 51 
4952 2 1 51 
4825 3 2 51 
4729 4 3 51 
4479 5 2 51 
4295 6 1 51 
3027 7 0 51 
2058 2 0 51 
1518 3 1 51 
1331 4 2 51 
5926 5 1 51 
5784 6 0 51 
2910 3 0 51 
2249 4 1 51 
1042 5 0 51 
5369 4 0 51 
1360 4 1 63 
5644 3 1 64 
5933 4 2 64 
5976 5 1 63 
1937 2 1 64 
2018 3 2 64 
2704 4 3 64 
3273 5 2 64 
3523 6 1 64 
4732 1 1 65 
6004 2 2 65 
885 3 3 65 
1075 4 4 65 
2766 5 3 65 
3356 6 2 65 
47 7 1 65 
288 1 2 65 
811 2 3 65 
1207 3 4 65 
1234 4 5 65 
1276 5 4 65 
1297 6 3 65 
1412 7 2 65 
2271 8 1 65 
2732 1 3 66 
3944 2 4 66 
6307 3 5 66 
932 4 6 66 
1727 5 5 66 
3616 6 4 66 
3882 7 3 66 
4510 8 2 66 
4937 9 1 65 
5116 1 4 66 
77 2 5 66 
388 3 6 66 
826 4 7 66 
878 5 6 66 
1037 6 5 66 
1171 7 4 66 
1551 8 3 66 
2268 9 2 66 
2269 1 5 67 
2334 2 6 67 
4032 3 7 67 
5058 4 8 67 
5965 5 7 67 
6387 7 5 67 
6493 8 4 67 
80 9 3 67 
145 1 6 67 
163 2 7 67 
213 3 8 67 
275 4 9 67 
688 5 8 67 
1020 8 5 67 
1278 9 4 67 
1656 1 7 68 
1663 2 8 68 
1777 3 9 68 
2126 4 10 68 
3072 5 9 68 
3199 6 8 68 
3519 9 5 67 
4008 1 8 68 
4578 2 9 68 
4631 3 10 68 
4635 4 11 68 
5011 5 10 68 
16 6 9 68 
211 1 9 69 
993 2 10 69 
2151 3 11 69 
2670 4 12 69 
2999 5 11 69 
3658 6 10 69 
4326 1 10 69 
4404 2 11 69 
4517 3 12 69 
4985 5 12 69 
5169 6 11 69 
61 1 11 70 
84 2 12 69 
434 6 12 69 
596 1 12 70 
1043 6 13 70 
1078 5 15 70 
1789 6 14 70 
2470 7 13 70 
2630 4 15 70 
2691 5 16 70 
2952 6 15 70 
3671 7 14 70 
7 8 13 70 
1664 9 12 70 
3377 3 15 71 
3867 4 16 71 
4083 5 17 71 
4741 6 16 71 
5149 7 15 71 
5923 8 14 71 
6006 9 11 71 
6254 9 13 71 
6502 19 0 76 
6446 18 0 76 
5768 19 1 76 
5689 17 0 76 
5311 18 1 76 
5209 19 2 76 
5113 16 0 76 
5103 17 1 76 
5054 18 2 76 
4915 19 3 76 
4666 11 0 76 
4500 15 0 76 
4497 16 1 76 
4475 17 2 76 
4153 18 3 76 
3905 19 4 76 
3856 11 1 76 
3448 12 0 76 
3100 14 0 76 
3053 15 1 76 
2970 16 2 76 
2960 17 3 76 
2911 18 4 76 
2841 19 5 76 
2446 19 19 76 
2141 11 2 76 
2030 12 1 76 
1969 13 0 76 
1704 14 1 76 
1672 15 2 76 
1269 16 3 76 
1104 17 4 76 
559 18 5 76 
469 18 19 76 
372 19 6 76 
19 19 18 76 
6476 11 3 76 
6470 12 2 76 
6456 13 1 76 
5855 14 2 76 
5673 15 3 76 
5563 16 4 76 
5382 17 5 76 
5352 17 19 76 
5148 18 6 76 
5013 18 18 76 
4856 19 7 76 
4690 19 17 76 
4628 11 4 76 
4163 12 3 76 
3830 13 2 76 
3241 14 3 76 
3233 15 4 76 
2996 16 5 76 
2836 16 19 76 
2727 17 6 76 
2548 17 18 76 
2424 18 7 76 
2197 18 17 76 
1968 19 8 76 
1746 19 16 76 
1680 11 5 76 
1644 12 4 76 
1481 13 3 76 
1442 14 4 76 
1209 15 5 76 
1157 15 19 76 
1044 16 6 76 
567 16 18 76 
432 17 7 76 
428 17 17 76 
6206 18 8 76 
6122 18 16 76 
6083 19 9 76 
5607 19 15 76 
5449 11 6 76 
5297 12 5 76 
5270 13 4 76 
4946 14 5 76 
4563 14 19 76 
4172 15 6 76 
4072 15 18 76 
3896 16 7 76 
3762 16 17 76 
3745 17 8 76 
3662 17 16 76 
3371 18 9 76 
3205 18 15 76 
2988 19 10 76 
2799 19 14 76 
2679 12 6 76 
2595 13 5 76 
2121 13 19 76 
2025 14 6 76 
1996 14 18 76 
1856 15 7 76 
1431 15 17 76 
1424 16 8 76 
1345 16 16 76 
1212 17 9 76 
904 17 15 76 
284 18 10 76 
159 18 14 76 
6472 19 11 76 
6145 19 13 76 
5445 12 19 76 
5325 13 6 76 
5178 13 18 76 
4843 14 7 76 
4781 14 17 76 
4200 15 8 76 
4051 15 16 76 
3863 16 9 76 
3822 16 15 76 
3805 17 10 76 
3670 17 14 76 
3563 18 11 76 
3362 18 13 76 
3361 19 12 76 
3262 11 19 76 
3253 12 18 76 
3009 13 7 76 
2587 13 17 76 
2300 14 8 76 
2262 14 16 76 
2202 15 9 76 
1405 15 15 76 
1144 16 10 76 
929 16 14 76 
804 17 11 76 
775 17 13 76 
718 18 12 76 
382 0 19 76 
260 10 19 76 
126 11 18 76 
73 12 7 76 
5943 12 17 76 
5680 13 8 76 
5643 13 16 76 
5637 14 9 76 
5601 14 15 76 
5478 15 10 76 
4616 15 14 76 
4054 16 11 76 
3624 16 13 76 
3397 17 12 76 
3228 0 18 76 
3161 1 19 76 
2779 9 19 76 
2635 10 18 76 
2604 11 7 76 
2016 11 17 76 
1930 12 8 76 
1767 12 16 76 
1681 13 9 76 
1409 13 15 76 
1369 14 10 76 
1183 14 14 76 
720 15 11 76 
703 15 13 76 
430 16 12 76 
256 0 17 76 
252 1 18 76 
223 2 19 76 
26 8 19 76 
6523 9 18 76 
6518 10 7 76 
6364 10 17 76 
6057 11 8 76 
6001 11 16 76 
5907 12 9 76 
5828 12 15 76 
5639 13 10 76 
5624 13 14 76 
5529 14 11 76 
4846 14 13 76 
4594 15 12 76 
4202 0 16 76 
4009 1 17 76 
3826 2 18 76 
3825 3 19 76 
3250 7 19 76 
2078 8 18 76 
1901 9 7 76 
1835 9 17 76 
1772 10 8 76 
1610 10 16 76 
1129 11 9 76 
626 11 15 76 
510 12 10 76 
190 12 14 76 
6497 13 11 76 
6465 13 13 76 
6157 14 12 76 
5983 0 15 76 
5963 1 16 76 
5264 2 17 76 
4018 3 18 76 
2720 4 19 76 
2364 6 19 76 
2260 7 18 76 
2057 8 7 76 
1913 8 17 76 
1786 9 8 76 
1673 9 16 76 
1568 10 9 76 
1482 10 15 76 
1428 11 10 76 
1386 11 14 76 
1226 12 11 76 
1200 12 13 76 
613 13 12 76 
519 0 14 76 
6367 1 15 76 
6341 2 16 76 
6234 3 17 76 
6002 4 18 76 
5629 5 19 76 
5293 6 18 76 
5198 7 17 76 
5059 8 8 76 
4838 8 16 76 
4463 9 9 76 
4201 9 15 76 
3839 10 10 76 
3297 10 14 76 
3261 11 11 76 
3214 11 13 76 
3115 12 12 76 
3064 1 14 76 
2918 2 15 76 
2894 3 16 76 
2868 4 17 76 
2778 5 18 76 
2408 6 17 76 
2326 7 16 76 
2118 8 9 76 
1737 8 15 76 
1725 9 10 76 
1580 9 14 76 
1437 10 11 76 
1218 10 13 76 
1024 11 12 76 
836 2 14 76 
797 3 15 76 
714 4 16 76 
71 5 17 76 
28 6 16 76 
6095 7 15 76 
6093 8 10 76 
5935 8 14 76 
5489 9 11 76 
5273 9 13 76 
5110 10 12 76 
5030 0 13 76 
4582 3 14 76 
3505 4 15 76 
3422 5 16 76 
3418 6 15 76 
2943 7 14 76 
2851 8 11 76 
2603 8 13 76 
2296 9 12 76 
2196 0 12 76 
2169 1 13 76 
2015 4 14 76 
1988 5 15 76 
1807 6 14 76 
1798 7 13 76 
1782 8 12 76 
1779 0 11 76 
687 1 12 76 
6436 2 13 76 
6112 5 14 76 
5942 6 13 76 
5817 7 12 76 
5625 0 10 76 
5394 1 11 76 
5317 2 12 76 
5063 3 13 76 
4296 5 13 76 
4289 6 12 76 
4156 7 11 76 
3759 0 9 76 
3702 1 10 76 
3552 2 11 76 
3343 3 12 76 
3258 4 13 76 
2673 5 12 76 
2149 6 11 76 
2075 7 10 76 
1884 0 8 76 
1619 1 9 76 
1320 2 10 76 
498 3 11 76 
401 4 12 76 
6043 5 11 76 
6010 6 10 76 
5819 7 9 76 
5564 10 6 76 
5042 0 7 76 
4969 1 8 76 
4867 2 9 76 
4526 3 10 76 
3560 4 11 76 
3516 5 10 76 
3373 6 9 76 
3104 7 8 76 
3077 9 6 76 
2866 10 5 76 
1758 0 6 76 
1604 1 7 76 
1425 2 8 76 
1416 3 9 76 
1165 4 10 76 
1069 5 9 76 
946 6 8 76 
542 7 7 76 
539 8 6 76 
307 9 5 76 
6512 10 4 76 
6322 0 5 76 
5988 1 6 76 
5903 2 7 76 
5762 3 8 76 
5593 4 9 76 
4826 5 8 76 
4686 6 7 76 
3436 7 6 76 
2628 8 5 76 
2541 9 4 76 
2533 10 3 76 
2448 0 4 76 
2415 1 5 76 
1847 2 6 76 
1652 3 7 76 
1649 4 8 76 
872 5 7 76 
754 6 6 76 
471 7 5 76 
187 8 4 76 
54 9 3 76 
6277 10 2 76 
5911 0 3 76 
5618 1 4 76 
5550 2 5 76 
5227 3 6 76 
5205 4 7 76 
5159 5 6 76 
3578 6 5 76 
3216 7 4 76 
2864 8 3 76 
2347 9 2 76 
2330 10 1 76 
2164 0 2 76 
725 1 3 76 
6537 2 4 76 
6501 3 5 76 
6473 4 6 76 
6265 5 5 76 
6258 6 4 76 
6215 7 3 76 
5924 8 2 76 
5596 9 1 76 
5486 10 0 76 
5438 0 1 76 
5066 1 2 76 
4970 2 3 76 
4876 3 4 76 
4744 4 5 76 
4354 5 4 76 
3984 6 3 76 
3550 7 2 76 
3321 8 1 76 
3229 9 0 76 
2422 0 0 76 
735 1 1 76 
521 2 2 76 
462 3 3 76 
51 4 4 76 
6464 5 3 76 
6222 6 2 76 
4895 7 1 76 
3245 8 0 76 
2609 1 0 76 
2450 2 1 76 
1846 3 2 76 
1837 4 3 76 
1359 5 2 76 
588 6 1 76 
579 7 0 76 
553 2 0 76 
6500 3 1 76 
5604 4 2 76 
4314 5 1 76 
1225 6 0 76 
1061 3 0 76 
6404 4 1 76 
5488 5 0 76 
5473 4 0 76 
2241 4 1 87 
261 3 1 88 
1712 4 2 88 
3853 5 1 88 
2930 2 1 89 
4922 3 2 89 
238 4 3 89 
496 5 2 89 
780 6 1 89 
5561 1 1 90 
5800 2 2 90 
2179 3 3 90 
5559 4 4 90 
5568 5 3 89 
5718 6 2 89 
6054 7 1 89 
531 1 2 90 
622 2 3 90 
1245 3 4 90 
1302 4 5 90 
1801 5 4 90 
1998 6 3 90 
2168 7 2 90 
3028 8 1 90 
5324 1 3 91 
328 2 4 90 
413 3 5 90 
523 4 6 90 
1475 5 5 90 
1645 6 4 90 
2292 7 3 90 
3055 8 2 90 
3058 9 1 90 
4138 1 4 91 
4884 2 5 91 
5676 3 6 91 
5801 4 7 91 
168 5 6 91 
1081 6 5 91 
1543 7 4 91 
1687 8 3 91 
2156 9 2 91 
2324 1 5 92 
3119 2 6 92 
3553 3 7 92 
3865 4 8 92 
4695 5 7 92 
5027 7 5 92 
5057 8 4 92 
350 9 3 92 
437 1 6 92 
744 2 7 92 
986 3 8 92 
1018 4 9 92 
1271 5 8 92 
1616 8 5 92 
1710 9 4 92 
1734 1 7 93 
3434 2 8 93 
3705 3 9 93 
6180 4 10 93 
6389 5 9 93 
153 6 8 93 
1310 9 5 93 
1621 1 8 93 
1662 2 9 93 
2023 3 10 93 
2170 4 11 93 
2526 5 10 93 
3236 6 9 93 
3562 1 9 94 
6451 2 10 94 
450 3 11 94 
632 4 12 94 
841 5 11 93 
911 6 10 93 
957 1 10 94 
1440 2 11 94 
1455 3 12 94 
2006 5 12 94 
2524 6 11 94 
2644 1 11 94 
2941 2 12 94 
3152 6 12 94 
3198 1 12 95 
3347 6 13 94 
4339 5 15 95 
5245 6 14 95 
5613 7 13 95 
5813 4 15 95 
6069 5 16 95 
395 6 15 95 
708 7 14 95 
2712 8 13 95 
3085 9 12 95 
3094 3 15 96 
3127 4 16 96 
3923 5 17 96 
4576 6 16 96 
4604 7 15 95 
4636 8 14 95 
5389 9 11 95 
5968 9 13 95 
