1671
4851 6 0 1 
4773 5 0 1 
4706 6 1 1 
4579 6 5 1 
4488 13 16 1 
4457 0 0 1 
4367 4 0 1 
4253 5 1 1 
3883 5 5 1 
3854 6 2 1 
3839 6 4 1 
3625 12 16 1 
3600 13 17 1 
3403 13 19 1 
3281 0 1 1 
3277 1 0 1 
3125 3 0 1 
2873 4 1 1 
2763 4 5 1 
2240 5 2 1 
2120 5 4 1 
2011 6 3 1 
1981 6 17 1 
1667 6 19 1 
1645 11 16 1 
1564 12 17 1 
1145 12 19 1 
1129 13 18 1 
959 0 2 1 
879 1 1 1 
837 2 0 1 
791 3 1 1 
764 4 2 1 
656 4 4 1 
614 5 3 1 
433 6 18 1 
345 7 17 1 
302 7 19 1 
300 11 17 1 
164 11 19 1 
5071 12 18 1 
4942 1 2 1 
4903 2 1 1 
4791 3 2 1 
4733 4 3 1 
4345 7 18 1 
4189 8 19 1 
4170 10 19 1 
3612 11 18 1 
3483 2 2 1 
3413 3 3 1 
3372 8 18 1 
3043 9 19 1 
2628 10 18 1 
2577 0 3 1 
2405 0 19 1 
2232 2 3 1 
1939 3 4 1 
1549 9 18 1 
1226 10 17 1 
1167 0 4 1 
970 0 12 1 
773 0 18 1 
675 1 3 1 
527 1 19 1 
407 2 4 1 
63 3 5 1 
4679 9 17 1 
4623 10 16 1 
4586 0 5 1 
4454 0 13 1 
4358 0 17 1 
4353 1 4 1 
4024 1 12 1 
3842 1 18 1 
3797 2 5 1 
3560 2 19 1 
3546 3 6 1 
3289 8 17 1 
3147 9 16 1 
2986 0 6 1 
2983 0 14 1 
2758 0 16 1 
2463 1 5 1 
2401 1 13 1 
2328 1 17 1 
2225 2 6 1 
2108 2 18 1 
2086 3 19 1 
2053 5 19 1 
2017 8 6 1 
1851 8 14 1 
1472 8 16 1 
1366 9 15 1 
1305 0 7 1 
1159 0 11 1 
1126 0 15 1 
1110 1 6 1 
1003 1 14 1 
997 1 16 1 
604 2 17 1 
322 3 18 1 
77 4 19 1 
4914 5 18 1 
4815 7 6 1 
4713 7 14 1 
4516 7 16 1 
4461 8 7 1 
4456 8 15 1 
4426 0 8 1 
4217 0 10 1 
4073 1 7 1 
3680 1 11 1 
3667 1 15 1 
3508 2 16 1 
3333 3 17 1 
3248 4 18 1 
3138 5 17 1 
2979 6 6 1 
2934 6 16 1 
2680 7 7 1 
2501 7 15 1 
2305 8 8 1 
1798 19 15 1 
1677 19 19 1 
1600 0 9 1 
1494 1 8 1 
1312 1 10 1 
1235 2 7 1 
1221 2 11 1 
1195 2 15 1 
1040 3 16 1 
908 4 17 1 
567 5 6 1 
422 5 16 1 
278 6 7 1 
158 6 15 1 
4982 7 8 1 
4973 18 15 1 
4744 18 19 1 
4311 19 16 1 
4310 19 18 1 
4290 1 9 1 
3978 2 8 1 
3871 2 10 1 
3758 2 12 1 
3543 2 14 1 
3364 3 7 1 
3301 3 15 1 
3246 4 6 1 
3098 4 16 1 
3076 5 7 1 
2956 5 15 1 
2709 6 8 1 
2625 17 19 1 
2609 18 16 1 
2467 18 18 1 
2368 19 17 1 
2045 2 9 1 
2007 2 13 1 
1379 3 8 1 
1358 3 14 1 
1336 4 7 1 
1268 4 15 1 
1115 5 8 1 
1066 16 19 1 
902 17 18 1 
576 18 17 1 
531 19 8 1 
367 3 9 1 
247 3 13 1 
165 4 8 1 
121 4 14 1 
5065 15 19 1 
4759 16 14 1 
4692 16 18 1 
4674 17 15 1 
4336 17 17 1 
4242 18 8 1 
4135 19 9 1 
4126 19 11 1 
3981 3 10 1 
3954 3 12 1 
3139 4 9 1 
3011 4 13 1 
2960 5 14 1 
2840 14 19 1 
2389 15 18 1 
2102 16 15 1 
1949 16 17 1 
1930 17 8 1 
1892 17 16 1 
1639 18 9 1 
1616 18 11 1 
1492 19 10 1 
1447 19 14 1 
1275 3 11 1 
1155 4 10 1 
978 4 12 1 
960 5 9 1 
596 5 13 1 
183 6 14 1 
174 14 18 1 
157 15 17 1 
5038 16 8 1 
4941 16 16 1 
4937 17 9 1 
4814 17 11 1 
4785 18 10 1 
4370 18 14 1 
4340 19 13 1 
4008 4 11 1 
3946 5 10 1 
3385 5 12 1 
3141 6 9 1 
3003 6 13 1 
2952 14 17 1 
2768 15 8 1 
2755 15 16 1 
2364 16 9 1 
2194 17 10 1 
2051 17 14 1 
2049 18 13 1 
1847 19 12 1 
1652 5 11 1 
1375 6 10 1 
1237 6 12 1 
1031 7 9 1 
682 7 13 1 
427 10 8 1 
409 14 16 1 
295 15 9 1 
5054 15 15 1 
4930 16 10 1 
4749 17 13 1 
4648 18 12 1 
4300 6 11 1 
4238 7 10 1 
4198 7 12 1 
3703 8 9 1 
3649 8 13 1 
3270 9 8 1 
3180 9 14 1 
3173 10 15 1 
2610 14 15 1 
2075 15 10 1 
1657 15 14 1 
867 16 11 1 
539 16 13 1 
4495 17 12 1 
4244 7 11 1 
4074 8 10 1 
3557 8 12 1 
3416 9 9 1 
3375 9 13 1 
3304 10 14 1 
3282 11 15 1 
2522 13 15 1 
2357 14 14 1 
2185 15 11 1 
1941 15 13 1 
1583 16 12 1 
1321 7 0 1 
1179 8 11 1 
481 9 10 1 
480 9 12 1 
4849 10 13 1 
4721 11 14 1 
4499 12 15 1 
4243 13 14 1 
4145 14 13 1 
3931 15 12 1 
3887 7 1 1 
3169 8 0 1 
3021 9 11 1 
3016 10 10 1 
2803 10 12 1 
2801 11 13 1 
1757 12 14 1 
1387 13 13 1 
1304 14 12 1 
694 7 2 1 
518 8 1 1 
466 9 0 1 
377 10 11 1 
357 11 12 1 
50 12 13 1 
4998 13 12 1 
4893 14 11 1 
4828 19 0 1 
4825 7 3 1 
4792 7 5 1 
4729 8 2 1 
4567 9 1 1 
4490 10 0 1 
4256 11 11 1 
3438 12 12 1 
3151 13 11 1 
3042 14 10 1 
2917 18 0 1 
2601 19 1 1 
2331 19 7 1 
2239 7 4 1 
2090 8 3 1 
1953 8 5 1 
1921 9 2 1 
1737 10 1 1 
1523 10 9 1 
708 11 0 1 
210 11 10 1 
4756 12 11 1 
4710 13 10 1 
4434 14 9 1 
4387 17 0 1 
4093 18 1 1 
3848 18 7 1 
3219 19 2 1 
2926 19 6 1 
2583 8 4 1 
2035 9 3 1 
2025 9 5 1 
1701 9 7 1 
1505 10 2 1 
1485 11 1 1 
609 11 9 1 
430 12 0 1 
219 12 10 1 
194 13 9 1 
4974 14 8 1 
4396 15 7 1 
4180 17 1 1 
4094 17 7 1 
3674 18 2 1 
3537 18 6 1 
3329 19 3 1 
2716 19 5 1 
2327 9 4 1 
2295 9 6 1 
2063 10 3 1 
1592 10 7 1 
1354 11 2 1 
1253 11 8 1 
1238 12 1 1 
1141 12 9 1 
1133 13 8 1 
1068 14 7 1 
779 15 6 1 
706 16 7 1 
318 17 2 1 
82 17 6 1 
4889 18 3 1 
4842 18 5 1 
4618 19 4 1 
4460 10 4 1 
4372 10 6 1 
3663 11 3 1 
3072 11 7 1 
2862 12 2 1 
2860 12 8 1 
2735 13 7 1 
2670 16 6 1 
2163 17 3 1 
2048 17 5 1 
1916 18 4 1 
1901 10 5 1 
1683 11 4 1 
1436 11 6 1 
1393 12 3 1 
1088 12 7 1 
283 16 3 1 
237 16 5 1 
4463 17 4 1 
4276 11 5 1 
3776 12 4 1 
3519 12 6 1 
3057 14 6 1 
2474 15 3 1 
2265 15 5 1 
2218 16 4 1 
1201 12 5 1 
746 13 6 1 
616 14 5 1 
204 15 4 1 
4628 13 5 1 
4476 14 4 1 
4391 13 4 1 
4384 13 3 1 
3902 16 2 1 
3713 13 2 1 
3664 14 3 1 
1770 15 2 1 
1408 16 1 1 
1303 13 1 1 
822 14 2 1 
613 15 1 1 
4002 16 0 1 
3891 13 0 1 
2872 14 1 1 
2071 15 0 1 
4483 14 0 1 
2776 11 2 16 
330 13 8 16 
2369 17 6 16 
2707 18 3 15 
594 11 1 17 
653 18 2 16 
1069 18 6 16 
4727 18 1 17 
607 8 2 18 
1367 8 1 19 
269 8 12 20 
2936 7 12 21 
3417 6 10 22 
1057 4 11 22 
1783 16 9 22 
3830 18 13 22 
1296 15 17 23 
1707 15 18 23 
4795 6 0 26 
4789 5 0 26 
4786 6 1 26 
4675 6 5 26 
4566 13 16 26 
4543 0 0 26 
4190 4 0 26 
4153 5 1 26 
3932 5 5 26 
3894 6 2 26 
3892 6 4 26 
3814 12 16 26 
3708 13 17 26 
3662 13 19 26 
3382 0 1 26 
3380 1 0 26 
3269 3 0 26 
3096 4 1 26 
2945 4 5 26 
2766 5 2 26 
2607 5 4 26 
2589 6 3 26 
2354 6 17 26 
1774 6 19 26 
1736 11 16 26 
1634 12 17 26 
1611 12 19 26 
1574 13 18 26 
1503 0 2 26 
1500 1 1 26 
1407 2 0 26 
1123 3 1 26 
1038 4 2 26 
796 4 4 26 
611 5 3 26 
524 6 18 26 
465 7 17 26 
392 7 19 26 
150 11 17 26 
4561 11 19 26 
4330 12 18 26 
4283 1 2 26 
3366 2 1 26 
3237 3 2 26 
2987 4 3 26 
2597 7 18 26 
2569 8 19 26 
2560 10 19 26 
2546 11 18 26 
2343 2 2 26 
2251 3 3 26 
2181 8 18 26 
2122 9 19 26 
2088 10 18 26 
2031 0 3 26 
1904 0 19 26 
1732 2 3 26 
1490 3 4 26 
1450 9 18 26 
1210 10 17 26 
931 0 4 26 
833 0 12 26 
498 0 18 26 
224 1 3 26 
4983 1 19 26 
4958 2 4 26 
4445 3 5 26 
4200 9 17 26 
4046 10 16 26 
3975 0 5 26 
3746 0 13 26 
3637 0 17 26 
3524 1 4 26 
3393 1 12 26 
3122 1 18 26 
2972 2 5 26 
2897 2 19 26 
2717 3 6 26 
2684 8 17 26 
2652 9 16 26 
2462 0 6 26 
2393 0 14 26 
2387 0 16 26 
2362 1 5 26 
2276 1 13 26 
2247 1 17 26 
2203 2 6 26 
2151 2 18 26 
2100 3 19 26 
1715 5 19 26 
1593 8 6 26 
1589 8 14 26 
1441 8 16 26 
1377 9 15 26 
1181 0 7 26 
1172 0 11 26 
815 0 15 26 
678 1 6 26 
661 1 14 26 
556 1 16 26 
4704 2 17 26 
4272 3 18 26 
4221 4 19 26 
4101 5 18 26 
3967 7 6 26 
3876 7 14 26 
3790 7 16 26 
3781 8 7 26 
3754 8 15 26 
3720 0 8 26 
3580 0 10 26 
3531 1 7 26 
3388 1 11 26 
2977 1 15 26 
2914 2 16 26 
2843 3 17 26 
2820 4 18 26 
2724 5 17 26 
2689 6 6 26 
2675 6 16 26 
2592 7 7 26 
2470 7 15 26 
2384 8 8 26 
2340 19 15 26 
2335 19 19 26 
2138 0 9 26 
2135 1 8 26 
2130 1 10 26 
1610 2 7 26 
1515 2 11 26 
1455 2 15 26 
1335 3 16 26 
1144 4 17 26 
1139 5 6 26 
1138 5 16 26 
781 6 7 26 
750 6 15 26 
722 7 8 26 
577 18 15 26 
538 18 19 26 
450 19 16 26 
435 19 18 26 
334 1 9 26 
325 2 8 26 
59 2 10 26 
24 2 12 26 
4996 2 14 26 
4873 3 7 26 
4797 3 15 26 
4715 4 6 26 
4709 4 16 26 
4689 5 7 26 
4687 5 15 26 
4449 6 8 26 
4317 17 19 26 
4235 18 16 26 
4147 18 18 26 
3972 19 17 26 
3805 2 9 26 
3576 2 13 26 
3511 3 8 26 
3463 3 14 26 
3440 4 7 26 
3228 4 15 26 
3158 5 8 26 
2764 16 19 26 
2728 17 18 26 
2702 18 17 26 
2475 19 8 26 
2286 3 9 26 
2158 3 13 26 
2117 4 8 26 
1801 4 14 26 
1769 15 19 26 
1633 16 14 26 
1426 16 18 26 
1376 17 15 26 
1111 17 17 26 
1049 18 8 26 
948 19 9 26 
789 19 11 26 
280 3 10 26 
96 3 12 26 
4803 4 9 26 
4343 4 13 26 
4192 5 14 26 
4091 14 19 26 
4013 15 18 26 
4006 16 15 26 
3976 16 17 26 
3675 17 8 26 
3280 17 16 26 
3093 18 9 26 
3013 18 11 26 
2913 19 10 26 
2859 19 14 26 
2348 3 11 26 
2210 4 10 26 
2121 4 12 26 
2033 5 9 26 
1840 5 13 26 
1786 6 14 26 
1764 14 18 26 
1672 15 17 26 
1190 16 8 26 
888 16 16 26 
122 17 9 26 
4904 17 11 26 
4826 18 10 26 
4748 18 14 26 
4058 19 13 26 
4033 4 11 26 
3952 5 10 26 
3939 5 12 26 
3910 6 9 26 
3732 6 13 26 
3553 14 17 26 
3175 15 8 26 
2943 15 16 26 
2744 16 9 26 
2284 17 10 26 
2065 17 14 26 
1984 18 13 26 
1870 19 12 26 
1534 5 11 26 
1488 6 10 26 
1461 6 12 26 
1351 7 9 26 
1302 7 13 26 
1158 10 8 26 
894 14 16 26 
638 15 9 26 
535 15 15 26 
490 16 10 26 
388 17 13 26 
314 18 12 26 
108 6 11 26 
4854 7 10 26 
3970 7 12 26 
3905 8 9 26 
3880 8 13 26 
3879 9 8 26 
3775 9 14 26 
3715 10 15 26 
3672 14 15 26 
3562 15 10 26 
3325 15 14 26 
3078 16 11 26 
2916 16 13 26 
2645 17 12 26 
2250 7 11 26 
1800 8 10 26 
1746 8 12 26 
1625 9 9 26 
1459 9 13 26 
1396 10 14 26 
1230 11 15 26 
1154 13 15 26 
1134 14 14 26 
932 15 11 26 
444 15 13 26 
347 16 12 26 
293 7 0 26 
176 8 11 26 
4881 9 10 26 
4779 9 12 26 
4519 10 13 26 
4477 11 14 26 
4187 12 15 26 
3969 13 14 26 
3464 14 13 26 
3353 15 12 26 
3039 7 1 26 
2902 8 0 26 
1561 9 11 26 
1536 10 10 26 
1516 10 12 26 
1433 11 13 26 
1380 12 14 26 
1252 13 13 26 
1240 14 12 26 
1224 7 2 26 
657 8 1 26 
70 9 0 26 
4989 10 11 26 
4871 11 12 26 
3131 12 13 26 
2918 13 12 26 
2788 14 11 26 
2750 19 0 26 
2200 7 3 26 
2000 7 5 26 
1886 8 2 26 
1608 9 1 26 
876 10 0 26 
697 11 11 26 
605 12 12 26 
364 13 11 26 
223 14 10 26 
4949 18 0 26 
4719 19 1 26 
4376 19 7 26 
4183 7 4 26 
3661 8 3 26 
3566 8 5 26 
3500 9 2 26 
3492 10 1 26 
3236 10 9 26 
3065 11 0 26 
2922 11 10 26 
2900 12 11 26 
2511 13 10 26 
2400 14 9 26 
2323 17 0 26 
2281 18 1 26 
2113 18 7 26 
2057 19 2 26 
1432 19 6 26 
1171 8 4 26 
925 9 3 26 
533 9 5 26 
486 9 7 26 
378 10 2 26 
44 11 1 26 
4977 11 9 26 
4671 12 0 26 
4542 12 10 26 
4092 13 9 26 
3843 14 8 26 
3752 15 7 26 
3726 17 1 26 
3654 17 7 26 
3474 18 2 26 
3400 18 6 26 
2626 19 3 26 
2383 19 5 26 
1906 9 4 26 
1654 9 6 26 
1412 10 3 26 
1292 10 7 26 
1260 11 2 26 
1206 11 8 26 
1113 12 1 26 
1046 12 9 26 
812 13 8 26 
774 14 7 26 
517 15 6 26 
5021 16 7 26 
4667 17 2 26 
4597 17 6 26 
4328 18 3 26 
3755 18 5 26 
3701 19 4 26 
3091 10 4 26 
2749 10 6 26 
2565 11 3 26 
2370 11 7 26 
2001 12 2 26 
1751 12 8 26 
1506 13 7 26 
1085 16 6 26 
1007 17 3 26 
972 17 5 26 
5049 18 4 26 
4479 10 5 26 
4158 11 4 26 
4039 11 6 26 
3729 12 3 26 
3582 12 7 26 
2252 16 3 26 
2021 16 5 26 
1811 17 4 26 
1629 11 5 26 
1476 12 4 26 
1428 12 6 26 
1022 14 6 26 
933 15 3 26 
432 15 5 26 
423 16 4 26 
214 12 5 26 
4575 13 6 26 
4552 14 5 26 
2619 15 4 26 
2342 13 5 26 
1806 14 4 26 
1440 13 4 26 
1193 13 3 26 
606 16 2 26 
199 13 2 26 
4472 14 3 26 
3867 15 2 26 
3067 16 1 26 
1765 13 1 26 
1422 14 2 26 
911 15 1 26 
558 16 0 26 
442 13 0 26 
4103 14 1 26 
3686 15 0 26 
813 14 0 26 
1820 11 2 42 
546 13 8 42 
816 17 6 41 
941 18 3 41 
211 11 1 43 
627 18 2 42 
1192 18 6 42 
716 18 1 43 
952 8 2 44 
1313 8 1 45 
4546 8 12 46 
1730 7 12 46 
274 6 10 47 
891 4 11 47 
2349 16 9 47 
2421 18 13 47 
3473 15 17 48 
4770 6 0 51 
4016 5 0 51 
3878 6 1 51 
3750 6 5 51 
3119 13 16 51 
2814 0 0 51 
2789 4 0 51 
2520 5 1 51 
2505 5 5 51 
2338 6 2 51 
2087 6 4 51 
2079 12 16 51 
1970 13 17 51 
1333 13 19 51 
1223 0 1 51 
1103 1 0 51 
690 3 0 51 
624 4 1 51 
617 4 5 51 
548 5 2 51 
543 5 4 51 
326 6 3 51 
312 6 17 51 
286 6 19 51 
5036 11 16 51 
4693 12 17 51 
4678 12 19 51 
4564 13 18 51 
4559 0 2 51 
4531 1 1 51 
4530 2 0 51 
4265 3 1 51 
4197 4 2 51 
4080 4 4 51 
4032 5 3 51 
3933 6 18 51 
3897 7 17 51 
3798 7 19 51 
3792 11 17 51 
3678 11 19 51 
3618 12 18 51 
3578 1 2 51 
3477 2 1 51 
3121 3 2 51 
2921 4 3 51 
2853 7 18 51 
2823 8 19 51 
2570 10 19 51 
2190 11 18 51 
1299 2 2 51 
985 3 3 51 
670 8 18 51 
496 9 19 51 
478 10 18 51 
437 0 3 51 
291 0 19 51 
143 2 3 51 
110 3 4 51 
5007 9 18 51 
4925 10 17 51 
4891 0 4 51 
4747 0 12 51 
4670 0 18 51 
4562 1 3 51 
4378 1 19 51 
4230 2 4 51 
4204 3 5 51 
4138 9 17 51 
4077 10 16 51 
3912 0 5 51 
3855 0 13 51 
3589 0 17 51 
3503 1 4 51 
3303 1 12 51 
3267 1 18 51 
3200 2 5 51 
3179 2 19 51 
3130 3 6 51 
2891 8 17 51 
2818 9 16 51 
2777 0 6 51 
2543 0 14 51 
2483 0 16 51 
2111 1 5 51 
1956 1 13 51 
1779 1 17 51 
1702 2 6 51 
1558 2 18 51 
1395 3 19 51 
1122 5 19 51 
1071 8 6 51 
995 8 14 51 
949 8 16 51 
744 9 15 51 
739 0 7 51 
707 0 11 51 
568 0 15 51 
4805 1 6 51 
4794 1 14 51 
4515 1 16 51 
4505 2 17 51 
4397 3 18 51 
4327 4 19 51 
4282 5 18 51 
3841 7 6 51 
3730 7 14 51 
3679 7 16 51 
3656 8 7 51 
3640 8 15 51 
3556 0 8 51 
3299 0 10 51 
3222 1 7 51 
2971 1 11 51 
2892 1 15 51 
2879 2 16 51 
2775 3 17 51 
2604 4 18 51 
2588 5 17 51 
2539 6 6 51 
2430 6 16 51 
2420 7 7 51 
2290 7 15 51 
2178 8 8 51 
2152 19 15 51 
1898 19 19 51 
1748 0 9 51 
1694 1 8 51 
1635 1 10 51 
1531 2 7 51 
1298 2 11 51 
1176 2 15 51 
1174 3 16 51 
892 4 17 51 
701 5 6 51 
475 5 16 51 
301 6 7 51 
201 6 15 51 
4870 7 8 51 
4772 18 15 51 
4723 18 19 51 
4686 19 16 51 
4644 19 18 51 
4636 1 9 51 
4554 2 8 51 
4541 2 10 51 
4240 2 12 51 
4229 2 14 51 
4161 3 7 51 
4096 3 15 51 
4014 4 6 51 
3785 4 16 51 
3740 5 7 51 
3719 5 15 51 
3630 6 8 51 
3332 17 19 51 
2798 18 16 51 
2572 18 18 51 
2567 19 17 51 
2561 2 9 51 
2493 2 13 51 
2352 3 8 51 
2301 3 14 51 
2236 4 7 51 
2234 4 15 51 
2153 5 8 51 
1725 16 19 51 
1668 17 18 51 
1605 18 17 51 
1386 19 8 51 
1189 3 9 51 
1183 3 13 51 
963 4 8 51 
898 4 14 51 
505 15 19 51 
4736 16 14 51 
4431 16 18 51 
4309 17 15 51 
3873 17 17 51 
3832 18 8 51 
3748 19 9 51 
3598 19 11 51 
3337 3 10 51 
2924 3 12 51 
2878 4 9 51 
2851 4 13 51 
1636 5 14 51 
1585 14 19 51 
1267 15 18 51 
731 16 15 51 
671 16 17 51 
623 17 8 51 
544 17 16 51 
382 18 9 51 
4646 18 11 51 
4517 19 10 51 
4315 19 14 51 
4313 3 11 51 
3950 4 10 51 
3815 4 12 51 
3802 5 9 51 
3697 5 13 51 
3603 6 14 51 
3419 14 18 51 
3330 15 17 51 
3315 16 8 51 
3190 16 16 51 
3153 17 9 51 
3143 17 11 51 
3059 18 10 51 
2876 18 14 51 
2497 19 13 51 
2487 4 11 51 
2254 5 10 51 
2241 5 12 51 
1927 6 9 51 
1896 6 13 51 
1761 14 17 51 
1733 15 8 51 
1326 15 16 51 
1318 16 9 51 
1152 17 10 51 
1105 17 14 51 
936 18 13 51 
843 19 12 51 
468 5 11 51 
333 6 10 51 
260 6 12 51 
195 7 9 51 
68 7 13 51 
4714 10 8 51 
4533 14 16 51 
4512 15 9 51 
4098 15 15 51 
3965 16 10 51 
3816 17 13 51 
3806 18 12 51 
3641 6 11 51 
3638 7 10 51 
3484 7 12 51 
3334 8 9 51 
3292 8 13 51 
2982 9 8 51 
2193 9 14 51 
2061 10 15 51 
2058 14 15 51 
2004 15 10 51 
1973 15 14 51 
1928 16 11 51 
1698 16 13 51 
1568 17 12 51 
1499 7 11 51 
1481 8 10 51 
1454 8 12 51 
1150 9 9 51 
1104 9 13 51 
1026 10 14 51 
884 11 15 51 
350 13 15 51 
266 14 14 51 
123 15 11 51 
4913 15 13 51 
4801 16 12 51 
4700 7 0 51 
4524 8 11 51 
4270 9 10 51 
4136 9 12 51 
3935 10 13 51 
3610 11 14 51 
3086 12 15 51 
3045 13 14 51 
2847 14 13 51 
2633 15 12 51 
2629 7 1 51 
2299 8 0 51 
1985 9 11 51 
1864 10 10 51 
1860 10 12 51 
1857 11 13 51 
1810 12 14 51 
1582 13 13 51 
1521 14 12 51 
1140 7 2 51 
1014 8 1 51 
516 9 0 51 
371 10 11 51 
290 11 12 51 
245 12 13 51 
205 13 12 51 
169 14 11 51 
15 19 0 51 
4980 7 3 51 
4448 7 5 51 
4316 8 2 51 
4007 9 1 51 
3577 10 0 51 
3534 11 11 51 
3489 12 12 51 
3476 13 11 51 
2147 14 10 51 
2105 18 0 51 
1417 19 1 51 
1236 19 7 51 
1199 7 4 51 
734 8 3 51 
277 8 5 51 
240 9 2 51 
216 10 1 51 
85 10 9 51 
4897 11 0 51 
4507 11 10 51 
4481 12 11 51 
4371 13 10 51 
4355 14 9 51 
4349 17 0 51 
3925 18 1 51 
3688 18 7 51 
3682 19 2 51 
3396 19 6 51 
3305 8 4 51 
3089 9 3 51 
2510 9 5 51 
2085 9 7 51 
1934 10 2 51 
1413 11 1 51 
1348 11 9 51 
849 12 0 51 
848 12 10 51 
838 13 9 51 
715 14 8 51 
610 15 7 51 
342 17 1 51 
181 17 7 51 
4619 18 2 51 
4607 18 6 51 
4031 19 3 51 
3499 19 5 51 
3453 9 4 51 
3338 9 6 51 
2955 10 3 51 
2949 10 7 51 
2893 11 2 51 
2747 11 8 51 
1755 12 1 51 
1655 12 9 51 
1200 13 8 51 
1147 14 7 51 
578 15 6 51 
315 16 7 51 
26 17 2 51 
7 17 6 51 
5031 18 3 51 
4911 18 5 51 
4895 19 4 51 
4318 10 4 51 
3849 10 6 51 
3132 11 3 51 
2940 11 7 51 
2659 12 2 51 
2651 12 8 51 
2397 13 7 51 
2014 16 6 51 
1709 17 3 51 
1360 17 5 51 
1343 18 4 51 
227 10 5 51 
187 11 4 51 
148 11 6 51 
65 12 3 51 
4110 12 7 51 
3804 16 3 51 
3408 16 5 51 
2443 17 4 51 
2428 11 5 51 
2257 12 4 51 
1282 12 6 51 
495 14 6 51 
4956 15 3 51 
4921 15 5 51 
3652 16 4 51 
3481 12 5 51 
3244 13 6 51 
2363 14 5 51 
994 15 4 51 
913 13 5 51 
370 14 4 51 
4757 13 4 51 
4655 13 3 51 
3731 16 2 51 
2379 13 2 51 
2207 14 3 51 
1350 15 2 51 
980 16 1 51 
842 13 1 51 
4783 14 2 51 
3058 15 1 51 
2984 16 0 51 
2923 13 0 51 
1782 14 1 51 
1768 15 0 51 
770 14 0 51 
4938 11 2 67 
1431 13 8 67 
3137 17 6 67 
3899 18 3 66 
4831 11 1 68 
1196 18 2 67 
4407 18 6 67 
727 18 1 68 
1799 8 2 69 
686 8 1 70 
1493 8 12 71 
4839 7 12 71 
1837 6 10 72 
173 4 11 72 
1712 16 9 72 
3092 18 13 72 
3551 15 17 72 
4643 6 0 76 
4453 5 0 76 
4413 6 1 76 
4260 6 5 76 
4205 13 16 76 
4015 0 0 76 
3764 4 0 76 
3653 5 1 76 
3611 5 5 76 
3434 6 2 76 
3418 6 4 76 
3252 12 16 76 
3111 13 17 76 
2959 13 19 76 
2867 0 1 76 
2496 1 0 76 
2296 3 0 76 
2174 4 1 76 
1402 4 5 76 
1399 5 2 76 
1397 5 4 76 
1271 6 3 76 
736 6 17 76 
717 6 19 76 
520 11 16 76 
383 12 17 76 
246 12 19 76 
107 13 18 76 
4967 0 2 76 
4923 1 1 76 
4901 2 0 76 
4558 3 1 76 
4419 4 2 76 
4373 4 4 76 
3644 5 3 76 
3636 6 18 76 
3432 7 17 76 
3429 7 19 76 
3394 11 17 76 
3381 11 19 76 
3362 12 18 76 
3220 1 2 76 
3099 2 1 76 
2506 3 2 76 
2073 4 3 76 
1638 7 18 76 
1551 8 19 76 
1325 10 19 76 
1247 11 18 76 
1048 2 2 76 
597 3 3 76 
484 8 18 76 
429 9 19 76 
376 10 18 76 
359 0 3 76 
4971 0 19 76 
4939 2 3 76 
4910 3 4 76 
4777 9 18 76 
4752 10 17 76 
4639 0 4 76 
4545 0 12 76 
4535 0 18 76 
4352 1 3 76 
4273 1 19 76 
4128 2 4 76 
4029 3 5 76 
3677 9 17 76 
3450 10 16 76 
3406 0 5 76 
3242 0 13 76 
3116 0 17 76 
2948 1 4 76 
2901 1 12 76 
2827 1 18 76 
2796 2 5 76 
2697 2 19 76 
2593 3 6 76 
2537 8 17 76 
2530 9 16 76 
2518 0 6 76 
2329 0 14 76 
2283 0 16 76 
1893 1 5 76 
1525 1 13 76 
1121 1 17 76 
1017 2 6 76 
600 2 18 76 
311 3 19 76 
111 5 19 76 
5035 8 6 76 
4626 8 14 76 
4621 8 16 76 
4540 9 15 76 
4399 0 7 76 
4297 0 11 76 
4052 0 15 76 
3877 1 6 76 
3642 1 14 76 
3402 1 16 76 
3029 2 17 76 
2785 3 18 76 
2732 4 19 76 
2663 5 18 76 
2337 7 6 76 
2316 7 14 76 
2271 7 16 76 
2139 8 7 76 
2126 8 15 76 
2062 0 8 76 
1821 0 10 76 
1819 1 7 76 
1816 1 11 76 
1501 1 15 76 
1460 2 16 76 
1327 3 17 76 
1290 4 18 76 
1185 5 17 76 
920 6 6 76 
669 6 16 76 
637 7 7 76 
564 7 15 76 
419 8 8 76 
208 19 15 76 
156 19 19 76 
4869 0 9 76 
4708 1 8 76 
4654 1 10 76 
4605 2 7 76 
4539 2 11 76 
4325 2 15 76 
4308 3 16 76 
4289 4 17 76 
4255 5 6 76 
4164 5 16 76 
4108 6 7 76 
3824 6 15 76 
3525 7 8 76 
3192 18 15 76 
3127 18 19 76 
3040 19 16 76 
2204 19 18 76 
2146 1 9 76 
1842 2 8 76 
1790 2 10 76 
1597 2 12 76 
1596 2 14 76 
1072 3 7 76 
973 3 15 76 
811 4 6 76 
756 4 16 76 
663 5 7 76 
660 5 15 76 
351 6 8 76 
200 17 19 76 
146 18 16 76 
80 18 18 76 
5019 19 17 76 
4981 2 9 76 
4886 2 13 76 
4810 3 8 76 
4267 3 14 76 
3604 4 7 76 
3575 4 15 76 
3326 5 8 76 
2888 16 19 76 
2774 17 18 76 
2621 18 17 76 
2595 19 8 76 
2566 3 9 76 
2498 3 13 76 
2468 4 8 76 
2198 4 14 76 
1969 15 19 76 
1518 16 14 76 
1483 16 18 76 
1420 17 15 76 
1331 17 17 76 
1166 18 8 76 
4934 19 9 76 
4853 19 11 76 
4697 3 10 76 
4645 3 12 76 
4630 4 9 76 
4624 4 13 76 
4549 5 14 76 
4331 14 19 76 
4319 15 18 76 
4288 16 15 76 
4239 16 17 76 
4194 17 8 76 
4045 17 16 76 
3517 18 9 76 
3095 18 11 76 
3035 19 10 76 
2976 19 14 76 
2871 3 11 76 
2419 4 10 76 
2092 4 12 76 
1923 5 9 76 
1653 5 13 76 
1475 6 14 76 
1391 14 18 76 
1352 15 17 76 
1107 16 8 76 
1027 16 16 76 
1010 17 9 76 
1001 17 11 76 
827 18 10 76 
817 18 14 76 
795 19 13 76 
732 4 11 76 
557 5 10 76 
537 5 12 76 
454 6 9 76 
411 6 13 76 
386 14 17 76 
71 15 8 76 
46 15 16 76 
5051 16 9 76 
4984 17 10 76 
4823 17 14 76 
4816 18 13 76 
4725 19 12 76 
4537 5 11 76 
3997 6 10 76 
3564 6 12 76 
3378 7 9 76 
2995 7 13 76 
2920 10 8 76 
2890 14 16 76 
2687 15 9 76 
1471 15 15 76 
1245 16 10 76 
1229 17 13 76 
1180 18 12 76 
958 6 11 76 
667 7 10 76 
421 7 12 76 
255 8 9 76 
5059 8 13 76 
4862 9 8 76 
4837 9 14 76 
4696 10 15 76 
4550 14 15 76 
4511 15 10 76 
4368 15 14 76 
4209 16 11 76 
4149 16 13 76 
3973 17 12 76 
3914 7 11 76 
3888 8 10 76 
3520 8 12 76 
2669 9 9 76 
2347 9 13 76 
1932 10 14 76 
1514 11 15 76 
1086 13 15 76 
1015 14 14 76 
962 15 11 76 
646 15 13 76 
542 16 12 76 
428 7 0 76 
279 8 11 76 
92 9 10 76 
5018 9 12 76 
4888 10 13 76 
4682 11 14 76 
4250 12 15 76 
3298 13 14 76 
3239 14 13 76 
2993 15 12 76 
2742 7 1 76 
2654 8 0 76 
2594 9 11 76 
2453 10 10 76 
2432 10 12 76 
2386 11 13 76 
2278 12 14 76 
2219 13 13 76 
1895 14 12 76 
1744 7 2 76 
1581 8 1 76 
1355 9 0 76 
1242 10 11 76 
1202 11 12 76 
1043 12 13 76 
1011 13 12 76 
754 14 11 76 
713 19 0 76 
469 7 3 76 
412 7 5 76 
393 8 2 76 
248 9 1 76 
172 10 0 76 
101 11 11 76 
4755 12 12 76 
4502 13 11 76 
4480 14 10 76 
4412 18 0 76 
4381 19 1 76 
4344 19 7 76 
4341 7 4 76 
4295 8 3 76 
4124 8 5 76 
4113 9 2 76 
4023 10 1 76 
3779 10 9 76 
3643 11 0 76 
3593 11 10 76 
3550 12 11 76 
3415 13 10 76 
3307 14 9 76 
3081 17 0 76 
2647 18 1 76 
2311 18 7 76 
1283 19 2 76 
1128 19 6 76 
1076 8 4 76 
915 9 3 76 
851 9 5 76 
790 9 7 76 
569 10 2 76 
306 11 1 76 
4927 11 9 76 
4879 12 0 76 
4753 12 10 76 
4631 13 9 76 
4547 14 8 76 
3712 15 7 76 
3422 17 1 76 
3114 17 7 76 
2677 18 2 76 
2671 18 6 76 
2134 19 3 76 
2070 19 5 76 
1991 9 4 76 
1588 9 6 76 
1537 10 3 76 
1507 10 7 76 
1259 11 2 76 
1106 11 8 76 
1077 12 1 76 
918 12 9 76 
840 13 8 76 
449 14 7 76 
67 15 6 76 
4650 16 7 76 
4251 17 2 76 
4185 17 6 76 
3811 18 3 76 
3565 18 5 76 
3344 19 4 76 
3049 10 4 76 
2958 10 6 76 
2813 11 3 76 
2808 11 7 76 
2686 12 2 76 
2545 12 8 76 
2371 13 7 76 
2304 16 6 76 
2233 17 3 76 
1958 17 5 76 
1813 18 4 76 
974 10 5 76 
244 11 4 76 
114 11 6 76 
73 12 3 76 
4603 12 7 76 
4556 16 3 76 
4026 16 5 76 
4022 17 4 76 
3164 11 5 76 
2624 12 4 76 
2550 12 6 76 
1881 14 6 76 
1780 15 3 76 
1666 15 5 76 
1562 16 4 76 
3171 12 5 76 
2451 13 6 76 
1965 14 5 76 
1762 15 4 76 
863 13 5 76 
729 14 4 76 
643 13 4 76 
297 13 3 76 
58 16 2 76 
4266 13 2 76 
4252 14 3 76 
3496 15 2 76 
3319 16 1 76 
2660 13 1 76 
2573 14 2 76 
2541 15 1 76 
1146 16 0 76 
3768 13 0 76 
1062 14 1 76 
721 15 0 76 
335 14 0 76 
2970 11 2 92 
4861 13 8 92 
1434 17 6 91 
1890 18 3 91 
2377 11 1 93 
4999 18 2 92 
193 18 6 92 
554 18 1 93 
308 8 2 94 
352 8 1 94 
757 8 12 95 
1759 7 12 96 
485 6 10 96 
760 4 11 97 
1788 16 9 96 
2245 18 13 96 
3294 15 17 97 
3777 15 18 97 
221 3 8 98 
