1883
4695 12 10 1 
4603 11 10 1 
4571 12 11 1 
4551 8 10 1 
4372 10 10 1 
4313 11 11 1 
3952 11 19 1 
3891 12 12 1 
3559 8 11 1 
3398 9 10 1 
3371 10 11 1 
3290 10 19 1 
2981 11 12 1 
2799 11 18 1 
2485 12 13 1 
2028 8 12 1 
1753 9 11 1 
1652 9 19 1 
1621 10 12 1 
1531 10 18 1 
1527 11 13 1 
1490 11 17 1 
1420 0 19 1 
1329 6 19 1 
1064 8 19 1 
952 9 12 1 
924 9 18 1 
851 10 13 1 
662 10 17 1 
652 11 14 1 
444 11 16 1 
24 0 18 1 
4714 1 19 1 
4550 5 19 1 
4475 6 18 1 
4474 7 19 1 
4398 8 18 1 
4268 9 13 1 
4239 9 17 1 
4121 10 14 1 
4072 10 16 1 
3980 11 15 1 
3970 0 17 1 
3824 1 18 1 
3545 2 19 1 
3514 4 19 1 
3432 5 18 1 
3245 6 17 1 
3155 7 18 1 
3116 8 17 1 
3087 9 14 1 
2934 9 16 1 
2844 10 15 1 
2613 0 16 1 
2470 1 17 1 
2043 2 18 1 
1830 3 19 1 
1684 4 18 1 
1582 5 17 1 
1552 7 17 1 
1202 8 16 1 
986 9 15 1 
737 19 19 1 
718 0 15 1 
657 1 16 1 
378 2 17 1 
272 3 18 1 
238 4 17 1 
228 7 16 1 
4688 8 15 1 
4664 12 19 1 
3991 18 19 1 
3916 19 18 1 
3874 0 8 1 
3742 0 14 1 
3350 1 15 1 
3156 2 16 1 
3108 3 17 1 
2939 6 16 1 
2880 7 15 1 
2553 8 14 1 
2536 12 18 1 
2276 13 19 1 
2044 17 19 1 
1396 18 18 1 
1085 19 17 1 
797 0 9 1 
665 0 13 1 
635 1 8 1 
599 1 14 1 
549 2 15 1 
411 3 16 1 
407 5 16 1 
219 6 15 1 
90 7 14 1 
78 8 13 1 
4546 12 17 1 
4341 13 18 1 
4170 14 19 1 
4141 16 19 1 
3948 17 18 1 
3943 18 17 1 
3882 19 16 1 
3620 0 10 1 
3590 0 12 1 
3571 1 9 1 
3076 1 13 1 
2699 2 8 1 
2619 2 14 1 
2549 3 15 1 
2011 4 16 1 
1954 5 15 1 
1721 6 14 1 
1206 7 13 1 
1179 12 16 1 
1051 13 17 1 
896 14 18 1 
895 15 19 1 
505 16 18 1 
409 17 17 1 
4600 18 16 1 
4535 19 15 1 
4465 0 11 1 
4369 1 10 1 
3915 1 12 1 
3716 2 9 1 
3653 2 13 1 
3510 3 14 1 
3243 4 15 1 
3239 5 14 1 
3049 6 13 1 
3010 7 12 1 
2724 13 16 1 
2521 14 17 1 
2416 15 18 1 
2308 16 17 1 
2268 17 16 1 
2257 18 15 1 
2170 19 14 1 
1689 1 11 1 
1365 2 10 1 
1059 2 12 1 
1019 3 13 1 
977 4 14 1 
480 5 13 1 
410 6 12 1 
385 14 16 1 
327 15 17 1 
290 16 16 1 
4609 17 15 1 
4406 18 14 1 
4381 19 13 1 
4188 2 11 1 
4058 3 12 1 
3982 4 13 1 
3852 5 12 1 
3595 15 16 1 
3518 16 15 1 
3448 17 14 1 
3400 18 13 1 
3117 19 12 1 
2917 3 11 1 
2863 4 12 1 
2759 15 15 1 
2655 16 14 1 
2538 17 13 1 
2384 18 12 1 
2377 19 11 1 
2343 0 7 1 
2125 3 10 1 
1897 4 11 1 
1863 12 15 1 
1620 14 15 1 
1608 15 14 1 
1546 16 13 1 
1487 17 12 1 
1348 18 11 1 
1281 19 6 1 
1274 19 10 1 
1169 0 0 1 
1136 0 6 1 
1013 1 7 1 
955 3 9 1 
493 4 10 1 
432 5 11 1 
334 12 14 1 
178 13 15 1 
4428 14 14 1 
4295 15 13 1 
3966 16 12 1 
3881 17 11 1 
3613 18 6 1 
3612 18 10 1 
3610 19 7 1 
3462 19 9 1 
3401 0 1 1 
3118 0 5 1 
3112 1 0 1 
2913 1 6 1 
2910 2 7 1 
2796 3 8 1 
2751 4 9 1 
2660 5 10 1 
2649 6 11 1 
2462 13 14 1 
2108 14 13 1 
1711 15 12 1 
1700 16 11 1 
1498 17 6 1 
1477 17 10 1 
169 18 7 1 
139 18 9 1 
4552 19 8 1 
4472 0 2 1 
4436 0 4 1 
4255 1 1 1 
4252 1 5 1 
4070 2 0 1 
3752 2 6 1 
3710 3 7 1 
3709 4 8 1 
3606 5 9 1 
3060 6 10 1 
2978 7 11 1 
2891 13 13 1 
2564 14 12 1 
2468 15 11 1 
2194 16 10 1 
1733 17 7 1 
1728 17 9 1 
1714 18 8 1 
1682 0 3 1 
1542 1 2 1 
1108 1 4 1 
876 2 1 1 
784 2 5 1 
607 3 0 1 
482 3 6 1 
44 4 7 1 
4650 5 8 1 
4495 6 9 1 
4404 7 10 1 
4310 13 12 1 
4092 14 11 1 
3862 15 10 1 
3814 16 9 1 
3768 17 8 1 
3167 19 0 1 
2908 1 3 1 
2876 2 2 1 
2450 2 4 1 
2438 3 1 1 
2264 3 5 1 
2019 4 0 1 
1563 4 6 1 
1511 5 7 1 
1474 6 8 1 
1363 7 9 1 
1023 13 11 1 
982 14 10 1 
848 15 9 1 
829 16 8 1 
653 18 0 1 
621 19 1 1 
619 19 5 1 
561 2 3 1 
534 3 2 1 
252 3 4 1 
105 4 1 1 
4678 4 5 1 
4618 5 0 1 
4473 5 6 1 
4379 6 7 1 
3786 7 8 1 
3782 8 9 1 
3677 13 10 1 
3482 14 9 1 
3273 15 8 1 
3016 16 7 1 
3007 17 0 1 
2997 18 1 1 
2964 18 5 1 
2949 19 2 1 
2786 19 4 1 
2688 3 3 1 
2373 4 2 1 
2067 4 4 1 
1968 5 1 1 
1865 5 5 1 
1772 6 0 1 
1103 6 6 1 
953 7 7 1 
939 8 8 1 
908 9 9 1 
678 13 9 1 
604 14 8 1 
287 15 7 1 
4674 16 0 1 
4601 16 6 1 
4247 17 1 1 
4181 17 5 1 
4022 18 2 1 
3815 18 4 1 
3809 19 3 1 
3570 4 3 1 
3134 5 2 1 
2683 5 4 1 
2434 6 1 1 
2330 6 5 1 
2323 7 0 1 
1476 7 6 1 
655 8 7 1 
267 9 8 1 
185 10 9 1 
4637 12 9 1 
4316 13 8 1 
3798 14 7 1 
2669 15 6 1 
2605 16 1 1 
2252 16 5 1 
2133 17 2 1 
1807 17 4 1 
1739 18 3 1 
1502 5 3 1 
1492 6 2 1 
1424 6 4 1 
774 7 1 1 
573 7 5 1 
523 8 0 1 
391 8 6 1 
4606 9 7 1 
4405 10 8 1 
4363 11 9 1 
4158 12 8 1 
4073 13 7 1 
4062 14 6 1 
3909 15 5 1 
3631 16 2 1 
3582 16 4 1 
3526 17 3 1 
3407 6 3 1 
3148 7 2 1 
3145 7 4 1 
3131 8 1 1 
2542 8 5 1 
2062 9 0 1 
1562 9 6 1 
1408 10 7 1 
888 11 8 1 
542 12 7 1 
373 13 6 1 
329 14 5 1 
12 15 4 1 
4613 16 3 1 
4256 7 3 1 
4217 8 2 1 
4056 8 4 1 
3955 9 1 1 
3905 9 5 1 
3699 10 0 1 
3099 10 6 1 
2730 11 7 1 
2533 12 6 1 
2398 13 5 1 
2214 14 4 1 
1805 15 3 1 
1726 8 3 1 
1454 9 2 1 
243 9 4 1 
241 10 1 1 
183 10 5 1 
4407 11 6 1 
3978 12 5 1 
3903 13 4 1 
3304 14 3 1 
2641 15 2 1 
2569 9 3 1 
2466 10 2 1 
2022 10 4 1 
1692 11 5 1 
1330 12 4 1 
886 13 3 1 
815 14 2 1 
538 15 1 1 
440 10 3 1 
116 11 4 1 
53 12 3 1 
3566 13 2 1 
3453 14 1 1 
2961 15 0 1 
2545 11 3 1 
2526 12 2 1 
2134 13 1 1 
206 14 0 1 
3287 11 2 1 
2881 12 1 1 
2428 13 0 1 
1548 11 1 1 
3419 12 0 1 
2806 11 0 1 
1066 12 1 12 
1073 12 2 13 
3051 13 1 13 
1098 11 4 14 
2744 12 3 14 
3417 13 2 13 
3483 14 1 13 
4004 9 3 14 
233 11 5 14 
909 12 4 14 
1227 13 3 14 
3274 14 2 14 
3283 8 3 15 
521 9 2 15 
626 11 6 14 
699 13 4 14 
915 14 3 14 
1342 7 3 15 
1460 8 2 15 
1485 9 1 15 
3755 10 6 15 
4097 11 7 15 
368 6 3 16 
443 7 2 16 
1294 8 1 16 
2126 9 6 16 
2887 10 7 16 
4553 11 8 16 
302 5 3 17 
367 6 2 17 
1727 7 1 17 
2296 8 6 17 
3015 9 7 16 
3111 10 8 16 
3162 16 4 16 
3634 17 3 16 
4549 5 2 18 
931 6 1 18 
1658 7 6 18 
2098 8 7 18 
2292 14 7 17 
2389 17 2 17 
3456 17 4 17 
4329 18 3 17 
4644 4 4 19 
299 5 1 19 
1272 7 7 19 
1388 14 8 19 
1849 17 1 18 
1994 18 2 18 
3605 18 4 18 
3633 2 3 20 
3938 4 5 19 
913 7 8 19 
1095 14 9 19 
1233 18 1 19 
2327 1 3 20 
4228 2 2 20 
4735 4 6 20 
1596 14 10 20 
1605 15 9 20 
2186 1 2 21 
2890 2 1 21 
2914 3 6 21 
3103 6 9 20 
3712 14 11 20 
3715 15 10 20 
3870 16 9 20 
4044 1 1 21 
4672 2 6 21 
4693 12 10 26 
4517 11 10 26 
4356 12 11 26 
4325 8 10 26 
4276 10 10 26 
4267 11 11 26 
4260 11 19 26 
4213 12 12 26 
4081 8 11 26 
4008 9 10 26 
3793 10 11 26 
3738 10 19 26 
3493 11 12 26 
3476 11 18 26 
3299 12 13 26 
3224 8 12 26 
3142 9 11 26 
3093 9 19 26 
2573 10 12 26 
2514 10 18 26 
2152 11 13 26 
2137 11 17 26 
1972 0 19 26 
1818 6 19 26 
1791 8 19 26 
1767 9 12 26 
1265 9 18 26 
959 10 13 26 
919 10 17 26 
254 11 14 26 
151 11 16 26 
144 0 18 26 
73 1 19 26 
54 5 19 26 
27 6 18 26 
4769 7 19 26 
4231 8 18 26 
4046 9 13 26 
3810 9 17 26 
3423 10 14 26 
3369 10 16 26 
2743 11 15 26 
2498 0 17 26 
2069 1 18 26 
2055 2 19 26 
1944 4 19 26 
1827 5 18 26 
1822 6 17 26 
1459 7 18 26 
1423 8 17 26 
1386 9 14 26 
983 9 16 26 
771 10 15 26 
419 0 16 26 
277 1 17 26 
192 2 18 26 
123 3 19 26 
65 4 18 26 
4516 5 17 26 
4499 7 17 26 
4098 8 16 26 
3825 9 15 26 
3785 19 19 26 
3599 0 15 26 
3410 1 16 26 
3379 2 17 26 
3289 3 18 26 
3191 4 17 26 
2940 7 16 26 
2745 8 15 26 
2689 12 19 26 
1951 18 19 26 
1765 19 18 26 
1744 0 8 26 
1425 0 14 26 
1392 1 15 26 
1195 2 16 26 
1130 3 17 26 
763 6 16 26 
680 7 15 26 
355 8 14 26 
266 12 18 26 
203 13 19 26 
4689 17 19 26 
4641 18 18 26 
4485 19 17 26 
4066 0 9 26 
3561 0 13 26 
3553 1 8 26 
3309 1 14 26 
3282 2 15 26 
3005 3 16 26 
2929 5 16 26 
2802 6 15 26 
2722 7 14 26 
2589 8 13 26 
2565 12 17 26 
2511 13 18 26 
2496 14 19 26 
2129 16 19 26 
2104 17 18 26 
2057 18 17 26 
1966 19 16 26 
1926 0 10 26 
1913 0 12 26 
1886 1 9 26 
1855 1 13 26 
1776 2 8 26 
1757 2 14 26 
1688 3 15 26 
1278 4 16 26 
1224 5 15 26 
1221 6 14 26 
1145 7 13 26 
583 12 16 26 
478 13 17 26 
451 14 18 26 
422 15 19 26 
4305 16 18 26 
4144 17 17 26 
3898 18 16 26 
3310 19 15 26 
3107 0 11 26 
3084 1 10 26 
2970 1 12 26 
2857 2 9 26 
2735 2 13 26 
2597 3 14 26 
1695 4 15 26 
1479 5 14 26 
1375 6 13 26 
1069 7 12 26 
878 13 16 26 
770 14 17 26 
739 15 18 26 
733 16 17 26 
560 17 16 26 
539 18 15 26 
304 19 14 26 
209 1 11 26 
37 2 10 26 
4647 2 12 26 
4494 3 13 26 
4444 4 14 26 
4399 5 13 26 
4229 6 12 26 
4100 14 16 26 
4017 15 17 26 
3908 16 16 26 
3819 17 15 26 
3560 18 14 26 
3534 19 13 26 
3455 2 11 26 
3414 3 12 26 
3376 4 13 26 
3359 5 12 26 
3074 15 16 26 
3006 16 15 26 
2847 17 14 26 
2782 18 13 26 
2723 19 12 26 
2592 3 11 26 
2584 4 12 26 
2548 15 15 26 
2519 16 14 26 
2269 17 13 26 
2237 18 12 26 
2141 19 11 26 
1839 0 7 26 
1644 3 10 26 
1254 4 11 26 
683 12 15 26 
644 14 15 26 
576 15 14 26 
567 16 13 26 
431 17 12 26 
359 18 11 26 
4744 19 6 26 
4176 19 10 26 
3944 0 0 26 
3648 0 6 26 
3607 1 7 26 
3573 3 9 26 
3533 4 10 26 
3457 5 11 26 
3442 12 14 26 
3244 13 15 26 
3225 14 14 26 
3222 15 13 26 
2952 16 12 26 
2778 17 11 26 
2074 18 6 26 
1948 18 10 26 
1486 19 7 26 
1455 19 9 26 
1418 0 1 26 
1246 0 5 26 
1147 1 0 26 
998 1 6 26 
960 2 7 26 
927 3 8 26 
400 4 9 26 
282 5 10 26 
211 6 11 26 
4751 13 14 26 
4702 14 13 26 
4442 15 12 26 
3977 16 11 26 
3813 17 6 26 
3640 17 10 26 
3623 18 7 26 
3546 18 9 26 
3492 19 8 26 
3396 0 2 26 
3354 0 4 26 
3336 1 1 26 
3190 1 5 26 
3170 2 0 26 
3075 2 6 26 
2580 3 7 26 
2407 4 8 26 
2371 5 9 26 
2213 6 10 26 
2080 7 11 26 
1879 13 13 26 
1862 14 12 26 
1715 15 11 26 
1712 16 10 26 
1484 17 7 26 
1211 17 9 26 
1201 18 8 26 
589 0 3 26 
518 1 2 26 
262 1 4 26 
35 2 1 26 
4685 2 5 26 
4667 3 0 26 
4640 3 6 26 
4572 4 7 26 
4136 5 8 26 
4068 6 9 26 
3817 7 10 26 
3659 13 12 26 
3475 14 11 26 
3306 15 10 26 
3069 16 9 26 
2985 17 8 26 
2932 19 0 26 
2900 1 3 26 
2479 2 2 26 
2099 2 4 26 
2088 3 1 26 
1891 3 5 26 
1885 4 0 26 
1867 4 6 26 
1823 5 7 26 
1815 6 8 26 
1716 7 9 26 
1114 13 11 26 
1106 14 10 26 
721 15 9 26 
464 16 8 26 
382 18 0 26 
190 19 1 26 
62 19 5 26 
4762 2 3 26 
4696 3 2 26 
4422 3 4 26 
4365 4 1 26 
4212 4 5 26 
4162 5 0 26 
4079 5 6 26 
4040 6 7 26 
3979 7 8 26 
3783 8 9 26 
3651 13 10 26 
3355 14 9 26 
3295 15 8 26 
3158 16 7 26 
3031 17 0 26 
2907 18 1 26 
2382 18 5 26 
2247 19 2 26 
1857 19 4 26 
1631 3 3 26 
1568 4 2 26 
1370 4 4 26 
1242 5 1 26 
1170 5 5 26 
516 6 0 26 
281 6 6 26 
4718 7 7 26 
4115 8 8 26 
3922 9 9 26 
3867 13 9 26 
3840 14 8 26 
3176 15 7 26 
2747 16 0 26 
2642 16 6 26 
2571 17 1 26 
1832 17 5 26 
1597 18 2 26 
1378 18 4 26 
856 19 3 26 
726 4 3 26 
578 5 2 26 
416 5 4 26 
216 6 1 26 
4035 6 5 26 
3953 7 0 26 
3763 7 6 26 
3615 8 7 26 
2996 9 8 26 
2915 10 9 26 
2787 12 9 26 
2775 13 8 26 
2638 14 7 26 
2375 15 6 26 
1853 16 1 26 
1433 16 5 26 
1292 17 2 26 
1205 17 4 26 
1025 18 3 26 
936 5 3 26 
550 6 2 26 
501 6 4 26 
414 7 1 26 
22 7 5 26 
4654 8 0 26 
4569 8 6 26 
4172 9 7 26 
4131 10 8 26 
4031 11 9 26 
3996 12 8 26 
3975 13 7 26 
3576 14 6 26 
3395 15 5 26 
3106 16 2 26 
3013 16 4 26 
2637 17 3 26 
2408 6 3 26 
2061 7 2 26 
2037 7 4 26 
2024 8 1 26 
1801 8 5 26 
1399 9 0 26 
1159 9 6 26 
1004 10 7 26 
951 11 8 26 
240 12 7 26 
191 13 6 26 
4757 14 5 26 
4537 15 4 26 
4357 16 3 26 
3850 7 3 26 
3838 8 2 26 
3389 8 4 26 
3255 9 1 26 
3034 9 5 26 
2792 10 0 26 
2687 10 6 26 
2682 11 7 26 
2603 12 6 26 
2601 13 5 26 
2089 14 4 26 
1931 15 3 26 
1799 8 3 26 
1786 9 2 26 
1570 9 4 26 
1500 10 1 26 
1497 10 5 26 
1308 11 6 26 
1210 12 5 26 
756 13 4 26 
700 14 3 26 
4750 15 2 26 
3646 9 3 26 
3381 10 2 26 
3366 10 4 26 
3271 11 5 26 
2793 12 4 26 
2325 13 3 26 
2220 14 2 26 
1707 15 1 26 
1609 10 3 26 
1141 11 4 26 
824 12 3 26 
45 13 2 26 
3940 14 1 26 
3754 15 0 26 
2909 11 3 26 
2610 12 2 26 
2148 13 1 26 
1054 14 0 26 
866 11 2 26 
342 12 1 26 
3301 13 0 26 
2973 11 1 26 
2749 12 0 26 
3343 11 0 26 
758 12 1 38 
1180 12 2 38 
1232 13 1 38 
2616 11 4 39 
2874 12 3 39 
2633 13 2 39 
2672 14 1 38 
2849 9 3 39 
3235 11 5 39 
4655 12 4 39 
3004 13 3 39 
3654 14 2 39 
1042 8 3 40 
1251 9 2 40 
1814 11 6 40 
2895 13 4 40 
2969 14 3 40 
3064 7 3 40 
3554 8 2 40 
3807 9 1 40 
51 10 6 40 
591 11 7 40 
805 6 3 41 
1239 7 2 41 
1296 8 1 41 
2455 9 6 41 
2720 10 7 41 
2947 11 8 41 
3081 5 3 42 
3499 6 2 42 
186 7 1 42 
320 8 6 41 
361 9 7 41 
388 10 8 41 
828 16 4 41 
1087 17 3 41 
1312 5 2 43 
1919 6 1 43 
3071 7 6 42 
3185 8 7 42 
3657 14 7 42 
6 17 2 42 
508 17 4 42 
552 18 3 42 
3660 4 4 44 
4707 5 1 44 
572 7 7 43 
964 14 8 43 
1166 17 1 43 
1203 18 2 43 
1290 18 4 43 
2706 2 3 44 
3171 4 5 44 
3261 7 8 44 
3409 14 9 44 
3682 18 1 44 
4249 1 3 45 
965 2 2 45 
2320 4 6 45 
3797 14 10 45 
1907 15 9 45 
2070 1 2 46 
2456 2 1 46 
3912 3 6 45 
4168 6 9 45 
4580 14 11 45 
4583 15 10 45 
4505 12 10 51 
4413 11 10 51 
4376 12 11 51 
4270 8 10 51 
4137 10 10 51 
4036 11 11 51 
3976 11 19 51 
3636 12 12 51 
3600 8 11 51 
3575 9 10 51 
3444 10 11 51 
3227 10 19 51 
3218 11 12 51 
2987 11 18 51 
2986 12 13 51 
2845 8 12 51 
2736 9 11 51 
2510 9 19 51 
2379 10 12 51 
2364 10 18 51 
2248 11 13 51 
1894 11 17 51 
1694 0 19 51 
1573 6 19 51 
1382 8 19 51 
1344 9 12 51 
710 9 18 51 
692 10 13 51 
660 10 17 51 
611 11 14 51 
524 11 16 51 
519 0 18 51 
481 1 19 51 
450 5 19 51 
311 6 18 51 
269 7 19 51 
152 8 18 51 
4775 9 13 51 
4725 9 17 51 
4488 10 14 51 
4415 10 16 51 
4349 11 15 51 
4161 0 17 51 
4087 1 18 51 
4065 2 19 51 
3998 4 19 51 
3935 5 18 51 
3855 6 17 51 
3818 7 18 51 
3761 8 17 51 
3591 9 14 51 
3229 9 16 51 
3223 10 15 51 
2972 0 16 51 
2765 1 17 51 
2618 2 18 51 
2418 3 19 51 
2107 4 18 51 
2025 5 17 51 
2014 7 17 51 
1927 8 16 51 
1635 9 15 51 
1615 19 19 51 
1419 0 15 51 
1390 1 16 51 
1138 2 17 51 
917 3 18 51 
887 4 17 51 
357 7 16 51 
226 8 15 51 
201 12 19 51 
107 18 19 51 
91 19 18 51 
4635 0 8 51 
4322 0 14 51 
4264 1 15 51 
3784 2 16 51 
3661 3 17 51 
3558 6 16 51 
3147 7 15 51 
3085 8 14 51 
3068 12 18 51 
2821 13 19 51 
2702 17 19 51 
2632 18 18 51 
2509 19 17 51 
2351 0 9 51 
2293 0 13 51 
2192 1 8 51 
1760 1 14 51 
1749 2 15 51 
1683 3 16 51 
1549 5 16 51 
1524 6 15 51 
1488 7 14 51 
1264 8 13 51 
1140 12 17 51 
1058 13 18 51 
900 14 19 51 
883 16 19 51 
843 17 18 51 
778 18 17 51 
760 19 16 51 
590 0 10 51 
557 0 12 51 
138 1 9 51 
134 1 13 51 
86 2 8 51 
4483 2 14 51 
4085 3 15 51 
3672 4 16 51 
3413 5 15 51 
3346 6 14 51 
3277 7 13 51 
3001 12 16 51 
2779 13 17 51 
2506 14 18 51 
2405 15 19 51 
2326 16 18 51 
2316 17 17 51 
2223 18 16 51 
1981 19 15 51 
1878 0 11 51 
1590 1 10 51 
1029 1 12 51 
127 2 9 51 
118 2 13 51 
115 3 14 51 
98 4 15 51 
95 5 14 51 
56 6 13 51 
4242 7 12 51 
4110 13 16 51 
3932 14 17 51 
3928 15 18 51 
3766 16 17 51 
3639 17 16 51 
3513 18 15 51 
3399 19 14 51 
3177 1 11 51 
3094 2 10 51 
2933 2 12 51 
2835 3 13 51 
2807 4 14 51 
2721 5 13 51 
2693 6 12 51 
2673 14 16 51 
2574 15 17 51 
2449 16 16 51 
2386 17 15 51 
2261 18 14 51 
2081 19 13 51 
1890 2 11 51 
1660 3 12 51 
1622 4 13 51 
1494 5 12 51 
1416 15 16 51 
950 16 15 51 
579 17 14 51 
548 18 13 51 
438 19 12 51 
323 3 11 51 
106 4 12 51 
4748 15 15 51 
4514 16 14 51 
4370 17 13 51 
4345 18 12 51 
4333 19 11 51 
4050 0 7 51 
3864 3 10 51 
3602 4 11 51 
3535 12 15 51 
3460 14 15 51 
3449 15 14 51 
3404 16 13 51 
3233 17 12 51 
3035 18 11 51 
3000 19 6 51 
2764 19 10 51 
2703 0 0 51 
2270 0 6 51 
2140 1 7 51 
1748 3 9 51 
1745 4 10 51 
1151 5 11 51 
838 12 14 51 
816 13 15 51 
729 14 14 51 
456 15 13 51 
176 16 12 51 
97 17 11 51 
75 18 6 51 
4746 18 10 51 
4726 19 7 51 
4712 19 9 51 
4626 0 1 51 
4418 0 5 51 
4236 1 0 51 
4153 1 6 51 
4152 2 7 51 
3876 3 8 51 
3714 4 9 51 
3133 5 10 51 
2454 6 11 51 
2259 13 14 51 
2228 14 13 51 
2087 15 12 51 
1403 16 11 51 
1109 17 6 51 
969 17 10 51 
834 18 7 51 
609 18 9 51 
162 19 8 51 
4665 0 2 51 
4509 0 4 51 
4321 1 1 51 
4306 1 5 51 
4220 2 0 51 
4103 2 6 51 
3832 3 7 51 
3827 4 8 51 
3604 5 9 51 
3544 6 10 51 
3539 7 11 51 
3531 13 13 51 
3322 14 12 51 
3278 15 11 51 
3183 16 10 51 
3164 17 7 51 
3157 17 9 51 
3029 18 8 51 
2922 0 3 51 
2568 1 2 51 
2439 1 4 51 
904 2 1 51 
668 2 5 51 
325 3 0 51 
7 3 6 51 
4732 4 7 51 
4480 5 8 51 
4445 6 9 51 
4427 7 10 51 
4403 13 12 51 
4346 14 11 51 
4259 15 10 51 
3589 16 9 51 
3298 17 8 51 
3212 19 0 51 
3161 1 3 51 
3153 2 2 51 
2608 2 4 51 
2493 3 1 51 
2218 3 5 51 
1870 4 0 51 
1648 4 6 51 
1129 5 7 51 
1099 6 8 51 
1082 7 9 51 
1048 13 11 51 
839 14 10 51 
584 15 9 51 
502 16 8 51 
486 18 0 51 
121 19 1 51 
4738 19 5 51 
4394 2 3 51 
3918 3 2 51 
3880 3 4 51 
3861 4 1 51 
3845 4 5 51 
3707 5 0 51 
3626 5 6 51 
3486 6 7 51 
3149 7 8 51 
3141 8 9 51 
3048 13 10 51 
2974 14 9 51 
2916 15 8 51 
2588 16 7 51 
2334 17 0 51 
2118 18 1 51 
2050 18 5 51 
1872 19 2 51 
1309 19 4 51 
1253 3 3 51 
1076 4 2 51 
898 4 4 51 
768 5 1 51 
712 5 5 51 
711 6 0 51 
684 6 6 51 
658 7 7 51 
462 8 8 51 
307 9 9 51 
4733 13 9 51 
3933 14 8 51 
3200 15 7 51 
3179 16 0 51 
3165 16 6 51 
3037 17 1 51 
2168 17 5 51 
2094 18 2 51 
1974 18 4 51 
1817 19 3 51 
636 4 3 51 
294 5 2 51 
23 5 4 51 
4467 6 1 51 
3988 6 5 51 
3451 7 0 51 
3430 7 6 51 
3352 8 7 51 
3291 9 8 51 
3258 10 9 51 
3101 12 9 51 
3041 13 8 51 
2875 14 7 51 
2815 15 6 51 
2686 16 1 51 
2609 16 5 51 
2517 17 2 51 
2484 17 4 51 
2395 18 3 51 
2318 5 3 51 
1775 6 2 51 
1664 6 4 51 
1588 7 1 51 
1496 7 5 51 
1491 8 0 51 
1428 8 6 51 
1394 9 7 51 
1039 10 8 51 
1008 11 9 51 
656 12 8 51 
4643 13 7 51 
4424 14 6 51 
4328 15 5 51 
3924 16 2 51 
3805 16 4 51 
3680 17 3 51 
2919 6 3 51 
2768 7 2 51 
2767 7 4 51 
2625 8 1 51 
2286 8 5 51 
1940 9 0 51 
1873 9 6 51 
1783 10 7 51 
504 11 8 51 
174 12 7 51 
18 13 6 51 
4265 14 5 51 
3780 15 4 51 
3765 16 3 51 
3658 7 3 51 
3481 8 2 51 
3194 8 4 51 
3040 9 1 51 
2711 9 5 51 
2359 10 0 51 
1323 10 6 51 
1052 11 7 51 
745 12 6 51 
675 13 5 51 
324 14 4 51 
120 15 3 51 
4281 8 3 51 
4108 9 2 51 
3987 9 4 51 
3837 10 1 51 
3748 10 5 51 
3731 11 6 51 
3402 12 5 51 
3003 13 4 51 
2253 14 3 51 
1895 15 2 51 
1022 9 3 51 
934 10 2 51 
4703 10 4 51 
4016 11 5 51 
3795 12 4 51 
3622 13 3 51 
3515 14 2 51 
3296 15 1 51 
2627 10 3 51 
2124 11 4 51 
2073 12 3 51 
128 13 2 51 
4646 14 1 51 
4630 15 0 51 
4409 11 3 51 
3473 12 2 51 
3119 13 1 51 
2944 14 0 51 
2656 11 2 51 
284 12 1 51 
3923 13 0 51 
3704 11 1 51 
2968 12 0 51 
2445 11 0 51 
1458 12 1 62 
2093 12 2 62 
471 13 1 62 
3172 11 4 63 
345 12 3 63 
428 13 2 63 
1600 14 1 62 
3965 9 3 64 
4001 11 5 63 
4111 12 4 63 
180 13 3 63 
727 14 2 63 
992 8 3 64 
1093 9 2 64 
1945 11 6 64 
2838 13 4 64 
3135 14 3 64 
3292 7 3 65 
4416 8 2 65 
328 9 1 65 
947 10 6 65 
1026 11 7 65 
1834 6 3 66 
2165 7 2 66 
2226 8 1 66 
4715 9 6 66 
691 10 7 66 
926 11 8 66 
1314 5 3 67 
1434 6 2 67 
2215 7 1 67 
4541 8 6 67 
89 9 7 67 
166 10 8 67 
268 16 4 66 
348 17 3 66 
2402 5 2 68 
2515 6 1 67 
3406 7 6 67 
3412 8 7 67 
3555 14 7 67 
4449 17 2 67 
4452 17 4 67 
1182 18 3 67 
2607 4 4 69 
3770 5 1 69 
4272 7 7 69 
4296 14 8 68 
25 17 1 68 
93 18 2 68 
632 18 4 68 
857 2 3 69 
1177 4 5 69 
1466 7 8 69 
2121 14 9 69 
2233 18 1 69 
2302 1 3 70 
2474 2 2 70 
4694 4 6 70 
63 14 10 70 
207 15 9 70 
702 1 2 71 
751 2 1 71 
1101 3 6 71 
2965 6 9 70 
4519 14 11 70 
4661 15 10 70 
500 16 9 70 
1345 1 1 71 
1578 2 6 71 
2791 5 9 71 
3416 6 10 71 
4670 12 10 76 
4450 11 10 76 
4401 12 11 76 
4234 8 10 76 
4192 10 10 76 
4124 11 11 76 
3787 11 19 76 
3527 12 12 76 
3427 8 11 76 
3221 9 10 76 
2966 10 11 76 
2758 10 19 76 
2746 11 12 76 
2653 11 18 76 
2406 12 13 76 
2002 8 12 76 
1836 9 11 76 
1812 9 19 76 
1599 10 12 76 
1409 10 18 76 
1321 11 13 76 
918 11 17 76 
602 0 19 76 
600 6 19 76 
316 8 19 76 
236 9 12 76 
171 9 18 76 
83 10 13 76 
69 10 17 76 
4577 11 14 76 
4540 11 16 76 
4308 0 18 76 
4148 1 19 76 
4020 5 19 76 
3900 6 18 76 
3656 7 19 76 
3281 8 18 76 
3080 9 13 76 
2992 9 17 76 
2869 10 14 76 
2598 10 16 76 
2472 11 15 76 
2446 0 17 76 
2417 1 18 76 
2383 2 19 76 
2162 4 19 76 
1877 5 18 76 
1759 6 17 76 
1668 7 18 76 
1630 8 17 76 
1406 9 14 76 
1354 9 16 76 
1261 10 15 76 
1248 0 16 76 
1104 1 17 76 
850 2 18 76 
667 3 19 76 
212 4 18 76 
165 5 17 76 
137 7 17 76 
99 8 16 76 
79 9 15 76 
4652 19 19 76 
4337 0 15 76 
4178 1 16 76 
4057 2 17 76 
3846 3 18 76 
3729 4 17 76 
3717 7 16 76 
3711 8 15 76 
3647 12 19 76 
3596 18 19 76 
3574 19 18 76 
3538 0 8 76 
3268 0 14 76 
3122 1 15 76 
3043 2 16 76 
2790 3 17 76 
2718 6 16 76 
2587 7 15 76 
2524 8 14 76 
1662 12 18 76 
1645 13 19 76 
1464 17 19 76 
1110 18 18 76 
943 19 17 76 
787 0 9 76 
719 0 13 76 
717 1 8 76 
467 1 14 76 
458 2 15 76 
369 3 16 76 
318 5 16 76 
172 6 15 76 
38 7 14 76 
4758 8 13 76 
4604 12 17 76 
4594 13 18 76 
4332 14 19 76 
3964 16 19 76 
3252 17 18 76 
3246 18 17 76 
3234 19 16 76 
3063 0 10 76 
3042 0 12 76 
3024 1 9 76 
2774 1 13 76 
2209 2 8 76 
2189 2 14 76 
2110 3 15 76 
1996 4 16 76 
1874 5 15 76 
1869 6 14 76 
1750 7 13 76 
1747 12 16 76 
1623 13 17 76 
1512 14 18 76 
911 15 19 76 
638 16 18 76 
581 17 17 76 
498 18 16 76 
308 19 15 76 
110 0 11 76 
4771 1 10 76 
4565 1 12 76 
4471 2 9 76 
3926 2 13 76 
3917 3 14 76 
3895 4 15 76 
3586 5 14 76 
3569 6 13 76 
3517 7 12 76 
3502 13 16 76 
3445 14 17 76 
3422 15 18 76 
3403 16 17 76 
3303 17 16 76 
3249 18 15 76 
3113 19 14 76 
2950 1 11 76 
2912 2 10 76 
2701 2 12 76 
2629 3 13 76 
2352 4 14 76 
2026 5 13 76 
1917 6 12 76 
1722 14 16 76 
1659 15 17 76 
1422 16 16 76 
1306 17 15 76 
795 18 14 76 
734 19 13 76 
189 2 11 76 
4666 3 12 76 
4660 4 13 76 
4587 5 12 76 
4358 15 16 76 
4352 16 15 76 
4258 17 14 76 
4240 18 13 76 
4173 19 12 76 
4041 3 11 76 
4033 4 12 76 
3957 15 15 76 
3906 16 14 76 
3885 17 13 76 
3750 18 12 76 
3670 19 11 76 
3418 0 7 76 
3362 3 10 76 
3033 4 11 76 
2710 12 15 76 
2692 14 15 76 
2578 15 14 76 
2460 16 13 76 
2409 17 12 76 
2265 18 11 76 
2198 19 6 76 
2183 19 10 76 
2169 0 0 76 
1939 0 6 76 
1932 1 7 76 
1740 3 9 76 
1287 4 10 76 
1113 5 11 76 
1021 12 14 76 
991 13 15 76 
725 14 14 76 
415 15 13 76 
4425 16 12 76 
4320 17 11 76 
4133 18 6 76 
3963 18 10 76 
3931 19 7 76 
3693 19 9 76 
3329 0 1 76 
3320 0 5 76 
2748 1 0 76 
2624 1 6 76 
2138 2 7 76 
2097 3 8 76 
2040 4 9 76 
1607 5 10 76 
1532 6 11 76 
1522 13 14 76 
811 14 13 76 
577 15 12 76 
470 16 11 76 
384 17 6 76 
160 17 10 76 
132 18 7 76 
4683 18 9 76 
4649 19 8 76 
4575 0 2 76 
4484 0 4 76 
4052 1 1 76 
3878 1 5 76 
3625 2 0 76 
3601 2 6 76 
3484 3 7 76 
3059 4 8 76 
2691 5 9 76 
2576 6 10 76 
1848 7 11 76 
1769 13 13 76 
1437 14 12 76 
1405 15 11 76 
1027 16 10 76 
813 17 7 76 
724 17 9 76 
434 18 8 76 
330 0 3 76 
235 1 2 76 
19 1 4 76 
4214 2 1 76 
3892 2 5 76 
3663 3 0 76 
3335 3 6 76 
2596 4 7 76 
2426 5 8 76 
2404 6 9 76 
2065 7 10 76 
2032 13 12 76 
1794 14 11 76 
1752 15 10 76 
1670 16 9 76 
1558 17 8 76 
1509 19 0 76 
1457 1 3 76 
1262 2 2 76 
1213 2 4 76 
606 3 1 76 
545 3 5 76 
34 4 0 76 
21 4 6 76 
4245 5 7 76 
4202 6 8 76 
4189 7 9 76 
3934 13 11 76 
3734 14 10 76 
3676 15 9 76 
3675 16 8 76 
3318 18 0 76 
3262 19 1 76 
3044 19 5 76 
3022 2 3 76 
2920 3 2 76 
2631 3 4 76 
2556 4 1 76 
2497 4 5 76 
2444 5 0 76 
2310 5 6 76 
2224 6 7 76 
1889 7 8 76 
1842 8 9 76 
1480 13 10 76 
1402 14 9 76 
1318 15 8 76 
1125 16 7 76 
967 17 0 76 
695 18 1 76 
663 18 5 76 
565 19 2 76 
485 19 4 76 
4690 3 3 76 
4633 4 2 76 
4206 4 4 76 
4198 5 1 76 
4146 5 5 76 
4055 6 0 76 
3993 6 6 76 
3839 7 7 76 
3822 8 8 76 
3436 9 9 76 
3316 13 9 76 
3300 14 8 76 
3159 15 7 76 
2864 16 0 76 
2852 16 6 76 
2090 17 1 76 
1887 17 5 76 
1866 18 2 76 
1741 18 4 76 
1564 19 3 76 
1393 4 3 76 
1257 5 2 76 
873 5 4 76 
380 6 1 76 
366 6 5 76 
341 7 0 76 
274 7 6 76 
126 8 7 76 
3792 9 8 76 
3669 10 9 76 
3597 12 9 76 
3522 13 8 76 
3348 14 7 76 
3311 15 6 76 
3073 16 1 76 
2789 16 5 76 
2635 17 2 76 
2374 17 4 76 
2328 18 3 76 
1517 5 3 76 
1453 6 2 76 
1300 6 4 76 
1288 7 1 76 
1115 7 5 76 
1057 8 0 76 
963 8 6 76 
742 9 7 76 
634 10 8 76 
286 11 9 76 
170 12 8 76 
4602 13 7 76 
4476 14 6 76 
4408 15 5 76 
4367 16 2 76 
4326 16 4 76 
3331 17 3 76 
3189 6 3 76 
2843 7 2 76 
2827 7 4 76 
2677 8 1 76 
2394 8 5 76 
2339 9 0 76 
1960 9 6 76 
1808 10 7 76 
1762 11 8 76 
755 12 7 76 
618 13 6 76 
402 14 5 76 
220 15 4 76 
4588 16 3 76 
4581 7 3 76 
4412 8 2 76 
4402 8 4 76 
3616 9 1 76 
3458 9 5 76 
2800 10 0 76 
1539 10 6 76 
966 11 7 76 
595 12 6 76 
531 13 5 76 
466 14 4 76 
406 15 3 76 
362 8 3 76 
214 9 2 76 
4675 9 4 76 
4116 10 1 76 
3848 10 5 76 
3472 11 6 76 
3377 12 5 76 
3213 13 4 76 
3202 14 3 76 
2873 15 2 76 
2868 9 3 76 
2750 10 2 76 
2640 10 4 76 
2604 11 5 76 
2478 12 4 76 
2230 13 3 76 
2086 14 2 76 
2064 15 1 76 
1909 10 3 76 
1651 11 4 76 
1543 12 3 76 
82 13 2 76 
4529 14 1 76 
4419 15 0 76 
2728 11 3 76 
2272 12 2 76 
2105 13 1 76 
1828 14 0 76 
1793 11 2 76 
1445 12 1 76 
1438 13 0 76 
60 11 1 76 
3193 12 0 76 
2193 11 0 76 
804 12 1 88 
2882 12 2 88 
4300 13 1 88 
4510 11 4 89 
239 12 3 89 
507 13 2 89 
571 14 1 88 
901 9 3 89 
1673 11 5 89 
3971 12 4 89 
4071 13 3 89 
821 14 2 89 
987 8 3 90 
1468 9 2 90 
2142 11 6 89 
2251 13 4 89 
2508 14 3 89 
3104 7 3 90 
4560 8 2 90 
1 9 1 90 
29 10 6 90 
973 11 7 90 
1142 6 3 91 
2048 7 2 91 
2814 8 1 91 
2860 9 6 91 
2885 10 7 91 
3461 11 8 91 
4021 5 3 92 
4555 6 2 92 
1074 7 1 92 
1356 8 6 92 
1633 9 7 92 
1751 10 8 92 
1977 16 4 91 
2100 17 3 91 
2174 5 2 93 
3130 6 1 93 
3302 7 6 93 
4113 8 7 93 
125 14 7 92 
247 17 2 92 
802 17 4 92 
1305 18 3 92 
1483 4 4 93 
1634 5 1 93 
1736 7 7 93 
1882 14 8 93 
1930 17 1 93 
2077 18 2 93 
2315 18 4 93 
2788 2 3 94 
3253 4 5 94 
3361 7 8 94 
3384 14 9 94 
3629 18 1 94 
4207 1 3 95 
4392 2 2 95 
1046 4 6 95 
2208 14 10 94 
2709 15 9 94 
2979 1 2 96 
3275 2 1 95 
3587 3 6 95 
4157 6 9 95 
4324 14 11 95 
13 15 10 95 
154 16 9 95 
640 1 1 96 
1731 2 6 96 
2283 5 9 96 
2419 6 10 96 
4043 14 12 96 
4048 15 11 96 
