1910
5604 0 19 1 
5596 0 18 1 
5487 1 19 1 
5277 0 17 1 
5051 1 18 1 
4970 2 19 1 
4945 0 16 1 
4615 1 17 1 
4488 2 18 1 
3941 3 19 1 
3938 11 19 1 
3707 0 15 1 
3565 1 16 1 
3457 2 17 1 
3358 3 18 1 
3068 4 19 1 
3063 10 19 1 
2982 11 18 1 
2765 0 14 1 
2619 1 15 1 
2591 2 16 1 
2075 3 17 1 
2010 4 18 1 
1911 5 19 1 
1750 9 19 1 
935 10 18 1 
610 11 17 1 
120 0 13 1 
114 1 14 1 
105 2 15 1 
85 3 16 1 
76 4 17 1 
5498 5 18 1 
5310 6 19 1 
5229 8 19 1 
5079 9 18 1 
4883 10 17 1 
4624 11 16 1 
4367 0 12 1 
4344 1 13 1 
4274 2 14 1 
4273 3 15 1 
4056 4 16 1 
3887 5 17 1 
3863 6 18 1 
3563 7 19 1 
3523 8 18 1 
3477 9 17 1 
3042 10 16 1 
2961 0 11 1 
2919 1 12 1 
2829 2 13 1 
2750 3 14 1 
2490 4 15 1 
2434 5 16 1 
2382 6 17 1 
2224 7 18 1 
2203 8 17 1 
2176 9 16 1 
1917 12 19 1 
1909 1 11 1 
1900 2 12 1 
1894 3 13 1 
1820 4 14 1 
1819 5 15 1 
1501 6 16 1 
1464 7 17 1 
1253 8 16 1 
1011 12 18 1 
745 13 19 1 
642 19 19 1 
517 2 11 1 
466 3 12 1 
117 4 13 1 
84 5 14 1 
60 6 15 1 
5589 7 16 1 
5574 12 17 1 
5523 13 18 1 
5431 14 19 1 
5053 18 19 1 
4739 19 18 1 
4712 3 11 1 
3846 4 12 1 
3777 5 13 1 
3536 6 14 1 
3432 7 15 1 
3237 12 16 1 
3131 13 17 1 
2938 14 18 1 
2833 15 19 1 
2294 17 19 1 
2210 18 18 1 
2200 19 17 1 
2098 4 11 1 
2069 5 12 1 
1992 6 13 1 
1974 7 14 1 
1780 8 15 1 
1205 12 15 1 
1196 13 16 1 
1020 14 17 1 
991 15 18 1 
978 16 19 1 
833 17 18 1 
809 18 17 1 
758 19 16 1 
51 5 11 1 
5679 6 12 1 
5593 7 13 1 
5115 8 14 1 
4965 9 15 1 
4954 13 15 1 
4657 14 16 1 
4560 15 17 1 
4490 16 18 1 
4204 17 17 1 
4077 18 16 1 
4032 19 15 1 
3974 6 11 1 
3957 7 12 1 
3912 8 13 1 
3879 9 14 1 
3843 10 15 1 
3829 14 15 1 
3530 15 16 1 
3404 16 17 1 
3257 17 16 1 
3032 18 15 1 
2971 19 0 1 
2818 19 14 1 
2607 7 11 1 
2482 8 12 1 
2416 9 13 1 
2381 10 14 1 
2211 11 15 1 
1795 15 15 1 
1360 16 16 1 
1190 17 15 1 
1169 18 0 1 
1075 18 14 1 
1053 19 1 1 
1028 19 13 1 
813 8 11 1 
718 9 12 1 
571 10 13 1 
282 11 14 1 
150 16 15 1 
129 17 0 1 
5223 17 14 1 
4836 18 1 1 
4674 18 13 1 
4267 19 2 1 
4012 19 12 1 
3624 9 11 1 
3258 10 12 1 
3127 11 13 1 
2914 12 14 1 
2695 16 0 1 
2161 16 14 1 
2036 17 1 1 
1492 17 13 1 
1438 18 2 1 
1110 18 12 1 
463 19 3 1 
9 19 11 1 
5643 9 10 1 
5519 10 11 1 
5017 11 12 1 
4733 12 13 1 
4703 13 14 1 
4637 15 0 1 
4573 15 14 1 
4324 16 1 1 
3962 16 13 1 
3737 17 2 1 
3694 17 12 1 
3486 18 3 1 
3309 18 11 1 
3293 19 4 1 
3083 19 10 1 
2886 10 10 1 
2708 11 11 1 
2630 12 12 1 
2365 13 13 1 
2235 14 0 1 
2162 14 14 1 
1986 15 1 1 
1927 15 13 1 
1923 16 2 1 
1879 16 12 1 
1754 17 3 1 
1699 17 11 1 
1482 18 4 1 
1239 18 10 1 
583 19 5 1 
315 19 9 1 
220 7 0 1 
164 11 10 1 
123 12 11 1 
5638 13 0 1 
5628 13 12 1 
5427 14 1 1 
5251 14 13 1 
4727 15 2 1 
4652 15 12 1 
4603 16 3 1 
4568 16 11 1 
4411 17 4 1 
4127 17 10 1 
4124 18 5 1 
3922 18 9 1 
3908 19 6 1 
3546 19 8 1 
3353 7 1 1 
2917 8 0 1 
2872 12 0 1 
2721 12 10 1 
2339 13 1 1 
2255 13 11 1 
2196 14 2 1 
2189 14 12 1 
2187 15 3 1 
2112 15 11 1 
2006 16 4 1 
1948 16 10 1 
1892 17 5 1 
1572 17 9 1 
1417 18 6 1 
1260 18 8 1 
1111 19 7 1 
1013 7 2 1 
941 8 1 1 
892 9 0 1 
470 11 0 1 
380 12 1 1 
146 12 9 1 
5621 13 2 1 
5568 13 10 1 
5440 14 3 1 
5404 14 11 1 
5058 15 4 1 
4740 15 10 1 
4714 16 5 1 
4514 16 9 1 
4475 17 6 1 
4260 17 8 1 
3915 18 7 1 
3732 7 3 1 
3706 8 2 1 
2926 9 1 1 
2867 10 0 1 
2663 11 1 1 
2427 12 2 1 
2415 12 8 1 
2298 13 3 1 
2068 13 9 1 
1624 14 4 1 
1574 14 10 1 
1571 15 5 1 
1453 15 9 1 
1277 16 6 1 
1093 16 8 1 
861 17 7 1 
473 7 4 1 
5356 8 3 1 
5247 9 2 1 
4931 10 1 1 
4553 11 2 1 
3806 12 3 1 
3668 13 4 1 
3275 13 8 1 
3020 14 5 1 
2726 14 9 1 
2450 15 6 1 
2029 15 8 1 
2022 16 7 1 
1863 8 4 1 
1755 9 3 1 
1460 10 2 1 
858 11 3 1 
721 12 4 1 
531 13 5 1 
367 14 6 1 
5456 14 8 1 
5386 15 7 1 
4294 9 4 1 
4223 10 3 1 
4173 11 4 1 
4167 12 5 1 
4087 13 6 1 
3889 14 7 1 
3744 10 4 1 
3710 11 5 1 
3151 11 9 1 
3033 12 6 1 
2969 13 7 1 
2934 10 5 1 
2642 10 9 1 
2530 11 6 1 
2337 11 8 1 
2246 12 7 1 
1474 0 10 1 
1165 8 10 1 
838 9 9 1 
445 10 6 1 
276 10 8 1 
29 11 7 1 
5571 0 9 1 
5494 1 10 1 
5143 7 10 1 
4643 8 9 1 
4376 9 8 1 
4269 10 7 1 
4252 0 8 1 
4088 1 9 1 
3280 2 10 1 
3085 6 10 1 
3024 7 9 1 
2952 8 8 1 
2071 9 7 1 
1387 0 7 1 
1302 1 8 1 
1244 2 9 1 
1008 3 10 1 
714 5 10 1 
623 6 9 1 
619 7 8 1 
297 8 7 1 
126 9 6 1 
5653 1 7 1 
5332 2 8 1 
5328 3 9 1 
4748 4 10 1 
3376 5 9 1 
3308 6 8 1 
3087 7 7 1 
2690 8 6 1 
2343 9 5 1 
1995 2 7 1 
1556 3 8 1 
772 4 9 1 
750 5 8 1 
314 6 7 1 
199 7 6 1 
176 8 5 1 
5671 3 7 1 
5342 4 8 1 
5260 5 7 1 
5240 6 6 1 
5037 7 5 1 
4843 4 7 1 
4079 5 6 1 
3896 6 5 1 
3774 4 6 1 
3616 5 5 1 
3302 6 4 1 
3099 3 6 1 
3090 4 5 1 
2550 5 4 1 
2148 6 3 1 
2054 0 6 1 
1785 2 6 1 
1720 3 5 1 
1686 4 4 1 
1523 5 3 1 
1163 6 2 1 
236 0 5 1 
5549 1 6 1 
5535 2 5 1 
4828 3 4 1 
4071 4 3 1 
4008 5 2 1 
3937 6 1 1 
3658 0 4 1 
3119 1 5 1 
2880 2 4 1 
2662 3 3 1 
2498 4 2 1 
1689 5 1 1 
1668 6 0 1 
1210 0 3 1 
5363 1 4 1 
4975 2 3 1 
4409 3 2 1 
4299 4 1 1 
3613 5 0 1 
3371 0 2 1 
3147 1 3 1 
2946 2 2 1 
2855 3 1 1 
542 4 0 1 
422 0 1 1 
216 1 2 1 
5663 2 1 1 
4295 3 0 1 
4217 0 0 1 
3692 1 1 1 
4226 2 0 1 
4192 1 0 1 
1164 1 1 13 
5164 1 2 14 
1404 2 1 13 
1407 1 3 14 
1674 2 2 14 
1987 3 1 14 
2159 1 4 14 
2192 2 3 14 
2554 3 2 14 
3540 4 1 14 
5029 1 5 15 
793 2 4 15 
1345 3 3 15 
2384 4 2 15 
3196 5 1 15 
5455 2 5 15 
5531 3 4 15 
729 4 3 15 
1536 5 2 15 
3150 3 5 16 
3158 4 4 16 
3637 5 3 16 
4057 4 5 16 
1 5 4 16 
28 5 5 16 
891 5 6 16 
934 4 8 16 
1483 5 7 16 
2031 6 6 16 
2684 3 8 17 
2770 4 9 17 
2780 5 8 17 
4237 6 7 17 
897 7 6 17 
918 2 8 17 
987 3 9 17 
1100 5 9 17 
1413 6 8 17 
1424 7 7 17 
2133 8 6 17 
4145 1 8 18 
4810 2 9 18 
5145 6 9 18 
423 7 8 18 
1035 8 7 18 
1803 1 9 18 
2421 7 9 18 
2918 8 8 18 
3622 9 8 18 
3654 10 8 19 
4222 11 6 19 
4835 11 5 19 
920 12 6 19 
1509 10 3 19 
1683 11 4 19 
1788 12 5 19 
2385 13 6 19 
3140 9 3 20 
3741 10 2 20 
4888 11 3 20 
116 12 4 20 
227 13 5 20 
1275 14 6 20 
1383 15 7 19 
1518 8 3 20 
1639 9 2 20 
1919 10 1 20 
2191 11 2 20 
2354 12 3 20 
2579 13 4 20 
2709 14 9 20 
3329 15 6 20 
3925 15 8 20 
3986 16 7 20 
3989 8 2 21 
4053 9 1 21 
4872 11 1 21 
5514 0 19 26 
5480 0 18 26 
5400 1 19 26 
5119 0 17 26 
5003 1 18 26 
4849 2 19 26 
4814 0 16 26 
4713 1 17 26 
4443 2 18 26 
4371 3 19 26 
4309 11 19 26 
4270 0 15 26 
4081 1 16 26 
4054 2 17 26 
3848 3 18 26 
3790 4 19 26 
3684 10 19 26 
3672 11 18 26 
3657 0 14 26 
3566 1 15 26 
3446 2 16 26 
3342 3 17 26 
2485 4 18 26 
2044 5 19 26 
1976 9 19 26 
1929 10 18 26 
1848 11 17 26 
1817 0 13 26 
1609 1 14 26 
1607 2 15 26 
1348 3 16 26 
1280 4 17 26 
1267 5 18 26 
755 6 19 26 
237 8 19 26 
50 9 18 26 
5684 10 17 26 
5408 11 16 26 
5284 0 12 26 
5202 1 13 26 
5026 2 14 26 
4990 3 15 26 
4955 4 16 26 
4818 5 17 26 
4384 6 18 26 
3730 7 19 26 
3674 8 18 26 
3251 9 17 26 
3010 10 16 26 
2841 0 11 26 
2661 1 12 26 
2583 2 13 26 
2296 3 14 26 
1374 4 15 26 
1321 5 16 26 
1113 6 17 26 
1074 7 18 26 
1065 8 17 26 
510 9 16 26 
436 12 19 26 
334 1 11 26 
5650 2 12 26 
5575 3 13 26 
5425 4 14 26 
5311 5 15 26 
5246 6 16 26 
4757 7 17 26 
4613 8 16 26 
4489 12 18 26 
4401 13 19 26 
3966 19 19 26 
3831 2 11 26 
3700 3 12 26 
3627 4 13 26 
3575 5 14 26 
3429 6 15 26 
3212 7 16 26 
2775 12 17 26 
2597 13 18 26 
2367 14 19 26 
1971 18 19 26 
1896 19 18 26 
1447 3 11 26 
1442 4 12 26 
1371 5 13 26 
1221 6 14 26 
419 7 15 26 
343 12 16 26 
241 13 17 26 
5416 14 18 26 
5302 15 19 26 
5132 17 19 26 
4851 18 18 26 
4594 19 17 26 
4574 4 11 26 
4571 5 12 26 
4534 6 13 26 
4479 7 14 26 
4290 8 15 26 
3723 12 15 26 
3699 13 16 26 
3416 14 17 26 
3092 15 18 26 
3047 16 19 26 
2869 17 18 26 
2599 18 17 26 
2532 19 16 26 
2426 5 11 26 
2404 6 12 26 
2379 7 13 26 
2266 8 14 26 
2158 9 15 26 
2117 13 15 26 
2079 14 16 26 
1961 15 17 26 
1718 16 18 26 
1717 17 17 26 
1630 18 16 26 
1525 19 15 26 
1465 6 11 26 
1015 7 12 26 
732 8 13 26 
648 9 14 26 
591 10 15 26 
587 14 15 26 
495 15 16 26 
444 16 17 26 
204 17 16 26 
75 18 15 26 
5144 19 0 26 
4917 19 14 26 
4838 7 11 26 
4736 8 12 26 
4061 9 13 26 
3807 10 14 26 
3666 11 15 26 
3568 15 15 26 
3317 16 16 26 
3270 17 15 26 
2967 18 0 26 
2794 18 14 26 
2791 19 1 26 
2523 19 13 26 
2047 8 11 26 
2019 9 12 26 
1746 10 13 26 
1488 11 14 26 
1206 16 15 26 
1182 17 0 26 
1094 17 14 26 
1057 18 1 26 
960 18 13 26 
713 19 2 26 
213 19 12 26 
5103 9 11 26 
5070 10 12 26 
4967 11 13 26 
4721 12 14 26 
4421 16 0 26 
4275 16 14 26 
4171 17 1 26 
4016 17 13 26 
3872 18 2 26 
3769 18 12 26 
3659 19 3 26 
3320 19 11 26 
3069 9 10 26 
2928 10 11 26 
2473 11 12 26 
2297 12 13 26 
1906 13 14 26 
1688 15 0 26 
1503 15 14 26 
1458 16 1 26 
1266 16 13 26 
853 17 2 26 
715 17 12 26 
666 18 3 26 
407 18 11 26 
203 19 4 26 
169 19 10 26 
5623 10 10 26 
5606 11 11 26 
5273 12 12 26 
4991 13 13 26 
4794 14 0 26 
4735 14 14 26 
4633 15 1 26 
4629 15 13 26 
4436 16 2 26 
3917 16 12 26 
3782 17 3 26 
3393 17 11 26 
3143 18 4 26 
3040 18 10 26 
2955 19 5 26 
2735 19 9 26 
2627 7 0 26 
2217 11 10 26 
2190 12 11 26 
1852 13 0 26 
1829 13 12 26 
1707 14 1 26 
1608 14 13 26 
1416 15 2 26 
1340 15 12 26 
726 16 3 26 
443 16 11 26 
330 17 4 26 
210 17 10 26 
180 18 5 26 
5689 18 9 26 
5261 19 6 26 
5249 19 8 26 
5171 7 1 26 
5140 8 0 26 
4792 12 0 26 
4482 12 10 26 
4399 13 1 26 
3885 13 11 26 
3833 14 2 26 
3758 14 12 26 
3159 15 3 26 
3070 15 11 26 
2537 16 4 26 
2423 16 10 26 
2394 17 5 26 
2369 17 9 26 
2107 18 6 26 
1883 18 8 26 
1742 19 7 26 
1702 7 2 26 
1589 8 1 26 
1411 9 0 26 
1395 11 0 26 
1322 12 1 26 
1062 12 9 26 
954 13 2 26 
763 13 10 26 
759 14 3 26 
430 14 11 26 
359 15 4 26 
327 15 10 26 
254 16 5 26 
112 16 9 26 
5678 17 6 26 
5358 17 8 26 
5019 18 7 26 
4881 7 3 26 
4799 8 2 26 
4311 9 1 26 
4046 10 0 26 
3851 11 1 26 
3747 12 2 26 
3715 12 8 26 
3596 13 3 26 
3515 13 9 26 
3495 14 4 26 
3227 14 10 26 
3198 15 5 26 
3192 15 9 26 
3053 16 6 26 
2686 16 8 26 
2666 17 7 26 
2452 7 4 26 
2347 8 3 26 
2336 9 2 26 
2259 10 1 26 
1527 11 2 26 
1357 12 3 26 
1174 13 4 26 
572 13 8 26 
388 14 5 26 
47 14 9 26 
5376 15 6 26 
5306 15 8 26 
5287 16 7 26 
5141 8 4 26 
4942 9 3 26 
4882 10 2 26 
4537 11 3 26 
4412 12 4 26 
4292 13 5 26 
2936 14 6 26 
2901 14 8 26 
2863 15 7 26 
2499 9 4 26 
2425 10 3 26 
2131 11 4 26 
1841 12 5 26 
1160 13 6 26 
1076 14 7 26 
1038 10 4 26 
771 11 5 26 
691 11 9 26 
508 12 6 26 
137 13 7 26 
42 10 5 26 
5658 10 9 26 
5491 11 6 26 
5459 11 8 26 
5090 12 7 26 
4583 0 10 26 
4037 8 10 26 
3359 9 9 26 
2102 10 6 26 
2074 10 8 26 
2061 11 7 26 
1988 0 9 26 
1943 1 10 26 
1778 7 10 26 
1451 8 9 26 
1436 9 8 26 
1208 10 7 26 
770 0 8 26 
669 1 9 26 
27 2 10 26 
12 6 10 26 
5687 7 9 26 
5682 8 8 26 
5616 9 7 26 
5458 0 7 26 
5444 1 8 26 
5292 2 9 26 
5173 3 10 26 
4993 5 10 26 
4310 6 9 26 
4198 7 8 26 
4060 8 7 26 
3588 9 6 26 
3398 1 7 26 
3167 2 8 26 
3153 3 9 26 
3049 4 10 26 
2865 5 9 26 
2257 6 8 26 
1888 7 7 26 
1827 8 6 26 
1812 9 5 26 
1697 2 7 26 
1626 3 8 26 
1294 4 9 26 
1219 5 8 26 
1063 6 7 26 
939 7 6 26 
744 8 5 26 
598 3 7 26 
519 4 8 26 
395 5 7 26 
381 6 6 26 
163 7 5 26 
5670 4 7 26 
5390 5 6 26 
4696 6 5 26 
3909 4 6 26 
3599 5 5 26 
3016 6 4 26 
2789 3 6 26 
2634 4 5 26 
2165 5 4 26 
2160 6 3 26 
1862 0 6 26 
1644 2 6 26 
1565 3 5 26 
1092 4 4 26 
1051 5 3 26 
74 6 2 26 
4517 0 5 26 
4155 1 6 26 
3272 2 5 26 
3123 3 4 26 
2527 4 3 26 
2520 5 2 26 
2316 6 1 26 
2302 0 4 26 
1899 1 5 26 
1478 2 4 26 
1392 3 3 26 
667 4 2 26 
5377 5 1 26 
4107 6 0 26 
3419 0 3 26 
3334 1 4 26 
2858 2 3 26 
2783 3 2 26 
2229 4 1 26 
1071 5 0 26 
959 0 2 26 
952 1 3 26 
912 2 2 26 
5082 3 1 26 
4959 4 0 26 
3688 0 1 26 
2468 1 2 26 
2322 2 1 26 
605 3 0 26 
231 0 0 26 
54 1 1 26 
3854 2 0 26 
284 1 0 26 
450 1 1 38 
1148 1 2 38 
2230 2 1 38 
300 1 3 39 
1735 2 2 39 
2057 3 1 38 
2121 1 4 39 
2977 2 3 39 
3513 3 2 39 
3985 4 1 39 
5193 1 5 40 
302 2 4 40 
1831 3 3 40 
350 4 2 40 
498 5 1 39 
509 2 5 40 
797 3 4 40 
1187 4 3 40 
1770 5 2 40 
3488 3 5 41 
5100 4 4 41 
757 5 3 41 
1242 4 5 41 
1258 5 4 41 
3586 5 5 41 
3601 5 6 41 
645 4 8 42 
1114 5 7 42 
1180 6 6 42 
1229 3 8 42 
1625 4 9 42 
2082 5 8 42 
2778 6 7 42 
3693 7 6 42 
4717 2 8 42 
4764 3 9 42 
4877 5 9 42 
819 6 8 42 
834 7 7 42 
863 8 6 42 
1037 1 8 42 
1579 2 9 42 
1930 6 9 42 
2984 7 8 42 
3821 8 7 42 
4750 1 9 43 
4823 7 9 42 
4996 8 8 42 
5339 9 8 43 
5583 10 8 43 
907 11 6 43 
532 11 5 44 
602 12 6 44 
851 10 3 44 
915 11 4 44 
1193 12 5 44 
2195 13 6 44 
2689 9 3 44 
3214 10 2 44 
3226 11 3 44 
3349 12 4 44 
3415 13 5 44 
3840 14 6 44 
4628 15 7 44 
4886 8 3 45 
5061 9 2 45 
523 10 1 45 
1287 11 2 45 
1452 12 3 45 
1511 13 4 45 
1538 14 9 45 
1573 15 6 44 
2141 15 8 44 
2466 16 7 44 
2644 8 2 45 
2665 9 1 45 
3311 11 1 45 
3507 12 2 45 
4377 13 3 45 
4494 13 9 45 
4510 15 9 45 
4577 16 6 45 
4901 16 8 45 
5566 17 7 45 
5620 0 19 51 
5490 0 18 51 
5230 1 19 51 
5196 0 17 51 
5031 1 18 51 
4980 2 19 51 
4732 0 16 51 
4576 1 17 51 
4543 2 18 51 
4530 3 19 51 
4286 11 19 51 
4177 0 15 51 
4176 1 16 51 
4152 2 17 51 
4130 3 18 51 
3963 4 19 51 
3961 10 19 51 
3827 11 18 51 
3681 0 14 51 
3476 1 15 51 
3374 2 16 51 
3373 3 17 51 
3243 4 18 51 
3041 5 19 51 
2796 9 19 51 
2731 10 18 51 
2622 11 17 51 
2601 0 13 51 
2501 1 14 51 
2495 2 15 51 
2461 3 16 51 
2391 4 17 51 
2276 5 18 51 
2227 6 19 51 
1793 8 19 51 
1792 9 18 51 
1661 10 17 51 
1582 11 16 51 
1184 0 12 51 
1178 1 13 51 
1068 2 14 51 
977 3 15 51 
887 4 16 51 
865 5 17 51 
746 6 18 51 
497 7 19 51 
409 8 18 51 
5500 9 17 51 
5341 10 16 51 
5023 0 11 51 
4857 1 12 51 
4719 2 13 51 
4601 3 14 51 
4449 4 15 51 
4243 5 16 51 
3623 6 17 51 
3386 7 18 51 
3291 8 17 51 
3288 9 16 51 
3264 12 19 51 
3200 1 11 51 
3182 2 12 51 
2387 3 13 51 
2323 4 14 51 
1941 5 15 51 
1561 6 16 51 
1513 7 17 51 
1289 8 16 51 
1194 12 18 51 
1056 13 19 51 
1050 19 19 51 
856 2 11 51 
449 3 12 51 
361 4 13 51 
301 5 14 51 
189 6 15 51 
52 7 16 51 
5555 12 17 51 
5308 13 18 51 
5169 14 19 51 
4734 18 19 51 
4549 19 18 51 
4472 3 11 51 
4429 4 12 51 
4277 5 13 51 
4150 6 14 51 
3514 7 15 51 
2868 12 16 51 
2851 13 17 51 
2329 14 18 51 
2157 15 19 51 
2139 17 19 51 
2113 18 18 51 
1881 19 17 51 
1121 4 11 51 
942 5 12 51 
895 6 13 51 
630 7 14 51 
426 8 15 51 
317 12 15 51 
5297 13 16 51 
5221 14 17 51 
5027 15 18 51 
4960 16 19 51 
4744 17 18 51 
4729 18 17 51 
4623 19 16 51 
4566 5 11 51 
4051 6 12 51 
3766 7 13 51 
3518 8 14 51 
3508 9 15 51 
3434 13 15 51 
2983 14 16 51 
2815 15 17 51 
2705 16 18 51 
2557 17 17 51 
1989 18 16 51 
1860 19 15 51 
1816 6 11 51 
1669 7 12 51 
1393 8 13 51 
1227 9 14 51 
1143 10 15 51 
1129 14 15 51 
1095 15 16 51 
1078 16 17 51 
1052 17 16 51 
914 18 15 51 
832 19 0 51 
448 19 14 51 
447 7 11 51 
5501 8 12 51 
5327 9 13 51 
5234 10 14 51 
4885 11 15 51 
4873 15 15 51 
4865 16 16 51 
4801 17 15 51 
4689 18 0 51 
4644 18 14 51 
4007 19 1 51 
3665 19 13 51 
3617 8 11 51 
3612 9 12 51 
3545 10 13 51 
3496 11 14 51 
3494 16 15 51 
3472 17 0 51 
3408 17 14 51 
3295 18 1 51 
3109 18 13 51 
3021 19 2 51 
2974 19 12 51 
2948 9 11 51 
2810 10 12 51 
2353 11 13 51 
2108 12 14 51 
1870 16 0 51 
1394 16 14 51 
1341 17 1 51 
1248 17 13 51 
1099 18 2 51 
1060 18 12 51 
925 19 3 51 
857 19 11 51 
651 9 10 51 
418 10 11 51 
355 11 12 51 
33 12 13 51 
5673 13 14 51 
5294 15 0 51 
5259 15 14 51 
5166 16 1 51 
5085 16 13 51 
5043 17 2 51 
4795 17 12 51 
4458 18 3 51 
4283 18 11 51 
4242 19 4 51 
4121 19 10 51 
3995 10 10 51 
3954 11 11 51 
3762 12 12 51 
3644 13 13 51 
3591 14 0 51 
3337 14 14 51 
3141 15 1 51 
3112 15 13 51 
3058 16 2 51 
2878 16 12 51 
2772 17 3 51 
2716 17 11 51 
2672 18 4 51 
2667 18 10 51 
2446 19 5 51 
2325 19 9 51 
2299 7 0 51 
1382 11 10 51 
1298 12 11 51 
1290 13 0 51 
1118 13 12 51 
971 14 1 51 
766 14 13 51 
676 15 2 51 
398 15 12 51 
390 16 3 51 
378 16 11 51 
5436 17 4 51 
5394 17 10 51 
4908 18 5 51 
4509 18 9 51 
4506 19 6 51 
4404 19 8 51 
4228 7 1 51 
4050 8 0 51 
3817 12 0 51 
3421 12 10 51 
2615 13 1 51 
2594 13 11 51 
2561 14 2 51 
2193 14 12 51 
1569 15 3 51 
1166 15 11 51 
1119 16 4 51 
1102 16 10 51 
765 17 5 51 
617 17 9 51 
533 18 6 51 
481 18 8 51 
175 19 7 51 
144 7 2 51 
130 8 1 51 
81 9 0 51 
5584 11 0 51 
5495 12 1 51 
5348 12 9 51 
5176 13 2 51 
5005 13 10 51 
4697 14 3 51 
4638 14 11 51 
4614 15 4 51 
4507 15 10 51 
4485 16 5 51 
4315 16 9 51 
4092 17 6 51 
4091 17 8 51 
4034 18 7 51 
4018 7 3 51 
3805 8 2 51 
3405 9 1 51 
3234 10 0 51 
3231 11 1 51 
2807 12 2 51 
2674 12 8 51 
2328 13 3 51 
1463 13 9 51 
1425 14 4 51 
783 14 10 51 
702 15 5 51 
635 15 9 51 
5605 16 6 51 
5338 16 8 51 
4806 17 7 51 
4706 7 4 51 
4702 8 3 51 
4575 9 2 51 
4257 10 1 51 
3844 11 2 51 
3726 12 3 51 
3525 13 4 51 
3503 13 8 51 
3411 14 5 51 
3148 14 9 51 
2497 15 6 51 
2023 15 8 51 
2005 16 7 51 
1204 8 4 51 
1124 9 3 51 
903 10 2 51 
829 11 3 51 
723 12 4 51 
683 13 5 51 
526 14 6 51 
258 14 8 51 
246 15 7 51 
151 9 4 51 
39 10 3 51 
5253 11 4 51 
5056 12 5 51 
4981 13 6 51 
4607 14 7 51 
4516 10 4 51 
4452 11 5 51 
4373 11 9 51 
3493 12 6 51 
3455 13 7 51 
2916 10 5 51 
2753 10 9 51 
2742 11 6 51 
2125 11 8 51 
1264 12 7 51 
1145 0 10 51 
979 8 10 51 
843 9 9 51 
664 10 6 51 
662 10 8 51 
16 11 7 51 
5631 0 9 51 
5291 1 10 51 
4791 7 10 51 
4772 8 9 51 
4651 9 8 51 
4619 10 7 51 
4265 0 8 51 
3409 1 9 51 
3179 2 10 51 
2980 6 10 51 
2920 7 9 51 
2835 8 8 51 
2749 9 7 51 
2637 0 7 51 
2033 1 8 51 
1642 2 9 51 
1522 3 10 51 
1490 5 10 51 
1333 6 9 51 
1319 7 8 51 
1263 8 7 51 
1137 9 6 51 
1081 1 7 51 
826 2 8 51 
689 3 9 51 
682 4 10 51 
578 5 9 51 
270 6 8 51 
5418 7 7 51 
5405 8 6 51 
5180 9 5 51 
4586 2 7 51 
3951 3 8 51 
3796 4 9 51 
3745 5 8 51 
3716 6 7 51 
3683 7 6 51 
3619 8 5 51 
3528 3 7 51 
3269 4 8 51 
3180 5 7 51 
3023 6 6 51 
2595 7 5 51 
2483 4 7 51 
2403 5 6 51 
1675 6 5 51 
1663 4 6 51 
1105 5 5 51 
5205 6 4 51 
5175 3 6 51 
4898 4 5 51 
4850 5 4 51 
4822 6 3 51 
4393 0 6 51 
4128 2 6 51 
3828 3 5 51 
3813 4 4 51 
3728 5 3 51 
3346 6 2 51 
3126 0 5 51 
2972 1 6 51 
2760 2 5 51 
2395 3 4 51 
2222 4 3 51 
2001 5 2 51 
1575 6 1 51 
1347 0 4 51 
1101 1 5 51 
996 2 4 51 
877 3 3 51 
595 4 2 51 
560 5 1 51 
3618 6 0 51 
3594 0 3 51 
3350 1 4 51 
3287 2 3 51 
3219 3 2 51 
1801 4 1 51 
1435 5 0 51 
5611 0 2 51 
5266 1 3 51 
4313 2 2 51 
4090 3 1 51 
3084 4 0 51 
997 0 1 51 
374 1 2 51 
4584 2 1 51 
4478 3 0 51 
4005 0 0 51 
3461 1 1 51 
4505 2 0 51 
3105 1 0 51 
311 1 1 63 
1130 1 2 64 
1868 2 1 63 
2687 1 3 64 
3315 2 2 64 
686 3 1 64 
2184 1 4 65 
3031 2 3 65 
3721 3 2 65 
4753 4 1 65 
1654 1 5 66 
2164 2 4 66 
2604 3 3 66 
3502 4 2 66 
5127 5 1 66 
1356 2 5 66 
1368 3 4 66 
1747 4 3 66 
3139 5 2 66 
3749 3 5 66 
187 4 4 66 
385 5 3 66 
1524 4 5 66 
2451 5 4 66 
293 5 5 67 
756 5 6 67 
789 4 8 67 
1158 5 7 67 
1915 6 6 67 
2242 3 8 67 
2448 4 9 67 
2929 5 8 67 
3485 6 7 67 
3581 7 6 67 
4442 2 8 68 
4685 3 9 68 
2028 5 9 68 
2081 6 8 68 
3497 7 7 67 
3842 8 6 67 
3943 1 8 68 
4044 2 9 68 
4979 6 9 68 
5646 7 8 68 
690 8 7 68 
2832 1 9 68 
3142 7 9 68 
3155 8 8 68 
3589 9 8 68 
3770 10 8 69 
5642 11 6 69 
143 11 5 69 
306 12 6 69 
456 10 3 70 
483 11 4 69 
1649 12 5 69 
2100 13 6 69 
2283 9 3 70 
2975 10 2 70 
5172 11 3 70 
5484 12 4 70 
543 13 5 70 
1547 14 6 70 
2045 15 7 70 
2458 8 3 70 
2817 9 2 70 
2958 10 1 70 
3124 11 2 70 
3204 12 3 70 
4395 13 4 70 
4454 14 9 70 
4630 15 6 70 
5018 15 8 70 
5668 0 19 76 
5513 0 18 76 
5335 1 19 76 
5225 0 17 76 
5163 1 18 76 
5138 2 19 76 
5052 0 16 76 
4598 1 17 76 
4528 2 18 76 
4322 3 19 76 
4316 11 19 76 
4306 0 15 76 
4227 1 16 76 
4142 2 17 76 
3875 3 18 76 
3834 4 19 76 
3544 10 19 76 
3370 11 18 76 
3224 0 14 76 
2999 1 15 76 
2987 2 16 76 
2939 3 17 76 
2923 4 18 76 
2798 5 19 76 
2429 9 19 76 
1946 10 18 76 
1553 11 17 76 
961 0 13 76 
868 1 14 76 
791 2 15 76 
603 3 16 76 
474 4 17 76 
30 5 18 76 
13 6 19 76 
5681 8 19 76 
5438 9 18 76 
5432 10 17 76 
5351 11 16 76 
5216 0 12 76 
5214 1 13 76 
5000 2 14 76 
4859 3 15 76 
4709 4 16 76 
4646 5 17 76 
4468 6 18 76 
4410 7 19 76 
4307 8 18 76 
4070 9 17 76 
3969 10 16 76 
3861 0 11 76 
3382 1 12 76 
3019 2 13 76 
2932 3 14 76 
2905 4 15 76 
2785 5 16 76 
2764 6 17 76 
2641 7 18 76 
2493 8 17 76 
2422 9 16 76 
2413 12 19 76 
2371 1 11 76 
2271 2 12 76 
2238 3 13 76 
2154 4 14 76 
2088 5 15 76 
1970 6 16 76 
1773 7 17 76 
1637 8 16 76 
1138 12 18 76 
1134 13 19 76 
1031 19 19 76 
980 2 11 76 
725 3 12 76 
585 4 13 76 
464 5 14 76 
451 6 15 76 
287 7 16 76 
226 12 17 76 
5648 13 18 76 
5561 14 19 76 
5299 18 19 76 
5194 19 18 76 
4678 3 11 76 
4524 4 12 76 
3793 5 13 76 
3687 6 14 76 
3686 7 15 76 
3646 12 16 76 
3569 13 17 76 
3281 14 18 76 
3177 15 19 76 
3030 17 19 76 
3003 18 18 76 
2892 19 17 76 
2243 4 11 76 
2009 5 12 76 
1846 6 13 76 
1519 7 14 76 
1201 8 15 76 
981 12 15 76 
867 13 16 76 
594 14 17 76 
513 15 18 76 
325 16 19 76 
290 17 18 76 
279 18 17 76 
224 19 16 76 
158 5 11 76 
108 6 12 76 
6 7 13 76 
5473 8 14 76 
4751 9 15 76 
4597 13 15 76 
4588 14 16 76 
4337 15 17 76 
4231 16 18 76 
4058 17 17 76 
3920 18 16 76 
3451 19 15 76 
3443 6 11 76 
3176 7 12 76 
3102 8 13 76 
2910 9 14 76 
2857 10 15 76 
2790 14 15 76 
2668 15 16 76 
2567 16 17 76 
2545 17 16 76 
2326 18 15 76 
2194 19 0 76 
2188 19 14 76 
2182 7 11 76 
2118 8 12 76 
1591 9 13 76 
1311 10 14 76 
1016 11 15 76 
922 15 15 76 
820 16 16 76 
566 17 15 76 
539 18 0 76 
208 18 14 76 
26 19 1 76 
5691 19 13 76 
5464 8 11 76 
5340 9 12 76 
5135 10 13 76 
5122 11 14 76 
5109 16 15 76 
4846 17 0 76 
4777 17 14 76 
4535 18 1 76 
4151 18 13 76 
3740 19 2 76 
3504 19 12 76 
3418 9 11 76 
3361 10 12 76 
3325 11 13 76 
3239 12 14 76 
3082 16 0 76 
2755 16 14 76 
2702 17 1 76 
2549 17 13 76 
2477 18 2 76 
2270 18 12 76 
2175 19 3 76 
1925 19 11 76 
1843 9 10 76 
1486 10 11 76 
1312 11 12 76 
1299 12 13 76 
1098 13 14 76 
639 15 0 76 
592 15 14 76 
392 16 1 76 
386 16 13 76 
338 17 2 76 
252 17 12 76 
172 18 3 76 
167 18 11 76 
5545 19 4 76 
5528 19 10 76 
5307 10 10 76 
5298 11 11 76 
5268 12 12 76 
5142 13 13 76 
4987 14 0 76 
4632 14 14 76 
4126 15 1 76 
4078 15 13 76 
3837 16 2 76 
3614 16 12 76 
3132 17 3 76 
3027 17 11 76 
2989 18 4 76 
2588 18 10 76 
2586 19 5 76 
2510 19 9 76 
2405 7 0 76 
2275 11 10 76 
1978 12 11 76 
962 13 0 76 
902 13 12 76 
800 14 1 76 
485 14 13 76 
217 15 2 76 
5695 15 12 76 
5368 16 3 76 
5165 16 11 76 
5094 17 4 76 
4844 17 10 76 
4808 18 5 76 
4686 18 9 76 
4569 19 6 76 
4340 19 8 76 
4216 7 1 76 
4095 8 0 76 
3990 12 0 76 
3669 12 10 76 
3345 13 1 76 
3312 13 11 76 
3144 14 2 76 
2875 14 12 76 
2838 15 3 76 
2813 15 11 76 
2628 16 4 76 
2623 16 10 76 
2432 17 5 76 
2327 17 9 76 
2091 18 6 76 
2003 18 8 76 
1274 19 7 76 
535 7 2 76 
437 8 1 76 
313 9 0 76 
190 11 0 76 
94 12 1 76 
5354 12 9 76 
5326 13 2 76 
5128 13 10 76 
4914 14 3 76 
4672 14 11 76 
4582 15 4 76 
4467 15 10 76 
4082 16 5 76 
4020 16 9 76 
4000 17 6 76 
3643 17 8 76 
3590 18 7 76 
3305 7 3 76 
3028 8 2 76 
2937 9 1 76 
2903 10 0 76 
2873 11 1 76 
2787 12 2 76 
2688 12 8 76 
2650 13 3 76 
2086 13 9 76 
1480 14 4 76 
1418 14 10 76 
1109 15 5 76 
957 15 9 76 
776 16 6 76 
604 16 8 76 
218 17 7 76 
179 7 4 76 
5275 8 3 76 
5245 9 2 76 
5208 10 1 76 
4874 11 2 76 
4802 12 3 76 
4796 13 4 76 
4711 13 8 76 
3893 14 5 76 
3836 14 9 76 
3752 15 6 76 
3276 15 8 76 
3135 16 7 76 
3046 8 4 76 
2996 9 3 76 
2804 10 2 76 
2715 11 3 76 
2698 12 4 76 
2670 13 5 76 
2653 14 6 76 
2418 14 8 76 
2128 15 7 76 
1512 9 4 76 
1412 10 3 76 
1310 11 4 76 
778 12 5 76 
486 13 6 76 
366 14 7 76 
332 10 4 76 
222 11 5 76 
68 11 9 76 
5489 12 6 76 
5107 13 7 76 
4924 10 5 76 
4720 10 9 76 
4572 11 6 76 
4262 11 8 76 
4259 12 7 76 
4256 0 10 76 
4246 8 10 76 
3979 9 9 76 
3628 10 6 76 
3608 10 8 76 
3549 11 7 76 
3534 0 9 76 
3217 1 10 76 
3029 7 10 76 
1918 8 9 76 
1690 9 8 76 
1343 10 7 76 
91 0 8 76 
87 1 9 76 
5406 2 10 76 
5057 6 10 76 
4789 7 9 76 
4742 8 8 76 
4650 9 7 76 
4529 0 7 76 
3955 1 8 76 
3604 2 9 76 
3597 3 10 76 
3367 5 10 76 
3330 6 9 76 
3260 7 8 76 
2966 8 7 76 
2535 9 6 76 
1847 1 7 76 
1612 2 8 76 
1096 3 9 76 
956 4 10 76 
748 5 9 76 
22 6 8 76 
5597 7 7 76 
5518 8 6 76 
5313 9 5 76 
5086 2 7 76 
4561 3 8 76 
4336 4 9 76 
3980 5 8 76 
3965 6 7 76 
3424 7 6 76 
3384 8 5 76 
3267 3 7 76 
3201 4 8 76 
3174 5 7 76 
2774 6 6 76 
2638 7 5 76 
2465 4 7 76 
1972 5 6 76 
1825 6 5 76 
1559 4 6 76 
708 5 5 76 
141 6 4 76 
5415 3 6 76 
5396 4 5 76 
5283 5 4 76 
5224 6 3 76 
4642 0 6 76 
4497 2 6 76 
4266 3 5 76 
4040 4 4 76 
3850 5 3 76 
3712 6 2 76 
2941 0 5 76 
2719 1 6 76 
2700 2 5 76 
2168 3 4 76 
2087 4 3 76 
2027 5 2 76 
1949 6 1 76 
1713 0 4 76 
1402 1 5 76 
1072 2 4 76 
1041 3 3 76 
341 4 2 76 
5371 5 1 76 
5039 6 0 76 
4904 0 3 76 
4893 1 4 76 
4550 2 3 76 
4444 3 2 76 
3194 4 1 76 
2136 5 0 76 
1947 0 2 76 
1920 1 3 76 
901 2 2 76 
5317 3 1 76 
5241 4 0 76 
4889 0 1 76 
4590 1 2 76 
3960 2 1 76 
3221 3 0 76 
1851 0 0 76 
4512 1 1 76 
4370 2 0 76 
3005 1 0 76 
1979 1 1 88 
2736 1 2 89 
2388 2 1 89 
5035 1 3 90 
1034 2 2 90 
1806 3 1 89 
2350 1 4 90 
3290 2 3 90 
3610 3 2 90 
633 4 1 90 
860 1 5 91 
1132 2 4 91 
4117 3 3 91 
940 4 2 91 
1235 5 1 90 
1823 2 5 91 
2345 3 4 91 
2578 4 3 91 
4392 5 2 91 
4760 3 5 91 
5278 4 4 91 
5360 5 3 91 
225 4 5 91 
295 5 4 91 
525 5 5 92 
663 5 6 92 
717 4 8 92 
966 5 7 92 
2484 6 6 92 
2854 3 8 92 
2994 4 9 92 
3100 5 8 92 
3444 6 7 92 
72 7 6 92 
2077 2 8 93 
2143 3 9 93 
3172 5 9 93 
3448 6 8 93 
3511 7 7 92 
3899 8 6 92 
4469 1 8 93 
4848 2 9 93 
5256 6 9 93 
45 7 8 93 
277 8 7 93 
312 1 9 94 
1022 7 9 93 
2207 8 8 93 
3571 9 8 94 
3886 10 8 94 
4059 11 6 94 
4682 11 5 95 
271 12 6 94 
416 10 3 95 
636 11 4 95 
643 12 5 95 
1391 13 6 95 
2094 9 3 95 
2110 10 2 95 
2717 11 3 95 
3953 12 4 95 
4418 13 5 95 
5134 14 6 95 
5330 15 7 95 
206 8 3 95 
272 9 2 95 
1358 10 1 95 
1805 11 2 95 
2040 12 3 95 
2431 13 4 95 
2443 14 9 95 
2677 15 6 95 
2823 15 8 95 
3164 16 7 95 
4068 8 2 96 
5492 9 1 96 
