1936
6443 0 19 1 
6442 0 18 1 
6400 1 19 1 
6252 19 19 1 
5559 0 17 1 
5460 1 18 1 
5014 2 19 1 
4864 18 19 1 
4491 19 18 1 
4451 0 16 1 
4063 1 17 1 
4027 2 18 1 
3967 3 19 1 
3830 17 19 1 
3803 18 18 1 
3418 19 17 1 
3141 0 15 1 
3055 1 16 1 
2818 2 17 1 
2805 3 18 1 
2272 4 19 1 
2072 16 19 1 
2050 17 18 1 
1691 18 17 1 
1277 19 16 1 
1083 0 14 1 
513 1 15 1 
234 2 16 1 
21 3 17 1 
6457 4 18 1 
6297 5 19 1 
6238 15 19 1 
5888 16 18 1 
5790 17 17 1 
5663 18 16 1 
5568 19 15 1 
5462 1 14 1 
5139 2 15 1 
5077 3 16 1 
4778 4 17 1 
4443 5 18 1 
4428 6 19 1 
4264 14 19 1 
4199 15 18 1 
3957 16 17 1 
3745 17 16 1 
3666 18 15 1 
3549 19 6 1 
3526 19 14 1 
3228 2 14 1 
2592 3 15 1 
2569 4 16 1 
2524 5 17 1 
1792 6 18 1 
1773 7 19 1 
1580 13 19 1 
1499 14 18 1 
1377 15 17 1 
1082 16 16 1 
855 17 15 1 
616 18 6 1 
496 18 14 1 
150 19 7 1 
104 19 13 1 
6143 3 14 1 
5664 4 15 1 
5628 5 16 1 
5595 6 17 1 
5552 7 18 1 
5271 8 19 1 
5188 12 19 1 
5134 13 18 1 
4689 14 17 1 
4675 15 16 1 
4589 16 15 1 
4574 17 6 1 
4351 17 14 1 
4271 18 7 1 
4251 18 13 1 
3792 19 8 1 
3701 19 12 1 
3180 4 14 1 
3118 5 15 1 
3079 6 16 1 
2967 7 17 1 
2940 8 18 1 
2425 9 19 1 
2415 11 19 1 
2298 12 18 1 
2047 13 17 1 
1717 14 16 1 
1699 15 15 1 
1128 16 6 1 
736 16 14 1 
714 17 7 1 
473 17 13 1 
252 18 8 1 
249 18 12 1 
6478 19 9 1 
6376 19 11 1 
6199 5 14 1 
6182 6 15 1 
5907 7 16 1 
5413 8 17 1 
5147 9 18 1 
4842 10 19 1 
4763 11 18 1 
4586 12 17 1 
4238 13 16 1 
3844 14 15 1 
3668 15 6 1 
3523 15 14 1 
3398 16 7 1 
3363 16 13 1 
2838 17 8 1 
2589 17 12 1 
2506 18 9 1 
2368 18 11 1 
2325 19 0 1 
2243 19 10 1 
1962 5 13 1 
1581 6 14 1 
1549 7 15 1 
1543 8 16 1 
1217 9 17 1 
1196 10 18 1 
1151 11 17 1 
1138 12 16 1 
1109 13 15 1 
738 14 14 1 
682 15 7 1 
514 15 13 1 
509 16 8 1 
461 16 12 1 
108 17 9 1 
2 17 11 1 
6160 18 0 1 
6159 18 10 1 
6113 19 1 1 
6020 5 12 1 
5937 6 13 1 
5870 7 14 1 
5263 8 15 1 
5189 9 16 1 
5032 10 17 1 
4977 11 16 1 
4852 12 15 1 
4837 13 14 1 
4706 14 13 1 
4697 15 8 1 
4570 15 12 1 
4390 16 9 1 
4300 16 11 1 
4175 17 0 1 
4061 17 10 1 
4056 18 1 1 
3467 19 2 1 
3420 5 11 1 
3292 6 12 1 
3254 7 13 1 
2928 8 14 1 
2458 9 15 1 
2284 10 16 1 
2170 11 15 1 
1929 12 14 1 
1679 13 13 1 
1576 14 12 1 
1471 15 9 1 
1454 15 11 1 
1320 16 0 1 
723 16 10 1 
545 17 1 1 
36 18 2 1 
6354 19 3 1 
6326 0 13 1 
6155 6 11 1 
6095 7 12 1 
5855 8 13 1 
5655 9 14 1 
5530 10 15 1 
5170 11 14 1 
5034 12 13 1 
4991 13 12 1 
4960 14 11 1 
4857 15 0 1 
4676 15 10 1 
4663 16 1 1 
4539 17 2 1 
4452 18 3 1 
3963 19 4 1 
3895 0 12 1 
3359 1 13 1 
3086 7 11 1 
2902 8 12 1 
2726 9 13 1 
2536 10 14 1 
2344 11 13 1 
2232 12 12 1 
2176 13 11 1 
1153 14 0 1 
574 14 10 1 
542 15 1 1 
255 16 2 1 
6192 17 3 1 
6100 18 4 1 
5771 19 5 1 
5692 0 11 1 
5491 1 12 1 
5474 2 13 1 
4956 7 10 1 
4607 8 11 1 
4415 9 12 1 
4329 10 13 1 
4050 11 12 1 
3954 12 11 1 
3913 13 0 1 
3474 13 10 1 
3355 14 1 1 
3135 14 9 1 
2667 15 2 1 
2660 16 3 1 
2655 17 4 1 
1641 18 5 1 
1449 0 10 1 
1247 1 11 1 
396 2 12 1 
6055 3 13 1 
5995 7 9 1 
5911 8 10 1 
5712 9 11 1 
5520 10 12 1 
4975 11 11 1 
4807 12 0 1 
4413 12 10 1 
3972 13 1 1 
3514 13 9 1 
3424 14 2 1 
3375 14 8 1 
3241 15 3 1 
2812 16 4 1 
2414 17 5 1 
2394 0 9 1 
2369 1 10 1 
2291 2 11 1 
2273 3 12 1 
2268 4 13 1 
2241 8 9 1 
2173 9 10 1 
2166 10 11 1 
1985 11 0 1 
1297 11 10 1 
1169 12 1 1 
770 12 9 1 
667 13 2 1 
517 13 8 1 
6449 14 3 1 
6261 14 7 1 
5804 15 4 1 
5513 16 5 1 
5364 0 8 1 
5267 1 9 1 
5240 2 10 1 
5029 3 11 1 
4935 4 12 1 
4365 9 9 1 
4341 10 0 1 
4134 10 10 1 
4116 11 1 1 
3856 11 9 1 
3540 12 2 1 
3478 12 8 1 
3365 13 3 1 
3085 13 7 1 
2848 14 4 1 
2735 14 6 1 
2677 15 5 1 
2533 0 7 1 
2435 1 8 1 
2399 2 9 1 
1757 3 10 1 
1441 4 11 1 
1156 9 0 1 
650 10 1 1 
540 10 9 1 
498 11 2 1 
298 11 8 1 
6293 12 3 1 
6273 12 7 1 
5597 13 4 1 
5589 13 6 1 
5542 14 5 1 
5512 0 6 1 
5487 1 7 1 
5471 2 8 1 
5035 3 9 1 
5024 4 10 1 
4834 9 1 1 
4628 10 2 1 
4510 10 8 1 
4501 11 3 1 
4454 11 7 1 
3510 12 4 1 
3218 12 6 1 
2567 13 5 1 
1916 0 5 1 
1483 1 6 1 
1472 2 7 1 
1443 3 8 1 
1368 4 9 1 
849 5 10 1 
6220 9 2 1 
5801 9 8 1 
5748 10 3 1 
5194 10 7 1 
4851 11 4 1 
4610 11 6 1 
3682 12 5 1 
3381 0 4 1 
3343 1 5 1 
3051 2 6 1 
2883 3 7 1 
2474 4 8 1 
2040 5 9 1 
1590 6 10 1 
1049 8 8 1 
5800 9 3 1 
5702 9 7 1 
4932 10 4 1 
4621 10 6 1 
4606 11 5 1 
4604 0 3 1 
4572 1 4 1 
4093 2 5 1 
3303 3 6 1 
3200 4 7 1 
3066 5 8 1 
2915 6 9 1 
2682 7 8 1 
2154 8 7 1 
1825 9 4 1 
1730 9 6 1 
1672 10 5 1 
1660 0 2 1 
1204 1 3 1 
1028 2 4 1 
757 3 5 1 
755 4 6 1 
6411 5 7 1 
6191 6 8 1 
6090 7 7 1 
5728 8 6 1 
5260 9 5 1 
5084 0 1 1 
4585 1 2 1 
4420 2 3 1 
4132 3 4 1 
3968 4 5 1 
2922 5 6 1 
2323 6 7 1 
1062 7 6 1 
859 8 5 1 
445 0 0 1 
423 1 1 1 
382 2 2 1 
237 3 3 1 
190 4 4 1 
4989 5 5 1 
4232 6 6 1 
3696 7 5 1 
2958 8 4 1 
2413 1 0 1 
2312 2 1 1 
1729 3 2 1 
552 4 3 1 
201 5 4 1 
6111 6 5 1 
5418 7 4 1 
5157 8 3 1 
5009 2 0 1 
4920 3 1 1 
4395 4 2 1 
4073 5 3 1 
4025 6 4 1 
3708 7 3 1 
2752 8 2 1 
2148 3 0 1 
1438 4 1 1 
1419 5 2 1 
1305 6 3 1 
790 7 2 1 
662 8 1 1 
476 4 0 1 
6081 5 1 1 
5461 6 2 1 
2715 7 1 1 
1601 8 0 1 
1110 5 0 1 
6362 6 1 1 
4122 7 0 1 
3855 6 0 1 
1579 6 1 12 
2106 5 1 13 
155 6 2 13 
164 7 1 13 
2306 4 1 14 
6272 5 2 14 
192 6 3 14 
953 7 2 14 
1498 3 1 14 
1685 4 2 14 
2603 5 3 14 
3444 6 4 14 
3934 7 3 14 
4661 2 1 15 
5640 3 2 15 
1852 4 3 15 
4899 5 4 15 
4915 6 5 14 
5414 7 4 14 
1544 1 1 16 
5266 2 2 16 
5334 3 3 16 
5643 4 4 16 
721 5 5 15 
1031 6 6 15 
1241 7 5 15 
1661 1 2 16 
2366 2 3 16 
2424 3 4 16 
2689 4 5 16 
3397 5 6 16 
3513 6 7 16 
4781 7 6 16 
5237 1 3 17 
5463 2 4 17 
5485 3 5 17 
61 4 6 17 
277 7 7 16 
1252 8 6 16 
4635 1 4 17 
5799 2 5 17 
5970 3 6 17 
70 8 7 17 
880 9 6 17 
1764 10 5 17 
2624 1 5 18 
2730 2 6 18 
2816 5 9 18 
3569 9 7 17 
3999 10 4 17 
4477 10 6 17 
5039 11 5 17 
5068 1 6 19 
5281 4 9 19 
5727 10 3 18 
603 10 7 18 
1744 11 4 18 
1817 11 6 18 
2058 12 5 18 
3144 3 9 19 
3313 10 2 19 
3466 11 3 19 
4616 11 7 19 
4766 12 4 19 
200 12 6 19 
206 13 5 19 
847 2 9 20 
1245 3 10 20 
1689 10 1 20 
2178 11 2 20 
3582 11 8 20 
3951 12 3 19 
4171 12 7 19 
5253 13 4 19 
5453 13 6 19 
6371 1 9 20 
102 2 10 20 
306 3 11 20 
369 10 10 20 
419 11 1 20 
422 11 9 20 
649 12 2 20 
976 12 8 20 
1103 13 3 20 
1291 13 7 20 
1400 14 4 20 
1636 1 10 21 
2483 2 11 21 
2587 3 12 21 
2633 9 10 21 
3299 10 11 21 
3353 11 10 21 
4229 12 1 21 
5877 12 9 21 
6219 0 19 26 
5913 0 18 26 
5878 1 19 26 
5733 19 19 26 
5598 0 17 26 
5521 1 18 26 
5359 2 19 26 
5201 18 19 26 
5118 19 18 26 
4246 0 16 26 
4182 1 17 26 
3684 2 18 26 
3415 3 19 26 
3222 17 19 26 
3217 18 18 26 
3119 19 17 26 
3054 0 15 26 
2913 1 16 26 
2680 2 17 26 
2551 3 18 26 
2336 4 19 26 
2302 16 19 26 
2151 17 18 26 
2057 18 17 26 
1891 19 16 26 
1770 0 14 26 
1731 1 15 26 
1597 2 16 26 
1466 3 17 26 
996 4 18 26 
886 5 19 26 
543 15 19 26 
5743 16 18 26 
5651 17 17 26 
5636 18 16 26 
5566 19 15 26 
5368 1 14 26 
4990 2 15 26 
4951 3 16 26 
4692 4 17 26 
4664 5 18 26 
4183 6 19 26 
4131 14 19 26 
3857 15 18 26 
3770 16 17 26 
3718 17 16 26 
3714 18 15 26 
3622 19 6 26 
3560 19 14 26 
3197 2 14 26 
3158 3 15 26 
3070 4 16 26 
2755 5 17 26 
2629 6 18 26 
2593 7 19 26 
2518 13 19 26 
2495 14 18 26 
2468 15 17 26 
2417 16 16 26 
2197 17 15 26 
1952 18 6 26 
1868 18 14 26 
1745 19 7 26 
1045 19 13 26 
583 3 14 26 
507 4 15 26 
469 5 16 26 
338 6 17 26 
321 7 18 26 
293 8 19 26 
182 12 19 26 
162 13 18 26 
6417 14 17 26 
6395 15 16 26 
6255 16 15 26 
5861 17 6 26 
5859 17 14 26 
5678 18 7 26 
5654 18 13 26 
5042 19 8 26 
5003 19 12 26 
4914 4 14 26 
4680 5 15 26 
4306 6 16 26 
4288 7 17 26 
4284 8 18 26 
4273 9 19 26 
4179 11 19 26 
3755 12 18 26 
3744 13 17 26 
3678 14 16 26 
3416 15 15 26 
2820 16 6 26 
2620 16 14 26 
2538 17 7 26 
2203 17 13 26 
1997 18 8 26 
1234 18 12 26 
994 19 9 26 
794 19 11 26 
763 5 14 26 
680 6 15 26 
608 7 16 26 
412 8 17 26 
93 9 18 26 
6173 10 19 26 
5887 11 18 26 
5782 12 17 26 
5751 13 16 26 
5591 14 15 26 
5446 15 6 26 
5207 15 14 26 
5143 16 7 26 
4908 16 13 26 
4868 17 8 26 
4863 17 12 26 
4824 18 9 26 
4538 18 11 26 
4285 19 0 26 
4274 19 10 26 
3780 5 13 26 
3505 6 14 26 
3366 7 15 26 
3250 8 16 26 
2984 9 17 26 
2610 10 18 26 
2452 11 17 26 
2444 12 16 26 
2395 13 15 26 
1994 14 14 26 
1860 15 7 26 
1690 15 13 26 
1678 16 8 26 
1658 16 12 26 
1392 17 9 26 
1140 17 11 26 
1021 18 0 26 
646 18 10 26 
399 19 1 26 
381 5 12 26 
326 6 13 26 
203 7 14 26 
6282 8 15 26 
6051 9 16 26 
5896 10 17 26 
5693 11 16 26 
5550 12 15 26 
5505 13 14 26 
5402 14 13 26 
5363 15 8 26 
5330 15 12 26 
5310 16 9 26 
5229 16 11 26 
5142 17 0 26 
5064 17 10 26 
4962 18 1 26 
4814 19 2 26 
4749 5 11 26 
4625 6 12 26 
4301 7 13 26 
4256 8 14 26 
4006 9 15 26 
3973 10 16 26 
3642 11 15 26 
3606 12 14 26 
3374 13 13 26 
3317 14 12 26 
3302 15 9 26 
3291 15 11 26 
3044 16 0 26 
2900 16 10 26 
2555 17 1 26 
2137 18 2 26 
2121 19 3 26 
1933 0 13 26 
1837 6 11 26 
1287 7 12 26 
1284 8 13 26 
1231 9 14 26 
1187 10 15 26 
1179 11 14 26 
1071 12 13 26 
489 13 12 26 
266 14 11 26 
6470 15 0 26 
6295 15 10 26 
6258 16 1 26 
6003 17 2 26 
5516 18 3 26 
5023 19 4 26 
4997 0 12 26 
4965 1 13 26 
4677 7 11 26 
4593 8 12 26 
4209 9 13 26 
4044 10 14 26 
3742 11 13 26 
3713 12 12 26 
2512 13 11 26 
2442 14 0 26 
2054 14 10 26 
1983 15 1 26 
1795 16 2 26 
1282 17 3 26 
727 18 4 26 
602 19 5 26 
312 0 11 26 
126 1 12 26 
116 2 13 26 
6390 7 10 26 
6214 8 11 26 
6171 9 12 26 
6053 10 13 26 
5245 11 12 26 
4964 12 11 26 
4438 13 0 26 
4333 13 10 26 
4325 14 1 26 
4176 14 9 26 
3743 15 2 26 
3604 16 3 26 
3439 17 4 26 
2982 18 5 26 
2981 0 10 26 
2943 1 11 26 
2601 2 12 26 
2576 3 13 26 
2510 7 9 26 
2500 8 10 26 
1909 9 11 26 
1779 10 12 26 
1688 11 11 26 
1199 12 0 26 
940 12 10 26 
448 13 1 26 
429 13 9 26 
348 14 2 26 
6358 14 8 26 
6009 15 3 26 
5939 16 4 26 
5876 17 5 26 
5408 0 9 26 
5153 1 10 26 
4139 2 11 26 
3874 3 12 26 
3865 4 13 26 
3486 8 9 26 
3377 9 10 26 
3207 10 11 26 
3029 11 0 26 
2855 11 10 26 
2775 12 1 26 
2757 12 9 26 
2439 13 2 26 
1610 13 8 26 
1599 14 3 26 
1559 14 7 26 
1458 15 4 26 
1387 16 5 26 
1366 0 8 26 
1293 1 9 26 
1208 2 10 26 
631 3 11 26 
341 4 12 26 
177 9 9 26 
6407 10 0 26 
6347 10 10 26 
5986 11 1 26 
5750 11 9 26 
4903 12 2 26 
4659 12 8 26 
4638 13 3 26 
4527 13 7 26 
4340 14 4 26 
4324 14 6 26 
4223 15 5 26 
4161 0 7 26 
3896 1 8 26 
3430 2 9 26 
3172 3 10 26 
3171 4 11 26 
2953 9 0 26 
2892 10 1 26 
2862 10 9 26 
2634 11 2 26 
2559 11 8 26 
2264 12 3 26 
2253 12 7 26 
2196 13 4 26 
1378 13 6 26 
1344 14 5 26 
1063 0 6 26 
897 1 7 26 
68 2 8 26 
6253 3 9 26 
6063 4 10 26 
6032 9 1 26 
5665 10 2 26 
4696 10 8 26 
4599 11 3 26 
4596 11 7 26 
4026 12 4 26 
4016 12 6 26 
3725 13 5 26 
3710 0 5 26 
3280 1 6 26 
3004 2 7 26 
2739 3 8 26 
2561 4 9 26 
2453 5 10 26 
1928 9 2 26 
1899 9 8 26 
1447 10 3 26 
1303 10 7 26 
1195 11 4 26 
1108 11 6 26 
221 12 5 26 
6434 0 4 26 
6344 1 5 26 
6176 2 6 26 
6115 3 7 26 
5914 4 8 26 
5445 5 9 26 
5323 6 10 26 
5010 8 8 26 
3496 9 3 26 
3296 9 7 26 
2345 10 4 26 
2226 10 6 26 
1999 11 5 26 
1991 0 3 26 
1364 1 4 26 
1061 2 5 26 
943 3 6 26 
908 4 7 26 
299 5 8 26 
82 6 9 26 
6148 7 8 26 
6011 8 7 26 
5958 9 4 26 
5511 9 6 26 
3899 10 5 26 
3875 0 2 26 
3802 1 3 26 
3020 2 4 26 
2951 3 5 26 
2422 4 6 26 
2316 5 7 26 
2199 6 8 26 
2097 7 7 26 
1596 8 6 26 
1575 9 5 26 
901 0 1 26 
896 1 2 26 
599 2 3 26 
107 3 4 26 
6254 4 5 26 
5893 5 6 26 
5707 6 7 26 
5609 7 6 26 
5592 8 5 26 
5114 0 0 26 
4913 1 1 26 
3837 2 2 26 
3726 3 3 26 
3679 4 4 26 
3455 5 5 26 
2978 6 6 26 
2640 7 5 26 
2392 8 4 26 
1873 1 0 26 
1676 2 1 26 
1373 3 2 26 
1146 4 3 26 
861 5 4 26 
6355 6 5 26 
6299 7 4 26 
6263 8 3 26 
5613 2 0 26 
5536 3 1 26 
5346 4 2 26 
5063 5 3 26 
4429 6 4 26 
2989 7 3 26 
2911 8 2 26 
2616 3 0 26 
2174 4 1 26 
2031 5 2 26 
1989 6 3 26 
1615 7 2 26 
41 8 1 26 
6392 4 0 26 
1938 5 1 26 
1824 6 2 26 
1329 7 1 26 
511 8 0 26 
6089 5 0 26 
3989 6 1 26 
3735 7 0 26 
1600 6 0 26 
6069 6 1 38 
3945 5 1 39 
4379 6 2 39 
501 7 1 39 
1772 4 1 40 
72 5 2 40 
1791 6 3 40 
2286 7 2 40 
3102 3 1 40 
3234 4 2 40 
4856 5 3 40 
4924 6 4 40 
5140 7 3 40 
5769 2 1 41 
5882 3 2 41 
16 4 3 41 
375 5 4 41 
465 6 5 40 
1033 7 4 40 
1090 1 1 41 
1842 2 2 41 
2079 3 3 41 
2446 4 4 41 
3075 5 5 41 
4404 6 6 41 
4410 7 5 41 
4779 1 2 42 
6436 2 3 42 
567 3 4 42 
591 4 5 41 
782 5 6 41 
962 6 7 41 
1046 7 6 41 
1118 1 3 42 
1326 2 4 42 
3790 3 5 42 
3862 4 6 42 
3898 7 7 42 
4173 8 6 42 
4435 1 4 43 
6010 2 5 43 
1406 3 6 43 
1861 8 7 42 
2288 9 6 42 
3390 10 5 42 
3766 1 5 43 
4040 2 6 43 
4940 5 9 43 
5691 9 7 43 
5864 10 4 43 
6123 10 6 43 
18 11 5 43 
658 1 6 44 
1215 4 9 44 
1273 10 3 44 
1337 10 7 44 
1424 11 4 44 
2024 11 6 44 
2351 12 5 44 
2653 3 9 44 
3801 10 2 44 
3876 11 3 44 
4275 11 7 44 
64 12 4 44 
1667 12 6 44 
2204 13 5 44 
2481 2 9 45 
2540 3 10 45 
3268 10 1 45 
4159 11 2 45 
4682 11 8 45 
4967 12 3 45 
5689 12 7 45 
568 13 4 45 
717 13 6 45 
4079 1 9 46 
5931 2 10 46 
6151 3 11 46 
6105 0 19 51 
6062 0 18 51 
5988 1 19 51 
5935 19 19 51 
5706 0 17 51 
5484 1 18 51 
5332 2 19 51 
5247 18 19 51 
5090 19 18 51 
5054 0 16 51 
5008 1 17 51 
4953 2 18 51 
4946 3 19 51 
4858 17 19 51 
4762 18 18 51 
4642 19 17 51 
4640 0 15 51 
4405 1 16 51 
4177 2 17 51 
3987 3 18 51 
3958 4 19 51 
3939 16 19 51 
3933 17 18 51 
3847 18 17 51 
3632 19 16 51 
3625 0 14 51 
3581 1 15 51 
2957 2 16 51 
2794 3 17 51 
2410 4 18 51 
2356 5 19 51 
1651 15 19 51 
1384 16 18 51 
1254 17 17 51 
1024 18 16 51 
946 19 15 51 
838 1 14 51 
698 2 15 51 
573 3 16 51 
230 4 17 51 
171 5 18 51 
76 6 19 51 
6041 14 19 51 
5892 15 18 51 
5791 16 17 51 
5475 17 16 51 
5265 18 15 51 
5212 19 6 51 
4944 19 14 51 
4681 2 14 51 
4487 3 15 51 
4366 4 16 51 
4140 5 17 51 
3997 6 18 51 
3612 7 19 51 
3137 13 19 51 
2920 14 18 51 
2841 15 17 51 
2626 16 16 51 
2599 17 15 51 
2423 18 6 51 
2274 18 14 51 
2183 19 7 51 
1715 19 13 51 
1635 3 14 51 
1345 4 15 51 
1060 5 16 51 
990 6 17 51 
954 7 18 51 
789 8 19 51 
786 12 19 51 
585 13 18 51 
524 14 17 51 
434 15 16 51 
360 16 15 51 
218 17 6 51 
6383 17 14 51 
5777 18 7 51 
5735 18 13 51 
5515 19 8 51 
5444 19 12 51 
5412 4 14 51 
4996 5 15 51 
4939 6 16 51 
4843 7 17 51 
4835 8 18 51 
4670 9 19 51 
4224 11 19 51 
3966 12 18 51 
3884 13 17 51 
3879 14 16 51 
3822 15 15 51 
3525 16 6 51 
3413 16 14 51 
3350 17 7 51 
3332 17 13 51 
3045 18 8 51 
3001 18 12 51 
2886 19 9 51 
2160 19 11 51 
1845 5 14 51 
1535 6 15 51 
1520 7 16 51 
1491 8 17 51 
1365 9 18 51 
980 10 19 51 
854 11 18 51 
800 12 17 51 
582 13 16 51 
475 14 15 51 
324 15 6 51 
269 15 14 51 
94 16 7 51 
6441 16 13 51 
6278 17 8 51 
6165 17 12 51 
6047 18 9 51 
5851 18 11 51 
5571 19 0 51 
5377 19 10 51 
5120 5 13 51 
5044 6 14 51 
4999 7 15 51 
4525 8 16 51 
4517 9 17 51 
4342 10 18 51 
4233 11 17 51 
4187 12 16 51 
4123 13 15 51 
4089 14 14 51 
3926 15 7 51 
3849 15 13 51 
3721 16 8 51 
3448 16 12 51 
3349 17 9 51 
3232 17 11 51 
3093 18 0 51 
2849 18 10 51 
2649 19 1 51 
2145 5 12 51 
1238 6 13 51 
888 7 14 51 
392 8 15 51 
214 9 16 51 
158 10 17 51 
121 11 16 51 
6379 12 15 51 
6300 13 14 51 
5991 14 13 51 
5912 15 8 51 
5831 15 12 51 
5811 16 9 51 
5537 16 11 51 
5406 17 0 51 
5340 17 10 51 
5235 18 1 51 
4545 19 2 51 
4450 5 11 51 
4354 6 12 51 
4227 7 13 51 
4112 8 14 51 
3210 9 15 51 
2840 10 16 51 
2777 11 15 51 
2696 12 14 51 
2141 13 13 51 
1743 14 12 51 
1702 15 9 51 
1503 15 11 51 
1053 16 0 51 
930 16 10 51 
636 17 1 51 
6269 18 2 51 
6222 19 3 51 
6017 0 13 51 
5962 6 11 51 
5553 7 12 51 
5342 8 13 51 
5131 9 14 51 
4783 10 15 51 
4526 11 14 51 
4262 12 13 51 
3517 13 12 51 
3503 14 11 51 
3237 15 0 51 
2962 15 10 51 
2828 16 1 51 
2671 17 2 51 
2314 18 3 51 
2303 19 4 51 
1922 0 12 51 
1781 1 13 51 
1748 7 11 51 
1627 8 12 51 
1608 9 13 51 
1513 10 14 51 
1318 11 13 51 
1221 12 12 51 
1043 13 11 51 
804 14 0 51 
495 14 10 51 
5 15 1 51 
6445 16 2 51 
6307 17 3 51 
6144 18 4 51 
4715 19 5 51 
4427 0 11 51 
4330 1 12 51 
4226 2 13 51 
4128 7 10 51 
3827 8 11 51 
3775 9 12 51 
3758 10 13 51 
3462 11 12 51 
3410 12 11 51 
3127 13 0 51 
2714 13 10 51 
2488 14 1 51 
2396 14 9 51 
2341 15 2 51 
2307 16 3 51 
1663 17 4 51 
1462 18 5 51 
1225 0 10 51 
1129 1 11 51 
918 2 12 51 
839 3 13 51 
678 7 9 51 
677 8 10 51 
388 9 11 51 
300 10 12 51 
270 11 11 51 
32 12 0 51 
13 12 10 51 
6 13 1 51 
5938 13 9 51 
5828 14 2 51 
5758 14 8 51 
5206 15 3 51 
4566 16 4 51 
4359 17 5 51 
4219 0 9 51 
4213 1 10 51 
3993 2 11 51 
3869 3 12 51 
3765 4 13 51 
3369 8 9 51 
3304 9 10 51 
2744 10 11 51 
2015 11 0 51 
1951 11 10 51 
1889 12 1 51 
1881 12 9 51 
1851 13 2 51 
1681 13 8 51 
666 14 3 51 
442 14 7 51 
6305 15 4 51 
5971 16 5 51 
5784 0 8 51 
5633 1 9 51 
5467 2 10 51 
4957 3 11 51 
4613 4 12 51 
4105 9 9 51 
4051 10 0 51 
3733 10 10 51 
3704 11 1 51 
3501 11 9 51 
3223 12 2 51 
3138 12 8 51 
3032 13 3 51 
2971 13 7 51 
2965 14 4 51 
2814 14 6 51 
2723 15 5 51 
1476 0 7 51 
964 1 8 51 
867 2 9 51 
741 3 10 51 
284 4 11 51 
154 9 0 51 
6420 10 1 51 
6332 10 9 51 
5736 11 2 51 
5563 11 8 51 
5554 12 3 51 
5544 12 7 51 
5213 13 4 51 
5200 13 6 51 
5185 14 5 51 
5165 0 6 51 
5132 1 7 51 
4870 2 8 51 
4639 3 9 51 
4493 4 10 51 
4362 9 1 51 
3982 10 2 51 
3860 10 8 51 
3445 11 3 51 
3360 11 7 51 
2780 12 4 51 
2433 12 6 51 
2412 13 5 51 
2330 0 5 51 
2048 1 6 51 
1979 2 7 51 
1444 3 8 51 
1184 4 9 51 
851 5 10 51 
844 9 2 51 
75 9 8 51 
6163 10 3 51 
5684 10 7 51 
5348 11 4 51 
5223 11 6 51 
4683 12 5 51 
4352 0 4 51 
4020 1 5 51 
3639 2 6 51 
3578 3 7 51 
2995 4 8 51 
2835 5 9 51 
2646 6 10 51 
2619 8 8 51 
2153 9 3 51 
2017 9 7 51 
1896 10 4 51 
1680 10 6 51 
1521 11 5 51 
1481 0 3 51 
1350 1 4 51 
1112 2 5 51 
973 3 6 51 
661 4 7 51 
503 5 8 51 
240 6 9 51 
6310 7 8 51 
6290 8 7 51 
5845 9 4 51 
5549 9 6 51 
5262 10 5 51 
5096 0 2 51 
4573 1 3 51 
4430 2 4 51 
4178 3 5 51 
3928 4 6 51 
3897 5 7 51 
3888 6 8 51 
3818 7 7 51 
3711 8 6 51 
3693 9 5 51 
3027 0 1 51 
2693 1 2 51 
2650 2 3 51 
2388 3 4 51 
2285 4 5 51 
2239 5 6 51 
1863 6 7 51 
1159 7 6 51 
772 8 5 51 
490 0 0 51 
5610 1 1 51 
4127 2 2 51 
3952 3 3 51 
3771 4 4 51 
3736 5 5 51 
3459 6 6 51 
3401 7 5 51 
2847 8 4 51 
2283 1 0 51 
1941 2 1 51 
1165 3 2 51 
1107 4 3 51 
1102 5 4 51 
1000 6 5 51 
6432 7 4 51 
6121 8 3 51 
6052 2 0 51 
5430 3 1 51 
4067 4 2 51 
3535 5 3 51 
3436 6 4 51 
3131 7 3 51 
3015 8 2 51 
2727 3 0 51 
2581 4 1 51 
2571 5 2 51 
2544 6 3 51 
2025 7 2 51 
1856 8 1 51 
3759 4 0 51 
1931 5 1 51 
4819 6 2 51 
4292 7 1 51 
3226 8 0 51 
3204 5 0 51 
3178 6 1 51 
3012 7 0 51 
1450 6 0 51 
328 6 1 63 
1009 5 1 64 
2552 6 2 63 
3797 7 1 63 
2126 4 1 65 
2384 5 2 65 
2889 6 3 65 
3739 7 2 65 
4235 3 1 65 
4790 4 2 65 
437 5 3 65 
597 6 4 65 
774 7 3 65 
1335 2 1 66 
2023 3 2 66 
2731 4 3 66 
3305 5 4 66 
4117 6 5 66 
4872 7 4 65 
2441 1 1 66 
4684 2 2 66 
5466 3 3 66 
5977 4 4 66 
336 5 5 66 
521 6 6 66 
523 7 5 66 
539 1 2 67 
2217 2 3 67 
2878 3 4 67 
3603 4 5 67 
3706 5 6 67 
6087 6 7 67 
33 7 6 67 
1532 1 3 67 
1682 2 4 67 
1968 3 5 67 
2010 4 6 67 
2230 7 7 67 
2595 8 6 67 
2827 1 4 68 
3265 2 5 68 
3293 3 6 68 
3749 8 7 67 
4100 9 6 67 
4815 10 5 67 
4917 1 5 68 
4968 2 6 68 
5997 5 9 68 
389 9 7 68 
1307 10 4 68 
1524 10 6 68 
1631 11 5 68 
2338 1 6 69 
2494 4 9 69 
2645 10 3 68 
2973 10 7 68 
3101 11 4 68 
3427 11 6 68 
4441 12 5 68 
4753 3 9 69 
5874 10 2 69 
5972 11 3 69 
6012 11 7 69 
6348 12 4 69 
377 12 6 69 
761 13 5 69 
1212 2 9 70 
2073 3 10 70 
2327 10 1 69 
2339 11 2 69 
2697 11 8 69 
3183 12 3 69 
4691 12 7 69 
5729 13 4 69 
6006 13 6 69 
6147 1 9 70 
6158 2 10 70 
6373 3 11 70 
51 10 10 70 
610 11 1 70 
2523 11 9 70 
2831 12 2 70 
3053 12 8 70 
3329 13 3 70 
3394 13 7 70 
4974 14 4 70 
5154 1 10 71 
5867 0 19 76 
5766 0 18 76 
5732 1 19 76 
5535 19 19 76 
5365 0 17 76 
4595 1 18 76 
4490 2 19 76 
4455 18 19 76 
4392 19 18 76 
4369 0 16 76 
4190 1 17 76 
4115 2 18 76 
4045 3 19 76 
4029 17 19 76 
3937 18 18 76 
3610 19 17 76 
3121 0 15 76 
2896 1 16 76 
2881 2 17 76 
1975 3 18 76 
1905 4 19 76 
1880 16 19 76 
1478 17 18 76 
1459 18 17 76 
1075 19 16 76 
822 0 14 76 
6446 1 15 76 
6241 2 16 76 
5979 3 17 76 
5789 4 18 76 
5652 5 19 76 
5557 15 19 76 
5302 16 18 76 
5195 17 17 76 
5119 18 16 76 
4839 19 15 76 
4732 1 14 76 
4350 2 15 76 
4282 3 16 76 
3921 4 17 76 
3901 5 18 76 
3530 6 19 76 
3463 14 19 76 
3281 15 18 76 
2786 16 17 76 
2776 17 16 76 
2665 18 15 76 
2596 19 6 76 
2548 19 14 76 
2214 2 14 76 
2138 3 15 76 
2007 4 16 76 
1684 5 17 76 
1571 6 18 76 
1540 7 19 76 
1507 13 19 76 
1299 14 18 76 
1175 15 17 76 
1127 16 16 76 
447 17 15 76 
6425 18 6 76 
6315 18 14 76 
6304 19 7 76 
5699 19 13 76 
5599 3 14 76 
5473 4 15 76 
5438 5 16 76 
5387 6 17 76 
5292 7 18 76 
5246 8 19 76 
5220 12 19 76 
5126 13 18 76 
4848 14 17 76 
4784 15 16 76 
4536 16 15 76 
4508 17 6 76 
3994 17 14 76 
3319 18 7 76 
2890 18 13 76 
2787 19 8 76 
2688 19 12 76 
2451 4 14 76 
2037 5 15 76 
1763 6 16 76 
1609 7 17 76 
1496 8 18 76 
1205 9 19 76 
1005 11 19 76 
949 12 18 76 
628 13 17 76 
534 14 16 76 
477 15 15 76 
400 16 6 76 
215 16 14 76 
6406 17 7 76 
6322 17 13 76 
5532 18 8 76 
5236 18 12 76 
5203 19 9 76 
5162 19 11 76 
4995 5 14 76 
4888 6 15 76 
4674 7 16 76 
4334 8 17 76 
4313 9 18 76 
4283 10 19 76 
4200 11 18 76 
4058 12 17 76 
3854 13 16 76 
3568 14 15 76 
3426 15 6 76 
3354 15 14 76 
3274 16 7 76 
3009 16 13 76 
2864 17 8 76 
2778 17 12 76 
2719 18 9 76 
2639 18 11 76 
2562 19 0 76 
2550 19 10 76 
2496 5 13 76 
2475 6 14 76 
2334 7 15 76 
1965 8 16 76 
1919 9 17 76 
1900 10 18 76 
1815 11 17 76 
1722 12 16 76 
1714 13 15 76 
1311 14 14 76 
1068 15 7 76 
936 15 13 76 
868 16 8 76 
669 16 12 76 
397 17 9 76 
372 17 11 76 
353 18 0 76 
349 18 10 76 
172 19 1 76 
26 5 12 76 
5951 6 13 76 
5921 7 14 76 
5752 8 15 76 
5714 9 16 76 
5517 10 17 76 
5409 11 16 76 
5375 12 15 76 
5108 13 14 76 
5066 14 13 76 
5037 15 8 76 
4847 15 12 76 
4788 16 9 76 
4537 16 11 76 
4373 17 0 76 
4252 17 10 76 
4068 18 1 76 
4052 19 2 76 
4008 5 11 76 
3859 6 12 76 
3788 7 13 76 
3753 8 14 76 
3705 9 15 76 
3658 10 16 76 
3482 11 15 76 
2742 12 14 76 
2713 13 13 76 
2627 14 12 76 
2322 15 9 76 
2222 15 11 76 
2142 16 0 76 
2055 16 10 76 
1827 17 1 76 
1768 18 2 76 
1519 19 3 76 
1511 0 13 76 
1484 6 11 76 
1404 7 12 76 
1167 8 13 76 
1093 9 14 76 
1039 10 15 76 
737 11 14 76 
497 12 13 76 
405 13 12 76 
67 14 11 76 
6236 15 0 76 
6211 15 10 76 
6112 16 1 76 
5407 17 2 76 
5336 18 3 76 
4919 19 4 76 
4900 0 12 76 
4884 1 13 76 
4449 7 11 76 
4425 8 12 76 
4343 9 13 76 
4142 10 14 76 
3769 11 13 76 
3492 12 12 76 
3312 13 11 76 
3295 14 0 76 
3277 14 10 76 
3189 15 1 76 
3097 16 2 76 
3089 17 3 76 
3068 18 4 76 
3059 19 5 76 
3042 0 11 76 
2317 1 12 76 
1740 2 13 76 
1354 7 10 76 
1077 8 11 76 
1002 9 12 76 
875 10 13 76 
852 11 12 76 
554 12 11 76 
6455 13 0 76 
6450 13 10 76 
6187 14 1 76 
6057 14 9 76 
5949 15 2 76 
5649 16 3 76 
5404 17 4 76 
5138 18 5 76 
4535 0 10 76 
4453 1 11 76 
4022 2 12 76 
3541 3 13 76 
3506 7 9 76 
3082 8 10 76 
2879 9 11 76 
2600 10 12 76 
2519 11 11 76 
2125 12 0 76 
2110 12 10 76 
1804 13 1 76 
1789 13 9 76 
1774 14 2 76 
1703 14 8 76 
1677 15 3 76 
1643 16 4 76 
1209 17 5 76 
1186 0 9 76 
1084 1 10 76 
992 2 11 76 
974 3 12 76 
765 4 13 76 
617 8 9 76 
363 9 10 76 
275 10 11 76 
6447 11 0 76 
6424 11 10 76 
6128 12 1 76 
5648 12 9 76 
5094 13 2 76 
4829 13 8 76 
4722 14 3 76 
4651 14 7 76 
4632 15 4 76 
4257 16 5 76 
4231 0 8 76 
4124 1 9 76 
4011 2 10 76 
3433 3 11 76 
3308 4 12 76 
3095 9 9 76 
3090 10 0 76 
3024 10 10 76 
3002 11 1 76 
2872 11 9 76 
2863 12 2 76 
2508 12 8 76 
2460 13 3 76 
2075 13 7 76 
1645 14 4 76 
735 14 6 76 
485 15 5 76 
418 0 7 76 
89 1 8 76 
12 2 9 76 
6408 3 10 76 
6281 4 11 76 
6134 9 0 76 
5932 10 1 76 
5419 10 9 76 
5216 11 2 76 
4922 11 8 76 
4518 12 3 76 
4348 12 7 76 
4260 13 4 76 
4166 13 6 76 
3621 14 5 76 
3473 0 6 76 
2882 1 7 76 
2823 2 8 76 
2385 3 9 76 
2297 4 10 76 
2213 9 1 76 
2200 10 2 76 
1694 10 8 76 
1170 11 3 76 
609 11 7 76 
425 12 4 76 
401 12 6 76 
294 13 5 76 
6419 0 5 76 
4095 1 6 76 
4077 2 7 76 
3727 3 8 76 
3703 4 9 76 
3339 5 10 76 
3176 9 2 76 
2964 9 8 76 
2472 10 3 76 
2438 10 7 76 
1783 11 4 76 
1706 11 6 76 
1529 12 5 76 
1510 0 4 76 
1343 1 5 76 
1176 2 6 76 
6364 3 7 76 
6212 4 8 76 
6042 5 9 76 
5865 6 10 76 
5720 8 8 76 
5428 9 3 76 
5380 9 7 76 
4733 10 4 76 
2060 10 6 76 
1451 11 5 76 
1054 0 3 76 
899 1 4 76 
5905 2 5 76 
5721 3 6 76 
5347 4 7 76 
5252 5 8 76 
5124 6 9 76 
5018 7 8 76 
4854 8 7 76 
4714 9 4 76 
4643 9 6 76 
4485 10 5 76 
4279 0 2 76 
3905 1 3 76 
3256 2 4 76 
3181 3 5 76 
3147 4 6 76 
2875 5 7 76 
2845 6 8 76 
2798 7 7 76 
2642 8 6 76 
2597 9 5 76 
2090 0 1 76 
1536 1 2 76 
1079 2 3 76 
883 3 4 76 
713 4 5 76 
6343 5 6 76 
6330 6 7 76 
6037 7 6 76 
5883 8 5 76 
5570 0 0 76 
5360 1 1 76 
4947 2 2 76 
4456 3 3 76 
4440 4 4 76 
4195 5 5 76 
3347 6 6 76 
3255 7 5 76 
3188 8 4 76 
2580 1 0 76 
2206 2 1 76 
111 3 2 76 
6317 4 3 76 
5672 5 4 76 
5424 6 5 76 
5314 7 4 76 
4799 8 3 76 
3422 2 0 76 
2564 3 1 76 
2209 4 2 76 
1823 5 3 76 
1707 6 4 76 
1251 7 3 76 
1106 8 2 76 
920 3 0 76 
877 4 1 76 
4929 5 2 76 
4036 6 3 76 
2867 7 2 76 
2614 8 1 76 
2225 4 0 76 
2135 5 1 76 
2116 6 2 76 
1506 7 1 76 
986 8 0 76 
5966 5 0 76 
4484 6 1 76 
3853 7 0 76 
1819 6 0 76 
2479 6 1 88 
3641 5 1 89 
1595 6 2 89 
2921 7 1 89 
287 4 1 90 
453 5 2 89 
468 6 3 89 
643 7 2 89 
768 3 1 90 
1139 4 2 90 
2289 5 3 90 
4786 6 4 90 
5873 7 3 90 
750 2 1 91 
3906 3 2 91 
4071 4 3 90 
4331 5 4 90 
1460 6 5 90 
1482 7 4 90 
1709 1 1 91 
1786 2 2 91 
3885 3 3 91 
4047 4 4 91 
5049 5 5 91 
267 6 6 91 
777 7 5 91 
2983 1 2 92 
3161 2 3 92 
3173 3 4 92 
4810 4 5 92 
5653 5 6 91 
5928 6 7 91 
5959 7 6 91 
6292 1 3 92 
53 2 4 92 
720 3 5 92 
1278 4 6 92 
1802 7 7 92 
1830 8 6 92 
3348 1 4 93 
3552 2 5 92 
3555 3 6 92 
3953 8 7 92 
4561 9 6 92 
4739 10 5 92 
4949 1 5 94 
5309 2 6 94 
5556 5 9 93 
6106 9 7 93 
119 10 4 93 
716 10 6 93 
989 11 5 93 
1192 1 6 94 
1334 4 9 94 
4959 10 3 94 
210 10 7 94 
779 11 4 94 
1310 11 6 94 
1340 12 5 94 
2147 3 9 95 
2245 10 2 95 
2455 11 3 95 
3490 11 7 95 
3538 12 4 95 
3597 12 6 95 
5579 13 5 95 
6397 2 9 96 
1285 3 10 95 
1662 10 1 95 
2517 11 2 95 
2759 11 8 95 
3432 12 3 95 
4367 12 7 95 
4575 13 4 95 
5052 13 6 95 
6136 1 9 96 
6352 2 10 96 
