1685
3483 17 15 1 
3437 19 15 1 
3300 19 19 1 
3196 18 15 1 
3054 18 19 1 
3020 19 16 1 
2969 19 18 1 
2932 16 10 1 
2931 17 19 1 
2870 18 16 1 
2828 18 18 1 
2247 19 17 1 
2111 10 19 1 
1576 16 11 1 
1460 16 19 1 
1236 17 18 1 
585 18 17 1 
443 10 16 1 
387 10 18 1 
145 11 19 1 
142 15 19 1 
3378 16 12 1 
3218 16 18 1 
3211 17 11 1 
2917 17 17 1 
2909 19 11 1 
2827 10 17 1 
2759 11 16 1 
2579 11 18 1 
2440 12 19 1 
2401 14 19 1 
1996 15 18 1 
1744 16 17 1 
1629 17 12 1 
1403 17 16 1 
1358 18 11 1 
1179 19 12 1 
1110 19 14 1 
1071 11 17 1 
828 12 18 1 
825 13 19 1 
816 14 18 1 
811 15 17 1 
797 16 16 1 
702 18 12 1 
557 18 14 1 
417 19 13 1 
413 12 17 1 
317 13 18 1 
261 14 17 1 
85 15 10 1 
77 15 16 1 
54 16 15 1 
3562 17 14 1 
3412 18 13 1 
3356 12 16 1 
3249 13 17 1 
3041 14 10 1 
3008 14 16 1 
2994 15 11 1 
2979 15 15 1 
2971 16 14 1 
2922 17 13 1 
2471 12 15 1 
2439 13 10 1 
2392 13 16 1 
2330 14 11 1 
2299 14 15 1 
2117 15 12 1 
2037 15 14 1 
2007 16 13 1 
1968 11 9 1 
1954 12 10 1 
1927 13 11 1 
1901 13 15 1 
1798 14 12 1 
1733 14 14 1 
1501 15 13 1 
1486 0 19 1 
1414 10 9 1 
1216 11 10 1 
855 12 11 1 
783 13 12 1 
760 13 14 1 
611 14 13 1 
492 0 18 1 
476 1 19 1 
474 10 10 1 
465 11 11 1 
353 11 15 1 
3568 12 0 1 
3476 12 12 1 
3462 12 14 1 
3391 13 13 1 
3119 0 17 1 
2973 1 18 1 
2692 2 19 1 
2567 6 19 1 
2517 10 11 1 
2459 11 12 1 
2370 11 14 1 
2184 12 1 1 
2178 12 3 1 
2102 12 13 1 
1994 13 0 1 
1895 0 16 1 
1891 1 17 1 
1688 2 18 1 
1294 3 19 1 
1248 5 19 1 
1158 6 18 1 
1062 9 19 1 
985 10 12 1 
604 11 13 1 
408 12 2 1 
113 13 1 1 
3529 13 3 1 
3512 14 0 1 
3509 0 11 1 
3423 0 15 1 
3278 1 16 1 
3185 2 17 1 
2978 3 18 1 
2854 4 19 1 
2850 5 18 1 
2802 6 17 1 
2772 8 19 1 
2657 9 12 1 
2595 9 18 1 
2490 10 13 1 
2484 13 2 1 
2448 14 1 1 
2133 14 3 1 
2096 15 0 1 
2067 19 0 1 
1872 0 12 1 
1621 0 14 1 
1532 1 11 1 
1530 1 15 1 
1529 2 16 1 
1526 3 17 1 
1477 4 18 1 
1448 5 17 1 
1347 6 16 1 
1336 7 19 1 
598 8 12 1 
537 8 18 1 
290 9 13 1 
185 9 17 1 
3556 10 14 1 
3403 14 2 1 
3264 15 1 1 
3212 16 0 1 
3131 18 0 1 
3060 19 1 1 
2810 0 13 1 
2804 1 12 1 
2748 1 14 1 
2687 2 15 1 
2614 3 16 1 
2164 4 17 1 
2109 5 16 1 
2012 7 18 1 
1605 8 13 1 
1332 8 17 1 
1255 9 14 1 
1242 9 16 1 
1220 10 15 1 
934 15 2 1 
834 16 1 1 
627 17 0 1 
612 18 1 1 
592 19 2 1 
560 0 8 1 
457 1 13 1 
212 2 14 1 
169 3 15 1 
3560 4 16 1 
3518 7 17 1 
3390 8 14 1 
3359 8 16 1 
3093 9 15 1 
2974 12 4 1 
2876 12 6 1 
2699 16 2 1 
2609 17 1 1 
2528 18 2 1 
2463 19 3 1 
2384 0 9 1 
2324 1 8 1 
2273 2 13 1 
2239 3 14 1 
2052 4 15 1 
1886 7 16 1 
1844 8 15 1 
1811 12 5 1 
1801 13 4 1 
1759 13 6 1 
1719 17 2 1 
1464 18 3 1 
1139 19 4 1 
958 0 10 1 
181 1 9 1 
67 2 8 1 
7 2 12 1 
3219 3 13 1 
3075 4 14 1 
3042 5 15 1 
2945 7 15 1 
2594 13 5 1 
2593 14 4 1 
2519 15 3 1 
2452 17 3 1 
2107 18 4 1 
1937 19 5 1 
1454 1 10 1 
1020 2 9 1 
772 2 11 1 
427 3 8 1 
331 3 12 1 
302 4 13 1 
281 5 14 1 
55 6 15 1 
21 7 14 1 
3508 14 5 1 
3427 15 4 1 
3267 16 3 1 
3250 17 4 1 
3223 18 5 1 
3183 19 6 1 
3111 19 10 1 
2914 2 10 1 
2481 3 9 1 
2213 3 11 1 
1964 4 8 1 
1932 4 12 1 
1913 5 13 1 
1836 6 14 1 
1622 7 13 1 
1072 15 5 1 
837 16 4 1 
793 17 5 1 
543 18 6 1 
311 18 10 1 
111 19 7 1 
3505 19 9 1 
3420 3 10 1 
3379 4 9 1 
3150 4 11 1 
3095 5 12 1 
2786 6 13 1 
2626 7 12 1 
2613 16 5 1 
2468 17 6 1 
1981 17 10 1 
1936 18 7 1 
1917 18 9 1 
1867 19 8 1 
1862 4 10 1 
1804 5 11 1 
1536 6 12 1 
1420 7 11 1 
1353 16 6 1 
1240 17 7 1 
1228 17 9 1 
1017 18 8 1 
789 5 10 1 
706 6 11 1 
638 7 10 1 
566 16 7 1 
390 16 9 1 
328 17 8 1 
3511 5 9 1 
3488 6 10 1 
3274 7 9 1 
3238 15 9 1 
3182 16 8 1 
3065 4 7 1 
3040 5 8 1 
3027 6 9 1 
3021 8 11 1 
2937 14 9 1 
2880 15 6 1 
2376 15 8 1 
2355 5 7 1 
2343 6 8 1 
2302 8 10 1 
2089 9 11 1 
1767 13 9 1 
1764 14 6 1 
1661 14 8 1 
1593 15 7 1 
1151 6 7 1 
766 7 6 1 
590 7 8 1 
304 8 9 1 
236 9 10 1 
171 11 0 1 
3534 12 9 1 
2925 13 8 1 
2820 14 7 1 
2694 7 7 1 
2629 8 6 1 
2546 8 8 1 
2520 9 9 1 
2502 10 0 1 
2444 11 1 1 
2234 12 8 1 
2124 13 7 1 
2087 8 7 1 
1059 9 0 1 
976 9 8 1 
524 10 1 1 
146 11 2 1 
3555 11 8 1 
3164 12 7 1 
2584 8 0 1 
2276 9 1 1 
2254 9 7 1 
2097 10 2 1 
1858 10 8 1 
1740 11 3 1 
1565 11 7 1 
1480 7 0 1 
1370 8 1 1 
614 9 2 1 
512 10 3 1 
501 10 7 1 
219 11 4 1 
3506 11 6 1 
3344 6 0 1 
3176 7 1 1 
2901 8 2 1 
2723 9 3 1 
2645 10 4 1 
2549 10 6 1 
2351 11 5 1 
1449 5 0 1 
1401 6 1 1 
1185 7 2 1 
1098 8 3 1 
851 9 4 1 
553 9 6 1 
471 10 5 1 
122 5 1 1 
101 6 2 1 
91 7 3 1 
3349 8 4 1 
3194 9 5 1 
2863 0 7 1 
2751 5 2 1 
2596 6 3 1 
2536 7 4 1 
2441 8 5 1 
2368 0 6 1 
2223 1 7 1 
1806 3 7 1 
1378 5 3 1 
1285 6 4 1 
854 6 6 1 
749 7 5 1 
503 0 5 1 
167 1 6 1 
3460 2 7 1 
3407 5 4 1 
3381 5 6 1 
3193 6 5 1 
3031 0 0 1 
3007 0 4 1 
2950 1 5 1 
1672 2 6 1 
1328 4 6 1 
1296 5 5 1 
1145 0 1 1 
531 0 3 1 
420 1 0 1 
411 1 4 1 
3481 2 5 1 
3466 3 6 1 
3448 4 5 1 
3045 0 2 1 
2767 1 1 1 
2269 1 3 1 
2060 2 0 1 
1984 2 4 1 
1794 3 5 1 
1498 4 4 1 
1348 1 2 1 
1046 2 1 1 
268 2 3 1 
3134 3 4 1 
2904 4 3 1 
2605 2 2 1 
1645 3 3 1 
960 4 2 1 
459 3 2 1 
3268 4 1 1 
3237 3 1 1 
2868 4 0 1 
1800 3 0 1 
2610 1 1 12 
206 1 6 14 
925 6 4 14 
358 6 3 14 
1865 6 2 15 
549 6 1 15 
573 9 3 15 
3323 10 3 16 
3046 13 8 17 
1016 14 8 18 
1381 17 6 19 
3085 18 9 19 
895 3 9 20 
306 4 12 20 
744 16 4 20 
890 18 6 20 
1259 2 9 21 
1697 3 12 21 
631 1 9 22 
651 18 3 22 
3473 17 15 26 
3188 19 15 26 
3178 19 19 26 
2977 18 15 26 
2908 18 19 26 
2881 19 16 26 
2761 19 18 26 
2347 16 10 26 
2319 17 19 26 
2206 18 16 26 
2156 18 18 26 
2100 19 17 26 
1878 10 19 26 
1782 16 11 26 
1737 16 19 26 
1591 17 18 26 
1197 18 17 26 
1002 10 16 26 
865 10 18 26 
805 11 19 26 
632 15 19 26 
153 16 12 26 
98 16 18 26 
38 17 11 26 
9 17 17 26 
3516 19 11 26 
3279 10 17 26 
3177 11 16 26 
3113 11 18 26 
2910 12 19 26 
2899 14 19 26 
2771 15 18 26 
2726 16 17 26 
2684 17 12 26 
2662 17 16 26 
2650 18 11 26 
2437 19 12 26 
2365 19 14 26 
2341 11 17 26 
2035 12 18 26 
1768 13 19 26 
1762 14 18 26 
1739 15 17 26 
1603 16 16 26 
1594 18 12 26 
1408 18 14 26 
1315 19 13 26 
1130 12 17 26 
1129 13 18 26 
1075 14 17 26 
748 15 10 26 
665 15 16 26 
648 16 15 26 
505 17 14 26 
180 18 13 26 
17 12 16 26 
3315 13 17 26 
3109 14 10 26 
3088 14 16 26 
2799 15 11 26 
2708 15 15 26 
2565 16 14 26 
2453 17 13 26 
1977 12 15 26 
1860 13 10 26 
1640 13 16 26 
1502 14 11 26 
1497 14 15 26 
1326 15 12 26 
1202 15 14 26 
994 16 13 26 
863 11 9 26 
858 12 10 26 
803 13 11 26 
628 13 15 26 
472 14 12 26 
370 14 14 26 
225 15 13 26 
3413 0 19 26 
3362 10 9 26 
3348 11 10 26 
3333 12 11 26 
3256 13 12 26 
3106 13 14 26 
2943 14 13 26 
2585 0 18 26 
2500 1 19 26 
2470 10 10 26 
2383 11 11 26 
2208 11 15 26 
1880 12 0 26 
1770 12 12 26 
1725 12 14 26 
1653 13 13 26 
1637 0 17 26 
1278 1 18 26 
1211 2 19 26 
1118 6 19 26 
848 10 11 26 
704 11 12 26 
613 11 14 26 
599 12 1 26 
515 12 3 26 
461 12 13 26 
393 13 0 26 
294 0 16 26 
246 1 17 26 
134 2 18 26 
112 3 19 26 
109 5 19 26 
37 6 18 26 
3542 9 19 26 
3519 10 12 26 
3487 11 13 26 
3478 12 2 26 
3432 13 1 26 
3332 13 3 26 
3195 14 0 26 
3186 0 11 26 
3038 0 15 26 
2915 1 16 26 
2793 2 17 26 
2763 3 18 26 
2695 4 19 26 
2036 5 18 26 
2020 6 17 26 
1997 8 19 26 
1919 9 12 26 
1722 9 18 26 
1499 10 13 26 
1487 13 2 26 
1447 14 1 26 
1289 14 3 26 
1167 15 0 26 
1031 19 0 26 
926 0 12 26 
864 0 14 26 
730 1 11 26 
693 1 15 26 
639 2 16 26 
382 3 17 26 
117 4 18 26 
45 5 17 26 
19 6 16 26 
3453 7 19 26 
2955 8 12 26 
2794 8 18 26 
2630 9 13 26 
2255 9 17 26 
2103 10 14 26 
1971 14 2 26 
1952 15 1 26 
1590 16 0 26 
1522 18 0 26 
1413 19 1 26 
1330 0 13 26 
1314 1 12 26 
1232 1 14 26 
1184 2 15 26 
1068 3 16 26 
979 4 17 26 
924 5 16 26 
829 7 18 26 
699 8 13 26 
555 8 17 26 
552 9 14 26 
506 9 16 26 
336 10 15 26 
265 15 2 26 
3327 16 1 26 
3242 17 0 26 
3099 18 1 26 
3010 19 2 26 
2970 0 8 26 
2878 1 13 26 
2781 2 14 26 
2526 3 15 26 
2394 4 16 26 
2267 7 17 26 
2220 8 14 26 
1939 8 16 26 
1842 9 15 26 
1773 12 4 26 
1748 12 6 26 
1723 16 2 26 
1453 17 1 26 
1320 18 2 26 
1277 19 3 26 
1276 0 9 26 
1239 1 8 26 
1215 2 13 26 
1201 3 14 26 
1196 4 15 26 
1160 7 16 26 
1021 8 15 26 
992 12 5 26 
751 13 4 26 
662 13 6 26 
513 17 2 26 
409 18 3 26 
375 19 4 26 
292 0 10 26 
61 1 9 26 
3382 2 8 26 
3298 2 12 26 
3292 3 13 26 
3116 4 14 26 
2830 5 15 26 
2817 7 15 26 
2668 13 5 26 
2600 14 4 26 
2318 15 3 26 
2230 17 3 26 
2079 18 4 26 
2024 19 5 26 
2022 1 10 26 
1558 2 9 26 
1466 2 11 26 
1324 3 8 26 
1284 3 12 26 
1272 4 13 26 
1222 5 14 26 
1089 6 15 26 
929 7 14 26 
663 14 5 26 
576 15 4 26 
473 16 3 26 
416 17 4 26 
78 18 5 26 
3360 19 6 26 
2719 19 10 26 
2486 2 10 26 
2158 3 9 26 
2155 3 11 26 
2120 4 8 26 
2070 4 12 26 
1941 5 13 26 
1851 6 14 26 
1676 7 13 26 
1617 15 5 26 
1595 16 4 26 
1438 17 5 26 
1436 18 6 26 
1207 18 10 26 
1174 19 7 26 
1166 19 9 26 
605 3 10 26 
386 4 9 26 
228 4 11 26 
14 5 12 26 
3430 6 13 26 
3275 7 12 26 
2916 16 5 26 
2896 17 6 26 
2766 17 10 26 
2583 18 7 26 
2476 18 9 26 
1931 19 8 26 
1802 4 10 26 
1643 5 11 26 
1245 6 12 26 
1073 7 11 26 
907 16 6 26 
682 17 7 26 
439 17 9 26 
415 18 8 26 
354 5 10 26 
93 6 11 26 
3288 7 10 26 
3260 16 7 26 
3128 16 9 26 
2999 17 8 26 
2875 5 9 26 
2193 6 10 26 
2179 7 9 26 
2099 15 9 26 
2009 16 8 26 
1991 4 7 26 
1978 5 8 26 
1720 6 9 26 
1458 8 11 26 
1331 14 9 26 
1274 15 6 26 
1252 15 8 26 
571 5 7 26 
423 6 8 26 
166 8 10 26 
22 9 11 26 
3521 13 9 26 
3467 14 6 26 
2744 14 8 26 
2389 15 7 26 
2380 6 7 26 
2374 7 6 26 
2236 7 8 26 
2186 8 9 26 
2013 9 10 26 
1599 11 0 26 
1574 12 9 26 
1507 13 8 26 
1504 14 7 26 
1433 7 7 26 
1159 8 6 26 
986 8 8 26 
788 9 9 26 
584 10 0 26 
384 11 1 26 
125 12 8 26 
3424 13 7 26 
3394 8 7 26 
3380 9 0 26 
3322 9 8 26 
3024 10 1 26 
3016 11 2 26 
2825 11 8 26 
2602 12 7 26 
2317 8 0 26 
2065 9 1 26 
1870 9 7 26 
1700 10 2 26 
1493 10 8 26 
1288 11 3 26 
1269 11 7 26 
1147 7 0 26 
927 8 1 26 
866 9 2 26 
484 10 3 26 
104 10 7 26 
96 11 4 26 
2862 11 6 26 
2782 6 0 26 
2765 7 1 26 
2758 8 2 26 
2538 9 3 26 
2485 10 4 26 
2237 10 6 26 
2153 11 5 26 
1871 5 0 26 
1491 6 1 26 
1082 7 2 26 
869 8 3 26 
106 9 4 26 
3012 9 6 26 
2985 10 5 26 
2972 5 1 26 
2962 6 2 26 
2809 7 3 26 
2788 8 4 26 
2690 9 5 26 
2326 0 7 26 
2151 5 2 26 
2064 6 3 26 
1834 7 4 26 
1832 8 5 26 
1684 0 6 26 
1662 1 7 26 
1610 3 7 26 
1581 5 3 26 
1450 6 4 26 
1396 6 6 26 
1305 7 5 26 
376 0 5 26 
241 1 6 26 
94 2 7 26 
3410 5 4 26 
3265 5 6 26 
3137 6 5 26 
2632 0 0 26 
2240 0 4 26 
2229 1 5 26 
2077 2 6 26 
1713 4 6 26 
1343 5 5 26 
1037 0 1 26 
1032 0 3 26 
799 1 0 26 
209 1 4 26 
76 2 5 26 
3418 3 6 26 
2496 4 5 26 
2266 0 2 26 
2194 1 1 26 
2112 1 3 26 
1627 2 0 26 
1451 2 4 26 
1122 3 5 26 
3273 4 4 26 
2964 1 2 26 
2798 2 1 26 
2296 2 3 26 
2127 3 4 26 
1999 4 3 26 
1189 2 2 26 
1066 3 3 26 
40 4 2 26 
1934 3 2 26 
1820 4 1 26 
1280 3 1 26 
2731 4 0 26 
2545 3 0 26 
156 1 1 37 
1690 1 6 39 
126 6 4 39 
220 6 3 39 
468 6 2 39 
554 6 1 40 
2061 9 3 40 
2313 10 3 41 
1339 13 8 42 
3015 14 8 42 
595 17 6 44 
750 18 9 44 
222 3 9 45 
43 4 12 45 
786 16 4 45 
1191 18 6 45 
1399 2 9 46 
2792 3 12 46 
60 1 9 47 
319 18 3 47 
726 8 16 47 
3367 17 15 51 
3355 19 15 51 
3199 19 19 51 
3145 18 15 51 
2760 18 19 51 
2710 19 16 51 
2611 19 18 51 
2548 16 10 51 
2510 17 19 51 
2288 18 16 51 
2004 18 18 51 
2001 19 17 51 
1918 10 19 51 
1883 16 11 51 
1855 16 19 51 
1694 17 18 51 
1680 18 17 51 
1623 10 16 51 
1495 10 18 51 
1309 11 19 51 
1261 15 19 51 
1257 16 12 51 
1250 16 18 51 
1094 17 11 51 
857 17 17 51 
850 19 11 51 
804 10 17 51 
498 11 16 51 
337 11 18 51 
285 12 19 51 
63 14 19 51 
58 15 18 51 
3561 16 17 51 
3548 17 12 51 
3368 17 16 51 
3244 18 11 51 
3232 19 12 51 
3169 19 14 51 
3140 11 17 51 
3105 12 18 51 
3068 13 19 51 
2990 14 18 51 
2733 15 17 51 
2721 16 16 51 
2345 18 12 51 
2207 18 14 51 
2091 19 13 51 
1966 12 17 51 
1779 13 18 51 
1484 14 17 51 
1168 15 10 51 
1137 15 16 51 
1125 16 15 51 
1113 17 14 51 
1045 18 13 51 
1035 12 16 51 
963 13 17 51 
814 14 10 51 
761 14 16 51 
579 15 11 51 
448 15 15 51 
401 16 14 51 
88 17 13 51 
3527 12 15 51 
3174 13 10 51 
3138 13 16 51 
3029 14 11 51 
2975 14 15 51 
2940 15 12 51 
2705 15 14 51 
2686 16 13 51 
2676 11 9 51 
2514 12 10 51 
2285 13 11 51 
2175 13 15 51 
2171 14 12 51 
1667 14 14 51 
1514 15 13 51 
1473 0 19 51 
1235 10 9 51 
1178 11 10 51 
1044 12 11 51 
838 13 12 51 
581 13 14 51 
330 14 13 51 
280 0 18 51 
3546 1 19 51 
3366 10 10 51 
3334 11 11 51 
3227 11 15 51 
2635 12 0 51 
2616 12 12 51 
2551 12 14 51 
2443 13 13 51 
2419 0 17 51 
1910 1 18 51 
1787 2 19 51 
1666 6 19 51 
1367 10 11 51 
1263 11 12 51 
965 11 14 51 
703 12 1 51 
647 12 3 51 
521 12 13 51 
243 13 0 51 
68 0 16 51 
15 1 17 51 
2680 2 18 51 
2589 3 19 51 
2412 5 19 51 
2246 6 18 51 
2187 9 19 51 
2062 10 12 51 
1924 11 13 51 
1843 12 2 51 
1488 13 1 51 
1424 13 3 51 
1157 14 0 51 
1107 0 11 51 
1008 0 15 51 
991 1 16 51 
966 2 17 51 
936 3 18 51 
875 4 19 51 
677 5 18 51 
556 6 17 51 
530 8 19 51 
147 9 12 51 
114 9 18 51 
3510 10 13 51 
3326 13 2 51 
3135 14 1 51 
3086 14 3 51 
3059 15 0 51 
2996 19 0 51 
2986 0 12 51 
2952 0 14 51 
2845 1 11 51 
2543 1 15 51 
2430 2 16 51 
2332 3 17 51 
1959 4 18 51 
1912 5 17 51 
1876 6 16 51 
1841 7 19 51 
1729 8 12 51 
1649 8 18 51 
1542 9 13 51 
1287 9 17 51 
1177 10 14 51 
1029 14 2 51 
937 15 1 51 
880 16 0 51 
847 18 0 51 
546 19 1 51 
333 0 13 51 
240 1 12 51 
3446 1 14 51 
3439 2 15 51 
3396 3 16 51 
3372 4 17 51 
3357 5 16 51 
3313 7 18 51 
3245 8 13 51 
3147 8 17 51 
2902 9 14 51 
2898 9 16 51 
2882 10 15 51 
2644 15 2 51 
2497 16 1 51 
2360 17 0 51 
2357 18 1 51 
2244 19 2 51 
2046 0 8 51 
1490 1 13 51 
1483 2 14 51 
1416 3 15 51 
1342 4 16 51 
1209 7 17 51 
1120 8 14 51 
779 8 16 51 
607 9 15 51 
588 12 4 51 
493 12 6 51 
412 16 2 51 
332 17 1 51 
233 18 2 51 
196 19 3 51 
3493 0 9 51 
3472 1 8 51 
3363 2 13 51 
3266 3 14 51 
3184 4 15 51 
3014 7 16 51 
2727 8 15 51 
2566 12 5 51 
2316 13 4 51 
2210 13 6 51 
2085 17 2 51 
2042 18 3 51 
1935 19 4 51 
1902 0 10 51 
1803 1 9 51 
1708 2 8 51 
1589 2 12 51 
1432 3 13 51 
1051 4 14 51 
1028 5 15 51 
874 7 15 51 
745 13 5 51 
414 14 4 51 
301 15 3 51 
262 17 3 51 
65 18 4 51 
25 19 5 51 
3533 1 10 51 
3364 2 9 51 
2926 2 11 51 
2885 3 8 51 
2867 3 12 51 
2857 4 13 51 
2819 5 14 51 
2537 6 15 51 
2513 7 14 51 
1970 14 5 51 
1969 15 4 51 
1863 16 3 51 
1849 17 4 51 
1791 18 5 51 
1756 19 6 51 
1596 19 10 51 
1384 2 10 51 
1180 3 9 51 
989 3 11 51 
972 4 8 51 
832 4 12 51 
764 5 13 51 
637 6 14 51 
608 7 13 51 
422 15 5 51 
377 16 4 51 
26 17 5 51 
3492 18 6 51 
3377 18 10 51 
3335 19 7 51 
3305 19 9 51 
3209 3 10 51 
3143 4 9 51 
3034 4 11 51 
2818 5 12 51 
2563 6 13 51 
2542 7 12 51 
2431 16 5 51 
2203 17 6 51 
2032 17 10 51 
1933 18 7 51 
1246 18 9 51 
1092 19 8 51 
823 4 10 51 
743 5 11 51 
610 6 12 51 
369 7 11 51 
3490 16 6 51 
3445 17 7 51 
3408 17 9 51 
3233 18 8 51 
3159 5 10 51 
2717 6 11 51 
2670 7 10 51 
2544 16 7 51 
2283 16 9 51 
1292 17 8 51 
1291 5 9 51 
948 6 10 51 
753 7 9 51 
732 15 9 51 
657 16 8 51 
485 4 7 51 
442 5 8 51 
232 6 9 51 
84 8 11 51 
42 14 9 51 
3464 15 6 51 
3457 15 8 51 
3035 5 7 51 
2511 6 8 51 
2327 8 10 51 
2176 9 11 51 
1814 13 9 51 
1683 14 6 51 
1426 14 8 51 
1363 15 7 51 
953 6 7 51 
909 7 6 51 
739 7 8 51 
563 8 9 51 
335 9 10 51 
186 11 0 51 
164 12 9 51 
151 13 8 51 
3 14 7 51 
3347 7 7 51 
3235 8 6 51 
3181 8 8 51 
2693 9 9 51 
2570 10 0 51 
2557 11 1 51 
2554 12 8 51 
2487 13 7 51 
2469 8 7 51 
2420 9 0 51 
2252 9 8 51 
1955 10 1 51 
1898 11 2 51 
1766 11 8 51 
1724 12 7 51 
1670 8 0 51 
1124 9 1 51 
844 9 7 51 
820 10 2 51 
728 10 8 51 
664 11 3 51 
298 11 7 51 
140 7 0 51 
139 8 1 51 
118 9 2 51 
66 10 3 51 
2 10 7 51 
3494 11 4 51 
3386 11 6 51 
3230 6 0 51 
3152 7 1 51 
3107 8 2 51 
3051 9 3 51 
2398 10 4 51 
2173 10 6 51 
2033 11 5 51 
995 5 0 51 
812 6 1 51 
763 7 2 51 
757 8 3 51 
550 9 4 51 
460 9 6 51 
322 10 5 51 
3465 5 1 51 
3287 6 2 51 
3187 7 3 51 
1903 8 4 51 
1825 9 5 51 
1735 0 7 51 
1716 5 2 51 
1689 6 3 51 
1421 7 4 51 
1345 8 5 51 
1026 0 6 51 
609 1 7 51 
538 3 7 51 
430 5 3 51 
28 6 4 51 
3091 6 6 51 
2936 7 5 51 
2866 0 5 51 
2641 1 6 51 
2493 2 7 51 
2298 5 4 51 
1854 5 6 51 
1771 6 5 51 
1698 0 0 51 
1665 0 4 51 
1660 1 5 51 
1516 2 6 51 
1187 4 6 51 
1060 5 5 51 
1034 0 1 51 
974 0 3 51 
489 1 0 51 
398 1 4 51 
3234 2 5 51 
2907 3 6 51 
2669 4 5 51 
2495 0 2 51 
2386 1 1 51 
2188 1 3 51 
2055 2 0 51 
1673 2 4 51 
941 3 5 51 
919 4 4 51 
911 1 2 51 
3221 2 1 51 
1422 2 3 51 
1182 3 4 51 
959 4 3 51 
785 2 2 51 
221 3 3 51 
3039 4 2 51 
215 3 2 51 
1786 4 1 51 
1699 3 1 51 
1337 4 0 51 
559 3 0 51 
253 1 1 62 
510 1 6 63 
3028 6 4 64 
2620 6 3 64 
3076 6 2 64 
900 6 1 65 
86 9 3 65 
379 10 3 66 
944 13 8 67 
2059 14 8 67 
402 17 6 69 
3284 18 9 69 
1199 3 9 70 
462 4 12 70 
759 16 4 70 
2572 18 6 69 
3072 2 9 70 
289 3 12 70 
931 1 9 71 
1128 18 3 71 
1805 8 16 72 
1430 1 14 72 
1922 8 17 72 
2741 9 14 72 
2935 16 1 72 
3525 17 15 76 
3504 19 15 76 
3376 19 19 76 
3369 18 15 76 
3320 18 19 76 
3255 19 16 76 
3081 19 18 76 
3074 16 10 76 
3055 17 19 76 
3043 18 16 76 
2933 18 18 76 
2891 19 17 76 
2852 10 19 76 
2754 16 11 76 
2743 16 19 76 
2350 17 18 76 
2243 18 17 76 
2015 10 16 76 
1948 10 18 76 
1827 11 19 76 
1721 15 19 76 
1711 16 12 76 
1669 16 18 76 
1465 17 11 76 
1335 17 17 76 
1317 19 11 76 
1200 10 17 76 
1194 11 16 76 
1063 11 18 76 
978 12 19 76 
932 14 19 76 
818 15 18 76 
807 16 17 76 
695 17 12 76 
481 17 16 76 
378 18 11 76 
182 19 12 76 
3531 19 14 76 
3449 11 17 76 
3422 12 18 76 
3354 13 19 76 
3070 14 18 76 
2711 15 17 76 
2697 16 16 76 
2498 18 12 76 
2278 18 14 76 
2106 19 13 76 
2076 12 17 76 
1992 13 18 76 
1816 14 17 76 
1427 15 10 76 
1387 15 16 76 
1148 16 15 76 
1093 17 14 76 
860 18 13 76 
802 12 16 76 
681 13 17 76 
654 14 10 76 
629 14 16 76 
558 15 11 76 
455 15 15 76 
435 16 14 76 
348 17 13 76 
344 12 15 76 
321 13 10 76 
303 13 16 76 
297 14 11 76 
205 14 15 76 
35 15 12 76 
3435 15 14 76 
3346 16 13 76 
3153 11 9 76 
3080 12 10 76 
2924 13 11 76 
2756 13 15 76 
2735 14 12 76 
2682 14 14 76 
2204 15 13 76 
1810 0 19 76 
1751 10 9 76 
1706 11 10 76 
1679 12 11 76 
1569 13 12 76 
1566 13 14 76 
1346 14 13 76 
1155 0 18 76 
1088 1 19 76 
993 10 10 76 
889 11 11 76 
843 11 15 76 
762 12 0 76 
569 12 12 76 
389 12 14 76 
3543 13 13 76 
3324 0 17 76 
3171 1 18 76 
3097 2 19 76 
2553 6 19 76 
2508 10 11 76 
2488 11 12 76 
2429 11 14 76 
2359 12 1 76 
2325 12 3 76 
2287 12 13 76 
2216 13 0 76 
2148 0 16 76 
1943 1 17 76 
1790 2 18 76 
1619 3 19 76 
1398 5 19 76 
1374 6 18 76 
1371 9 19 76 
1146 10 12 76 
894 11 13 76 
722 12 2 76 
432 13 1 76 
366 13 3 76 
264 14 0 76 
201 0 11 76 
144 0 15 76 
73 1 16 76 
44 2 17 76 
3458 3 18 76 
3455 4 19 76 
3216 5 18 76 
3071 6 17 76 
3056 8 19 76 
3025 9 12 76 
3006 9 18 76 
2776 10 13 76 
2707 13 2 76 
2556 14 1 76 
2499 14 3 76 
2250 15 0 76 
2026 19 0 76 
1982 0 12 76 
1938 0 14 76 
1920 1 11 76 
1753 1 15 76 
1674 2 16 76 
1459 3 17 76 
1152 4 18 76 
1127 5 17 76 
1069 6 16 76 
1036 7 19 76 
842 8 12 76 
765 8 18 76 
691 9 13 76 
602 9 17 76 
551 10 14 76 
231 14 2 76 
162 15 1 76 
95 16 0 76 
32 18 0 76 
3524 19 1 76 
3317 0 13 76 
3280 1 12 76 
3122 1 14 76 
3118 2 15 76 
3110 3 16 76 
3102 4 17 76 
3067 5 16 76 
2941 7 18 76 
2795 8 13 76 
2606 8 17 76 
2473 9 14 76 
2407 9 16 76 
2256 10 15 76 
2101 15 2 76 
2045 16 1 76 
1709 17 0 76 
1298 18 1 76 
1132 19 2 76 
878 0 8 76 
644 1 13 76 
636 2 14 76 
519 3 15 76 
395 4 16 76 
329 7 17 76 
10 8 14 76 
3314 8 16 76 
3311 9 15 76 
3220 12 4 76 
3200 12 6 76 
3158 16 2 76 
3121 17 1 76 
3089 18 2 76 
3030 19 3 76 
2948 0 9 76 
2895 1 8 76 
2836 2 13 76 
2813 3 14 76 
2706 4 15 76 
2322 7 16 76 
2295 8 15 76 
2225 12 5 76 
1846 13 4 76 
1831 13 6 76 
1583 17 2 76 
1304 18 3 76 
1301 19 4 76 
1204 0 10 76 
1108 1 9 76 
1024 2 8 76 
988 2 12 76 
945 3 13 76 
520 4 14 76 
155 5 15 76 
97 7 15 76 
3499 13 5 76 
3454 14 4 76 
3402 15 3 76 
3374 17 3 76 
3263 18 4 76 
3124 19 5 76 
3022 1 10 76 
2883 2 9 76 
2575 2 11 76 
2533 3 8 76 
2483 3 12 76 
2397 4 13 76 
2346 5 14 76 
2084 6 15 76 
2049 7 14 76 
2025 14 5 76 
1853 15 4 76 
1838 16 3 76 
1677 17 4 76 
1405 18 5 76 
1375 19 6 76 
1327 19 10 76 
1203 2 10 76 
1055 3 9 76 
983 3 11 76 
873 4 8 76 
839 4 12 76 
511 5 13 76 
487 6 14 76 
3523 7 13 76 
3520 15 5 76 
3337 16 4 76 
3222 17 5 76 
3133 18 6 76 
3108 18 10 76 
3047 19 7 76 
3033 19 9 76 
2992 3 10 76 
2980 4 9 76 
2860 4 11 76 
2800 5 12 76 
2732 6 13 76 
2457 7 12 76 
2421 16 5 76 
2418 17 6 76 
2356 17 10 76 
2323 18 7 76 
2291 18 9 76 
2110 19 8 76 
1930 4 10 76 
1829 5 11 76 
1534 6 12 76 
1429 7 11 76 
1406 16 6 76 
1390 17 7 76 
1169 17 9 76 
1087 18 8 76 
891 5 10 76 
795 6 11 76 
680 7 10 76 
3503 16 7 76 
3486 16 9 76 
3480 17 8 76 
3426 5 9 76 
3406 6 10 76 
2929 7 9 76 
2918 15 9 76 
2777 16 8 76 
2651 4 7 76 
2477 5 8 76 
2404 6 9 76 
2378 8 11 76 
2305 14 9 76 
2038 15 6 76 
1998 15 8 76 
1747 5 7 76 
1646 6 8 76 
1441 8 10 76 
1210 9 11 76 
1091 13 9 76 
697 14 6 76 
649 14 8 76 
646 15 7 76 
177 6 7 76 
18 7 6 76 
8 7 8 76 
3514 8 9 76 
3395 9 10 76 
3083 11 0 76 
3026 12 9 76 
2461 13 8 76 
2170 14 7 76 
1544 7 7 76 
1404 8 6 76 
1323 8 8 76 
1267 9 9 76 
1106 10 0 76 
1086 11 1 76 
1012 12 8 76 
207 13 7 76 
170 8 7 76 
3513 9 0 76 
3226 9 8 76 
3180 10 1 76 
3144 11 2 76 
3123 11 8 76 
2993 12 7 76 
2920 8 0 76 
2879 9 1 76 
2764 9 7 76 
2558 10 2 76 
2435 10 8 76 
2227 11 3 76 
2142 11 7 76 
2006 7 0 76 
1940 8 1 76 
1893 9 2 76 
1837 10 3 76 
1492 10 7 76 
1446 11 4 76 
1395 11 6 76 
879 6 0 76 
545 7 1 76 
517 8 2 76 
355 9 3 76 
3535 10 4 76 
2886 10 6 76 
2861 11 5 76 
2601 5 0 76 
2539 6 1 76 
2523 7 2 76 
2166 8 3 76 
2130 9 4 76 
2021 9 6 76 
1710 10 5 76 
1625 5 1 76 
1033 6 2 76 
977 7 3 76 
949 8 4 76 
652 9 5 76 
478 0 7 76 
477 5 2 76 
273 6 3 76 
3415 7 4 76 
3205 8 5 76 
2960 0 6 76 
2949 1 7 76 
2638 3 7 76 
2034 5 3 76 
1142 6 4 76 
1119 6 6 76 
1102 7 5 76 
1097 0 5 76 
1076 1 6 76 
1061 2 7 76 
906 5 4 76 
881 5 6 76 
871 6 5 76 
813 0 0 76 
363 0 4 76 
3251 1 5 76 
2775 2 6 76 
2564 4 6 76 
2466 5 5 76 
2275 0 1 76 
1925 0 3 76 
1741 1 0 76 
1585 1 4 76 
833 2 5 76 
735 3 6 76 
720 4 5 76 
688 0 2 76 
687 1 1 76 
3213 1 3 76 
2894 2 0 76 
2363 2 4 76 
2294 3 5 76 
1877 4 4 76 
1470 1 2 76 
1264 2 1 76 
486 2 3 76 
404 3 4 76 
2447 4 3 76 
947 2 2 76 
835 3 3 76 
817 4 2 76 
3297 3 2 76 
2451 4 1 76 
2411 3 1 76 
100 4 0 76 
2455 3 0 76 
1474 1 1 89 
914 1 6 90 
2409 6 4 90 
542 6 3 91 
1887 6 2 91 
2604 6 1 91 
2698 9 3 92 
1705 10 3 92 
575 13 8 93 
29 14 8 94 
862 17 6 95 
2492 18 9 95 
582 3 9 96 
508 4 12 96 
942 16 4 95 
1282 18 6 95 
1527 2 9 96 
1663 3 12 96 
3498 1 9 97 
