1945
5190 0 7 1 
5069 0 19 1 
4835 0 8 1 
4661 0 18 1 
4570 1 7 1 
4282 1 19 1 
4206 0 9 1 
4099 0 17 1 
4017 1 8 1 
3884 1 18 1 
3824 2 7 1 
3707 2 19 1 
3661 0 10 1 
3507 0 16 1 
3070 1 9 1 
3054 1 17 1 
2999 2 8 1 
2920 2 18 1 
2675 3 7 1 
2604 3 19 1 
2328 0 11 1 
1728 0 15 1 
1653 1 10 1 
1468 1 16 1 
1457 2 9 1 
1353 2 17 1 
1301 3 8 1 
1053 3 18 1 
690 4 7 1 
594 4 19 1 
524 0 12 1 
421 0 14 1 
328 1 11 1 
5167 1 15 1 
5091 2 10 1 
5061 2 16 1 
4730 3 9 1 
4621 3 17 1 
4544 4 8 1 
4248 4 18 1 
3643 5 7 1 
3623 5 19 1 
3489 0 13 1 
3469 1 12 1 
3209 1 14 1 
2979 2 11 1 
2823 2 15 1 
2700 3 10 1 
2695 3 16 1 
2640 4 9 1 
2436 4 17 1 
2378 5 8 1 
2309 5 18 1 
2297 6 19 1 
2190 1 13 1 
1660 2 12 1 
1388 2 14 1 
1228 3 11 1 
1150 3 15 1 
1057 4 10 1 
973 4 16 1 
929 5 9 1 
868 5 17 1 
808 6 18 1 
650 7 19 1 
591 2 13 1 
321 3 12 1 
129 3 14 1 
5129 4 11 1 
5056 4 15 1 
4995 5 10 1 
4992 5 16 1 
4983 6 9 1 
4863 6 17 1 
4789 7 18 1 
4438 8 19 1 
4413 3 13 1 
4256 4 12 1 
4238 4 14 1 
4169 5 11 1 
3955 5 15 1 
3882 6 10 1 
3789 6 16 1 
3726 7 9 1 
3567 7 17 1 
3301 8 18 1 
3282 9 19 1 
3234 4 13 1 
3128 5 12 1 
3029 5 14 1 
2963 6 11 1 
2933 6 15 1 
2689 7 10 1 
2397 7 16 1 
2207 8 17 1 
2149 9 18 1 
2091 10 19 1 
2069 5 13 1 
1430 6 12 1 
1262 6 14 1 
904 7 11 1 
27 7 15 1 
5212 8 16 1 
5068 9 17 1 
5011 10 18 1 
4954 11 19 1 
4812 19 19 1 
4736 6 13 1 
4630 7 12 1 
4627 7 14 1 
4338 8 15 1 
4245 9 16 1 
4199 10 17 1 
4018 11 18 1 
3918 12 19 1 
3712 18 19 1 
3551 19 18 1 
3548 7 13 1 
3364 8 14 1 
3292 9 15 1 
3204 10 16 1 
2855 11 17 1 
2715 12 18 1 
2445 13 19 1 
2408 17 19 1 
2196 18 18 1 
1723 19 17 1 
1624 8 13 1 
1611 9 14 1 
1512 10 15 1 
1489 11 16 1 
1082 12 17 1 
944 13 18 1 
543 14 19 1 
257 16 19 1 
95 17 18 1 
49 18 17 1 
5178 19 16 1 
5128 9 13 1 
5064 10 14 1 
5050 11 15 1 
4686 12 16 1 
4595 13 17 1 
4557 14 18 1 
4542 15 19 1 
4463 16 18 1 
4143 17 17 1 
3958 18 16 1 
3716 19 15 1 
3399 10 13 1 
3172 11 14 1 
2956 12 15 1 
2861 13 16 1 
2537 14 17 1 
2535 15 18 1 
2484 16 17 1 
1857 17 16 1 
1680 18 15 1 
1319 19 14 1 
1236 11 13 1 
897 12 14 1 
887 13 15 1 
571 14 16 1 
501 15 17 1 
453 16 16 1 
344 17 15 1 
5176 18 14 1 
5133 19 13 1 
5130 12 13 1 
4982 13 14 1 
4842 14 15 1 
4808 15 16 1 
4800 16 15 1 
4650 17 14 1 
4616 18 13 1 
4420 19 12 1 
4344 13 13 1 
4323 14 14 1 
4221 15 15 1 
3936 16 14 1 
3827 17 13 1 
3739 18 12 1 
3668 19 11 1 
3647 14 13 1 
3009 15 14 1 
2854 16 13 1 
2520 17 12 1 
2398 18 11 1 
2345 19 10 1 
2320 15 13 1 
2245 16 12 1 
1704 17 11 1 
1518 18 10 1 
1497 19 9 1 
1478 15 12 1 
1356 16 11 1 
1299 17 10 1 
1132 18 9 1 
1080 19 8 1 
885 14 12 1 
583 15 11 1 
518 16 10 1 
159 17 9 1 
25 18 8 1 
12 19 7 1 
4714 13 12 1 
4440 14 11 1 
4329 15 10 1 
4222 16 9 1 
3978 17 8 1 
3760 18 7 1 
3369 19 6 1 
3346 12 12 1 
2778 13 11 1 
2742 14 10 1 
2521 15 9 1 
2224 16 8 1 
1467 17 7 1 
1416 18 6 1 
1246 19 5 1 
1127 11 12 1 
1088 12 11 1 
923 13 10 1 
479 14 9 1 
347 15 8 1 
259 16 7 1 
258 17 6 1 
203 18 5 1 
186 19 4 1 
100 10 12 1 
4984 11 11 1 
4974 12 10 1 
4670 13 9 1 
4613 14 8 1 
4310 15 7 1 
3926 16 6 1 
3751 17 5 1 
3685 18 4 1 
3233 19 3 1 
3050 9 12 1 
3028 10 11 1 
2600 11 10 1 
2545 12 9 1 
2271 13 8 1 
2247 14 7 1 
1933 15 6 1 
1848 16 5 1 
1556 17 4 1 
1398 18 3 1 
1148 19 2 1 
815 8 12 1 
733 9 11 1 
656 10 10 1 
592 11 9 1 
39 12 8 1 
5218 13 7 1 
5072 14 6 1 
4880 15 5 1 
4791 16 4 1 
4068 17 3 1 
3821 18 2 1 
3740 19 1 1 
3630 8 11 1 
3528 9 10 1 
3339 10 9 1 
3187 11 8 1 
3051 12 7 1 
2977 13 6 1 
2923 14 5 1 
2588 15 4 1 
2526 16 3 1 
2315 17 2 1 
2025 18 1 1 
2011 19 0 1 
1830 8 10 1 
1668 9 9 1 
1432 10 8 1 
1406 11 7 1 
1183 12 6 1 
1073 13 5 1 
996 14 4 1 
802 15 3 1 
773 16 2 1 
729 17 1 1 
724 18 0 1 
522 8 9 1 
5152 9 8 1 
5044 10 7 1 
4775 11 6 1 
4553 12 5 1 
4524 13 4 1 
4469 14 3 1 
4259 15 2 1 
4062 16 1 1 
3052 17 0 1 
2745 6 8 1 
2644 8 8 1 
2376 9 7 1 
2359 10 6 1 
1960 11 5 1 
1897 12 4 1 
1102 13 3 1 
542 14 2 1 
140 15 1 1 
4354 16 0 1 
4257 6 7 1 
4227 7 8 1 
4117 8 7 1 
4096 9 6 1 
3758 10 5 1 
3190 11 4 1 
3162 12 3 1 
3135 13 2 1 
3023 14 1 1 
2616 15 0 1 
2415 7 7 1 
1946 8 6 1 
1781 9 5 1 
1665 10 4 1 
1377 11 3 1 
1352 12 2 1 
1034 13 1 1 
869 14 0 1 
5201 7 6 1 
5194 8 5 1 
5142 9 4 1 
4929 10 3 1 
4881 11 2 1 
4499 12 1 1 
4298 13 0 1 
4166 6 6 1 
4138 7 5 1 
3920 8 4 1 
3735 9 3 1 
3682 10 2 1 
3605 11 1 1 
3357 12 0 1 
2674 5 6 1 
2420 6 5 1 
2122 7 4 1 
1886 8 3 1 
1808 9 2 1 
1797 10 1 1 
1669 11 0 1 
1026 4 6 1 
786 5 5 1 
238 6 4 1 
4581 7 3 1 
3841 8 2 1 
3819 9 1 1 
3447 10 0 1 
3192 3 6 1 
3056 4 5 1 
2873 5 4 1 
2186 6 3 1 
2121 7 2 1 
1454 8 1 1 
1392 9 0 1 
1362 0 6 1 
1316 2 6 1 
1257 3 5 1 
670 4 4 1 
662 5 3 1 
638 6 2 1 
464 7 1 1 
5170 8 0 1 
5146 0 5 1 
5004 1 6 1 
4854 2 5 1 
3977 3 4 1 
3836 4 3 1 
3672 5 2 1 
3367 6 1 1 
3360 7 0 1 
3143 0 4 1 
2211 1 5 1 
1976 2 4 1 
1447 3 3 1 
871 4 2 1 
657 5 1 1 
4928 6 0 1 
4706 0 3 1 
3151 1 4 1 
3103 2 3 1 
1517 3 2 1 
1334 4 1 1 
691 5 0 1 
4723 0 2 1 
4233 1 3 1 
4064 2 2 1 
2592 3 1 1 
2446 4 0 1 
2210 0 1 1 
2096 1 2 1 
1881 2 1 1 
1434 3 0 1 
4325 0 0 1 
2178 1 1 1 
1135 2 0 1 
244 1 0 1 
2014 1 1 12 
2372 1 2 13 
2774 2 1 13 
223 1 3 13 
234 2 2 13 
1509 3 1 13 
1922 1 4 14 
3488 2 3 14 
2611 3 2 14 
2643 4 1 14 
676 1 5 15 
706 2 4 15 
1540 3 3 15 
1967 4 2 15 
2158 5 1 15 
2523 2 5 15 
3461 3 4 15 
4543 4 3 15 
428 5 2 15 
654 6 1 15 
959 3 5 16 
2984 4 4 16 
4567 5 3 16 
1357 6 2 16 
2478 7 1 16 
3090 4 5 16 
3957 5 4 16 
4148 7 2 16 
740 8 1 16 
764 5 5 17 
1049 8 2 16 
2405 9 1 16 
4006 8 3 17 
4663 9 2 17 
4886 10 1 17 
4892 8 4 17 
5114 9 3 17 
810 10 2 17 
1133 11 1 17 
1298 8 5 17 
1557 9 4 17 
1858 10 3 17 
1875 11 2 17 
2580 12 1 17 
3013 8 6 18 
3042 9 5 18 
3504 10 4 18 
3901 11 3 18 
4263 12 2 18 
799 13 1 18 
924 8 7 18 
1986 9 6 18 
2366 10 5 18 
2400 12 3 18 
2475 13 2 18 
2694 14 1 18 
3306 9 7 19 
3666 10 6 19 
3949 13 3 19 
4204 14 2 19 
4814 15 1 19 
52 9 8 19 
89 10 7 19 
320 11 6 19 
441 14 3 19 
693 15 2 19 
761 16 1 19 
852 9 9 20 
933 10 8 20 
1123 11 7 20 
1128 14 4 20 
1696 16 2 20 
1746 17 1 20 
1983 9 10 20 
2458 10 9 20 
3840 11 8 20 
4228 14 5 20 
92 17 2 20 
635 18 1 20 
671 9 11 21 
1718 10 10 21 
1926 11 9 21 
2075 14 6 20 
2425 15 5 20 
3311 18 2 20 
3314 10 11 21 
4628 11 10 21 
5046 14 7 21 
5104 0 7 26 
4883 0 19 26 
4792 0 8 26 
4733 0 18 26 
4534 1 7 26 
4365 1 19 26 
3854 0 9 26 
3784 0 17 26 
3361 1 8 26 
3358 1 18 26 
3102 2 7 26 
2998 2 19 26 
2892 0 10 26 
2846 0 16 26 
2807 1 9 26 
2802 1 17 26 
2748 2 8 26 
2739 2 18 26 
2590 3 7 26 
2417 3 19 26 
2395 0 11 26 
2385 0 15 26 
2012 1 10 26 
2007 1 16 26 
1672 2 9 26 
1452 2 17 26 
1185 3 8 26 
994 3 18 26 
758 4 7 26 
757 4 19 26 
728 0 12 26 
677 0 14 26 
400 1 11 26 
260 1 15 26 
185 2 10 26 
167 2 16 26 
5092 3 9 26 
4922 3 17 26 
4807 4 8 26 
4753 4 18 26 
4603 5 7 26 
4482 5 19 26 
4401 0 13 26 
4295 1 12 26 
4087 1 14 26 
3900 2 11 26 
3857 2 15 26 
3174 3 10 26 
2505 3 16 26 
2370 4 9 26 
2187 4 17 26 
2159 5 8 26 
1919 5 18 26 
1840 6 19 26 
1762 1 13 26 
1712 2 12 26 
1681 2 14 26 
1429 3 11 26 
1409 3 15 26 
555 4 10 26 
307 4 16 26 
291 5 9 26 
263 5 17 26 
190 6 18 26 
85 7 19 26 
5193 2 13 26 
5066 3 12 26 
5043 3 14 26 
4436 4 11 26 
4400 4 15 26 
4307 5 10 26 
4067 5 16 26 
3375 6 9 26 
3290 6 17 26 
3150 7 18 26 
3011 8 19 26 
2768 3 13 26 
2671 4 12 26 
2402 4 14 26 
2088 5 11 26 
2066 5 15 26 
1633 6 10 26 
1534 6 16 26 
1455 7 9 26 
1415 7 17 26 
1274 8 18 26 
1211 9 19 26 
1094 4 13 26 
826 5 12 26 
780 5 14 26 
466 6 11 26 
335 6 15 26 
256 7 10 26 
122 7 16 26 
18 8 17 26 
5139 9 18 26 
5120 10 19 26 
4600 5 13 26 
4462 6 12 26 
4356 6 14 26 
4276 7 11 26 
4135 7 15 26 
3979 8 16 26 
3952 9 17 26 
3931 10 18 26 
3866 11 19 26 
3505 19 19 26 
2994 6 13 26 
2875 7 12 26 
2801 7 14 26 
2775 8 15 26 
2714 9 16 26 
2712 10 17 26 
2371 11 18 26 
2260 12 19 26 
2249 18 19 26 
2110 19 18 26 
1871 7 13 26 
1784 8 14 26 
1692 9 15 26 
1535 10 16 26 
1338 11 17 26 
1332 12 18 26 
866 13 19 26 
653 17 19 26 
478 18 18 26 
110 19 17 26 
4879 8 13 26 
4721 9 14 26 
4659 10 15 26 
4642 11 16 26 
4635 12 17 26 
4556 13 18 26 
4444 14 19 26 
4388 16 19 26 
4361 17 18 26 
4154 18 17 26 
3270 19 16 26 
3125 9 13 26 
2720 10 14 26 
2603 11 15 26 
1632 12 16 26 
1103 13 17 26 
795 14 18 26 
384 15 19 26 
271 16 18 26 
252 17 17 26 
115 18 16 26 
4900 19 15 26 
4860 10 13 26 
3888 11 14 26 
3829 12 15 26 
3695 13 16 26 
3420 14 17 26 
3378 15 18 26 
2932 16 17 26 
2913 17 16 26 
2834 18 15 26 
2762 19 14 26 
2595 11 13 26 
2591 12 14 26 
2474 13 15 26 
2139 14 16 26 
1951 15 17 26 
1932 16 16 26 
1555 17 15 26 
1543 18 14 26 
1538 19 13 26 
1396 12 13 26 
1178 13 14 26 
1106 14 15 26 
1051 15 16 26 
916 16 15 26 
629 17 14 26 
5122 18 13 26 
5029 19 12 26 
5015 13 13 26 
4549 14 14 26 
4428 15 15 26 
4305 16 14 26 
4255 17 13 26 
4080 18 12 26 
3995 19 11 26 
3948 14 13 26 
3853 15 14 26 
3617 16 13 26 
3602 17 12 26 
3601 18 11 26 
3460 19 10 26 
3459 15 13 26 
3223 16 12 26 
2949 17 11 26 
2891 18 10 26 
2752 19 9 26 
2678 15 12 26 
2453 16 11 26 
2194 17 10 26 
2192 18 9 26 
1783 19 8 26 
1383 14 12 26 
1367 15 11 26 
1138 16 10 26 
891 17 9 26 
643 18 8 26 
621 19 7 26 
367 13 12 26 
163 14 11 26 
75 15 10 26 
51 16 9 26 
22 17 8 26 
4625 18 7 26 
4490 19 6 26 
3956 12 12 26 
3865 13 11 26 
3832 14 10 26 
3823 15 9 26 
3787 16 8 26 
3656 17 7 26 
3622 18 6 26 
3511 19 5 26 
3347 11 12 26 
3148 12 11 26 
3131 13 10 26 
3020 14 9 26 
2800 15 8 26 
2749 16 7 26 
2628 17 6 26 
2472 18 5 26 
2399 19 4 26 
2312 10 12 26 
2083 11 11 26 
1949 12 10 26 
1883 13 9 26 
1702 14 8 26 
1687 15 7 26 
1616 16 6 26 
1583 17 5 26 
1572 18 4 26 
1506 19 3 26 
1389 9 12 26 
1287 10 11 26 
1229 11 10 26 
1179 12 9 26 
1043 13 8 26 
303 14 7 26 
294 15 6 26 
248 16 5 26 
235 17 4 26 
70 18 3 26 
5191 19 2 26 
5023 8 12 26 
4810 9 11 26 
4602 10 10 26 
4101 11 9 26 
3982 12 8 26 
3722 13 7 26 
3508 14 6 26 
3496 15 5 26 
3425 16 4 26 
3331 17 3 26 
3185 18 2 26 
2849 19 1 26 
2164 8 11 26 
2061 9 10 26 
2021 10 9 26 
1998 11 8 26 
1879 12 7 26 
1380 13 6 26 
1379 14 5 26 
1325 15 4 26 
1270 16 3 26 
1145 17 2 26 
1113 18 1 26 
849 19 0 26 
827 8 10 26 
680 9 9 26 
433 10 8 26 
198 11 7 26 
184 12 6 26 
160 13 5 26 
57 14 4 26 
5125 15 3 26 
4877 16 2 26 
4709 17 1 26 
4504 18 0 26 
4498 8 9 26 
4162 9 8 26 
3766 10 7 26 
3648 11 6 26 
3177 12 5 26 
3169 13 4 26 
3111 14 3 26 
2865 15 2 26 
2664 16 1 26 
2426 17 0 26 
2394 6 8 26 
2272 8 8 26 
2022 9 7 26 
1958 10 6 26 
1927 11 5 26 
649 12 4 26 
179 13 3 26 
120 14 2 26 
5209 15 1 26 
5145 16 0 26 
4904 6 7 26 
4766 7 8 26 
4636 8 7 26 
4317 9 6 26 
3987 10 5 26 
3974 11 4 26 
3796 12 3 26 
3693 13 2 26 
3620 14 1 26 
3487 15 0 26 
3298 7 7 26 
3168 8 6 26 
3022 9 5 26 
2995 10 4 26 
2716 11 3 26 
2546 12 2 26 
2442 13 1 26 
2414 14 0 26 
2161 7 6 26 
2108 8 5 26 
2029 9 4 26 
1903 10 3 26 
1542 11 2 26 
825 12 1 26 
753 13 0 26 
396 6 6 26 
4784 7 5 26 
4558 8 4 26 
4213 9 3 26 
4191 10 2 26 
3788 11 1 26 
3741 12 0 26 
3641 5 6 26 
3473 6 5 26 
3468 7 4 26 
3130 8 3 26 
3040 9 2 26 
3002 10 1 26 
2652 11 0 26 
2369 4 6 26 
2237 5 5 26 
2067 6 4 26 
1261 7 3 26 
568 8 2 26 
337 9 1 26 
32 10 0 26 
5076 3 6 26 
5000 4 5 26 
4889 5 4 26 
4494 6 3 26 
4301 7 2 26 
3014 8 1 26 
2642 9 0 26 
2266 0 6 26 
2254 2 6 26 
2142 3 5 26 
2079 4 4 26 
2031 5 3 26 
1931 6 2 26 
1794 7 1 26 
1251 8 0 26 
647 0 5 26 
564 1 6 26 
14 2 5 26 
5078 3 4 26 
4394 4 3 26 
3529 5 2 26 
3450 6 1 26 
3348 7 0 26 
3182 0 4 26 
2181 1 5 26 
2143 2 4 26 
2111 3 3 26 
1117 4 2 26 
1052 5 1 26 
828 6 0 26 
4972 0 3 26 
4578 1 4 26 
4488 2 3 26 
4389 3 2 26 
4214 4 1 26 
3897 5 0 26 
3142 0 2 26 
3110 1 3 26 
2982 2 2 26 
2165 3 1 26 
790 4 0 26 
101 0 1 26 
4896 1 2 26 
4891 2 1 26 
3389 3 0 26 
3122 0 0 26 
2876 1 1 26 
2563 2 0 26 
5036 1 0 26 
3047 1 1 38 
4088 1 2 38 
1291 2 1 38 
2744 1 3 39 
4 2 2 39 
2708 3 1 39 
2767 1 4 39 
3988 2 3 39 
4945 3 2 39 
336 4 1 39 
2242 1 5 40 
2321 2 4 40 
2500 3 3 40 
2796 4 2 40 
2989 5 1 40 
4196 2 5 41 
4273 3 4 40 
4434 4 3 40 
283 5 2 40 
443 6 1 40 
540 3 5 41 
1710 4 4 41 
2217 5 3 41 
2382 6 2 41 
3352 7 1 41 
3368 4 5 41 
3686 5 4 41 
3902 7 2 41 
4275 8 1 41 
4719 5 5 42 
1019 8 2 42 
1265 9 1 42 
2583 8 3 42 
3755 9 2 42 
222 10 1 42 
301 8 4 42 
818 9 3 42 
1212 10 2 42 
2253 11 1 42 
2411 8 5 43 
2848 9 4 43 
2934 10 3 43 
3112 11 2 43 
3613 12 1 43 
3873 8 6 43 
4014 9 5 43 
4692 10 4 43 
4912 11 3 43 
386 12 2 43 
500 13 1 43 
1550 8 7 43 
1654 9 6 43 
2103 10 5 43 
2629 12 3 43 
3438 13 2 43 
3503 14 1 43 
3594 9 7 44 
4357 10 6 44 
4809 13 3 44 
28 14 2 44 
189 15 1 43 
896 9 8 44 
928 10 7 44 
963 11 6 44 
1426 14 3 44 
1658 15 2 44 
2220 16 1 44 
2681 9 9 45 
3208 10 8 45 
3659 11 7 45 
4098 14 4 45 
4265 16 2 44 
4712 17 1 44 
4971 9 10 45 
339 10 9 45 
637 11 8 45 
1215 14 5 45 
1685 17 2 45 
1896 18 1 45 
1910 9 11 45 
2707 10 10 45 
3452 11 9 45 
4244 14 6 45 
4293 15 5 45 
5067 18 2 45 
5086 0 7 51 
4980 0 19 51 
4768 0 8 51 
4762 0 18 51 
4685 1 7 51 
4649 1 19 51 
4379 0 9 51 
3872 0 17 51 
3770 1 8 51 
3195 1 18 51 
3170 2 7 51 
2348 2 19 51 
2283 0 10 51 
2100 0 16 51 
2050 1 9 51 
1943 1 17 51 
1729 2 8 51 
1679 2 18 51 
1635 3 7 51 
1564 3 19 51 
1466 0 11 51 
1444 0 15 51 
1351 1 10 51 
1288 1 16 51 
1275 2 9 51 
1077 2 17 51 
616 3 8 51 
460 3 18 51 
388 4 7 51 
354 4 19 51 
112 0 12 51 
4895 0 14 51 
4859 1 11 51 
4856 1 15 51 
4802 2 10 51 
4751 2 16 51 
4724 3 9 51 
4703 3 17 51 
4427 4 8 51 
4372 4 18 51 
4189 5 7 51 
4043 5 19 51 
4021 0 13 51 
3747 1 12 51 
3522 1 14 51 
3493 2 11 51 
2497 2 15 51 
2487 3 10 51 
2460 3 16 51 
2435 4 9 51 
2317 4 17 51 
2023 5 8 51 
1605 5 18 51 
1218 6 19 51 
1201 1 13 51 
1078 2 12 51 
986 2 14 51 
882 3 11 51 
580 3 15 51 
5070 4 10 51 
5032 4 16 51 
4820 5 9 51 
4795 5 17 51 
4754 6 18 51 
4713 7 19 51 
4059 2 13 51 
4010 3 12 51 
3738 3 14 51 
3720 4 11 51 
3502 4 15 51 
3341 5 10 51 
3327 5 16 51 
3321 6 9 51 
3296 6 17 51 
3249 7 18 51 
3171 8 19 51 
2993 3 13 51 
2690 4 12 51 
2614 4 14 51 
2502 5 11 51 
2491 5 15 51 
2230 6 10 51 
2113 6 16 51 
1733 7 9 51 
1725 7 17 51 
1644 8 18 51 
1498 9 19 51 
1465 4 13 51 
1314 5 12 51 
1141 5 14 51 
980 6 11 51 
940 6 15 51 
377 7 10 51 
319 7 16 51 
109 8 17 51 
108 9 18 51 
5150 10 19 51 
4576 5 13 51 
4481 6 12 51 
4187 6 14 51 
4127 7 11 51 
4077 7 15 51 
3981 8 16 51 
3938 9 17 51 
3485 10 18 51 
3371 11 19 51 
3338 19 19 51 
3319 6 13 51 
3216 7 12 51 
3137 7 14 51 
3080 8 15 51 
2686 9 16 51 
2506 10 17 51 
2388 11 18 51 
2193 12 19 51 
2126 18 19 51 
2024 19 18 51 
1990 7 13 51 
1892 8 14 51 
1580 9 15 51 
1449 10 16 51 
1348 11 17 51 
1321 12 18 51 
1151 13 19 51 
783 17 19 51 
768 18 18 51 
673 19 17 51 
431 8 13 51 
392 9 14 51 
382 10 15 51 
342 11 16 51 
302 12 17 51 
292 13 18 51 
285 14 19 51 
187 16 19 51 
5175 17 18 51 
4799 18 17 51 
4682 19 16 51 
4541 9 13 51 
4339 10 14 51 
4239 11 15 51 
4217 12 16 51 
4195 13 17 51 
4174 14 18 51 
4037 15 19 51 
3996 16 18 51 
3994 17 17 51 
3838 18 16 51 
3293 19 15 51 
3237 10 13 51 
2833 11 14 51 
2789 12 15 51 
2553 13 16 51 
2424 14 17 51 
2421 15 18 51 
2413 16 17 51 
2155 17 16 51 
1973 18 15 51 
1499 19 14 51 
1425 11 13 51 
1222 12 14 51 
547 13 15 51 
450 14 16 51 
21 15 17 51 
5016 16 16 51 
4690 17 15 51 
4622 18 14 51 
4417 19 13 51 
4312 12 13 51 
4254 13 14 51 
4170 14 15 51 
4130 15 16 51 
3730 16 15 51 
3382 17 14 51 
3239 18 13 51 
3188 19 12 51 
2879 13 13 51 
2389 14 14 51 
2256 15 15 51 
2201 16 14 51 
2116 17 13 51 
482 18 12 51 
5124 19 11 51 
5112 14 13 51 
5097 15 14 51 
4906 16 13 51 
4359 17 12 51 
4123 18 11 51 
3946 19 10 51 
3909 15 13 51 
3908 16 12 51 
3835 17 11 51 
3816 18 10 51 
3725 19 9 51 
3484 15 12 51 
3217 16 11 51 
3071 17 10 51 
3037 18 9 51 
2958 19 8 51 
2840 14 12 51 
2605 15 11 51 
2570 16 10 51 
2567 17 9 51 
2289 18 8 51 
1966 19 7 51 
1944 13 12 51 
1847 14 11 51 
1759 15 10 51 
1674 16 9 51 
1578 17 8 51 
1366 18 7 51 
1309 19 6 51 
1062 12 12 51 
921 13 11 51 
5109 14 10 51 
4907 15 9 51 
4866 16 8 51 
4816 17 7 51 
4715 18 6 51 
4474 19 5 51 
4391 11 12 51 
4321 12 11 51 
4188 13 10 51 
4072 14 9 51 
3431 15 8 51 
3395 16 7 51 
3126 17 6 51 
2812 18 5 51 
2565 19 4 51 
2432 10 12 51 
1978 11 11 51 
1913 12 10 51 
1764 13 9 51 
1700 14 8 51 
1656 15 7 51 
1503 16 6 51 
1475 17 5 51 
1397 18 4 51 
1297 19 3 51 
1161 9 12 51 
1111 10 11 51 
1066 11 10 51 
1063 12 9 51 
774 13 8 51 
514 14 7 51 
4840 15 6 51 
3842 16 5 51 
3781 17 4 51 
3606 18 3 51 
3383 19 2 51 
3036 8 12 51 
2579 9 11 51 
2423 10 10 51 
2419 11 9 51 
2365 12 8 51 
2051 13 7 51 
1957 14 6 51 
1948 15 5 51 
1670 16 4 51 
1076 17 3 51 
968 18 2 51 
855 19 1 51 
577 8 11 51 
444 9 10 51 
55 10 9 51 
17 11 8 51 
4897 12 7 51 
4847 13 6 51 
4671 14 5 51 
4406 15 4 51 
4125 16 3 51 
4025 17 2 51 
3874 18 1 51 
3790 19 0 51 
3402 8 10 51 
2996 9 9 51 
2890 10 8 51 
2612 11 7 51 
2510 12 6 51 
2125 13 5 51 
1581 14 4 51 
1554 15 3 51 
867 16 2 51 
853 17 1 51 
832 18 0 51 
822 8 9 51 
236 9 8 51 
61 10 7 51 
40 11 6 51 
5071 12 5 51 
5055 13 4 51 
5052 14 3 51 
4416 15 2 51 
4100 16 1 51 
3831 17 0 51 
3701 6 8 51 
3673 8 8 51 
3045 9 7 51 
2973 10 6 51 
2805 11 5 51 
2793 12 4 51 
2685 13 3 51 
2461 14 2 51 
2451 15 1 51 
2221 16 0 51 
2156 6 7 51 
1789 7 8 51 
1749 8 7 51 
1086 9 6 51 
1055 10 5 51 
846 11 4 51 
843 12 3 51 
606 13 2 51 
566 14 1 51 
517 15 0 51 
404 7 7 51 
4940 8 6 51 
4927 9 5 51 
4885 10 4 51 
4796 11 3 51 
4496 12 2 51 
4366 13 1 51 
3961 14 0 51 
3923 7 6 51 
3677 8 5 51 
3575 9 4 51 
3559 10 3 51 
3533 11 2 51 
3429 12 1 51 
3155 13 0 51 
2952 6 6 51 
2808 7 5 51 
2552 8 4 51 
2367 9 3 51 
2333 10 2 51 
2004 11 1 51 
1965 12 0 51 
1544 5 6 51 
1164 6 5 51 
709 7 4 51 
448 8 3 51 
4561 9 2 51 
4449 10 1 51 
4381 11 0 51 
4315 4 6 51 
3968 5 5 51 
3852 6 4 51 
3762 7 3 51 
3696 8 2 51 
3446 9 1 51 
3428 10 0 51 
3193 3 6 51 
2659 4 5 51 
2568 5 4 51 
2032 6 3 51 
1856 7 2 51 
1574 8 1 51 
1075 9 0 51 
856 0 6 51 
598 2 6 51 
312 3 5 51 
243 4 4 51 
5177 5 3 51 
4411 6 2 51 
3724 7 1 51 
3353 8 0 51 
3333 0 5 51 
3146 1 6 51 
3085 2 5 51 
3058 3 4 51 
3008 4 3 51 
2680 5 2 51 
1640 6 1 51 
1420 7 0 51 
1372 0 4 51 
971 1 5 51 
970 2 4 51 
939 3 3 51 
289 4 2 51 
4752 5 1 51 
4697 6 0 51 
4089 0 3 51 
3906 1 4 51 
2756 2 3 51 
2493 3 2 51 
2279 4 1 51 
2183 5 0 51 
1900 0 2 51 
1187 1 3 51 
1001 2 2 51 
269 3 1 51 
4587 4 0 51 
3962 0 1 51 
2867 1 2 51 
2076 2 1 51 
1500 3 0 51 
1393 0 0 51 
5025 1 1 51 
4063 2 0 51 
1326 1 0 51 
426 1 1 62 
4771 1 2 63 
1327 2 1 63 
2746 1 3 64 
3499 2 2 64 
451 3 1 64 
683 1 4 64 
1533 2 3 64 
2228 3 2 64 
2363 4 1 64 
2396 1 5 65 
3690 2 4 65 
3851 3 3 65 
4235 4 2 65 
4981 5 1 64 
528 2 5 65 
953 3 4 65 
1045 4 3 65 
1641 5 2 65 
1715 6 1 65 
3745 3 5 66 
4232 4 4 66 
4445 5 3 65 
4584 6 2 65 
4836 7 1 65 
340 4 5 66 
722 5 4 66 
750 7 2 66 
1205 8 1 66 
1510 5 5 66 
2610 8 2 66 
3178 9 1 66 
106 8 3 67 
150 9 2 66 
352 10 1 66 
964 8 4 67 
1131 9 3 67 
1256 10 2 67 
1603 11 1 67 
1713 8 5 67 
4593 9 4 67 
4598 10 3 67 
4979 11 2 67 
527 12 1 67 
934 8 6 67 
1194 9 5 67 
1804 10 4 67 
1866 11 3 67 
2544 12 2 67 
3315 13 1 67 
3491 8 7 68 
3898 9 6 68 
4144 10 5 68 
422 12 3 68 
1636 13 2 68 
2820 14 1 68 
2965 9 7 68 
3118 10 6 68 
4385 13 3 68 
5065 14 2 68 
5180 15 1 68 
181 9 8 69 
224 10 7 69 
452 11 6 69 
798 14 3 68 
1014 15 2 68 
1136 16 1 68 
1225 9 9 69 
1803 10 8 69 
1868 11 7 69 
2080 14 4 69 
2626 16 2 69 
2770 17 1 69 
3232 9 10 70 
4887 10 9 70 
11 11 8 70 
94 14 5 69 
590 17 2 69 
791 18 1 69 
1208 9 11 70 
1732 10 10 70 
2095 11 9 70 
2257 14 6 70 
2287 15 5 70 
2676 18 2 70 
3024 10 11 71 
3206 11 10 71 
4827 14 7 71 
4865 0 7 76 
4858 0 19 76 
4841 0 8 76 
4781 0 18 76 
4596 1 7 76 
4585 1 19 76 
4579 0 9 76 
4569 0 17 76 
4362 1 8 76 
4219 1 18 76 
4124 2 7 76 
3742 2 19 76 
3542 0 10 76 
3492 0 16 76 
3486 1 9 76 
3435 1 17 76 
3093 2 8 76 
2829 2 18 76 
2799 3 7 76 
2792 3 19 76 
2669 0 11 76 
2542 0 15 76 
2467 1 10 76 
2441 1 16 76 
2185 2 9 76 
1390 2 17 76 
1289 3 8 76 
1121 3 18 76 
1083 4 7 76 
1023 4 19 76 
881 0 12 76 
779 0 14 76 
519 1 11 76 
378 1 15 76 
318 2 10 76 
15 2 16 76 
4876 3 9 76 
4717 3 17 76 
4710 4 8 76 
4674 4 18 76 
4606 5 7 76 
4588 5 19 76 
4514 0 13 76 
4250 1 12 76 
4105 1 14 76 
4034 2 11 76 
3927 2 15 76 
3809 3 10 76 
3729 3 16 76 
3728 4 9 76 
3636 4 17 76 
3442 5 8 76 
3436 5 18 76 
3384 6 19 76 
3104 1 13 76 
2966 2 12 76 
2818 2 14 76 
2731 3 11 76 
2702 3 15 76 
2483 4 10 76 
2452 4 16 76 
2438 5 9 76 
1826 5 17 76 
1709 6 18 76 
1612 7 19 76 
1296 2 13 76 
1040 3 12 76 
946 3 14 76 
884 4 11 76 
838 4 15 76 
701 5 10 76 
126 5 16 76 
44 6 9 76 
5165 6 17 76 
5100 7 18 76 
4777 8 19 76 
4767 3 13 76 
4467 4 12 76 
4146 4 14 76 
4116 5 11 76 
3638 5 15 76 
3410 6 10 76 
3279 6 16 76 
3245 7 9 76 
3129 7 17 76 
3034 8 18 76 
2813 9 19 76 
2663 4 13 76 
2620 5 12 76 
2340 5 14 76 
2235 6 11 76 
2043 6 15 76 
1773 7 10 76 
1758 7 16 76 
1295 8 17 76 
1134 9 18 76 
1079 10 19 76 
910 5 13 76 
908 6 12 76 
907 6 14 76 
894 7 11 76 
477 7 15 76 
458 8 16 76 
437 9 17 76 
288 10 18 76 
213 11 19 76 
193 19 19 76 
103 6 13 76 
35 7 12 76 
5121 7 14 76 
4985 8 15 76 
4967 9 16 76 
4770 10 17 76 
4666 11 18 76 
4610 12 19 76 
4589 18 19 76 
4565 19 18 76 
4319 7 13 76 
4180 8 14 76 
3960 9 15 76 
3618 10 16 76 
3593 11 17 76 
3524 12 18 76 
3453 13 19 76 
3231 17 19 76 
3176 18 18 76 
3072 19 17 76 
3062 8 13 76 
3003 9 14 76 
2852 10 15 76 
2754 11 16 76 
2721 12 17 76 
2123 13 18 76 
1891 14 19 76 
1591 16 19 76 
1317 17 18 76 
1114 18 17 76 
725 19 16 76 
644 9 13 76 
416 10 14 76 
4990 11 15 76 
4952 12 16 76 
4874 13 17 76 
4330 14 18 76 
4149 15 19 76 
3608 16 18 76 
3380 17 17 76 
2983 18 16 76 
2953 19 15 76 
2764 10 13 76 
2688 11 14 76 
2157 12 15 76 
2015 13 16 76 
1977 14 17 76 
1610 15 18 76 
1431 16 17 76 
984 17 16 76 
705 18 15 76 
678 19 14 76 
526 11 13 76 
201 12 14 76 
139 13 15 76 
5045 14 16 76 
5022 15 17 76 
4930 16 16 76 
4680 17 15 76 
4617 18 14 76 
4412 19 13 76 
4147 12 13 76 
4071 13 14 76 
3911 14 15 76 
3895 15 16 76 
3710 16 15 76 
3603 17 14 76 
3540 18 13 76 
3451 19 12 76 
3443 13 13 76 
3326 14 14 76 
3088 15 15 76 
2627 16 14 76 
2498 17 13 76 
2115 18 12 76 
1878 19 11 76 
1344 14 13 76 
1232 15 14 76 
987 16 13 76 
889 17 12 76 
814 18 11 76 
762 19 10 76 
718 15 13 76 
624 16 12 76 
194 17 11 76 
105 18 10 76 
77 19 9 76 
4586 15 12 76 
4510 16 11 76 
4291 17 10 76 
4185 18 9 76 
4129 19 8 76 
4085 14 12 76 
3844 15 11 76 
3699 16 10 76 
3674 17 9 76 
3336 18 8 76 
3226 19 7 76 
3181 13 12 76 
3152 14 11 76 
3015 15 10 76 
2945 16 9 76 
2816 17 8 76 
2759 18 7 76 
2509 19 6 76 
2335 12 12 76 
2303 13 11 76 
2273 14 10 76 
1882 15 9 76 
1812 16 8 76 
1424 17 7 76 
1292 18 6 76 
1167 19 5 76 
1048 11 12 76 
809 12 11 76 
720 13 10 76 
702 14 9 76 
607 15 8 76 
439 16 7 76 
254 17 6 76 
4951 18 5 76 
4423 19 4 76 
4303 10 12 76 
4279 11 11 76 
4247 12 10 76 
4229 13 9 76 
4128 14 8 76 
4069 15 7 76 
4015 16 6 76 
3945 17 5 76 
3719 18 4 76 
3454 19 3 76 
3394 9 12 76 
3094 10 11 76 
2974 11 10 76 
2780 12 9 76 
2729 13 8 76 
2709 14 7 76 
2566 15 6 76 
2548 16 5 76 
2332 17 4 76 
2162 18 3 76 
1767 19 2 76 
1537 8 12 76 
1378 9 11 76 
1245 10 10 76 
1022 11 9 76 
770 12 8 76 
707 13 7 76 
586 14 6 76 
226 15 5 76 
5189 16 4 76 
5075 17 3 76 
5019 18 2 76 
4976 19 1 76 
4725 8 11 76 
4638 9 10 76 
4526 10 9 76 
4348 11 8 76 
4192 12 7 76 
3971 13 6 76 
3792 14 5 76 
3754 15 4 76 
3688 16 3 76 
3021 17 2 76 
2939 18 1 76 
2927 19 0 76 
2819 8 10 76 
2596 9 9 76 
2466 10 8 76 
2373 11 7 76 
2171 12 6 76 
2078 13 5 76 
1988 14 4 76 
1798 15 3 76 
1690 16 2 76 
1283 17 1 76 
1007 18 0 76 
977 8 9 76 
883 9 8 76 
495 10 7 76 
91 11 6 76 
4862 12 5 76 
4637 13 4 76 
4519 14 3 76 
3913 15 2 76 
3561 16 1 76 
3456 17 0 76 
3097 6 8 76 
2536 8 8 76 
2284 9 7 76 
2018 10 6 76 
1810 11 5 76 
1769 12 4 76 
1456 13 3 76 
1230 14 2 76 
1155 15 1 76 
962 16 0 76 
859 6 7 76 
689 7 8 76 
5027 8 7 76 
4914 9 6 76 
4571 10 5 76 
4414 11 4 76 
4201 12 3 76 
3942 13 2 76 
3569 14 1 76 
3554 15 0 76 
3386 7 7 76 
3377 8 6 76 
3291 9 5 76 
3278 10 4 76 
3124 11 3 76 
2806 12 2 76 
2779 13 1 76 
2751 14 0 76 
2430 7 6 76 
2324 8 5 76 
2215 9 4 76 
2213 10 3 76 
2179 11 2 76 
1593 12 1 76 
1118 13 0 76 
660 6 6 76 
560 7 5 76 
304 8 4 76 
4783 9 3 76 
4044 10 2 76 
3746 11 1 76 
3294 12 0 76 
3161 5 6 76 
2540 6 5 76 
2349 7 4 76 
1664 8 3 76 
1433 9 2 76 
1071 10 1 76 
988 11 0 76 
833 4 6 76 
4864 5 5 76 
4643 6 4 76 
4304 7 3 76 
3702 8 2 76 
3222 9 1 76 
2319 10 0 76 
1655 3 6 76 
1588 4 5 76 
1125 5 4 76 
572 6 3 76 
143 7 2 76 
4320 8 1 76 
4145 9 0 76 
3912 0 6 76 
3392 2 6 76 
3266 3 5 76 
3212 4 4 76 
3016 5 3 76 
2969 6 2 76 
2866 7 1 76 
2053 8 0 76 
1929 0 5 76 
1801 1 6 76 
1413 2 5 76 
1220 3 4 76 
927 4 3 76 
280 5 2 76 
4857 6 1 76 
4433 7 0 76 
4408 0 4 76 
4281 1 5 76 
3687 2 4 76 
3640 3 3 76 
3401 4 2 76 
2918 5 1 76 
2821 6 0 76 
2538 0 3 76 
2325 1 4 76 
1787 2 3 76 
1573 3 2 76 
1328 4 1 76 
1266 5 0 76 
844 0 2 76 
276 1 3 76 
4965 2 2 76 
4743 3 1 76 
4468 4 0 76 
4374 0 1 76 
4340 1 2 76 
2572 2 1 76 
1666 3 0 76 
475 0 0 76 
317 1 1 76 
3763 2 0 76 
3046 1 0 76 
4509 1 1 88 
2635 1 2 88 
502 2 1 88 
1494 1 3 89 
3700 2 2 88 
4520 3 1 88 
1901 1 4 89 
2928 2 3 89 
96 3 2 89 
345 4 1 89 
371 1 5 89 
863 2 4 89 
4844 3 3 89 
5090 4 2 89 
5198 5 1 89 
9 2 5 90 
117 3 4 90 
1488 4 3 90 
1663 5 2 90 
2167 6 1 89 
2357 3 5 90 
2358 4 4 90 
3107 5 3 90 
3303 6 2 90 
3671 7 1 90 
4532 4 5 91 
372 5 4 91 
615 7 2 91 
785 8 1 90 
898 5 5 91 
1742 8 2 91 
2437 9 1 91 
3963 8 3 92 
4563 9 2 92 
4678 10 1 92 
4961 8 4 93 
5001 9 3 92 
520 10 2 92 
1097 11 1 92 
1828 8 5 93 
2641 9 4 93 
3337 10 3 93 
58 11 2 93 
177 12 1 93 
395 8 6 93 
658 9 5 93 
739 10 4 93 
3662 11 3 93 
3736 12 2 93 
4506 13 1 93 
601 8 7 93 
864 9 6 93 
1924 10 5 93 
2001 12 3 93 
2101 13 2 93 
2771 14 1 93 
3158 9 7 94 
3634 10 6 94 
3904 13 3 94 
3934 14 2 94 
4133 15 1 94 
5030 9 8 95 
374 10 7 95 
681 11 6 95 
700 14 3 94 
737 15 2 94 
2305 16 1 94 
2655 9 9 95 
4313 10 8 95 
4815 11 7 95 
5183 14 4 95 
161 16 2 95 
455 17 1 95 
1028 9 10 95 
1137 10 9 95 
1435 11 8 95 
2008 14 5 95 
2044 17 2 95 
2693 18 1 95 
3430 9 11 96 
3470 10 10 96 
4429 11 9 96 
4653 14 6 96 
4947 15 5 96 
