1967
5965 19 0 1 
5783 18 0 1 
5596 19 1 1 
5532 19 19 1 
5513 17 0 1 
4509 18 1 1 
4402 18 19 1 
4398 19 2 1 
4237 19 18 1 
4231 16 0 1 
4182 17 1 1 
3710 17 19 1 
3499 18 2 1 
3476 18 18 1 
3020 19 3 1 
2474 19 17 1 
2456 0 9 1 
2076 0 19 1 
2047 15 0 1 
1894 16 1 1 
1846 16 19 1 
1638 17 2 1 
1633 17 18 1 
1505 18 3 1 
1225 18 17 1 
1196 19 4 1 
1039 19 16 1 
912 0 10 1 
884 0 18 1 
880 1 9 1 
723 1 19 1 
703 12 0 1 
681 14 0 1 
560 15 1 1 
210 15 19 1 
175 16 2 1 
35 16 18 1 
5958 17 3 1 
5949 17 17 1 
5730 18 4 1 
5610 18 16 1 
5463 19 5 1 
5335 19 15 1 
5187 0 11 1 
5114 0 17 1 
5013 1 10 1 
4899 1 18 1 
4888 2 9 1 
4604 2 19 1 
4510 12 1 1 
4077 13 0 1 
4043 14 1 1 
3971 14 19 1 
3885 15 2 1 
3861 15 18 1 
3573 16 3 1 
3478 16 17 1 
3295 17 4 1 
3169 17 16 1 
3159 18 5 1 
3080 18 15 1 
2841 19 6 1 
2585 19 14 1 
2491 0 12 1 
2376 0 16 1 
2274 1 11 1 
2169 1 17 1 
2016 2 10 1 
1884 2 18 1 
1739 3 9 1 
1157 3 19 1 
1138 12 2 1 
885 13 1 1 
778 13 19 1 
729 14 2 1 
665 14 18 1 
444 15 3 1 
342 15 17 1 
328 16 4 1 
278 16 16 1 
5820 17 5 1 
5760 17 15 1 
5481 18 6 1 
5276 18 14 1 
5263 19 7 1 
5107 19 13 1 
5002 0 13 1 
4955 0 15 1 
4867 1 12 1 
4837 1 16 1 
4831 2 11 1 
4745 2 17 1 
4379 3 10 1 
4337 3 18 1 
4201 4 9 1 
4119 4 19 1 
4087 12 3 1 
4080 12 19 1 
3996 13 2 1 
3887 13 18 1 
3883 14 3 1 
3881 14 17 1 
3512 15 4 1 
3269 15 16 1 
3173 16 5 1 
3142 16 15 1 
2486 17 6 1 
2279 17 14 1 
2099 18 7 1 
1742 18 13 1 
1727 19 8 1 
1614 19 12 1 
1475 0 14 1 
1283 1 13 1 
1241 1 15 1 
838 2 12 1 
773 2 16 1 
694 3 11 1 
683 3 17 1 
562 4 10 1 
73 4 18 1 
5942 5 9 1 
5921 5 19 1 
5891 11 19 1 
5869 12 4 1 
5825 12 18 1 
5710 13 3 1 
5679 13 17 1 
5549 14 4 1 
5523 14 16 1 
5116 15 5 1 
4693 15 15 1 
4678 16 6 1 
4437 16 14 1 
4177 17 7 1 
3091 17 13 1 
2778 18 8 1 
2747 18 12 1 
2569 19 9 1 
2417 19 11 1 
2407 1 14 1 
2217 2 13 1 
1918 2 15 1 
1897 3 12 1 
1888 3 16 1 
946 4 11 1 
930 4 17 1 
900 5 10 1 
586 5 18 1 
150 6 9 1 
5941 6 19 1 
5576 10 19 1 
5554 11 18 1 
5488 12 5 1 
5375 12 17 1 
5324 13 4 1 
5282 13 16 1 
5196 14 5 1 
5034 14 15 1 
4999 15 6 1 
4939 15 14 1 
4715 16 7 1 
4679 16 13 1 
4308 17 8 1 
4275 17 12 1 
4240 18 9 1 
4203 18 11 1 
3817 19 10 1 
3651 2 14 1 
3487 3 13 1 
3293 3 15 1 
3167 4 12 1 
3076 4 16 1 
2976 5 11 1 
2886 5 17 1 
2881 6 10 1 
2583 6 18 1 
2579 7 9 1 
2460 7 19 1 
2194 9 19 1 
1810 10 18 1 
1301 11 17 1 
1258 12 16 1 
983 13 5 1 
836 13 15 1 
138 14 6 1 
5093 14 14 1 
4935 15 7 1 
4175 15 13 1 
4048 16 8 1 
3860 16 12 1 
3812 17 9 1 
3455 17 11 1 
3400 18 10 1 
3368 3 14 1 
3073 4 13 1 
3051 4 15 1 
3021 5 12 1 
2754 5 16 1 
2599 6 11 1 
2498 6 17 1 
2268 7 10 1 
2110 7 18 1 
1378 8 19 1 
1051 9 18 1 
1017 10 17 1 
901 11 16 1 
711 12 15 1 
692 13 6 1 
496 13 14 1 
140 14 7 1 
5569 14 13 1 
4866 15 8 1 
4505 15 12 1 
3925 16 9 1 
3909 16 11 1 
3824 17 10 1 
3748 4 14 1 
3555 5 13 1 
3178 5 15 1 
3032 6 12 1 
2954 6 16 1 
2888 7 11 1 
2452 7 17 1 
2448 8 18 1 
2382 9 17 1 
2260 10 16 1 
2214 11 15 1 
2122 12 14 1 
2022 13 7 1 
1903 13 13 1 
1801 14 8 1 
1299 14 12 1 
996 15 9 1 
868 15 11 1 
848 16 10 1 
377 5 14 1 
76 6 13 1 
5800 6 15 1 
5744 7 12 1 
5246 7 16 1 
4871 8 17 1 
4521 9 16 1 
4467 10 15 1 
4247 11 14 1 
3596 12 13 1 
3494 13 8 1 
3053 13 12 1 
2920 14 9 1 
2635 14 11 1 
2420 15 10 1 
1383 6 14 1 
1349 7 13 1 
1343 7 15 1 
1111 8 16 1 
968 9 15 1 
876 10 14 1 
757 11 13 1 
753 12 12 1 
577 13 9 1 
330 13 11 1 
25 14 10 1 
5828 7 14 1 
5749 8 15 1 
5466 9 14 1 
5354 10 13 1 
4743 11 12 1 
4666 12 11 1 
4633 13 10 1 
4266 8 14 1 
4246 9 13 1 
4178 10 12 1 
3967 11 11 1 
3450 12 10 1 
3152 8 13 1 
2933 9 12 1 
2239 10 11 1 
2193 11 10 1 
1921 12 9 1 
1807 8 12 1 
1560 9 11 1 
1534 10 10 1 
1519 11 9 1 
1508 12 8 1 
1414 8 11 1 
1220 9 10 1 
1180 10 9 1 
237 11 8 1 
231 12 7 1 
5770 8 10 1 
5204 9 9 1 
5163 10 8 1 
5121 11 7 1 
4506 12 6 1 
4439 8 9 1 
4045 9 8 1 
3921 10 7 1 
3851 11 6 1 
3823 8 8 1 
3809 9 7 1 
3688 10 6 1 
3336 11 5 1 
3275 7 8 1 
3260 8 7 1 
2715 9 6 1 
2576 10 5 1 
2494 11 4 1 
2458 6 8 1 
2354 7 7 1 
2232 8 6 1 
2007 9 5 1 
1616 10 4 1 
1047 11 3 1 
969 5 8 1 
877 6 7 1 
843 7 6 1 
807 8 5 1 
776 9 4 1 
674 10 3 1 
525 11 2 1 
511 4 8 1 
5843 5 7 1 
5799 6 6 1 
5659 7 5 1 
5192 8 4 1 
5189 9 3 1 
4895 10 2 1 
4327 11 1 1 
3586 3 8 1 
3483 4 7 1 
2588 5 6 1 
2127 6 5 1 
2094 7 4 1 
2085 8 3 1 
2035 9 2 1 
2000 10 1 1 
1955 11 0 1 
1931 2 8 1 
1068 3 7 1 
1028 4 6 1 
809 5 5 1 
258 6 4 1 
222 7 3 1 
28 8 2 1 
5687 9 1 1 
5464 10 0 1 
5342 1 8 1 
5229 2 7 1 
5181 3 6 1 
4974 4 5 1 
4933 5 4 1 
4878 6 3 1 
4674 7 2 1 
4343 8 1 1 
4002 9 0 1 
3988 0 8 1 
3829 1 7 1 
3018 2 6 1 
2914 3 5 1 
2643 4 4 1 
2633 5 3 1 
1907 6 2 1 
1670 7 1 1 
1133 8 0 1 
194 0 7 1 
5693 1 6 1 
5104 2 5 1 
4415 3 4 1 
4254 4 3 1 
4229 5 2 1 
4134 6 1 1 
1978 7 0 1 
906 0 6 1 
431 1 5 1 
5824 2 4 1 
5593 3 3 1 
4849 4 2 1 
4703 5 1 1 
4549 6 0 1 
4441 0 5 1 
4336 1 4 1 
3188 2 3 1 
487 3 2 1 
5809 4 1 1 
5492 5 0 1 
5091 0 4 1 
3102 1 3 1 
2293 2 2 1 
1052 3 1 1 
384 4 0 1 
143 0 3 1 
5578 1 2 1 
5545 2 1 1 
5502 3 0 1 
4448 0 2 1 
2230 1 1 1 
1702 2 0 1 
1491 0 1 1 
1417 1 0 1 
5564 0 0 1 
38 1 1 13 
961 1 2 13 
1445 2 1 13 
2812 1 3 14 
1282 2 2 14 
2088 3 1 14 
1135 1 4 15 
1880 2 3 15 
2114 3 2 15 
2191 4 1 14 
2526 1 5 16 
5571 2 4 15 
279 3 3 15 
1005 4 2 15 
1472 5 1 15 
5711 1 6 16 
131 2 5 16 
263 3 4 16 
1716 4 3 16 
2091 5 2 16 
5049 6 1 16 
5333 1 7 17 
5505 2 6 17 
3584 3 5 17 
3736 4 4 17 
4959 5 3 17 
5254 6 2 17 
295 7 1 17 
2205 2 7 17 
2296 3 6 17 
2426 4 5 17 
2802 5 4 17 
4615 6 3 17 
4846 7 2 17 
5148 8 1 17 
5548 3 7 18 
5626 4 6 18 
5954 5 5 18 
56 6 4 18 
171 7 3 18 
950 8 2 18 
1211 9 1 17 
1970 4 7 18 
2138 5 6 18 
2233 6 5 18 
2595 7 4 18 
2638 8 3 18 
3668 9 2 18 
3705 10 1 18 
3904 5 7 18 
3905 6 6 18 
4019 7 5 18 
4172 8 4 18 
4348 9 3 18 
4403 10 2 18 
4429 6 7 19 
5547 7 6 19 
5606 8 5 19 
5672 9 4 19 
32 10 3 19 
306 7 7 19 
336 8 6 19 
513 9 5 19 
682 10 4 19 
1260 8 7 19 
1553 9 6 19 
1969 10 5 19 
2190 9 7 19 
2278 10 6 19 
2344 9 8 19 
2740 10 7 19 
4706 9 9 19 
4855 10 8 19 
5152 11 7 19 
1031 9 10 20 
1434 10 9 20 
1740 11 8 20 
2313 9 11 20 
3007 10 10 20 
3136 11 9 20 
3425 9 12 20 
4390 10 11 20 
4588 11 10 20 
4613 9 13 20 
4803 10 12 20 
4982 11 11 20 
5563 8 15 20 
5598 9 14 20 
5841 10 13 20 
5903 19 0 26 
5106 18 0 26 
5061 19 1 26 
4972 19 19 26 
4932 17 0 26 
4748 18 1 26 
4618 18 19 26 
4193 19 2 26 
4015 19 18 26 
3872 16 0 26 
3756 17 1 26 
3544 17 19 26 
2884 18 2 26 
2798 18 18 26 
2745 19 3 26 
2704 19 17 26 
2578 0 9 26 
2416 0 19 26 
2231 15 0 26 
2161 16 1 26 
1920 16 19 26 
1748 17 2 26 
1525 17 18 26 
1302 18 3 26 
1175 18 17 26 
1151 19 4 26 
438 19 16 26 
333 0 10 26 
162 0 18 26 
152 1 9 26 
62 1 19 26 
19 12 0 26 
5963 14 0 26 
5887 15 1 26 
5677 15 19 26 
5498 16 2 26 
5487 16 18 26 
5309 17 3 26 
5207 17 17 26 
5130 18 4 26 
4949 18 16 26 
4870 19 5 26 
4513 19 15 26 
4233 0 11 26 
3862 0 17 26 
3854 1 10 26 
3827 1 18 26 
3587 2 9 26 
3217 2 19 26 
2857 12 1 26 
2839 13 0 26 
2759 14 1 26 
2752 14 19 26 
2684 15 2 26 
2608 15 18 26 
2480 16 3 26 
2459 16 17 26 
2290 17 4 26 
2215 17 16 26 
2187 18 5 26 
2136 18 15 26 
1987 19 6 26 
1911 19 14 26 
1861 0 12 26 
938 0 16 26 
460 1 11 26 
435 1 17 26 
5946 2 10 26 
5846 2 18 26 
5827 3 9 26 
5812 3 19 26 
5748 12 2 26 
5258 13 1 26 
5220 13 19 26 
5164 14 2 26 
5162 14 18 26 
5115 15 3 26 
5090 15 17 26 
5053 16 4 26 
5038 16 16 26 
4897 17 5 26 
4797 17 15 26 
4736 18 6 26 
4729 18 14 26 
4716 19 7 26 
4494 19 13 26 
4106 0 13 26 
4065 0 15 26 
3893 1 12 26 
3477 1 16 26 
3361 2 11 26 
3228 2 17 26 
2965 3 10 26 
2784 3 18 26 
2102 4 9 26 
2077 4 19 26 
2065 12 3 26 
1228 12 19 26 
1104 13 2 26 
1019 13 18 26 
892 14 3 26 
792 14 17 26 
732 15 4 26 
477 15 16 26 
352 16 5 26 
325 16 15 26 
31 17 6 26 
5805 17 14 26 
5796 18 7 26 
5717 18 13 26 
5295 19 8 26 
5217 19 12 26 
4756 0 14 26 
4723 1 13 26 
4384 1 15 26 
4221 2 12 26 
3895 2 16 26 
3783 3 11 26 
3701 3 17 26 
3431 4 10 26 
2880 4 18 26 
2832 5 9 26 
2610 5 19 26 
2594 11 19 26 
2369 12 4 26 
2248 12 18 26 
2118 13 3 26 
2042 13 17 26 
1516 14 4 26 
1214 14 16 26 
1025 15 5 26 
941 15 15 26 
697 16 6 26 
672 16 14 26 
576 17 7 26 
463 17 13 26 
137 18 8 26 
100 18 12 26 
5422 19 9 26 
5405 19 11 26 
5398 1 14 26 
4877 2 13 26 
4860 2 15 26 
4684 3 12 26 
4586 3 16 26 
4516 4 11 26 
4498 4 17 26 
4464 5 10 26 
4287 5 18 26 
4169 6 9 26 
3942 6 19 26 
3933 10 19 26 
3675 11 18 26 
3647 12 5 26 
3420 12 17 26 
3351 13 4 26 
3341 13 16 26 
3118 14 5 26 
2911 14 15 26 
2894 15 6 26 
2750 15 14 26 
2561 16 7 26 
2429 16 13 26 
2312 17 8 26 
1761 17 12 26 
1628 18 9 26 
1127 18 11 26 
898 19 10 26 
754 2 14 26 
514 3 13 26 
447 3 15 26 
398 4 12 26 
368 4 16 26 
63 5 11 26 
5866 5 17 26 
5792 6 10 26 
5339 6 18 26 
5304 7 9 26 
4920 7 19 26 
4480 9 19 26 
4159 10 18 26 
4014 11 17 26 
3566 12 16 26 
3453 13 5 26 
3022 13 15 26 
2818 14 6 26 
2544 14 14 26 
2518 15 7 26 
2434 15 13 26 
2220 16 8 26 
2160 16 12 26 
1775 17 9 26 
1771 17 11 26 
1391 18 10 26 
1213 3 14 26 
489 4 13 26 
399 4 15 26 
374 5 12 26 
305 5 16 26 
239 6 11 26 
5952 6 17 26 
5399 7 10 26 
5378 7 18 26 
5305 8 19 26 
4819 9 18 26 
4574 10 17 26 
4407 11 16 26 
4044 12 15 26 
3879 13 6 26 
3864 13 14 26 
3804 14 7 26 
3690 14 13 26 
3046 15 8 26 
2623 15 12 26 
2619 16 9 26 
1866 16 11 26 
1179 17 10 26 
1041 4 14 26 
896 5 13 26 
400 5 15 26 
198 6 12 26 
132 6 16 26 
5759 7 11 26 
5103 7 17 26 
4943 8 18 26 
4929 9 17 26 
4799 10 16 26 
4643 11 15 26 
4638 12 14 26 
4239 13 7 26 
4076 13 13 26 
4041 14 8 26 
3955 14 12 26 
3738 15 9 26 
3253 15 11 26 
2919 16 10 26 
2674 5 14 26 
2563 6 13 26 
2507 6 15 26 
2488 7 12 26 
2485 7 16 26 
2250 8 17 26 
2045 9 16 26 
1545 10 15 26 
1461 11 14 26 
812 12 13 26 
782 13 8 26 
636 13 12 26 
5932 14 9 26 
5634 14 11 26 
5527 15 10 26 
5489 6 14 26 
5297 7 13 26 
5193 7 15 26 
5118 8 16 26 
5032 9 15 26 
4850 10 14 26 
4753 11 13 26 
4326 12 12 26 
3410 13 9 26 
3406 13 11 26 
3342 14 10 26 
3257 7 14 26 
2968 8 15 26 
2769 9 14 26 
2743 10 13 26 
2692 11 12 26 
2625 12 11 26 
2523 13 10 26 
2506 8 14 26 
2391 9 13 26 
2339 10 12 26 
2300 11 11 26 
2103 12 10 26 
2001 8 13 26 
1647 9 12 26 
1619 10 11 26 
1359 11 10 26 
1355 12 9 26 
1329 8 12 26 
1255 9 11 26 
1101 10 10 26 
909 11 9 26 
557 12 8 26 
420 8 11 26 
367 9 10 26 
296 10 9 26 
188 11 8 26 
101 12 7 26 
5900 8 10 26 
5418 9 9 26 
5346 10 8 26 
4809 11 7 26 
4551 12 6 26 
4492 8 9 26 
4102 9 8 26 
3181 10 7 26 
3130 11 6 26 
3122 8 8 26 
3099 9 7 26 
2321 10 6 26 
2314 11 5 26 
2027 7 8 26 
1754 8 7 26 
1693 9 6 26 
987 10 5 26 
590 11 4 26 
251 6 8 26 
5871 7 7 26 
5480 8 6 26 
5221 9 5 26 
4944 10 4 26 
4664 11 3 26 
4486 5 8 26 
4397 6 7 26 
4073 7 6 26 
3991 8 5 26 
3975 9 4 26 
3832 10 3 26 
3669 11 2 26 
3475 4 8 26 
3158 5 7 26 
3155 6 6 26 
2938 7 5 26 
2139 8 4 26 
1966 9 3 26 
1828 10 2 26 
1518 11 1 26 
1298 3 8 26 
1237 4 7 26 
1217 5 6 26 
77 6 5 26 
5794 7 4 26 
5585 8 3 26 
5495 9 2 26 
5447 10 1 26 
5402 11 0 26 
5286 2 8 26 
4906 3 7 26 
4872 4 6 26 
4658 5 5 26 
4571 6 4 26 
4305 7 3 26 
3749 8 2 26 
2991 9 1 26 
2346 10 0 26 
2302 1 8 26 
1453 2 7 26 
1149 3 6 26 
770 4 5 26 
515 5 4 26 
5933 6 3 26 
5835 7 2 26 
5517 8 1 26 
5218 9 0 26 
4853 0 8 26 
4255 1 7 26 
4001 2 6 26 
2335 3 5 26 
1613 4 4 26 
1590 5 3 26 
1084 6 2 26 
1023 7 1 26 
910 8 0 26 
741 0 7 26 
5506 1 6 26 
5368 2 5 26 
5283 3 4 26 
4645 4 3 26 
4503 5 2 26 
3982 6 1 26 
3810 7 0 26 
3698 0 6 26 
3238 1 5 26 
3198 2 4 26 
2986 3 3 26 
2375 4 2 26 
1465 5 1 26 
1354 6 0 26 
598 0 5 26 
229 1 4 26 
5624 2 3 26 
5414 3 2 26 
4854 4 1 26 
4769 5 0 26 
3814 0 4 26 
2517 1 3 26 
1757 2 2 26 
1636 3 1 26 
1173 4 0 26 
1014 0 3 26 
552 1 2 26 
291 2 1 26 
157 3 0 26 
5603 0 2 26 
3957 1 1 26 
2056 2 0 26 
1713 0 1 26 
5482 1 0 26 
5222 0 0 26 
405 1 1 38 
3109 1 2 39 
587 2 1 39 
3678 1 3 39 
3726 2 2 39 
3939 3 1 39 
301 1 4 40 
913 2 3 39 
1512 3 2 39 
1854 4 1 39 
951 1 5 40 
1278 2 4 40 
1330 3 3 40 
2141 4 2 40 
2395 5 1 40 
3004 1 6 40 
3629 2 5 40 
3689 3 4 40 
4049 4 3 40 
4333 5 2 40 
5092 6 1 40 
1059 1 7 41 
3206 2 6 41 
3931 3 5 41 
4022 4 4 41 
72 5 3 41 
763 6 2 41 
1467 7 1 41 
1885 2 7 42 
2309 3 6 42 
2399 4 5 42 
3094 5 4 42 
3236 6 3 41 
3297 7 2 41 
3934 8 1 41 
4328 3 7 42 
4330 4 6 42 
4422 5 5 42 
4691 6 4 42 
4783 7 3 42 
5267 8 2 42 
5393 9 1 42 
370 4 7 43 
902 5 6 43 
1181 6 5 43 
1522 7 4 42 
3279 8 3 42 
4301 9 2 42 
5242 10 1 42 
5514 5 7 43 
5780 6 6 43 
5882 7 5 43 
107 8 4 43 
1554 9 3 43 
2899 10 2 43 
3103 6 7 43 
3227 7 6 43 
3439 8 5 43 
3525 9 4 43 
5761 10 3 43 
82 7 7 43 
621 8 6 43 
1436 9 5 43 
1588 10 4 43 
1844 8 7 44 
2475 9 6 44 
2925 10 5 44 
3164 9 7 44 
3289 10 6 44 
3292 9 8 44 
3797 10 7 44 
4307 9 9 44 
4339 10 8 44 
293 11 7 44 
385 9 10 45 
387 10 9 45 
455 11 8 45 
471 9 11 45 
484 10 10 45 
508 11 9 45 
746 9 12 45 
888 10 11 45 
1375 11 10 45 
1792 9 13 45 
2500 10 12 45 
2566 11 11 45 
2824 8 15 45 
3199 9 14 45 
3416 10 13 45 
4052 11 12 45 
4370 12 11 45 
4775 6 14 45 
5281 7 15 45 
5328 8 16 45 
5421 19 0 51 
5067 18 0 51 
4873 19 1 51 
4700 19 19 51 
4573 17 0 51 
4504 18 1 51 
4461 18 19 51 
4313 19 2 51 
4227 19 18 51 
4207 16 0 51 
3504 17 1 51 
3424 17 19 51 
2386 18 2 51 
2380 18 18 51 
2263 19 3 51 
2165 19 17 51 
1961 0 9 51 
1938 0 19 51 
1906 15 0 51 
1712 16 1 51 
1595 16 19 51 
1256 17 2 51 
1088 17 18 51 
1056 18 3 51 
1053 18 17 51 
1034 19 4 51 
1030 19 16 51 
795 0 10 51 
664 0 18 51 
488 1 9 51 
5253 1 19 51 
5209 12 0 51 
5058 14 0 51 
4892 15 1 51 
4824 15 19 51 
4795 16 2 51 
4695 16 18 51 
4671 17 3 51 
4559 17 17 51 
4447 18 4 51 
4358 18 16 51 
4120 19 5 51 
4083 19 15 51 
3856 0 11 51 
3735 0 17 51 
3600 1 10 51 
3119 1 18 51 
3029 2 9 51 
2970 2 19 51 
2766 12 1 51 
2546 13 0 51 
2519 14 1 51 
2430 14 19 51 
1910 15 2 51 
1900 15 18 51 
1871 16 3 51 
1480 16 17 51 
1094 17 4 51 
588 17 16 51 
521 18 5 51 
472 18 15 51 
446 19 6 51 
178 19 14 51 
146 0 12 51 
5691 0 16 51 
5553 1 11 51 
5461 1 17 51 
5386 2 10 51 
5264 2 18 51 
5149 3 9 51 
5122 3 19 51 
5094 12 2 51 
4993 13 1 51 
4991 13 19 51 
4800 14 2 51 
4766 14 18 51 
4616 15 3 51 
4298 15 17 51 
4274 16 4 51 
4270 16 16 51 
4069 17 5 51 
4059 17 15 51 
3928 18 6 51 
3894 18 14 51 
3789 19 7 51 
3784 19 13 51 
3721 0 13 51 
3025 0 15 51 
2905 1 12 51 
2538 1 16 51 
1997 2 11 51 
1777 2 17 51 
1611 3 10 51 
1439 3 18 51 
1229 4 9 51 
748 4 19 51 
727 12 3 51 
666 12 19 51 
559 13 2 51 
451 13 18 51 
322 14 3 51 
214 14 17 51 
203 15 4 51 
5245 15 16 51 
4976 16 5 51 
4887 16 15 51 
4784 17 6 51 
4631 17 14 51 
4409 18 7 51 
4344 18 13 51 
4196 19 8 51 
3980 19 12 51 
3621 0 14 51 
3575 1 13 51 
3383 1 15 51 
3189 2 12 51 
3107 2 16 51 
2615 3 11 51 
2014 3 17 51 
1936 4 10 51 
1838 4 18 51 
1635 5 9 51 
1315 5 19 51 
1270 11 19 51 
1202 12 4 51 
988 12 18 51 
646 13 3 51 
575 13 17 51 
117 14 4 51 
5883 14 16 51 
5867 15 5 51 
5781 15 15 51 
5674 16 6 51 
4758 16 14 51 
4598 17 7 51 
4435 17 13 51 
4420 18 8 51 
4386 18 12 51 
4342 19 9 51 
4157 19 11 51 
4112 1 14 51 
4110 2 13 51 
4009 2 15 51 
3997 3 12 51 
3833 3 16 51 
3831 4 11 51 
3770 4 17 51 
3527 5 10 51 
3092 5 18 51 
3058 6 9 51 
3056 6 19 51 
3043 10 19 51 
3036 11 18 51 
2934 12 5 51 
2690 12 17 51 
2605 13 4 51 
1964 13 16 51 
1673 14 5 51 
1666 14 15 51 
1308 15 6 51 
1037 15 14 51 
924 16 7 51 
639 16 13 51 
479 17 8 51 
424 17 12 51 
85 18 9 51 
52 18 11 51 
5773 19 10 51 
5292 2 14 51 
5257 3 13 51 
5110 3 15 51 
5109 4 12 51 
4417 4 16 51 
4367 5 11 51 
4220 5 17 51 
4084 6 10 51 
3889 6 18 51 
3757 7 9 51 
3682 7 19 51 
3226 9 19 51 
2947 10 18 51 
2848 11 17 51 
2652 12 16 51 
2111 13 5 51 
2105 13 15 51 
1968 14 6 51 
1819 14 14 51 
1734 15 7 51 
1546 15 13 51 
1444 16 8 51 
657 16 12 51 
450 17 9 51 
402 17 11 51 
118 18 10 51 
5955 3 14 51 
5945 4 13 51 
5823 4 15 51 
5507 5 12 51 
5349 5 16 51 
5330 6 11 51 
5316 6 17 51 
5313 7 10 51 
5159 7 18 51 
5158 8 19 51 
4886 9 18 51 
4811 10 17 51 
4641 11 16 51 
4501 12 15 51 
4481 13 6 51 
4263 13 14 51 
3947 14 7 51 
3657 14 13 51 
3625 15 8 51 
3438 15 12 51 
3394 16 9 51 
3002 16 11 51 
2978 17 10 51 
2854 4 14 51 
2801 5 13 51 
2799 5 15 51 
2738 6 12 51 
2197 6 16 51 
2032 7 11 51 
1873 7 17 51 
1791 8 18 51 
1766 9 17 51 
1672 10 16 51 
1489 11 15 51 
958 12 14 51 
875 13 7 51 
866 13 13 51 
629 14 8 51 
627 14 12 51 
569 15 9 51 
242 15 11 51 
5791 16 10 51 
5228 5 14 51 
5037 6 13 51 
4823 6 15 51 
4471 7 12 51 
4089 7 16 51 
3808 8 17 51 
3694 9 16 51 
3358 10 15 51 
3072 11 14 51 
3068 12 13 51 
3061 13 8 51 
3038 13 12 51 
2866 14 9 51 
2463 14 11 51 
1927 15 10 51 
1890 6 14 51 
1404 7 13 51 
965 7 15 51 
571 8 16 51 
542 9 15 51 
459 10 14 51 
5881 11 13 51 
5756 12 12 51 
5688 13 9 51 
5579 13 11 51 
5573 14 10 51 
5473 7 14 51 
5456 8 15 51 
5440 9 14 51 
5363 10 13 51 
5172 11 12 51 
5050 12 11 51 
4893 13 10 51 
4381 8 14 51 
4362 9 13 51 
4357 10 12 51 
4034 11 11 51 
3987 12 10 51 
3739 8 13 51 
3628 9 12 51 
3545 10 11 51 
3444 11 10 51 
3360 12 9 51 
3251 8 12 51 
2672 9 11 51 
2379 10 10 51 
1348 11 9 51 
918 12 8 51 
834 8 11 51 
563 9 10 51 
556 10 9 51 
179 11 8 51 
5874 12 7 51 
5557 8 10 51 
5443 9 9 51 
5381 10 8 51 
5012 11 7 51 
4891 12 6 51 
4606 8 9 51 
4075 9 8 51 
3972 10 7 51 
3787 11 6 51 
2667 8 8 51 
2457 9 7 51 
2294 10 6 51 
2182 11 5 51 
2142 7 8 51 
2038 8 7 51 
1886 9 6 51 
1649 10 5 51 
1639 11 4 51 
1487 6 8 51 
1264 7 7 51 
1231 8 6 51 
759 9 5 51 
538 10 4 51 
369 11 3 51 
348 5 8 51 
5926 6 7 51 
5904 7 6 51 
5902 8 5 51 
5705 9 4 51 
5608 10 3 51 
4621 11 2 51 
4356 4 8 51 
4008 5 7 51 
3958 6 6 51 
3679 7 5 51 
3290 8 4 51 
3081 9 3 51 
2772 10 2 51 
1879 11 1 51 
1749 3 8 51 
1392 4 7 51 
771 5 6 51 
671 6 5 51 
630 7 4 51 
105 8 3 51 
5499 9 2 51 
5327 10 1 51 
5279 11 0 51 
5146 2 8 51 
5131 3 7 51 
4969 4 6 51 
4941 5 5 51 
4771 6 4 51 
4576 7 3 51 
4472 8 2 51 
4399 9 1 51 
4364 10 0 51 
4321 1 8 51 
4093 2 7 51 
3745 3 6 51 
3542 4 5 51 
3283 5 4 51 
2873 6 3 51 
2708 7 2 51 
2680 8 1 51 
2172 9 0 51 
2055 0 8 51 
1621 1 7 51 
1103 2 6 51 
5653 3 5 51 
5570 4 4 51 
5097 5 3 51 
4931 6 2 51 
4680 7 1 51 
4580 8 0 51 
3979 0 7 51 
3548 1 6 51 
3350 2 5 51 
3277 3 4 51 
2577 4 3 51 
2547 5 2 51 
2503 6 1 51 
2096 7 0 51 
1438 0 6 51 
1222 1 5 51 
286 2 4 51 
5250 3 3 51 
4496 4 2 51 
4490 5 1 51 
4418 6 0 51 
4408 0 5 51 
3432 1 4 51 
3183 2 3 51 
2791 3 2 51 
2529 4 1 51 
1323 5 0 51 
1043 0 4 51 
475 1 3 51 
5924 2 2 51 
5852 3 1 51 
5743 4 0 51 
5230 0 3 51 
5059 1 2 51 
4979 2 1 51 
4902 3 0 51 
4323 0 2 51 
3884 1 1 51 
3730 2 0 51 
5580 0 1 51 
3522 1 0 51 
2833 0 0 51 
2877 1 1 64 
1061 1 2 64 
1728 2 1 64 
3186 1 3 65 
3552 2 2 64 
381 3 1 64 
2013 1 4 65 
4446 2 3 65 
990 3 2 65 
1833 4 1 65 
3302 1 5 66 
4271 2 4 66 
4351 3 3 65 
4558 4 2 65 
4656 5 1 65 
5797 1 6 66 
376 2 5 66 
568 3 4 66 
813 4 3 66 
1001 5 2 66 
1165 6 1 66 
2052 1 7 67 
2307 2 6 67 
2702 3 5 66 
2719 4 4 66 
3520 5 3 66 
4727 6 2 66 
42 7 1 66 
473 2 7 67 
1913 3 6 67 
2918 4 5 67 
3123 5 4 67 
4306 6 3 67 
4698 7 2 67 
113 8 1 67 
891 3 7 67 
1443 4 6 67 
1514 5 5 67 
1659 6 4 67 
2901 7 3 67 
3083 8 2 67 
3132 9 1 67 
3916 4 7 68 
4770 5 6 68 
5515 6 5 68 
507 7 4 68 
767 8 3 68 
1410 9 2 67 
1579 10 1 67 
2442 5 7 68 
2443 6 6 68 
2749 7 5 68 
2771 8 4 68 
2869 9 3 68 
3216 10 2 68 
3423 6 7 68 
4122 7 6 68 
4444 8 5 68 
364 9 4 68 
439 10 3 68 
680 7 7 69 
966 8 6 69 
998 9 5 69 
1090 10 4 69 
1252 8 7 69 
1328 9 6 69 
1526 10 5 69 
1746 9 7 69 
2092 10 6 69 
2223 9 8 69 
3182 10 7 69 
3307 9 9 69 
3685 10 8 69 
3802 11 7 69 
4382 9 10 70 
4728 10 9 70 
5621 11 8 70 
43 9 11 70 
803 10 10 70 
1277 11 9 70 
1558 9 12 70 
2078 10 11 70 
2351 11 10 70 
2678 9 13 70 
3956 10 12 70 
4213 11 11 70 
5232 8 15 70 
5256 9 14 70 
5287 10 13 70 
5453 11 12 70 
5798 12 11 70 
5720 19 0 76 
5544 18 0 76 
5437 19 1 76 
5132 19 19 76 
4876 17 0 76 
4859 18 1 76 
4794 18 19 76 
4776 19 2 76 
4722 19 18 76 
4697 16 0 76 
4540 17 1 76 
4363 17 19 76 
3875 18 2 76 
3792 18 18 76 
3467 19 3 76 
3435 19 17 76 
3389 0 9 76 
3355 0 19 76 
3323 15 0 76 
3161 16 1 76 
3106 16 19 76 
3015 17 2 76 
2946 17 18 76 
2860 18 3 76 
2539 18 17 76 
2316 19 4 76 
2164 19 16 76 
2050 0 10 76 
1878 0 18 76 
1876 1 9 76 
1855 1 19 76 
1782 12 0 76 
1380 14 0 76 
1360 15 1 76 
1073 15 19 76 
642 16 2 76 
189 16 18 76 
29 17 3 76 
5801 17 17 76 
5692 18 4 76 
5663 18 16 76 
5536 19 5 76 
5524 19 15 76 
5457 0 11 76 
5202 0 17 76 
5124 1 10 76 
5004 1 18 76 
4655 2 9 76 
4450 2 19 76 
4318 12 1 76 
4190 13 0 76 
3970 14 1 76 
3841 14 19 76 
3780 15 2 76 
3560 15 18 76 
3426 16 3 76 
2937 16 17 76 
2893 17 4 76 
2842 17 16 76 
2783 18 5 76 
2084 18 15 76 
1988 19 6 76 
1325 19 14 76 
1190 0 12 76 
1140 0 16 76 
1065 1 11 76 
1022 1 17 76 
802 2 10 76 
543 2 18 76 
478 3 9 76 
417 3 19 76 
209 12 2 76 
204 13 1 76 
164 13 19 76 
5872 14 2 76 
5662 14 18 76 
5284 15 3 76 
5060 15 17 76 
4926 16 4 76 
4596 16 16 76 
4361 17 5 76 
4282 17 15 76 
4111 18 6 76 
3815 18 14 76 
3765 19 7 76 
3729 19 13 76 
3707 0 13 76 
3623 0 15 76 
3515 1 12 76 
3207 1 16 76 
3191 2 11 76 
2977 2 17 76 
2647 3 10 76 
2305 3 18 76 
2282 4 9 76 
2206 4 19 76 
2196 12 3 76 
2063 12 19 76 
2061 13 2 76 
1843 13 18 76 
1556 14 3 76 
1363 14 17 76 
1003 15 4 76 
796 15 16 76 
512 16 5 76 
434 16 15 76 
248 17 6 76 
233 17 14 76 
99 18 7 76 
89 18 13 76 
5925 19 8 76 
5910 19 12 76 
5833 0 14 76 
5652 1 13 76 
5412 1 15 76 
5226 2 12 76 
4987 2 16 76 
4874 3 11 76 
4476 3 17 76 
4262 4 10 76 
3788 4 18 76 
3632 5 9 76 
3497 5 19 76 
3271 11 19 76 
3176 12 4 76 
3063 12 18 76 
2909 13 3 76 
2825 13 17 76 
2768 14 4 76 
2514 14 16 76 
2303 15 5 76 
1901 15 15 76 
1770 16 6 76 
949 16 14 76 
929 17 7 76 
371 17 13 76 
351 18 8 76 
26 18 12 76 
5746 19 9 76 
5613 19 11 76 
5391 1 14 76 
5325 2 13 76 
5178 2 15 76 
4883 3 12 76 
4835 3 16 76 
4425 4 11 76 
3946 4 17 76 
3796 5 10 76 
3776 5 18 76 
3768 6 9 76 
3365 6 19 76 
3364 10 19 76 
3003 11 18 76 
2983 12 5 76 
2951 12 17 76 
2820 13 4 76 
2741 13 16 76 
2347 14 5 76 
2341 14 15 76 
2324 15 6 76 
2062 15 14 76 
1608 16 7 76 
689 16 13 76 
145 17 8 76 
5741 17 12 76 
5522 18 9 76 
5460 18 11 76 
5411 19 10 76 
5291 2 14 76 
5240 3 13 76 
4927 3 15 76 
4910 4 12 76 
4701 4 16 76 
4670 5 11 76 
4090 5 17 76 
3643 6 10 76 
3175 6 18 76 
3028 7 9 76 
2862 7 19 76 
2665 9 19 76 
2650 10 18 76 
2630 11 17 76 
2509 12 16 76 
2451 13 5 76 
2349 13 15 76 
1935 14 6 76 
1692 14 14 76 
1497 15 7 76 
1407 15 13 76 
1257 16 8 76 
1166 16 12 76 
1105 17 9 76 
895 17 11 76 
841 18 10 76 
815 3 14 76 
5879 4 13 76 
5811 4 15 76 
5658 5 12 76 
5565 5 16 76 
5278 6 11 76 
5111 6 17 76 
4917 7 10 76 
4890 7 18 76 
4654 8 19 76 
4625 9 18 76 
4575 10 17 76 
4561 11 16 76 
4374 12 15 76 
4314 13 6 76 
4235 13 14 76 
4066 14 7 76 
3981 14 13 76 
3771 15 8 76 
3580 15 12 76 
3285 16 9 76 
3250 16 11 76 
2834 17 10 76 
2714 4 14 76 
2653 5 13 76 
2285 5 15 76 
721 6 12 76 
345 6 16 76 
223 7 11 76 
18 7 17 76 
5916 8 18 76 
5908 9 17 76 
5247 10 16 76 
5201 11 15 76 
5200 12 14 76 
5150 13 7 76 
5008 13 13 76 
4725 14 8 76 
4617 14 12 76 
4198 15 9 76 
4127 15 11 76 
3683 16 10 76 
3624 5 14 76 
3239 6 13 76 
2903 6 15 76 
2736 7 12 76 
2730 7 16 76 
2545 8 17 76 
1350 9 16 76 
1281 10 15 76 
1275 11 14 76 
1174 12 13 76 
1033 13 8 76 
982 13 12 76 
814 14 9 76 
499 14 11 76 
437 15 10 76 
219 6 14 76 
5893 7 13 76 
5886 7 15 76 
5642 8 16 76 
5365 9 15 76 
5191 10 14 76 
4965 11 13 76 
4316 12 12 76 
4148 13 9 76 
3965 13 11 76 
3945 14 10 76 
3840 7 14 76 
3818 8 15 76 
3665 9 14 76 
3344 10 13 76 
3104 11 12 76 
3041 12 11 76 
2450 13 10 76 
2358 8 14 76 
2192 9 13 76 
1760 10 12 76 
1440 11 11 76 
1420 12 10 76 
993 8 13 76 
971 9 12 76 
785 10 11 76 
654 11 10 76 
558 12 9 76 
493 8 12 76 
5320 9 11 76 
5216 10 10 76 
5154 11 9 76 
5084 12 8 76 
4924 8 11 76 
4826 9 10 76 
4295 10 9 76 
3655 11 8 76 
3243 12 7 76 
2286 8 10 76 
1851 9 9 76 
1321 10 8 76 
1276 11 7 76 
1122 12 6 76 
967 8 9 76 
614 9 8 76 
401 10 7 76 
5410 11 6 76 
5214 8 8 76 
5171 9 7 76 
5080 10 6 76 
4914 11 5 76 
4796 7 8 76 
4556 8 7 76 
4031 9 6 76 
3976 10 5 76 
3622 11 4 76 
3517 6 8 76 
3267 7 7 76 
3008 8 6 76 
2927 9 5 76 
2850 10 4 76 
2710 11 3 76 
1501 5 8 76 
1494 6 7 76 
1462 7 6 76 
1401 8 5 76 
1221 9 4 76 
1159 10 3 76 
733 11 2 76 
456 4 8 76 
173 5 7 76 
49 6 6 76 
5937 7 5 76 
5754 8 4 76 
5534 9 3 76 
5364 10 2 76 
5340 11 1 76 
5156 3 8 76 
5086 4 7 76 
4661 5 6 76 
4642 6 5 76 
4630 7 4 76 
4296 8 3 76 
4163 9 2 76 
4115 10 1 76 
4067 11 0 76 
3401 2 8 76 
3168 3 7 76 
3070 4 6 76 
2878 5 5 76 
2527 6 4 76 
2372 7 3 76 
2030 8 2 76 
1620 9 1 76 
1536 10 0 76 
1481 1 8 76 
1318 2 7 76 
1195 3 6 76 
1050 4 5 76 
97 5 4 76 
5768 6 3 76 
5471 7 2 76 
5261 8 1 76 
4896 9 0 76 
4063 0 8 76 
3846 1 7 76 
3463 2 6 76 
3023 3 5 76 
2806 4 4 76 
2227 5 3 76 
1389 6 2 76 
504 7 1 76 
51 8 0 76 
5477 0 7 76 
5392 1 6 76 
4395 2 5 76 
4261 3 4 76 
4037 4 3 76 
3661 5 2 76 
3645 6 1 76 
3462 7 0 76 
3322 0 6 76 
2706 1 5 76 
2455 2 4 76 
2185 3 3 76 
2005 4 2 76 
1665 5 1 76 
1026 6 0 76 
5439 0 5 76 
4985 1 4 76 
3663 2 3 76 
3648 3 2 76 
2739 4 1 76 
2202 5 0 76 
1312 0 4 76 
974 1 3 76 
826 2 2 76 
765 3 1 76 
5745 4 0 76 
5077 0 3 76 
4884 1 2 76 
4293 2 1 76 
3758 3 0 76 
2876 0 2 76 
2777 1 1 76 
1909 2 0 76 
1112 0 1 76 
5690 1 0 76 
4934 0 0 76 
1219 1 1 88 
1606 1 2 88 
1981 2 1 88 
4637 1 3 89 
4686 2 2 89 
5208 3 1 89 
1226 1 4 89 
1451 2 3 89 
1695 3 2 89 
2158 4 1 89 
2557 1 5 90 
3713 2 4 90 
3803 3 3 90 
4160 4 2 90 
4564 5 1 90 
5599 1 6 90 
255 2 5 90 
761 3 4 90 
962 4 3 90 
2858 5 2 90 
3472 6 1 90 
3706 1 7 91 
3714 2 6 91 
3920 3 5 91 
1215 4 4 91 
1463 5 3 91 
1607 6 2 91 
2039 7 1 91 
3446 2 7 92 
3697 3 6 92 
4628 4 5 92 
5176 5 4 92 
65 6 3 91 
481 7 2 91 
1334 8 1 91 
1559 3 7 92 
1976 4 6 92 
3329 5 5 92 
4218 6 4 92 
4818 7 3 92 
4858 8 2 92 
4970 9 1 92 
5347 4 7 92 
5396 5 6 92 
5639 6 5 92 
5922 7 4 92 
64 8 3 92 
1093 9 2 92 
1227 10 1 92 
2115 5 7 93 
2410 6 6 93 
3415 7 5 92 
3583 8 4 92 
3910 9 3 92 
4570 10 2 92 
1805 6 7 93 
2270 7 6 93 
2856 8 5 93 
2913 9 4 93 
3398 10 3 93 
3793 7 7 93 
4004 8 6 93 
4581 9 5 93 
4782 10 4 93 
5016 8 7 93 
5315 9 6 93 
5853 10 5 93 
635 9 7 93 
696 10 6 93 
1066 9 8 94 
1834 10 7 94 
2163 9 9 94 
2229 10 8 94 
3464 11 7 94 
4195 9 10 94 
4310 10 9 94 
4839 11 8 94 
4845 9 11 94 
5087 10 10 94 
5183 11 9 94 
5450 9 12 95 
5605 10 11 95 
5913 11 10 95 
122 9 13 95 
338 10 12 95 
423 11 11 95 
580 8 15 95 
660 9 14 95 
935 10 13 95 
1700 11 12 95 
2804 12 11 95 
4475 6 14 96 
5509 7 15 95 
