1673
3942 14 0 1 
3697 14 1 1 
3561 15 0 1 
3521 19 0 1 
3417 15 1 1 
3229 16 0 1 
2908 18 0 1 
2684 19 1 1 
2678 19 5 1 
2677 16 1 1 
2424 17 0 1 
1968 18 1 1 
1830 18 5 1 
1824 19 2 1 
1638 19 4 1 
1369 16 2 1 
788 17 1 1 
763 17 5 1 
245 18 2 1 
234 18 4 1 
174 19 3 1 
166 16 5 1 
34 17 2 1 
15 17 4 1 
3985 18 3 1 
3655 16 4 1 
3630 17 3 1 
3604 16 3 1 
3603 15 3 1 
3451 14 3 1 
3429 15 2 1 
3216 9 7 1 
3153 11 7 1 
3056 14 2 1 
2914 9 0 1 
2846 9 6 1 
2837 10 7 1 
2788 11 6 1 
2685 13 0 1 
2458 13 2 1 
2437 9 1 1 
2260 9 5 1 
2049 10 0 1 
1621 10 6 1 
1528 11 5 1 
1515 12 0 1 
1350 13 1 1 
1349 9 2 1 
1179 9 4 1 
1093 10 1 1 
1044 10 5 1 
1017 11 0 1 
1007 11 4 1 
1002 12 1 1 
902 9 3 1 
881 10 2 1 
736 10 4 1 
707 11 1 1 
681 10 3 1 
581 11 2 1 
551 11 3 1 
104 12 2 1 
48 12 3 1 
3923 12 4 1 
3861 13 3 1 
3804 12 5 1 
3788 13 4 1 
3762 15 4 1 
3653 12 6 1 
3554 13 5 1 
3416 13 9 1 
3363 14 4 1 
3164 15 5 1 
3140 12 7 1 
3104 13 6 1 
2968 13 8 1 
2895 14 5 1 
2666 14 9 1 
2506 13 7 1 
2467 14 6 1 
2180 14 8 1 
2081 15 9 1 
1916 14 7 1 
1886 15 6 1 
1743 15 8 1 
1736 19 6 1 
1602 15 7 1 
1592 16 6 1 
1317 18 6 1 
1214 19 7 1 
1205 16 7 1 
1168 17 6 1 
1113 18 7 1 
1043 19 8 1 
658 16 8 1 
369 17 7 1 
324 18 8 1 
205 19 9 1 
3906 16 9 1 
3669 17 8 1 
3659 18 9 1 
3574 19 10 1 
3534 17 9 1 
3379 18 10 1 
3108 19 11 1 
3085 19 13 1 
3063 13 10 1 
2578 17 10 1 
2523 18 11 1 
2167 18 13 1 
2039 19 12 1 
1913 19 14 1 
1774 19 16 1 
1573 10 8 1 
1495 13 11 1 
1329 14 10 1 
935 16 10 1 
898 17 11 1 
851 17 13 1 
845 18 12 1 
808 18 14 1 
428 18 16 1 
305 19 15 1 
201 19 17 1 
151 19 19 1 
3874 10 9 1 
3850 11 8 1 
3828 14 11 1 
3825 15 10 1 
3805 16 11 1 
3704 17 12 1 
3681 17 14 1 
3600 17 16 1 
3564 18 15 1 
3479 18 17 1 
3402 18 19 1 
3347 19 18 1 
3080 10 10 1 
2845 11 9 1 
2806 12 8 1 
2327 15 11 1 
2124 16 12 1 
2105 16 16 1 
2009 17 15 1 
1767 17 17 1 
1477 17 19 1 
1303 18 18 1 
1233 10 11 1 
1212 11 10 1 
1067 12 9 1 
834 15 12 1 
793 16 13 1 
631 16 15 1 
381 16 17 1 
175 16 19 1 
144 17 18 1 
3976 10 12 1 
3929 11 11 1 
3672 12 10 1 
3579 14 12 1 
3374 15 13 1 
3296 15 15 1 
2625 15 17 1 
2452 15 19 1 
2176 16 14 1 
2143 16 18 1 
2115 10 13 1 
1758 10 19 1 
1605 11 12 1 
1583 12 11 1 
1453 13 12 1 
1362 14 13 1 
1194 14 15 1 
1076 14 19 1 
472 15 14 1 
453 15 18 1 
123 10 18 1 
98 11 13 1 
3972 11 19 1 
3908 12 12 1 
3869 13 13 1 
3839 13 19 1 
3470 14 14 1 
3267 14 18 1 
3196 0 19 1 
3163 2 19 1 
3022 10 17 1 
2880 11 18 1 
2722 12 13 1 
2508 12 19 1 
2221 13 14 1 
1853 13 18 1 
1839 14 17 1 
1559 15 16 1 
1553 0 18 1 
1225 1 19 1 
1104 2 18 1 
1096 11 17 1 
1004 12 14 1 
886 12 18 1 
849 13 15 1 
739 13 17 1 
596 14 16 1 
3719 0 17 1 
3688 1 18 1 
3433 2 17 1 
3366 11 14 1 
3088 12 15 1 
3039 12 17 1 
2915 13 16 1 
2739 0 14 1 
2569 0 16 1 
2528 1 17 1 
2488 9 13 1 
2416 9 19 1 
2229 10 14 1 
2106 11 15 1 
2085 12 16 1 
1956 0 15 1 
1829 1 14 1 
1763 1 16 1 
1630 8 13 1 
1568 8 19 1 
1382 9 14 1 
1324 9 18 1 
1167 10 15 1 
1046 11 16 1 
856 1 15 1 
719 2 14 1 
586 3 19 1 
571 7 19 1 
108 8 14 1 
3994 8 18 1 
3865 9 15 1 
3483 9 17 1 
3410 10 16 1 
2469 2 15 1 
2447 3 14 1 
2135 3 18 1 
1841 4 19 1 
1555 6 19 1 
1412 7 18 1 
1401 8 15 1 
1340 8 17 1 
1138 9 16 1 
816 2 16 1 
754 3 15 1 
723 3 17 1 
288 4 18 1 
53 5 19 1 
26 6 18 1 
3708 7 17 1 
3635 8 16 1 
3627 3 16 1 
3527 4 17 1 
3358 5 18 1 
3004 6 17 1 
2933 7 16 1 
2688 0 0 1 
2495 0 2 1 
2463 4 16 1 
2411 5 17 1 
2262 6 16 1 
1926 7 15 1 
1397 0 1 1 
1392 0 13 1 
1073 1 0 1 
857 1 2 1 
848 5 16 1 
225 6 15 1 
180 7 14 1 
179 0 12 1 
3645 1 1 1 
3493 1 13 1 
3421 2 0 1 
3204 2 2 1 
2890 5 15 1 
2791 6 14 1 
2778 7 13 1 
2554 0 3 1 
2396 0 7 1 
2280 0 11 1 
2052 1 12 1 
1998 2 1 1 
1884 2 13 1 
1746 3 0 1 
1476 4 15 1 
1418 5 14 1 
1394 6 13 1 
1037 9 8 1 
1009 9 12 1 
181 0 4 1 
102 0 6 1 
3878 0 8 1 
3728 0 10 1 
3680 1 3 1 
3650 1 7 1 
3478 1 11 1 
3355 2 12 1 
3098 3 1 1 
3092 3 13 1 
2986 4 0 1 
2924 4 14 1 
2886 5 13 1 
2873 8 8 1 
2691 8 12 1 
2521 9 9 1 
2426 9 11 1 
2421 0 5 1 
2372 0 9 1 
2363 1 4 1 
2312 1 6 1 
2244 1 8 1 
2213 1 10 1 
2177 2 3 1 
2162 2 7 1 
1776 2 11 1 
1402 3 2 1 
1252 3 12 1 
1103 4 1 1 
1098 4 13 1 
465 5 12 1 
334 7 12 1 
3922 8 9 1 
3915 8 11 1 
3754 9 10 1 
3373 1 5 1 
3353 1 9 1 
3337 2 4 1 
3081 2 6 1 
2850 2 8 1 
2700 2 10 1 
2597 3 3 1 
2315 3 11 1 
1849 4 2 1 
1644 4 12 1 
1445 6 12 1 
1415 7 11 1 
1343 8 10 1 
1218 2 5 1 
1061 2 9 1 
1005 3 4 1 
883 3 10 1 
737 4 3 1 
160 4 11 1 
139 6 11 1 
3677 7 10 1 
3634 3 5 1 
3477 3 9 1 
3350 4 4 1 
3344 4 10 1 
3317 5 11 1 
3293 6 10 1 
3040 7 9 1 
2997 3 6 1 
2993 3 8 1 
2643 4 5 1 
2642 4 9 1 
2474 5 10 1 
2412 6 9 1 
2173 7 8 1 
1569 3 7 1 
1538 4 6 1 
1370 4 8 1 
1356 5 9 1 
1118 6 8 1 
961 4 7 1 
195 5 8 1 
189 5 7 1 
3852 5 6 1 
3335 6 7 1 
2219 8 7 1 
2097 5 5 1 
1301 6 6 1 
949 7 7 1 
780 8 6 1 
769 5 4 1 
498 6 5 1 
2 7 6 1 
3950 8 5 1 
2801 5 3 1 
1710 6 4 1 
1608 7 5 1 
387 8 4 1 
89 6 3 1 
3275 7 4 1 
2947 8 3 1 
1408 7 3 1 
52 8 2 1 
3859 5 2 1 
3816 7 2 1 
3745 8 1 1 
3589 5 1 1 
3472 6 2 1 
3119 7 1 1 
3001 8 0 1 
2491 5 0 1 
2393 6 1 1 
519 7 0 1 
3422 6 0 1 
137 6 1 11 
481 7 1 11 
2675 7 6 14 
972 6 6 14 
1407 6 9 15 
2318 3 4 16 
1089 1 6 17 
2768 8 11 16 
1964 1 11 17 
3771 1 12 18 
3903 1 1 18 
1670 4 17 19 
1290 4 18 20 
1543 8 17 20 
2079 8 18 20 
2482 9 15 20 
2836 1 18 21 
524 11 18 22 
3540 13 13 22 
3936 14 0 26 
3857 14 1 26 
3835 15 0 26 
3215 19 0 26 
3138 15 1 26 
2871 16 0 26 
2820 18 0 26 
2761 19 1 26 
2719 19 5 26 
2710 16 1 26 
2696 17 0 26 
2599 18 1 26 
2483 18 5 26 
2103 19 2 26 
2042 19 4 26 
1999 16 2 26 
1827 17 1 26 
1739 17 5 26 
1599 18 2 26 
1562 18 4 26 
1357 19 3 26 
1176 16 5 26 
1117 17 2 26 
772 17 4 26 
552 18 3 26 
487 16 4 26 
479 17 3 26 
322 16 3 26 
199 15 3 26 
9 14 3 26 
1 15 2 26 
3629 9 7 26 
3580 11 7 26 
3437 14 2 26 
3394 9 0 26 
3342 9 6 26 
3298 10 7 26 
3002 11 6 26 
2904 13 0 26 
2833 13 2 26 
2782 9 1 26 
2674 9 5 26 
2520 10 0 26 
2465 10 6 26 
2386 11 5 26 
2336 12 0 26 
2252 13 1 26 
2245 9 2 26 
2178 9 4 26 
2063 10 1 26 
1164 10 5 26 
1025 11 0 26 
996 11 4 26 
973 12 1 26 
954 9 3 26 
810 10 2 26 
705 10 4 26 
525 11 1 26 
307 10 3 26 
265 11 2 26 
141 11 3 26 
3941 12 2 26 
3914 12 3 26 
3821 12 4 26 
3690 13 3 26 
3678 12 5 26 
3528 13 4 26 
3494 15 4 26 
3145 12 6 26 
2971 13 5 26 
2636 13 9 26 
2579 14 4 26 
2376 15 5 26 
2251 12 7 26 
2040 13 6 26 
1914 13 8 26 
1811 14 5 26 
1787 14 9 26 
1759 13 7 26 
1398 14 6 26 
1386 14 8 26 
1234 15 9 26 
789 14 7 26 
457 15 6 26 
287 15 8 26 
224 19 6 26 
208 15 7 26 
60 16 6 26 
50 18 6 26 
3897 19 7 26 
3810 16 7 26 
3751 17 6 26 
3651 18 7 26 
3498 19 8 26 
3443 16 8 26 
3117 17 7 26 
2943 18 8 26 
2816 19 9 26 
2309 16 9 26 
2259 17 8 26 
2077 18 9 26 
1606 19 10 26 
1373 17 9 26 
1057 18 10 26 
956 19 11 26 
937 19 13 26 
923 13 10 26 
757 17 10 26 
516 18 11 26 
335 18 13 26 
304 19 12 26 
264 19 14 26 
3999 19 16 26 
3844 10 8 26 
3646 13 11 26 
3585 14 10 26 
3500 16 10 26 
3352 17 11 26 
3291 17 13 26 
3206 18 12 26 
3191 18 14 26 
3082 18 16 26 
3030 19 15 26 
3003 19 17 26 
3000 19 19 26 
2936 10 9 26 
2758 11 8 26 
2641 14 11 26 
2637 15 10 26 
2114 16 11 26 
2041 17 12 26 
2010 17 14 26 
1987 17 16 26 
1898 18 15 26 
1846 18 17 26 
1815 18 19 26 
1783 19 18 26 
1732 10 10 26 
1456 11 9 26 
1330 12 8 26 
1197 15 11 26 
1169 16 12 26 
1143 16 16 26 
1133 17 15 26 
1064 17 17 26 
999 17 19 26 
840 18 18 26 
829 10 11 26 
700 11 10 26 
664 12 9 26 
635 15 12 26 
560 16 13 26 
439 16 15 26 
206 16 17 26 
44 16 19 26 
3889 17 18 26 
3848 10 12 26 
3748 11 11 26 
3571 12 10 26 
3389 14 12 26 
3380 15 13 26 
3341 15 15 26 
3315 15 17 26 
3292 15 19 26 
3069 16 14 26 
2667 16 18 26 
2656 10 13 26 
2175 10 19 26 
1915 11 12 26 
1856 12 11 26 
1802 13 12 26 
1564 14 13 26 
1465 14 15 26 
1227 14 19 26 
1158 15 14 26 
977 15 18 26 
790 10 18 26 
731 11 13 26 
715 11 19 26 
3996 12 12 26 
3934 13 13 26 
3901 13 19 26 
3461 14 14 26 
3334 14 18 26 
3173 0 19 26 
3096 2 19 26 
3055 10 17 26 
2998 11 18 26 
2461 12 13 26 
2440 12 19 26 
2354 13 14 26 
2227 13 18 26 
2208 14 17 26 
1534 15 16 26 
1278 0 18 26 
1250 1 19 26 
1015 2 18 26 
853 11 17 26 
600 12 14 26 
393 12 18 26 
389 13 15 26 
319 13 17 26 
262 14 16 26 
240 0 17 26 
29 1 18 26 
4003 2 17 26 
3993 11 14 26 
3761 12 15 26 
3738 12 17 26 
3578 13 16 26 
3569 0 14 26 
3397 0 16 26 
3372 1 17 26 
3314 9 13 26 
3222 9 19 26 
3205 10 14 26 
3071 11 15 26 
3062 12 16 26 
2862 0 15 26 
2840 1 14 26 
2662 1 16 26 
2655 8 13 26 
2634 8 19 26 
2367 9 14 26 
2291 9 18 26 
2158 10 15 26 
1946 11 16 26 
1790 1 15 26 
1754 2 14 26 
1717 3 19 26 
1601 7 19 26 
1579 8 14 26 
1396 8 18 26 
1241 9 15 26 
1051 9 17 26 
897 10 16 26 
800 2 15 26 
303 3 14 26 
188 3 18 26 
3975 4 19 26 
3871 6 19 26 
3637 7 18 26 
3447 8 15 26 
3181 8 17 26 
2916 9 16 26 
2830 2 16 26 
2669 3 15 26 
2398 3 17 26 
2311 4 18 26 
2255 5 19 26 
2033 6 18 26 
2017 7 17 26 
1959 8 16 26 
1772 3 16 26 
1498 4 17 26 
1355 5 18 26 
1273 6 17 26 
1265 7 16 26 
1142 0 0 26 
948 0 2 26 
909 4 16 26 
892 5 17 26 
557 6 16 26 
105 7 15 26 
3884 0 1 26 
3743 0 13 26 
3607 1 0 26 
3467 1 2 26 
3357 5 16 26 
3257 6 15 26 
3036 7 14 26 
2796 0 12 26 
2559 1 1 26 
2321 1 13 26 
2066 2 0 26 
2047 2 2 26 
2002 5 15 26 
1704 6 14 26 
1297 7 13 26 
1189 0 3 26 
1012 0 7 26 
976 0 11 26 
969 1 12 26 
811 2 1 26 
735 2 13 26 
543 3 0 26 
534 4 15 26 
378 5 14 26 
114 6 13 26 
3910 9 8 26 
3791 9 12 26 
3621 0 4 26 
3505 0 6 26 
3413 0 8 26 
3302 0 10 26 
3010 1 3 26 
2987 1 7 26 
2963 1 11 26 
2757 2 12 26 
2128 3 1 26 
2101 3 13 26 
1958 4 0 26 
1665 4 14 26 
1442 5 13 26 
1292 8 8 26 
1099 8 12 26 
290 9 9 26 
76 9 11 26 
3916 0 5 26 
3752 0 9 26 
3706 1 4 26 
3524 1 6 26 
3455 1 8 26 
3370 1 10 26 
3336 2 3 26 
3333 2 7 26 
3188 2 11 26 
3090 3 2 26 
2923 3 12 26 
2679 4 1 26 
2373 4 13 26 
2239 5 12 26 
1918 7 12 26 
1702 8 9 26 
1298 8 11 26 
1180 9 10 26 
1136 1 5 26 
1108 1 9 26 
964 2 4 26 
403 2 6 26 
239 2 8 26 
217 2 10 26 
3517 3 3 26 
3235 3 11 26 
2910 4 2 26 
2647 4 12 26 
2322 6 12 26 
2006 7 11 26 
1806 8 10 26 
1468 2 5 26 
1409 2 9 26 
1152 3 4 26 
1070 3 10 26 
917 4 3 26 
885 4 11 26 
3998 6 11 26 
3991 7 10 26 
3551 3 5 26 
3458 3 9 26 
3320 4 4 26 
3136 4 10 26 
3106 5 11 26 
2265 6 10 26 
1661 7 9 26 
1604 3 6 26 
436 3 8 26 
338 4 5 26 
73 4 9 26 
4000 5 10 26 
3877 6 9 26 
3717 7 8 26 
3365 3 7 26 
3313 4 6 26 
3254 4 8 26 
3208 5 9 26 
3015 6 8 26 
1571 4 7 26 
1513 5 8 26 
742 5 7 26 
729 5 6 26 
379 6 7 26 
193 8 7 26 
3779 5 5 26 
3557 6 6 26 
2881 7 7 26 
2826 8 6 26 
2725 5 4 26 
2661 6 5 26 
2389 7 6 26 
2288 8 5 26 
1931 5 3 26 
1462 6 4 26 
1293 7 5 26 
320 8 4 26 
197 6 3 26 
3949 7 4 26 
3948 8 3 26 
2764 7 3 26 
2728 8 2 26 
1529 5 2 26 
1461 7 2 26 
1405 8 1 26 
1019 5 1 26 
653 6 2 26 
473 7 1 26 
3742 8 0 26 
3392 5 0 26 
2944 6 1 26 
250 7 0 26 
3548 6 0 26 
313 6 1 36 
2650 7 1 37 
455 7 6 38 
1749 6 6 38 
2516 6 9 39 
2907 3 4 41 
2603 1 6 42 
818 8 11 42 
3179 1 11 43 
2773 1 12 44 
2815 1 1 44 
315 4 17 45 
2113 4 18 45 
2314 8 17 45 
2706 8 18 46 
2007 9 15 46 
832 1 18 47 
1178 11 18 47 
2174 13 13 47 
3927 14 0 51 
3872 14 1 51 
3452 15 0 51 
3385 19 0 51 
3072 15 1 51 
3025 16 0 51 
2985 18 0 51 
2957 19 1 51 
2956 19 5 51 
2419 16 1 51 
2287 17 0 51 
2054 18 1 51 
1952 18 5 51 
1876 19 2 51 
1820 19 4 51 
1789 16 2 51 
1755 17 1 51 
1647 17 5 51 
1628 18 2 51 
1379 18 4 51 
1144 19 3 51 
924 16 5 51 
630 17 2 51 
629 17 4 51 
71 18 3 51 
56 16 4 51 
3858 17 3 51 
3737 16 3 51 
3529 15 3 51 
3338 14 3 51 
3323 15 2 51 
3310 9 7 51 
3161 11 7 51 
3160 14 2 51 
3065 9 0 51 
2972 9 6 51 
2912 10 7 51 
2812 11 6 51 
2726 13 0 51 
2335 13 2 51 
2298 9 1 51 
2266 9 5 51 
2241 10 0 51 
2071 10 6 51 
2034 11 5 51 
1932 12 0 51 
1891 13 1 51 
1692 9 2 51 
1677 9 4 51 
1084 10 1 51 
878 10 5 51 
869 11 0 51 
842 11 4 51 
821 12 1 51 
753 9 3 51 
632 10 2 51 
493 10 4 51 
247 11 1 51 
241 10 3 51 
67 11 2 51 
3917 11 3 51 
3735 12 2 51 
3732 12 3 51 
3111 12 4 51 
2841 13 3 51 
2797 12 5 51 
2635 13 4 51 
2536 15 4 51 
2501 12 6 51 
2303 13 5 51 
2224 13 9 51 
1890 14 4 51 
1881 15 5 51 
1742 12 7 51 
1308 13 6 51 
1238 13 8 51 
872 14 5 51 
839 14 9 51 
426 13 7 51 
402 14 6 51 
119 14 8 51 
20 15 9 51 
4006 14 7 51 
3937 15 6 51 
3885 15 8 51 
3863 19 6 51 
3798 15 7 51 
3644 16 6 51 
3632 18 6 51 
3395 19 7 51 
3074 16 7 51 
2934 17 6 51 
2658 18 7 51 
2538 19 8 51 
2362 16 8 51 
2319 17 7 51 
2074 18 8 51 
1992 19 9 51 
1868 16 9 51 
1560 17 8 51 
1363 18 9 51 
1283 19 10 51 
1223 17 9 51 
1137 18 10 51 
1129 19 11 51 
991 19 13 51 
985 13 10 51 
770 17 10 51 
674 18 11 51 
645 18 13 51 
576 19 12 51 
446 19 14 51 
383 19 16 51 
182 10 8 51 
112 13 11 51 
3649 14 10 51 
3481 16 10 51 
3285 17 11 51 
3210 17 13 51 
3174 18 12 51 
2990 18 14 51 
2946 18 16 51 
2887 19 15 51 
2822 19 17 51 
2704 19 19 51 
2693 10 9 51 
2690 11 8 51 
2572 14 11 51 
2486 15 10 51 
2316 16 11 51 
2215 17 12 51 
2214 17 14 51 
2070 17 16 51 
2058 18 15 51 
1882 18 17 51 
1721 18 19 51 
1556 19 18 51 
1532 10 10 51 
1449 11 9 51 
1314 12 8 51 
1289 15 11 51 
696 16 12 51 
563 16 16 51 
435 17 15 51 
232 17 17 51 
3840 17 19 51 
3837 18 18 51 
3656 10 11 51 
3331 11 10 51 
3308 12 9 51 
3209 15 12 51 
3199 16 13 51 
3148 16 15 51 
3147 16 17 51 
3053 16 19 51 
2949 17 18 51 
2878 10 12 51 
2802 11 11 51 
2781 12 10 51 
2716 14 12 51 
2645 15 13 51 
2273 15 15 51 
1747 15 17 51 
1624 15 19 51 
1230 16 14 51 
1092 16 18 51 
993 10 13 51 
778 10 19 51 
738 11 12 51 
651 12 11 51 
613 13 12 51 
601 14 13 51 
452 14 15 51 
202 14 19 51 
77 15 14 51 
72 15 18 51 
3699 10 18 51 
3698 11 13 51 
3507 11 19 51 
3351 12 12 51 
3251 13 13 51 
3243 13 19 51 
3178 14 14 51 
3084 14 18 51 
2853 0 19 51 
2721 2 19 51 
2490 10 17 51 
2317 11 18 51 
2293 12 13 51 
1921 12 19 51 
1756 13 14 51 
1734 13 18 51 
1664 14 17 51 
1614 15 16 51 
1611 0 18 51 
1305 1 19 51 
1193 2 18 51 
1146 11 17 51 
1079 12 14 51 
942 12 18 51 
812 13 15 51 
549 13 17 51 
513 14 16 51 
397 0 17 51 
364 1 18 51 
344 2 17 51 
159 11 14 51 
132 12 15 51 
122 12 17 51 
37 13 16 51 
3943 0 14 51 
3841 0 16 51 
3676 1 17 51 
3665 9 13 51 
3624 9 19 51 
3566 10 14 51 
3501 11 15 51 
3256 12 16 51 
3230 0 15 51 
3142 1 14 51 
3097 1 16 51 
2982 8 13 51 
2353 8 19 51 
2008 9 14 51 
1935 9 18 51 
1698 10 15 51 
1585 11 16 51 
1539 1 15 51 
1490 2 14 51 
1023 3 19 51 
910 7 19 51 
882 8 14 51 
847 8 18 51 
539 9 15 51 
482 9 17 51 
308 10 16 51 
173 2 15 51 
91 3 14 51 
64 3 18 51 
61 4 19 51 
4007 6 19 51 
3891 7 18 51 
3713 8 15 51 
3667 8 17 51 
3530 9 16 51 
3522 2 16 51 
3359 3 15 51 
3182 3 17 51 
3070 4 18 51 
2954 5 19 51 
2937 6 18 51 
2775 7 17 51 
2732 8 16 51 
2632 3 16 51 
2629 4 17 51 
2598 5 18 51 
2387 6 17 51 
2217 7 16 51 
2050 0 0 51 
1933 0 2 51 
1607 4 16 51 
1574 5 17 51 
1058 6 16 51 
730 7 15 51 
712 0 1 51 
532 0 13 51 
330 1 0 51 
185 1 2 51 
88 5 16 51 
3076 6 15 51 
3068 7 14 51 
2919 0 12 51 
2686 1 1 51 
2286 1 13 51 
2193 2 0 51 
1831 2 2 51 
1576 5 15 51 
1068 6 14 51 
951 7 13 51 
776 0 3 51 
607 0 7 51 
537 0 11 51 
529 1 12 51 
375 2 1 51 
107 2 13 51 
23 3 0 51 
3905 4 15 51 
3833 5 14 51 
3796 6 13 51 
3765 9 8 51 
3702 9 12 51 
3687 0 4 51 
3647 0 6 51 
3639 0 8 51 
3519 0 10 51 
3499 1 3 51 
3281 1 7 51 
3274 1 11 51 
3155 2 12 51 
3016 3 1 51 
2996 3 13 51 
2877 4 0 51 
2829 4 14 51 
2795 5 13 51 
2533 8 8 51 
2485 8 12 51 
2431 9 9 51 
1823 9 11 51 
1778 0 5 51 
1701 0 9 51 
1514 1 4 51 
1374 1 6 51 
1127 1 8 51 
930 1 10 51 
796 2 3 51 
578 2 7 51 
449 2 11 51 
276 3 2 51 
135 3 12 51 
3807 4 1 51 
3773 4 13 51 
3495 5 12 51 
3287 7 12 51 
3253 8 9 51 
2864 8 11 51 
2705 9 10 51 
2345 1 5 51 
2233 1 9 51 
1940 2 4 51 
1675 2 6 51 
1391 2 8 51 
1200 2 10 51 
1083 3 3 51 
1032 3 11 51 
890 4 2 51 
318 4 12 51 
111 6 12 51 
3953 7 11 51 
3790 8 10 51 
3783 2 5 51 
3682 2 9 51 
3545 3 4 51 
3099 3 10 51 
3091 4 3 51 
3032 4 11 51 
3019 6 11 51 
2922 7 10 51 
2844 3 5 51 
2574 3 9 51 
2209 4 4 51 
1880 4 10 51 
1863 5 11 51 
1530 6 10 51 
1518 7 9 51 
1505 3 6 51 
1222 3 8 51 
852 4 5 51 
813 4 9 51 
161 5 10 51 
33 6 9 51 
3753 7 8 51 
3636 3 7 51 
3539 4 6 51 
2144 4 8 51 
2068 5 9 51 
2036 6 8 51 
1852 4 7 51 
1480 5 8 51 
1403 5 7 51 
850 5 6 51 
597 6 7 51 
286 8 7 51 
3834 5 5 51 
3778 6 6 51 
3401 7 7 51 
3079 8 6 51 
2884 5 4 51 
2779 6 5 51 
2558 7 6 51 
2504 8 5 51 
2112 5 3 51 
1466 6 4 51 
1310 7 5 51 
1087 8 4 51 
1028 6 3 51 
854 7 4 51 
727 8 3 51 
380 7 3 51 
172 8 2 51 
136 5 2 51 
3895 7 2 51 
3202 8 1 51 
2701 5 1 51 
2100 6 2 51 
1295 7 1 51 
3259 8 0 51 
2673 5 0 51 
1766 6 1 51 
1300 7 0 51 
292 6 0 51 
3591 6 1 62 
2046 7 1 63 
2784 7 6 64 
3219 6 6 64 
2172 6 9 66 
685 3 4 66 
418 1 6 68 
1053 8 11 67 
1655 1 11 68 
2183 1 12 69 
1723 1 1 69 
2464 4 17 70 
154 4 18 70 
242 8 17 70 
3415 8 18 71 
2032 9 15 71 
2555 1 18 72 
3987 14 0 76 
3971 14 1 76 
3970 15 0 76 
3924 19 0 76 
3853 15 1 76 
3570 16 0 76 
3405 18 0 76 
3312 19 1 76 
3303 19 5 76 
3172 16 1 76 
2898 17 0 76 
2799 18 1 76 
2703 18 5 76 
2576 19 2 76 
2479 19 4 76 
2430 16 2 76 
2405 17 1 76 
2388 17 5 76 
2360 18 2 76 
2275 18 4 76 
2182 19 3 76 
2123 16 5 76 
2072 17 2 76 
1984 17 4 76 
1726 18 3 76 
1697 16 4 76 
1542 17 3 76 
904 16 3 76 
688 15 3 76 
686 14 3 76 
640 15 2 76 
569 9 7 76 
550 11 7 76 
417 14 2 76 
3962 9 0 76 
3854 9 6 76 
3618 10 7 76 
3457 11 6 76 
3449 13 0 76 
3198 13 2 76 
3037 9 1 76 
2988 9 5 76 
2938 10 0 76 
2860 10 6 76 
2718 11 5 76 
2553 12 0 76 
2334 13 1 76 
2305 9 2 76 
2300 9 4 76 
2228 10 1 76 
2146 10 5 76 
1980 11 0 76 
1904 11 4 76 
1872 12 1 76 
1821 9 3 76 
1801 10 2 76 
1788 10 4 76 
1287 11 1 76 
1033 10 3 76 
895 11 2 76 
828 11 3 76 
748 12 2 76 
693 12 3 76 
263 12 4 76 
233 13 3 76 
128 12 5 76 
113 13 4 76 
109 15 4 76 
68 12 6 76 
41 13 5 76 
3980 13 9 76 
3919 14 4 76 
3598 15 5 76 
3568 12 7 76 
3488 13 6 76 
3383 13 8 76 
3060 14 5 76 
2740 14 9 76 
2738 13 7 76 
2534 14 6 76 
2484 14 8 76 
2340 15 9 76 
2330 14 7 76 
2249 15 6 76 
2152 15 8 76 
2119 19 6 76 
2031 15 7 76 
1985 16 6 76 
1840 18 6 76 
1470 19 7 76 
1345 16 7 76 
1150 17 6 76 
1135 18 7 76 
1059 19 8 76 
814 16 8 76 
680 17 7 76 
656 18 8 76 
582 19 9 76 
518 16 9 76 
3932 17 8 76 
3818 18 9 76 
3770 19 10 76 
3715 17 9 76 
3518 18 10 76 
2926 19 11 76 
2754 19 13 76 
2628 13 10 76 
2439 17 10 76 
1979 18 11 76 
1962 18 13 76 
1883 19 12 76 
1786 19 14 76 
1629 19 16 76 
1598 10 8 76 
1557 13 11 76 
833 14 10 76 
807 16 10 76 
636 17 11 76 
612 17 13 76 
593 18 12 76 
434 18 14 76 
420 18 16 76 
376 19 15 76 
301 19 17 76 
150 19 19 76 
55 10 9 76 
18 11 8 76 
3956 14 11 76 
3726 15 10 76 
3686 16 11 76 
3620 17 12 76 
3423 17 14 76 
2964 17 16 76 
2892 18 15 76 
2763 18 17 76 
2665 18 19 76 
2612 19 18 76 
2585 10 10 76 
2582 11 9 76 
2546 12 8 76 
2369 15 11 76 
2341 16 12 76 
2247 16 16 76 
2053 17 15 76 
1991 17 17 76 
1848 17 19 76 
1777 18 18 76 
1631 10 11 76 
1399 11 10 76 
1375 12 9 76 
1228 15 12 76 
1139 16 13 76 
1027 16 15 76 
968 16 17 76 
152 16 19 76 
3856 17 18 76 
3648 10 12 76 
3626 11 11 76 
3594 12 10 76 
3469 14 12 76 
3382 15 13 76 
3137 15 15 76 
3038 15 17 76 
2979 15 19 76 
2879 16 14 76 
2646 16 18 76 
2595 10 13 76 
2525 10 19 76 
2364 11 12 76 
2357 12 11 76 
2168 13 12 76 
2159 14 13 76 
2069 14 15 76 
1716 14 19 76 
1676 15 14 76 
1389 15 18 76 
831 10 18 76 
620 11 13 76 
467 11 19 76 
329 12 12 76 
69 13 13 76 
3928 13 19 76 
3921 14 14 76 
3750 14 18 76 
3608 0 19 76 
3440 2 19 76 
3271 10 17 76 
3244 11 18 76 
3242 12 13 76 
3127 12 19 76 
3067 13 14 76 
3059 13 18 76 
3044 14 17 76 
2118 15 16 76 
2108 0 18 76 
2051 1 19 76 
1640 2 18 76 
1567 11 17 76 
1441 12 14 76 
868 12 18 76 
782 13 15 76 
751 13 17 76 
665 14 16 76 
317 0 17 76 
209 1 18 76 
143 2 17 76 
4002 11 14 76 
3808 12 15 76 
3654 12 17 76 
3375 13 16 76 
3263 0 14 76 
2776 0 16 76 
2526 1 17 76 
2290 9 13 76 
2284 9 19 76 
2206 10 14 76 
2083 11 15 76 
1948 12 16 76 
1642 0 15 76 
1429 1 14 76 
1066 1 16 76 
608 8 13 76 
584 8 19 76 
323 9 14 76 
3793 9 18 76 
3177 10 15 76 
3078 11 16 76 
2948 1 15 76 
2619 2 14 76 
2544 3 19 76 
2542 7 19 76 
2500 8 14 76 
2487 8 18 76 
2453 9 15 76 
2366 9 17 76 
2013 10 16 76 
1994 2 15 76 
1773 3 14 76 
1764 3 18 76 
1618 4 19 76 
1563 6 19 76 
1457 7 18 76 
1145 8 15 76 
1031 8 17 76 
694 9 16 76 
677 2 16 76 
642 3 15 76 
100 3 17 76 
3945 4 18 76 
3760 5 19 76 
3734 6 18 76 
3584 7 17 76 
3278 8 16 76 
3122 3 16 76 
2995 4 17 76 
2621 5 18 76 
2404 6 17 76 
2361 7 16 76 
2344 0 0 76 
2283 0 2 76 
2216 4 16 76 
1798 5 17 76 
1685 6 16 76 
1651 7 15 76 
1425 0 1 76 
1134 0 13 76 
724 1 0 76 
591 1 2 76 
509 5 16 76 
502 6 15 76 
488 7 14 76 
277 0 12 76 
62 1 1 76 
3879 1 13 76 
3838 2 0 76 
3484 2 2 76 
3411 5 15 76 
3260 6 14 76 
2450 7 13 76 
2096 0 3 76 
1771 0 7 76 
1650 0 11 76 
1626 1 12 76 
1508 2 1 76 
1312 2 13 76 
1294 3 0 76 
1279 4 15 76 
1166 5 14 76 
734 6 13 76 
683 9 8 76 
599 9 12 76 
429 0 4 76 
273 0 6 76 
162 0 8 76 
6 0 10 76 
3968 1 3 76 
3764 1 7 76 
3696 1 11 76 
3553 2 12 76 
3439 3 1 76 
3300 3 13 76 
3150 4 0 76 
3027 4 14 76 
2835 5 13 76 
2832 8 8 76 
2602 8 12 76 
2524 9 9 76 
2470 9 11 76 
2261 0 5 76 
2253 0 9 76 
1873 1 4 76 
1870 1 6 76 
1707 1 8 76 
1619 1 10 76 
1590 2 3 76 
1448 2 7 76 
1377 2 11 76 
1151 3 2 76 
1020 3 12 76 
928 4 1 76 
861 4 13 76 
691 5 12 76 
679 7 12 76 
300 8 9 76 
256 8 11 76 
3911 9 10 76 
3597 1 5 76 
3516 1 9 76 
3450 2 4 76 
3103 2 6 76 
2804 2 8 76 
2682 2 10 76 
2448 3 3 76 
2091 3 11 76 
1969 4 2 76 
1796 4 12 76 
1473 6 12 76 
913 7 11 76 
752 8 10 76 
501 2 5 76 
404 2 9 76 
5 3 4 76 
3814 3 10 76 
3487 4 3 76 
2953 4 11 76 
2809 6 11 76 
2403 7 10 76 
2375 3 5 76 
2323 3 9 76 
2238 4 4 76 
1864 4 10 76 
1768 5 11 76 
1687 6 10 76 
1522 7 9 76 
1428 3 6 76 
1123 3 8 76 
103 4 5 76 
3992 4 9 76 
3720 5 10 76 
3463 6 9 76 
3234 7 8 76 
3185 3 7 76 
3116 4 6 76 
3029 4 8 76 
2780 5 9 76 
2257 6 8 76 
2078 4 7 76 
1995 5 8 76 
1965 5 7 76 
1454 5 6 76 
830 6 7 76 
528 8 7 76 
3017 5 5 76 
2808 6 6 76 
2792 7 7 76 
2473 8 6 76 
2401 5 4 76 
1715 6 5 76 
80 7 6 76 
3731 8 5 76 
3641 5 3 76 
2622 6 4 76 
2611 7 5 76 
2570 8 4 76 
2548 6 3 76 
2406 7 4 76 
2188 8 3 76 
2163 7 3 76 
2062 8 2 76 
1970 5 2 76 
1887 7 2 76 
1807 8 1 76 
1711 5 1 76 
1351 6 2 76 
989 7 1 76 
585 8 0 76 
121 5 0 76 
90 6 1 76 
684 7 0 76 
2671 6 0 76 
1671 6 1 87 
3184 7 1 87 
3767 7 6 88 
138 6 6 88 
1961 6 9 89 
823 3 4 91 
1282 1 6 92 
337 8 11 92 
874 1 11 92 
2207 1 12 93 
3115 1 1 94 
30 4 17 94 
1372 4 18 94 
1410 8 17 95 
3907 8 18 95 
1383 9 15 95 
2029 1 18 97 
1765 11 18 97 
