1877
4004 0 11 1 
3902 0 12 1 
3809 1 11 1 
3727 5 11 1 
3719 15 9 1 
3710 19 9 1 
3646 0 13 1 
3376 0 19 1 
3159 1 12 1 
3158 2 11 1 
3157 4 11 1 
2945 5 12 1 
2877 15 10 1 
2860 16 9 1 
2822 18 9 1 
1558 19 10 1 
1543 0 14 1 
1468 0 18 1 
1366 1 13 1 
1272 1 19 1 
1058 2 12 1 
79 3 11 1 
4184 4 12 1 
3929 5 13 1 
3928 15 11 1 
3779 16 10 1 
3573 17 9 1 
3447 18 10 1 
3431 19 11 1 
3023 0 15 1 
2849 0 17 1 
2746 1 14 1 
2635 1 18 1 
2219 2 13 1 
2135 2 19 1 
2063 3 12 1 
1879 4 13 1 
1657 5 14 1 
1639 15 12 1 
1612 16 11 1 
1562 17 10 1 
1550 18 11 1 
1107 19 12 1 
1073 0 16 1 
1066 1 15 1 
858 1 17 1 
638 2 14 1 
625 2 18 1 
499 3 13 1 
336 3 19 1 
270 4 14 1 
202 5 15 1 
67 16 12 1 
33 17 11 1 
4082 18 12 1 
4044 19 13 1 
3802 19 19 1 
3675 1 16 1 
3002 2 15 1 
2697 2 17 1 
2565 3 14 1 
2498 3 18 1 
2262 4 15 1 
2106 4 19 1 
1999 17 12 1 
1991 18 13 1 
1917 18 19 1 
1873 19 14 1 
1632 19 18 1 
1568 2 16 1 
1396 3 15 1 
1219 3 17 1 
1002 4 18 1 
839 5 19 1 
835 17 13 1 
550 17 19 1 
455 18 14 1 
232 18 18 1 
95 19 15 1 
4188 19 17 1 
4041 3 16 1 
4025 4 17 1 
3842 5 18 1 
3823 6 19 1 
3811 16 13 1 
3794 16 19 1 
3748 17 14 1 
3422 17 18 1 
3260 18 15 1 
2920 18 17 1 
2655 19 16 1 
2346 4 16 1 
2093 5 17 1 
1814 6 18 1 
1631 7 19 1 
1277 15 13 1 
1226 15 19 1 
1143 16 14 1 
1094 16 18 1 
1079 17 15 1 
1077 17 17 1 
1076 18 16 1 
1049 5 16 1 
893 6 11 1 
750 6 15 1 
634 6 17 1 
595 7 18 1 
556 8 19 1 
387 14 13 1 
363 14 19 1 
345 15 14 1 
121 15 18 1 
41 16 15 1 
4158 16 17 1 
4087 17 16 1 
3903 0 0 1 
3884 0 10 1 
3632 6 12 1 
3600 6 16 1 
3269 7 11 1 
3014 7 15 1 
2962 7 17 1 
2864 8 18 1 
2731 9 19 1 
2627 13 13 1 
2503 13 19 1 
2499 14 14 1 
2172 14 18 1 
1785 15 15 1 
1661 15 17 1 
1616 16 16 1 
1547 0 1 1 
1427 0 9 1 
1278 1 0 1 
1184 1 10 1 
1089 6 13 1 
1007 7 12 1 
939 7 16 1 
936 8 11 1 
869 8 17 1 
848 9 18 1 
726 10 19 1 
676 12 19 1 
652 13 14 1 
507 13 18 1 
475 14 15 1 
459 14 17 1 
419 15 16 1 
367 0 2 1 
209 0 8 1 
3655 1 1 1 
3523 1 9 1 
3233 2 0 1 
3116 2 10 1 
2806 6 14 1 
2469 7 13 1 
2338 8 12 1 
2196 8 16 1 
2177 9 11 1 
2139 9 17 1 
1982 10 18 1 
1968 11 19 1 
1903 12 18 1 
1723 13 15 1 
1717 13 17 1 
1586 14 16 1 
1583 0 3 1 
1479 0 7 1 
1306 1 2 1 
1260 1 8 1 
1020 2 1 1 
840 2 9 1 
737 3 0 1 
563 3 10 1 
422 7 14 1 
392 8 13 1 
297 8 15 1 
280 9 12 1 
231 9 16 1 
181 10 17 1 
4155 11 18 1 
4146 12 17 1 
4036 13 16 1 
4034 0 4 1 
3765 0 6 1 
3755 1 3 1 
3733 1 7 1 
3428 2 2 1 
3245 2 8 1 
2863 3 1 1 
2742 3 9 1 
2691 4 0 1 
2495 4 10 1 
2483 8 10 1 
2022 8 14 1 
1955 9 13 1 
1888 9 15 1 
1681 10 16 1 
1417 11 17 1 
1209 12 16 1 
908 0 5 1 
861 1 4 1 
606 1 6 1 
573 2 3 1 
203 2 7 1 
27 3 2 1 
4103 3 8 1 
3769 4 1 1 
3642 4 9 1 
3549 5 0 1 
3374 5 10 1 
3257 7 10 1 
3255 8 9 1 
2605 9 14 1 
2558 10 15 1 
2368 11 16 1 
2366 12 15 1 
2364 1 5 1 
2363 2 4 1 
2131 2 6 1 
1980 3 3 1 
1552 3 7 1 
1311 4 2 1 
1234 4 8 1 
1139 5 1 1 
1056 5 9 1 
981 6 0 1 
708 6 10 1 
577 7 9 1 
391 8 8 1 
347 10 14 1 
195 11 15 1 
58 12 14 1 
38 14 12 1 
4000 2 5 1 
3749 3 4 1 
3286 3 6 1 
3183 4 3 1 
2869 4 7 1 
2411 5 2 1 
2071 5 8 1 
2024 6 1 1 
1927 6 9 1 
1872 7 0 1 
1709 7 8 1 
1701 8 7 1 
1518 10 11 1 
1475 10 13 1 
1044 11 14 1 
922 12 13 1 
415 13 12 1 
393 14 11 1 
351 3 5 1 
134 4 4 1 
83 4 6 1 
70 5 3 1 
46 5 7 1 
34 6 2 1 
3786 6 8 1 
3634 7 1 1 
3053 7 7 1 
3022 8 0 1 
2897 8 6 1 
2738 10 12 1 
2575 11 13 1 
2497 12 12 1 
1876 13 11 1 
1414 14 10 1 
1343 4 5 1 
1208 5 4 1 
1063 5 6 1 
494 6 3 1 
397 6 7 1 
340 7 2 1 
4134 7 6 1 
4014 8 1 1 
3940 9 0 1 
3785 9 10 1 
3771 11 12 1 
3494 12 11 1 
3414 13 10 1 
3130 5 5 1 
2994 6 4 1 
2927 6 6 1 
2875 7 3 1 
2606 8 2 1 
2371 9 1 1 
2142 9 9 1 
2116 10 0 1 
2003 10 10 1 
1431 11 11 1 
1330 12 10 1 
1254 6 5 1 
782 7 4 1 
687 8 3 1 
150 9 2 1 
4107 9 8 1 
4058 10 1 1 
3869 10 9 1 
3867 11 0 1 
3511 11 10 1 
3281 7 5 1 
2921 8 4 1 
2807 9 3 1 
2620 9 7 1 
2307 10 2 1 
1916 10 8 1 
1646 11 1 1 
1542 11 9 1 
1312 12 0 1 
1294 8 5 1 
879 9 4 1 
567 9 6 1 
421 10 3 1 
169 10 7 1 
152 11 2 1 
120 11 8 1 
3859 12 1 1 
3640 13 0 1 
3177 9 5 1 
2734 10 4 1 
2539 10 6 1 
2405 11 3 1 
2284 11 7 1 
2130 12 2 1 
1984 13 1 1 
1904 14 0 1 
1901 10 5 1 
1376 11 4 1 
1148 11 6 1 
1059 12 3 1 
1021 12 9 1 
980 13 2 1 
437 14 1 1 
4156 15 0 1 
4129 11 5 1 
4021 12 4 1 
3803 12 8 1 
3801 13 3 1 
3767 13 9 1 
3758 14 2 1 
2977 15 1 1 
2705 12 5 1 
2696 12 7 1 
2466 13 4 1 
2317 13 8 1 
2291 14 3 1 
2032 14 9 1 
1986 15 2 1 
1248 12 6 1 
743 13 5 1 
536 13 7 1 
306 14 4 1 
125 14 8 1 
4110 15 3 1 
3979 13 6 1 
3714 14 5 1 
3686 14 7 1 
3445 15 4 1 
2948 15 8 1 
2600 19 8 1 
2563 14 6 1 
2156 15 5 1 
1797 15 7 1 
1720 16 4 1 
1289 16 8 1 
909 18 8 1 
788 19 7 1 
4178 15 6 1 
3950 16 5 1 
3908 16 7 1 
3804 17 8 1 
3602 18 7 1 
3347 19 6 1 
3141 16 6 1 
3045 17 7 1 
2855 18 6 1 
2777 19 5 1 
2730 17 6 1 
2221 18 5 1 
1881 19 4 1 
1827 17 5 1 
1800 18 4 1 
1502 19 3 1 
1180 17 4 1 
669 18 3 1 
485 19 2 1 
4172 17 3 1 
3959 18 2 1 
3666 19 1 1 
3560 16 3 1 
3437 17 2 1 
3310 18 1 1 
3149 19 0 1 
2794 16 2 1 
2666 17 1 1 
2041 18 0 1 
969 16 1 1 
1557 17 0 1 
789 16 0 1 
2176 17 1 12 
3970 17 2 12 
182 18 1 12 
3506 18 2 12 
151 18 3 13 
1110 18 4 13 
1154 18 5 13 
2360 17 7 13 
2384 18 6 13 
2534 15 6 13 
216 16 7 13 
632 18 7 13 
804 15 5 14 
1302 15 7 14 
1906 14 7 14 
3320 13 7 15 
30 14 4 15 
234 13 4 15 
885 13 8 15 
1080 14 3 15 
1378 12 4 15 
1534 13 3 15 
466 14 2 15 
943 10 5 16 
1476 11 4 16 
2493 12 3 16 
3343 13 2 16 
3720 14 1 16 
247 10 4 16 
1826 10 6 16 
2379 12 2 16 
3418 13 1 16 
793 9 4 17 
906 10 7 17 
1237 12 1 16 
1921 8 4 17 
2450 9 3 17 
3052 10 8 17 
6 7 4 18 
783 8 3 18 
1432 9 2 18 
1597 10 9 17 
1712 5 5 18 
2029 6 4 18 
242 8 2 18 
689 9 1 18 
803 4 5 19 
4131 5 4 19 
604 5 6 19 
640 6 7 19 
801 8 1 18 
978 12 11 18 
1733 4 4 20 
3408 4 6 20 
3460 5 3 20 
335 5 7 20 
619 6 8 19 
950 7 7 19 
975 11 13 19 
1038 13 11 19 
1687 3 6 20 
2713 5 2 20 
2882 5 8 20 
3012 6 9 20 
3350 7 8 20 
3409 11 14 20 
3995 2 6 21 
3985 0 11 26 
3848 0 12 26 
3793 1 11 26 
3565 5 11 26 
3524 15 9 26 
3491 19 9 26 
3483 0 13 26 
3362 0 19 26 
3107 1 12 26 
3065 2 11 26 
2980 4 11 26 
2951 5 12 26 
2772 15 10 26 
2716 16 9 26 
2571 18 9 26 
2452 19 10 26 
2224 0 14 26 
2189 0 18 26 
2169 1 13 26 
2148 1 19 26 
2104 2 12 26 
1309 3 11 26 
1100 4 12 26 
1060 5 13 26 
346 15 11 26 
257 16 10 26 
221 17 9 26 
166 18 10 26 
155 19 11 26 
4015 0 15 26 
3620 0 17 26 
3490 1 14 26 
3473 1 18 26 
3469 2 13 26 
3357 2 19 26 
3212 3 12 26 
2903 4 13 26 
2881 5 14 26 
2638 15 12 26 
2614 16 11 26 
2574 17 10 26 
2302 18 11 26 
1944 19 12 26 
1640 0 16 26 
1322 1 15 26 
1284 1 17 26 
1204 2 14 26 
1201 2 18 26 
1119 3 13 26 
1111 3 19 26 
733 4 14 26 
696 5 15 26 
599 16 12 26 
467 17 11 26 
292 18 12 26 
199 19 13 26 
3935 19 19 26 
3923 1 16 26 
3817 2 15 26 
3776 2 17 26 
3662 3 14 26 
3639 3 18 26 
3481 4 15 26 
3474 4 19 26 
3290 17 12 26 
3102 18 13 26 
2940 18 19 26 
2689 19 14 26 
2685 19 18 26 
2677 2 16 26 
2672 3 15 26 
2552 3 17 26 
2115 4 18 26 
1979 5 19 26 
1794 17 13 26 
1697 17 19 26 
1629 18 14 26 
1624 18 18 26 
1599 19 15 26 
1448 19 17 26 
1360 3 16 26 
1266 4 17 26 
1121 5 18 26 
755 6 19 26 
738 16 13 26 
732 16 19 26 
706 17 14 26 
365 17 18 26 
144 18 15 26 
127 18 17 26 
4143 19 16 26 
4055 4 16 26 
3921 5 17 26 
3542 6 18 26 
3246 7 19 26 
3108 15 13 26 
2944 15 19 26 
2793 16 14 26 
2733 16 18 26 
2708 17 15 26 
2626 17 17 26 
2585 18 16 26 
2521 5 16 26 
2460 6 11 26 
2430 6 15 26 
2415 6 17 26 
2323 7 18 26 
2222 8 19 26 
2211 14 13 26 
1807 14 19 26 
1749 15 14 26 
1604 15 18 26 
1263 16 15 26 
1185 16 17 26 
1147 17 16 26 
621 0 0 26 
326 0 10 26 
244 6 12 26 
186 6 16 26 
3 7 11 26 
4081 7 15 26 
3994 7 17 26 
3966 8 18 26 
3953 9 19 26 
3919 13 13 26 
3874 13 19 26 
3782 14 14 26 
3591 14 18 26 
3566 15 15 26 
3541 15 17 26 
3537 16 16 26 
3500 0 1 26 
3475 0 9 26 
3373 1 0 26 
3105 1 10 26 
3020 6 13 26 
2997 7 12 26 
2987 7 16 26 
2722 8 11 26 
2478 8 17 26 
2445 9 18 26 
2399 10 19 26 
2213 12 19 26 
2038 13 14 26 
1801 13 18 26 
1755 14 15 26 
1693 14 17 26 
1611 15 16 26 
1246 0 2 26 
985 0 8 26 
663 1 1 26 
607 1 9 26 
382 2 0 26 
238 2 10 26 
51 6 14 26 
20 7 13 26 
4122 8 12 26 
4040 8 16 26 
3910 9 11 26 
3796 9 17 26 
3465 10 18 26 
3377 11 19 26 
3129 12 18 26 
2919 13 15 26 
2785 13 17 26 
2692 14 16 26 
2278 0 3 26 
1992 0 7 26 
1951 1 2 26 
1947 1 8 26 
1563 2 1 26 
1410 2 9 26 
1297 3 0 26 
1236 3 10 26 
1187 7 14 26 
977 8 13 26 
947 8 15 26 
883 9 12 26 
831 9 16 26 
175 10 17 26 
109 11 18 26 
4195 12 17 26 
4109 13 16 26 
4102 0 4 26 
4075 0 6 26 
3909 1 3 26 
3721 1 7 26 
3695 2 2 26 
3674 2 8 26 
3664 3 1 26 
3413 3 9 26 
3331 4 0 26 
3305 4 10 26 
3288 8 10 26 
2845 8 14 26 
2577 9 13 26 
2544 9 15 26 
2433 10 16 26 
2332 11 17 26 
2163 12 16 26 
1948 0 5 26 
1798 1 4 26 
1756 1 6 26 
1613 2 3 26 
1553 2 7 26 
1357 3 2 26 
1011 3 8 26 
711 4 1 26 
701 4 9 26 
539 5 0 26 
527 5 10 26 
476 7 10 26 
412 8 9 26 
284 9 14 26 
84 10 15 26 
4026 11 16 26 
3876 12 15 26 
3778 1 5 26 
3699 2 4 26 
3097 2 6 26 
2720 3 3 26 
2637 3 7 26 
2586 4 2 26 
2229 4 8 26 
1400 5 1 26 
1387 5 9 26 
1356 6 0 26 
1293 6 10 26 
1055 7 9 26 
1053 8 8 26 
1050 10 14 26 
907 11 15 26 
862 12 14 26 
649 14 12 26 
456 2 5 26 
425 3 4 26 
4112 3 6 26 
3722 4 3 26 
3569 4 7 26 
3382 5 2 26 
3309 5 8 26 
3272 6 1 26 
3118 6 9 26 
2449 7 0 26 
2216 7 8 26 
1981 8 7 26 
1765 10 11 26 
1660 10 13 26 
1564 11 14 26 
1156 12 13 26 
951 13 12 26 
915 14 11 26 
774 3 5 26 
722 4 4 26 
3961 4 6 26 
3875 5 3 26 
3830 5 7 26 
3312 6 2 26 
3259 6 8 26 
3188 7 1 26 
3176 7 7 26 
3098 8 0 26 
2861 8 6 26 
2856 10 12 26 
2795 11 13 26 
2480 12 12 26 
2468 13 11 26 
2374 14 10 26 
2322 4 5 26 
2132 5 4 26 
2111 5 6 26 
1987 6 3 26 
1899 6 7 26 
1602 7 2 26 
1570 7 6 26 
1042 8 1 26 
898 9 0 26 
824 9 10 26 
468 11 12 26 
354 12 11 26 
80 13 10 26 
69 5 5 26 
4173 6 4 26 
4084 6 6 26 
4083 7 3 26 
3916 8 2 26 
3827 9 1 26 
3633 9 9 26 
3442 10 0 26 
3277 10 10 26 
3085 11 11 26 
2643 12 10 26 
2549 6 5 26 
2288 7 4 26 
1436 8 3 26 
1335 9 2 26 
1287 9 8 26 
945 10 1 26 
826 10 9 26 
729 11 0 26 
685 11 10 26 
408 7 5 26 
368 8 4 26 
4088 9 3 26 
4016 9 7 26 
3932 10 2 26 
3872 10 8 26 
3715 11 1 26 
3692 11 9 26 
3635 12 0 26 
3518 8 5 26 
3501 9 4 26 
3423 9 6 26 
3145 10 3 26 
2820 10 7 26 
2285 11 2 26 
1923 11 8 26 
1842 12 1 26 
1790 13 0 26 
1498 9 5 26 
1332 10 4 26 
1261 10 6 26 
618 11 3 26 
173 11 7 26 
157 12 2 26 
62 13 1 26 
4076 14 0 26 
4045 10 5 26 
3889 11 4 26 
3818 11 6 26 
3340 12 3 26 
3287 12 9 26 
3154 13 2 26 
3050 14 1 26 
3021 15 0 26 
2908 11 5 26 
2796 12 4 26 
2463 12 8 26 
2210 13 3 26 
2174 13 9 26 
2134 14 2 26 
1724 15 1 26 
1668 12 5 26 
1370 12 7 26 
993 13 4 26 
480 13 8 26 
160 14 3 26 
104 14 9 26 
3208 15 2 26 
3128 12 6 26 
2507 13 5 26 
2377 13 7 26 
2235 14 4 26 
2018 14 8 26 
695 15 3 26 
548 13 6 26 
407 14 5 26 
254 14 7 26 
217 15 4 26 
4008 15 8 26 
3968 19 8 26 
3931 14 6 26 
3798 15 5 26 
3170 15 7 26 
2976 16 4 26 
2639 16 8 26 
2353 18 8 26 
2124 19 7 26 
1731 15 6 26 
1525 16 5 26 
972 16 7 26 
376 17 8 26 
302 18 7 26 
4100 19 6 26 
3761 16 6 26 
3570 17 7 26 
3403 18 6 26 
3236 19 5 26 
2840 17 6 26 
2619 18 5 26 
123 19 4 26 
3562 17 5 26 
3533 18 4 26 
3041 19 3 26 
2783 17 4 26 
2227 18 3 26 
2014 19 2 26 
1372 17 3 26 
679 18 2 26 
147 19 1 26 
4119 16 3 26 
3789 17 2 26 
3645 18 1 26 
2724 19 0 26 
1440 16 2 26 
1405 17 1 26 
1124 18 0 26 
1093 16 1 26 
386 17 0 26 
3653 16 0 26 
3665 17 1 36 
1354 17 2 36 
1384 18 1 36 
132 18 2 37 
3308 18 3 37 
3372 18 4 37 
194 18 5 38 
303 17 7 38 
317 18 6 38 
2547 15 6 39 
452 16 7 39 
797 18 7 39 
2252 15 5 39 
3144 15 7 39 
39 14 7 40 
716 13 7 40 
2886 14 4 40 
3882 13 4 41 
1015 13 8 41 
1291 14 3 41 
3487 12 4 41 
4161 13 3 41 
286 14 2 41 
483 10 5 41 
1960 11 4 41 
2709 12 3 41 
2767 13 2 41 
3084 14 1 41 
3444 10 4 42 
364 10 6 42 
613 12 2 42 
2589 13 1 42 
2632 9 4 42 
2649 10 7 42 
2707 12 1 42 
727 8 4 43 
1658 9 3 42 
2624 10 8 42 
2956 7 4 43 
3074 8 3 43 
3215 9 2 43 
3243 10 9 43 
3681 5 5 44 
3881 6 4 43 
1171 8 2 43 
1882 9 1 43 
2690 4 5 44 
2867 5 4 44 
3519 5 6 44 
3575 6 7 44 
3723 8 1 44 
3883 12 11 44 
995 4 4 45 
1279 4 6 44 
1336 5 3 44 
2321 5 7 44 
3294 6 8 44 
3522 7 7 44 
3834 11 13 44 
3920 13 11 44 
1137 3 6 45 
1290 5 2 45 
1371 5 8 45 
1374 6 9 45 
1573 7 8 45 
2136 11 14 45 
2750 2 6 46 
3124 5 1 46 
4048 0 11 51 
3983 0 12 51 
3862 1 11 51 
3800 5 11 51 
3780 15 9 51 
3712 19 9 51 
3553 0 13 51 
3219 0 19 51 
3034 1 12 51 
2887 2 11 51 
2884 4 11 51 
2872 5 12 51 
2833 15 10 51 
2804 16 9 51 
2506 18 9 51 
2473 19 10 51 
2283 0 14 51 
2198 0 18 51 
2053 1 13 51 
2000 1 19 51 
1900 2 12 51 
1883 3 11 51 
1758 4 12 51 
1484 5 13 51 
1409 15 11 51 
1014 16 10 51 
918 17 9 51 
832 18 10 51 
35 19 11 51 
4093 0 15 51 
3951 0 17 51 
3783 1 14 51 
3521 1 18 51 
3323 2 13 51 
3322 2 19 51 
3140 3 12 51 
2964 4 13 51 
2818 5 14 51 
2800 15 12 51 
2702 16 11 51 
2693 17 10 51 
2616 18 11 51 
2532 19 12 51 
2479 0 16 51 
2444 1 15 51 
2228 1 17 51 
2120 2 14 51 
2048 2 18 51 
2037 3 13 51 
1945 3 19 51 
1929 4 14 51 
1708 5 15 51 
1527 16 12 51 
1501 17 11 51 
1492 18 12 51 
1324 19 13 51 
1134 19 19 51 
796 1 16 51 
787 2 15 51 
591 2 17 51 
546 3 14 51 
510 3 18 51 
358 4 15 51 
288 4 19 51 
135 17 12 51 
3987 18 13 51 
3864 18 19 51 
3589 19 14 51 
3514 19 18 51 
3485 2 16 51 
3412 3 15 51 
3027 3 17 51 
3025 4 18 51 
3003 5 19 51 
2857 17 13 51 
2797 17 19 51 
2429 18 14 51 
2414 18 18 51 
2352 19 15 51 
2306 19 17 51 
2257 3 16 51 
2147 4 17 51 
2044 5 18 51 
1840 6 19 51 
1734 16 13 51 
1590 16 19 51 
997 17 14 51 
498 17 18 51 
380 18 15 51 
106 18 17 51 
3901 19 16 51 
3638 4 16 51 
3596 5 17 51 
3550 6 18 51 
3280 7 19 51 
3203 15 13 51 
3100 15 19 51 
3077 16 14 51 
2938 16 18 51 
2929 17 15 51 
2826 17 17 51 
2683 18 16 51 
2628 5 16 51 
2470 6 11 51 
2403 6 15 51 
1994 6 17 51 
1892 7 18 51 
1705 8 19 51 
1649 14 13 51 
1622 14 19 51 
1608 15 14 51 
1541 15 18 51 
1531 16 15 51 
1494 16 17 51 
1470 17 16 51 
1423 0 0 51 
1340 0 10 51 
1301 6 12 51 
1273 6 16 51 
1181 7 11 51 
764 7 15 51 
748 7 17 51 
626 8 18 51 
511 9 19 51 
478 13 13 51 
464 13 19 51 
323 14 14 51 
54 14 18 51 
3847 15 15 51 
3764 15 17 51 
3711 16 16 51 
3398 0 1 51 
3292 0 9 51 
3256 1 0 51 
3244 1 10 51 
3242 6 13 51 
3055 7 12 51 
2924 7 16 51 
2775 8 11 51 
2187 8 17 51 
2150 9 18 51 
2105 10 19 51 
1884 12 19 51 
1813 13 14 51 
1703 13 18 51 
1679 14 15 51 
1675 14 17 51 
1582 15 16 51 
1256 0 2 51 
1243 0 8 51 
887 1 1 51 
794 1 9 51 
493 2 0 51 
82 2 10 51 
4168 6 14 51 
4039 7 13 51 
3948 8 12 51 
3917 8 16 51 
3644 9 11 51 
3628 9 17 51 
3405 10 18 51 
3399 11 19 51 
3389 12 18 51 
3299 13 15 51 
2973 13 17 51 
2906 14 16 51 
2905 0 3 51 
2847 0 7 51 
2773 1 2 51 
2671 1 8 51 
2537 2 1 51 
2207 2 9 51 
2185 3 0 51 
2086 3 10 51 
2052 7 14 51 
1961 8 13 51 
1617 8 15 51 
1282 9 12 51 
1186 9 16 51 
877 10 17 51 
675 11 18 51 
434 12 17 51 
334 13 16 51 
310 0 4 51 
282 0 6 51 
63 1 3 51 
4200 1 7 51 
3791 2 2 51 
3401 2 8 51 
3354 3 1 51 
3169 3 9 51 
2984 4 0 51 
2764 4 10 51 
2726 8 10 51 
2443 8 14 51 
2440 9 13 51 
2401 9 15 51 
2336 10 16 51 
2203 11 17 51 
1877 12 16 51 
1572 0 5 51 
1496 1 4 51 
1461 1 6 51 
1298 2 3 51 
1230 2 7 51 
930 3 2 51 
929 3 8 51 
617 4 1 51 
609 4 9 51 
566 5 0 51 
492 5 10 51 
428 7 10 51 
4169 8 9 51 
4157 9 14 51 
3930 10 15 51 
3905 11 16 51 
3717 12 15 51 
3392 1 5 51 
2891 2 4 51 
2665 2 6 51 
2599 3 3 51 
2545 3 7 51 
2500 4 2 51 
2455 4 8 51 
2065 5 1 51 
1974 5 9 51 
1761 6 0 51 
1606 6 10 51 
1508 7 9 51 
1487 8 8 51 
1450 10 14 51 
1235 11 15 51 
1224 12 14 51 
976 14 12 51 
707 2 5 51 
520 3 4 51 
325 3 6 51 
218 4 3 51 
168 4 7 51 
53 5 2 51 
19 5 8 51 
4024 6 1 51 
3972 6 9 51 
3849 7 0 51 
3781 7 8 51 
3724 8 7 51 
3079 10 11 51 
3067 10 13 51 
3013 11 14 51 
2670 12 13 51 
2652 13 12 51 
2230 14 11 51 
2082 3 5 51 
2007 4 4 51 
1795 4 6 51 
1000 5 3 51 
974 5 7 51 
219 6 2 51 
158 6 8 51 
71 7 1 51 
3991 7 7 51 
3429 8 0 51 
3136 8 6 51 
2902 10 12 51 
2741 11 13 51 
2439 12 12 51 
2186 13 11 51 
2069 14 10 51 
1956 4 5 51 
1895 5 4 51 
1023 5 6 51 
1016 6 3 51 
899 6 7 51 
886 7 2 51 
672 7 6 51 
487 8 1 51 
375 9 0 51 
301 9 10 51 
230 11 12 51 
210 12 11 51 
44 13 10 51 
3672 5 5 51 
3247 6 4 51 
2991 6 6 51 
2842 7 3 51 
2753 8 2 51 
2653 9 1 51 
2477 9 9 51 
2204 10 0 51 
2019 10 10 51 
1912 11 11 51 
1252 12 10 51 
1006 6 5 51 
827 7 4 51 
807 8 3 51 
651 9 2 51 
472 9 8 51 
299 10 1 51 
21 10 9 51 
4148 11 0 51 
4086 11 10 51 
3906 7 5 51 
3380 8 4 51 
3370 9 3 51 
3264 9 7 51 
3168 10 2 51 
2992 10 8 51 
2953 11 1 51 
2925 11 9 51 
2916 12 0 51 
2659 8 5 51 
1806 9 4 51 
1772 9 6 51 
1653 10 3 51 
1577 10 7 51 
1485 11 2 51 
1264 11 8 51 
1238 12 1 51 
1141 13 0 51 
1046 9 5 51 
959 10 4 51 
926 10 6 51 
525 11 3 51 
488 11 7 51 
395 12 2 51 
78 13 1 51 
4064 14 0 51 
4020 10 5 51 
3224 11 4 51 
3151 11 6 51 
3056 12 3 51 
2978 12 9 51 
2358 13 2 51 
1897 14 1 51 
1862 15 0 51 
1707 11 5 51 
1671 12 4 51 
1636 12 8 51 
1551 13 3 51 
1514 13 9 51 
1192 14 2 51 
919 15 1 51 
751 12 5 51 
650 12 7 51 
479 13 4 51 
461 13 8 51 
224 14 3 51 
105 14 9 51 
4 15 2 51 
4120 12 6 51 
4116 13 5 51 
3507 13 7 51 
3335 14 4 51 
3273 14 8 51 
3086 15 3 51 
2850 13 6 51 
2745 14 5 51 
2704 14 7 51 
2553 15 4 51 
2074 15 8 51 
1938 19 8 51 
1585 14 6 51 
1482 15 5 51 
1125 15 7 51 
126 16 4 51 
4187 16 8 51 
4105 18 8 51 
4046 19 7 51 
3249 15 6 51 
2743 16 5 51 
2482 16 7 51 
2268 17 8 51 
1565 18 7 51 
1555 19 6 51 
579 16 6 51 
250 17 7 51 
4128 18 6 51 
3037 19 5 51 
2301 17 6 51 
2188 18 5 51 
1868 19 4 51 
1131 17 5 51 
637 18 4 51 
518 19 3 51 
239 17 4 51 
3878 18 3 51 
3846 19 2 51 
3841 17 3 51 
2862 18 2 51 
2821 19 1 51 
1928 16 3 51 
1864 17 2 51 
1828 18 1 51 
1451 19 0 51 
1365 16 2 51 
293 17 1 51 
3815 18 0 51 
3470 16 1 51 
2582 17 0 51 
766 16 0 51 
7 17 1 62 
177 17 2 62 
561 18 1 62 
570 18 2 62 
1566 18 3 62 
2152 18 4 63 
3032 18 5 63 
2678 17 7 64 
2873 18 6 63 
227 15 6 64 
313 16 7 64 
1412 18 7 64 
2180 15 5 65 
596 15 7 65 
1217 14 7 65 
1747 13 7 65 
2913 14 4 65 
3643 13 4 66 
2684 13 8 66 
17 14 3 66 
131 12 4 66 
500 13 3 66 
630 14 2 66 
1633 10 5 66 
1922 11 4 66 
1998 12 3 66 
2016 13 2 66 
2095 14 1 66 
2986 10 4 67 
3773 10 6 67 
655 12 2 67 
702 13 1 67 
1578 9 4 67 
3439 10 7 67 
3812 12 1 67 
4091 8 4 67 
350 9 3 67 
1098 10 8 67 
1592 7 4 68 
1762 8 3 68 
3387 9 2 68 
3839 10 9 68 
193 5 5 68 
344 6 4 68 
1513 8 2 68 
1856 9 1 68 
1965 4 5 69 
2159 5 4 69 
4073 5 6 69 
740 6 7 69 
1481 8 1 69 
2441 12 11 69 
3436 4 4 70 
361 4 6 70 
588 5 3 70 
1162 5 7 70 
1191 6 8 70 
1257 7 7 69 
1799 11 13 69 
1886 13 11 69 
1932 3 6 71 
2319 5 2 71 
2331 5 8 71 
2756 6 9 70 
2819 7 8 70 
3001 11 14 70 
3201 2 6 71 
3584 5 1 71 
3743 5 9 71 
3927 7 9 71 
4061 11 15 71 
4196 0 11 76 
4174 0 12 76 
4132 1 11 76 
3969 5 11 76 
3936 15 9 76 
3775 19 9 76 
3580 0 13 76 
3489 0 19 76 
3341 1 12 76 
3192 2 11 76 
3131 4 11 76 
2910 5 12 76 
2854 15 10 76 
2784 16 9 76 
2587 18 9 76 
2559 19 10 76 
2471 0 14 76 
2388 0 18 76 
2239 1 13 76 
1867 1 19 76 
1753 2 12 76 
1339 3 11 76 
1157 4 12 76 
1024 5 13 76 
964 15 11 76 
942 16 10 76 
894 17 9 76 
703 18 10 76 
383 19 11 76 
274 0 15 76 
246 0 17 76 
140 1 14 76 
4099 1 18 76 
4030 2 13 76 
3939 2 19 76 
3836 3 12 76 
3705 4 13 76 
3685 5 14 76 
3586 15 12 76 
3133 16 11 76 
2970 17 10 76 
2868 18 11 76 
2518 19 12 76 
2274 0 16 76 
2195 1 15 76 
1950 1 17 76 
1911 2 14 76 
1887 2 18 76 
1875 3 13 76 
1863 3 19 76 
1507 4 14 76 
1345 5 15 76 
1325 16 12 76 
1221 17 11 76 
1112 18 12 76 
1025 19 13 76 
1019 19 19 76 
1018 1 16 76 
973 2 15 76 
674 2 17 76 
636 3 14 76 
497 3 18 76 
406 4 15 76 
330 4 19 76 
8 17 12 76 
3973 18 13 76 
3873 18 19 76 
3610 19 14 76 
3497 19 18 76 
3456 2 16 76 
3162 3 15 76 
2990 3 17 76 
2979 4 18 76 
2967 5 19 76 
2947 17 13 76 
2880 17 19 76 
2597 18 14 76 
2520 18 18 76 
2456 19 15 76 
2046 19 17 76 
1976 3 16 76 
1860 4 17 76 
1851 5 18 76 
1770 6 19 76 
1742 16 13 76 
1295 16 19 76 
1172 17 14 76 
1122 17 18 76 
901 18 15 76 
842 18 17 76 
728 19 16 76 
543 4 16 76 
142 5 17 76 
66 6 18 76 
64 7 19 76 
4071 15 13 76 
3205 15 19 76 
3122 16 14 76 
2993 16 18 76 
2876 17 15 76 
2555 17 17 76 
1843 18 16 76 
1258 5 16 76 
1250 6 11 76 
504 6 15 76 
486 6 17 76 
379 7 18 76 
279 8 19 76 
47 14 13 76 
40 14 19 76 
9 15 14 76 
3945 15 18 76 
3894 16 15 76 
3697 16 17 76 
3496 17 16 76 
3435 0 0 76 
3379 0 10 76 
3316 6 12 76 
2789 6 16 76 
2711 7 11 76 
2706 7 15 76 
2200 7 17 76 
2079 8 18 76 
1926 9 19 76 
1718 13 13 76 
1539 13 19 76 
1467 14 14 76 
1444 14 18 76 
928 15 15 76 
896 15 17 76 
860 16 16 76 
713 0 1 76 
399 0 9 76 
324 1 0 76 
321 1 10 76 
4060 6 13 76 
3949 7 12 76 
3736 7 16 76 
3701 8 11 76 
3680 8 17 76 
3631 9 18 76 
3319 10 19 76 
3241 12 19 76 
3240 13 14 76 
3207 13 18 76 
3186 14 15 76 
3089 14 17 76 
2985 15 16 76 
2983 0 2 76 
2810 0 8 76 
2752 1 1 76 
2700 1 9 76 
2566 2 0 76 
2542 2 10 76 
2393 6 14 76 
2162 7 13 76 
1996 8 12 76 
1849 8 16 76 
1625 9 11 76 
1576 9 17 76 
1459 10 18 76 
1404 11 19 76 
1039 12 18 76 
917 13 15 76 
705 13 17 76 
673 14 16 76 
612 0 3 76 
598 0 7 76 
405 1 2 76 
213 1 8 76 
141 2 1 76 
4028 2 9 76 
3676 3 0 76 
3480 3 10 76 
3426 7 14 76 
3314 8 13 76 
2968 8 15 76 
2311 9 12 76 
2238 9 16 76 
2117 10 17 76 
1990 11 18 76 
1818 12 17 76 
1678 13 16 76 
1580 0 4 76 
1574 0 6 76 
1515 1 3 76 
1419 1 7 76 
1152 2 2 76 
1128 2 8 76 
1088 3 1 76 
1013 3 9 76 
759 4 0 76 
688 4 10 76 
666 8 10 76 
643 8 14 76 
513 9 13 76 
372 9 15 76 
92 10 16 76 
3663 11 17 76 
3448 12 16 76 
3363 0 5 76 
3228 1 4 76 
3218 1 6 76 
3078 2 3 76 
3071 2 7 76 
2508 3 2 76 
2431 3 8 76 
2391 4 1 76 
2370 4 9 76 
2344 5 0 76 
2330 5 10 76 
2149 7 10 76 
2010 8 9 76 
2006 9 14 76 
1959 10 15 76 
1855 11 16 76 
1836 12 15 76 
1684 1 5 76 
1594 2 4 76 
1537 2 6 76 
1458 3 3 76 
1164 3 7 76 
1043 4 2 76 
730 4 8 76 
645 5 1 76 
418 5 9 76 
136 6 0 76 
98 6 10 76 
32 7 9 76 
4154 8 8 76 
4126 10 14 76 
3400 11 15 76 
3083 12 14 76 
3059 14 12 76 
3048 2 5 76 
2874 3 4 76 
2608 3 6 76 
2243 4 3 76 
1713 4 7 76 
1466 5 2 76 
1292 5 8 76 
1259 6 1 76 
1081 6 9 76 
998 7 0 76 
876 7 8 76 
735 8 7 76 
470 10 11 76 
457 10 13 76 
275 11 14 76 
263 12 13 76 
148 13 12 76 
4198 14 11 76 
3898 3 5 76 
3472 4 4 76 
3217 4 6 76 
3163 5 3 76 
3075 5 7 76 
2878 6 2 76 
2573 6 8 76 
2540 7 1 76 
2442 7 7 76 
2218 8 0 76 
2091 8 6 76 
2040 10 12 76 
1830 11 13 76 
1689 12 12 76 
1522 13 11 76 
1489 14 10 76 
1447 4 5 76 
1445 5 4 76 
1229 5 6 76 
1091 6 3 76 
999 6 7 76 
819 7 2 76 
320 7 6 76 
304 8 1 76 
163 9 0 76 
4111 9 10 76 
4037 11 12 76 
3879 12 11 76 
3659 13 10 76 
3603 5 5 76 
3547 6 4 76 
3477 6 6 76 
3252 7 3 76 
2972 8 2 76 
2866 9 1 76 
2625 9 9 76 
2590 10 0 76 
2538 10 10 76 
2527 11 11 76 
2421 12 10 76 
2343 6 5 76 
1983 7 4 76 
1963 8 3 76 
1750 9 2 76 
1499 9 8 76 
1453 10 1 76 
1304 10 9 76 
1158 11 0 76 
1104 11 10 76 
1096 7 5 76 
1029 8 4 76 
994 9 3 76 
935 9 7 76 
823 10 2 76 
502 10 8 76 
436 11 1 76 
267 11 9 76 
4190 12 0 76 
4115 8 5 76 
3963 9 4 76 
3744 9 6 76 
3734 10 3 76 
3463 10 7 76 
3040 11 2 76 
2946 11 8 76 
2769 12 1 76 
2591 13 0 76 
2400 9 5 76 
2234 10 4 76 
1874 10 6 76 
1850 11 3 76 
1683 11 7 76 
1682 12 2 76 
1607 13 1 76 
1540 14 0 76 
1495 10 5 76 
1351 11 4 76 
1245 11 6 76 
868 12 3 76 
821 12 9 76 
4124 13 2 76 
3871 14 1 76 
3858 15 0 76 
3737 11 5 76 
3735 12 4 76 
3726 12 8 76 
3492 13 3 76 
3035 13 9 76 
2995 14 2 76 
2579 15 1 76 
2396 12 5 76 
2112 12 7 76 
2092 13 4 76 
1993 13 8 76 
1621 14 3 76 
1528 14 9 76 
1045 15 2 76 
384 12 6 76 
4181 13 5 76 
4176 13 7 76 
3962 14 4 76 
3716 14 8 76 
3670 15 3 76 
2815 13 6 76 
2673 14 5 76 
2381 14 7 76 
2236 15 4 76 
2167 15 8 76 
2026 19 8 76 
1802 14 6 76 
1253 15 5 76 
1183 15 7 76 
560 16 4 76 
438 16 8 76 
4133 18 8 76 
3698 19 7 76 
3368 15 6 76 
3156 16 5 76 
2183 16 7 76 
1796 17 8 76 
1614 18 7 76 
1280 19 6 76 
1232 16 6 76 
1149 17 7 76 
979 18 6 76 
814 19 5 76 
724 17 6 76 
682 18 5 76 
252 19 4 76 
4170 17 5 76 
3344 18 4 76 
2647 19 3 76 
1738 17 4 76 
767 18 3 76 
253 19 2 76 
3520 17 3 76 
3505 18 2 76 
2837 19 1 76 
2812 16 3 76 
2420 17 2 76 
1062 18 1 76 
697 19 0 76 
228 16 2 76 
153 17 1 76 
2361 18 0 76 
2030 16 1 76 
2012 17 0 76 
802 16 0 76 
3813 17 1 87 
3495 17 2 87 
2517 18 1 87 
3004 18 2 87 
540 18 3 88 
709 18 4 88 
1824 18 5 89 
172 17 7 89 
1918 18 6 89 
2798 15 6 89 
4010 16 7 89 
183 18 7 89 
1655 15 5 90 
1774 15 7 90 
3598 14 7 90 
874 13 7 90 
2760 14 4 90 
3531 13 4 91 
60 13 8 91 
692 14 3 91 
1315 12 4 91 
1905 13 3 91 
2838 14 2 91 
4163 10 5 92 
1316 11 4 92 
2792 12 3 92 
3109 13 2 91 
3339 14 1 91 
4121 10 4 92 
75 10 6 92 
557 12 2 92 
622 13 1 92 
953 9 4 92 
1214 10 7 92 
1858 12 1 92 
2504 8 4 93 
3484 9 3 93 
3694 10 8 93 
25 7 4 93 
1623 8 3 93 
2043 9 2 93 
2265 10 9 93 
2389 5 5 93 
4011 6 4 93 
143 8 2 93 
760 9 1 93 
984 4 5 94 
1480 5 4 94 
1516 5 6 94 
2258 6 7 94 
2488 8 1 94 
2621 12 11 93 
2669 4 4 94 
2749 4 6 94 
2936 5 3 94 
3750 5 7 94 
311 6 8 94 
444 7 7 94 
683 11 13 94 
1078 13 11 94 
1510 3 6 95 
1648 5 2 95 
1793 5 8 95 
2118 6 9 95 
2241 7 8 95 
2376 11 14 95 
2888 2 6 96 
2934 5 1 96 
3525 5 9 96 
3738 7 9 96 
3982 11 15 95 
