1958
5656 0 19 1 
5194 0 18 1 
4898 1 19 1 
4846 0 17 1 
4816 1 18 1 
4695 2 19 1 
4439 0 12 1 
4419 0 16 1 
4399 1 17 1 
4335 2 18 1 
4334 3 19 1 
4234 19 19 1 
3680 0 13 1 
3050 0 15 1 
3028 1 12 1 
2984 1 16 1 
2963 2 17 1 
2959 3 18 1 
2955 4 19 1 
2827 18 19 1 
2736 19 0 1 
2701 19 18 1 
2563 0 14 1 
2093 1 13 1 
1227 1 15 1 
929 2 12 1 
751 2 16 1 
723 3 17 1 
689 4 18 1 
492 5 19 1 
284 17 19 1 
182 18 0 1 
5729 18 18 1 
5660 19 1 1 
5320 19 17 1 
5288 1 14 1 
5184 2 13 1 
4978 2 15 1 
4963 3 12 1 
4949 3 16 1 
4946 4 17 1 
4900 5 18 1 
4877 6 19 1 
4824 16 19 1 
4821 17 0 1 
4794 17 18 1 
4709 18 1 1 
4608 18 17 1 
4473 19 2 1 
4275 19 16 1 
4231 2 14 1 
4225 3 13 1 
4214 3 15 1 
3799 4 12 1 
3788 4 16 1 
3734 5 17 1 
3235 6 18 1 
3193 7 19 1 
3110 15 19 1 
2743 16 0 1 
2732 16 18 1 
2551 17 1 1 
2177 17 17 1 
1983 18 2 1 
1843 18 16 1 
1805 19 3 1 
1622 19 9 1 
1449 19 15 1 
1250 3 14 1 
884 4 13 1 
796 4 15 1 
461 5 12 1 
440 5 16 1 
416 6 17 1 
13 7 18 1 
5623 8 19 1 
5608 14 19 1 
5206 15 0 1 
5004 15 18 1 
4696 16 1 1 
4588 16 17 1 
4579 17 2 1 
4534 17 16 1 
4438 18 3 1 
4273 18 9 1 
4046 18 15 1 
3925 19 4 1 
3760 19 10 1 
3334 19 14 1 
3328 4 14 1 
3083 5 13 1 
2751 5 15 1 
2354 6 12 1 
2228 6 16 1 
1839 7 17 1 
1624 8 18 1 
1369 9 19 1 
684 13 19 1 
583 14 0 1 
361 14 18 1 
288 15 1 1 
135 15 17 1 
5461 16 2 1 
5219 16 16 1 
4981 17 3 1 
4220 17 9 1 
3977 17 15 1 
3919 18 4 1 
3501 18 10 1 
3454 18 14 1 
3449 19 5 1 
3095 19 11 1 
2775 19 13 1 
2727 5 14 1 
1957 6 13 1 
1560 6 15 1 
860 7 16 1 
795 8 17 1 
265 9 18 1 
203 10 19 1 
5663 12 19 1 
5487 13 0 1 
5395 13 18 1 
5114 14 1 1 
5111 14 17 1 
4820 15 2 1 
4734 15 16 1 
4707 16 3 1 
4042 16 9 1 
3881 16 15 1 
3690 17 4 1 
3191 17 10 1 
2875 17 14 1 
2807 18 5 1 
2750 18 11 1 
2344 18 13 1 
1723 19 6 1 
1683 19 12 1 
1633 6 14 1 
1548 7 15 1 
1391 8 16 1 
1228 9 17 1 
1072 10 0 1 
1035 10 18 1 
968 11 19 1 
820 12 0 1 
633 12 18 1 
596 13 1 1 
567 13 17 1 
133 14 2 1 
120 14 16 1 
5588 15 3 1 
5555 15 15 1 
5356 16 4 1 
5164 16 10 1 
4956 16 14 1 
4770 17 5 1 
4744 17 11 1 
4355 17 13 1 
4284 18 6 1 
4238 18 12 1 
4222 19 7 1 
4136 7 14 1 
3596 8 15 1 
3342 9 16 1 
3152 10 1 1 
3008 10 17 1 
2988 11 0 1 
2410 11 18 1 
2396 12 1 1 
2088 12 17 1 
2048 13 2 1 
2004 13 16 1 
1842 14 3 1 
1745 14 15 1 
1673 15 4 1 
1635 15 14 1 
1299 16 5 1 
1265 16 11 1 
918 16 13 1 
836 17 6 1 
470 17 12 1 
373 18 7 1 
329 19 8 1 
5720 7 13 1 
5703 8 14 1 
5504 9 15 1 
5419 10 2 1 
5355 10 16 1 
5272 11 1 1 
5234 11 17 1 
4937 12 2 1 
4518 12 16 1 
4489 13 3 1 
4451 13 15 1 
4181 14 4 1 
4110 14 14 1 
3795 15 5 1 
3670 15 13 1 
3254 16 6 1 
2993 16 12 1 
2930 17 7 1 
2348 18 8 1 
2272 8 13 1 
2070 9 14 1 
2065 10 3 1 
2025 10 15 1 
1932 11 2 1 
1923 11 16 1 
1769 12 3 1 
1757 12 15 1 
1701 13 4 1 
1487 13 14 1 
1193 14 5 1 
914 14 13 1 
911 15 6 1 
905 15 12 1 
878 16 7 1 
551 17 8 1 
507 9 13 1 
487 10 4 1 
328 10 14 1 
304 11 3 1 
272 11 15 1 
206 12 4 1 
112 12 14 1 
73 13 5 1 
20 13 13 1 
5043 14 6 1 
4726 14 12 1 
4672 15 7 1 
4670 15 11 1 
4607 16 8 1 
4270 10 13 1 
4127 11 4 1 
2269 11 14 1 
2090 12 5 1 
1618 12 13 1 
1220 13 6 1 
1184 13 12 1 
787 14 7 1 
613 14 11 1 
276 15 8 1 
5732 15 10 1 
5653 11 5 1 
5590 11 13 1 
5486 12 6 1 
5149 12 12 1 
5085 13 7 1 
5042 13 11 1 
5032 14 8 1 
4765 14 10 1 
4689 15 9 1 
4596 11 6 1 
4324 11 12 1 
3926 12 7 1 
3869 12 11 1 
3548 13 8 1 
2326 13 10 1 
2239 14 9 1 
2196 10 12 1 
2170 11 7 1 
1964 11 11 1 
1947 12 8 1 
1625 12 10 1 
1457 13 9 1 
1096 9 12 1 
960 10 11 1 
805 11 8 1 
718 11 10 1 
644 12 9 1 
638 8 12 1 
181 9 11 1 
12 10 6 1 
5676 10 10 1 
5632 11 9 1 
5628 7 12 1 
5317 8 11 1 
5276 9 6 1 
5151 9 10 1 
4629 10 7 1 
4330 10 9 1 
3988 7 11 1 
3715 8 6 1 
3161 8 10 1 
3082 9 7 1 
2758 9 9 1 
2619 10 8 1 
1525 6 11 1 
1321 7 6 1 
1117 7 10 1 
904 8 7 1 
889 8 9 1 
726 9 8 1 
5697 5 11 1 
5537 6 6 1 
5429 6 10 1 
5385 7 7 1 
5334 7 9 1 
5246 8 8 1 
5148 4 11 1 
5136 5 6 1 
5099 5 10 1 
5009 6 7 1 
4459 6 9 1 
4236 7 8 1 
4226 10 5 1 
3819 3 11 1 
3442 4 6 1 
3400 4 10 1 
3249 5 7 1 
3070 5 9 1 
2845 6 8 1 
2754 9 5 1 
2591 0 11 1 
2512 2 11 1 
2425 3 10 1 
1754 4 7 1 
1676 4 9 1 
1419 5 8 1 
979 8 5 1 
925 9 4 1 
789 0 10 1 
338 1 11 1 
134 2 10 1 
4235 3 9 1 
4134 4 8 1 
3443 7 5 1 
3030 8 4 1 
2614 9 3 1 
2568 0 9 1 
1994 1 10 1 
1935 2 9 1 
1904 3 8 1 
1821 6 5 1 
1816 7 4 1 
1497 8 3 1 
1367 9 2 1 
1338 0 8 1 
1028 1 9 1 
769 2 8 1 
312 3 7 1 
222 5 5 1 
78 6 4 1 
5349 7 3 1 
5068 8 2 1 
4880 9 1 1 
4792 0 7 1 
4778 1 8 1 
4767 2 7 1 
4307 3 6 1 
4187 4 5 1 
4093 5 4 1 
3243 6 3 1 
3206 7 2 1 
1995 8 1 1 
1919 9 0 1 
1413 0 6 1 
950 1 7 1 
786 2 6 1 
385 3 5 1 
5046 4 4 1 
4796 5 3 1 
4701 6 2 1 
4587 7 1 1 
4487 8 0 1 
4360 0 5 1 
3837 1 6 1 
3796 2 5 1 
3448 3 4 1 
2633 4 3 1 
2374 5 2 1 
2252 6 1 1 
1588 7 0 1 
1380 0 4 1 
1365 1 5 1 
1331 2 4 1 
1181 3 3 1 
753 4 2 1 
5592 5 1 1 
5462 6 0 1 
5240 0 3 1 
4972 1 4 1 
4965 2 3 1 
4079 3 2 1 
3912 4 1 1 
3844 5 0 1 
3157 0 2 1 
2991 1 3 1 
2933 2 2 1 
2884 3 1 1 
1690 4 0 1 
690 0 1 1 
3241 1 2 1 
2811 2 1 1 
2420 3 0 1 
1292 0 0 1 
801 1 1 1 
5441 2 0 1 
5146 1 0 1 
3905 1 1 13 
4471 1 2 13 
242 2 1 13 
2819 1 3 14 
3773 2 2 14 
687 3 1 14 
2427 1 4 14 
2626 2 3 14 
177 3 2 14 
1791 4 1 14 
3280 1 5 15 
2368 2 4 15 
2429 3 3 15 
2593 4 2 15 
5271 5 1 14 
864 1 6 15 
1718 2 5 15 
2135 3 4 15 
3326 4 3 15 
3871 5 2 15 
4814 6 1 15 
5200 1 7 16 
5239 2 6 16 
5540 4 4 15 
5662 5 3 15 
173 6 2 15 
207 7 1 15 
528 1 8 16 
685 2 7 16 
1012 5 4 16 
1141 6 3 16 
1789 7 2 16 
2734 8 1 16 
4426 1 9 17 
5212 2 8 17 
5216 6 4 17 
106 7 3 16 
398 8 2 16 
700 1 10 17 
783 2 9 17 
966 7 4 17 
1249 8 3 17 
1274 2 10 18 
2229 3 9 17 
2790 8 4 17 
2974 3 10 18 
3512 4 9 18 
3705 5 8 18 
3897 4 10 18 
4264 5 7 18 
4274 5 9 18 
1013 6 8 18 
1059 5 10 18 
1241 6 7 18 
1325 6 9 18 
2529 7 8 18 
3753 6 10 18 
3769 7 7 18 
3907 7 9 18 
4209 8 8 18 
4899 7 10 19 
5506 8 7 19 
201 8 9 19 
523 9 8 19 
861 8 10 19 
1405 9 7 19 
2346 9 9 19 
2668 8 11 19 
2814 9 10 19 
3019 9 11 20 
3074 10 10 19 
3279 10 11 20 
393 11 10 20 
1107 12 9 20 
1286 11 11 20 
1702 12 8 20 
2166 12 10 20 
2421 13 9 20 
2446 12 7 20 
2458 12 11 20 
2518 13 8 20 
2832 13 10 20 
2940 14 9 20 
3238 12 6 20 
4372 12 12 20 
4423 13 7 20 
4716 13 11 20 
4939 14 8 20 
5655 0 19 26 
5611 0 18 26 
5476 1 19 26 
5440 0 17 26 
5407 1 18 26 
5379 2 19 26 
5348 0 12 26 
5298 0 16 26 
5287 1 17 26 
5140 2 18 26 
5095 3 19 26 
4544 19 19 26 
4417 0 13 26 
3981 0 15 26 
3890 1 12 26 
3763 1 16 26 
3592 2 17 26 
3332 3 18 26 
2889 4 19 26 
2669 18 19 26 
2661 19 0 26 
2548 19 18 26 
2395 0 14 26 
2084 1 13 26 
2063 1 15 26 
1743 2 12 26 
1285 2 16 26 
1202 3 17 26 
1119 4 18 26 
1116 5 19 26 
1025 17 19 26 
759 18 0 26 
581 18 18 26 
379 19 1 26 
130 19 17 26 
19 1 14 26 
5712 2 13 26 
5597 2 15 26 
5526 3 12 26 
5248 3 16 26 
5158 4 17 26 
4961 5 18 26 
4606 6 19 26 
4527 16 19 26 
4508 17 0 26 
4254 17 18 26 
3936 18 1 26 
3822 18 17 26 
3497 19 2 26 
3491 19 16 26 
3446 2 14 26 
3435 3 13 26 
3200 3 15 26 
2552 4 12 26 
2491 4 16 26 
2147 5 17 26 
1397 6 18 26 
1194 7 19 26 
857 15 19 26 
770 16 0 26 
590 16 18 26 
516 17 1 26 
471 17 17 26 
450 18 2 26 
442 18 16 26 
367 19 3 26 
356 19 9 26 
308 19 15 26 
40 3 14 26 
5 4 13 26 
5664 4 15 26 
5345 5 12 26 
5141 5 16 26 
5138 6 17 26 
5117 7 18 26 
4973 8 19 26 
4960 14 19 26 
4485 15 0 26 
4356 15 18 26 
4223 16 1 26 
3924 16 17 26 
3762 17 2 26 
3601 17 16 26 
3490 18 3 26 
3416 18 9 26 
3329 18 15 26 
3305 19 4 26 
3055 19 10 26 
2877 19 14 26 
2840 4 14 26 
2768 5 13 26 
2496 5 15 26 
2414 6 12 26 
1914 6 16 26 
1766 7 17 26 
1327 8 18 26 
1317 9 19 26 
1312 13 19 26 
1216 14 0 26 
1148 14 18 26 
701 15 1 26 
489 15 17 26 
337 16 2 26 
237 16 16 26 
55 17 3 26 
5405 17 9 26 
5027 17 15 26 
4890 18 4 26 
4844 18 10 26 
4774 18 14 26 
4703 19 5 26 
4338 19 11 26 
4218 19 13 26 
3860 5 14 26 
3840 6 13 26 
3581 6 15 26 
3507 7 16 26 
3399 8 17 26 
3227 9 18 26 
2936 10 19 26 
2767 12 19 26 
2707 13 0 26 
2657 13 18 26 
2318 14 1 26 
2314 14 17 26 
2302 15 2 26 
2201 15 16 26 
2188 16 3 26 
1960 16 9 26 
1626 16 15 26 
1501 17 4 26 
1346 17 10 26 
924 17 14 26 
873 18 5 26 
785 18 11 26 
614 18 13 26 
518 19 6 26 
443 19 12 26 
5465 6 14 26 
5450 7 15 26 
4912 8 16 26 
4780 9 17 26 
4559 10 0 26 
4390 10 18 26 
4140 11 19 26 
4051 12 0 26 
3884 12 18 26 
3682 13 1 26 
3373 13 17 26 
3160 14 2 26 
2822 14 16 26 
2761 15 3 26 
2526 15 15 26 
2448 16 4 26 
2407 16 10 26 
2369 16 14 26 
2330 17 5 26 
1981 17 11 26 
1897 17 13 26 
1762 18 6 26 
1737 18 12 26 
1358 19 7 26 
1240 7 14 26 
1006 8 15 26 
736 9 16 26 
5710 10 1 26 
5614 10 17 26 
5580 11 0 26 
5470 11 18 26 
5442 12 1 26 
5069 12 17 26 
5052 13 2 26 
4906 13 16 26 
4609 14 3 26 
4374 14 15 26 
4333 15 4 26 
4173 15 14 26 
3736 16 5 26 
3487 16 11 26 
3237 16 13 26 
3231 17 6 26 
2932 17 12 26 
2837 18 7 26 
2817 19 8 26 
2723 7 13 26 
2645 8 14 26 
2620 9 15 26 
1715 10 2 26 
1619 10 16 26 
1333 11 1 26 
971 11 17 26 
870 12 2 26 
5609 12 16 26 
5275 13 3 26 
4835 13 15 26 
4752 14 4 26 
4463 14 14 26 
4343 15 5 26 
4141 15 13 26 
3979 16 6 26 
3937 16 12 26 
3832 17 7 26 
3691 18 8 26 
3345 8 13 26 
3006 9 14 26 
2943 10 3 26 
2451 10 15 26 
2394 11 2 26 
2059 11 16 26 
1858 12 3 26 
1631 12 15 26 
1174 13 4 26 
813 13 14 26 
735 14 5 26 
682 14 13 26 
5706 15 6 26 
5484 15 12 26 
5233 16 7 26 
5110 17 8 26 
4622 9 13 26 
4490 10 4 26 
4384 10 14 26 
4267 11 3 26 
4221 11 15 26 
4177 12 4 26 
4100 12 14 26 
4052 13 5 26 
3806 13 13 26 
3804 14 6 26 
2806 14 12 26 
2514 15 7 26 
2499 15 11 26 
2471 16 8 26 
2183 10 13 26 
1300 11 4 26 
1222 11 14 26 
1121 12 5 26 
931 12 13 26 
641 13 6 26 
486 13 12 26 
484 14 7 26 
444 14 11 26 
68 15 8 26 
5654 15 10 26 
5439 11 5 26 
5430 11 13 26 
5393 12 6 26 
5283 12 12 26 
5198 13 7 26 
5092 13 11 26 
4859 14 8 26 
4848 14 10 26 
4577 15 9 26 
4575 11 6 26 
4492 11 12 26 
3737 12 7 26 
3631 12 11 26 
3529 13 8 26 
3526 13 10 26 
3414 14 9 26 
2931 10 12 26 
2890 11 7 26 
2766 11 11 26 
2386 12 8 26 
1840 12 10 26 
1542 13 9 26 
1430 9 12 26 
1393 10 11 26 
1275 11 8 26 
1257 11 10 26 
1065 12 9 26 
972 8 12 26 
810 9 11 26 
529 10 6 26 
363 10 10 26 
309 11 9 26 
165 7 12 26 
5543 8 11 26 
5373 9 6 26 
5277 9 10 26 
5034 10 7 26 
4836 10 9 26 
4800 7 11 26 
4266 8 6 26 
3657 8 10 26 
3396 9 7 26 
3393 9 9 26 
3360 10 8 26 
3146 6 11 26 
3052 7 6 26 
2898 7 10 26 
2876 8 7 26 
2865 8 9 26 
2659 9 8 26 
2178 5 11 26 
2037 6 6 26 
1864 6 10 26 
1851 7 7 26 
1848 7 9 26 
1810 8 8 26 
1075 4 11 26 
900 5 6 26 
605 5 10 26 
100 6 7 26 
5624 6 9 26 
5532 7 8 26 
5238 10 5 26 
4977 3 11 26 
4940 4 6 26 
4645 4 10 26 
4415 5 7 26 
4387 5 9 26 
4304 6 8 26 
4302 9 5 26 
4250 0 11 26 
3901 2 11 26 
3626 3 10 26 
3562 4 7 26 
3121 4 9 26 
2830 5 8 26 
2582 8 5 26 
2351 9 4 26 
1256 0 10 26 
1064 1 11 26 
713 2 10 26 
315 3 9 26 
5585 4 8 26 
5574 7 5 26 
5534 8 4 26 
5376 9 3 26 
5374 0 9 26 
5165 1 10 26 
4094 2 9 26 
3895 3 8 26 
3873 6 5 26 
3865 7 4 26 
3252 8 3 26 
3098 9 2 26 
1872 0 8 26 
1758 1 9 26 
1421 2 8 26 
749 3 7 26 
221 5 5 26 
5693 6 4 26 
5415 7 3 26 
5307 8 2 26 
4886 9 1 26 
4705 0 7 26 
4006 1 8 26 
3803 2 7 26 
3782 3 6 26 
3211 4 5 26 
3147 5 4 26 
3137 6 3 26 
2142 7 2 26 
2010 8 1 26 
1610 9 0 26 
1592 0 6 26 
1221 1 7 26 
1191 2 6 26 
1155 3 5 26 
1009 4 4 26 
896 5 3 26 
879 6 2 26 
876 7 1 26 
866 8 0 26 
51 0 5 26 
46 1 6 26 
3612 2 5 26 
3521 3 4 26 
3126 4 3 26 
2981 5 2 26 
2916 6 1 26 
2601 7 0 26 
2432 0 4 26 
1264 1 5 26 
851 2 4 26 
59 3 3 26 
36 4 2 26 
5549 5 1 26 
4070 6 0 26 
3779 0 3 26 
3439 1 4 26 
2440 2 3 26 
2371 3 2 26 
1959 4 1 26 
1944 5 0 26 
765 0 2 26 
189 1 3 26 
5567 2 2 26 
5517 3 1 26 
3727 4 0 26 
2590 0 1 26 
1922 1 2 26 
1711 2 1 26 
4393 3 0 26 
3810 0 0 26 
1456 1 1 26 
791 2 0 26 
761 1 0 26 
4730 1 1 37 
200 1 2 38 
1103 2 1 38 
962 1 3 39 
4634 2 2 38 
1486 3 1 38 
4023 1 4 39 
4281 2 3 39 
5028 3 2 39 
5719 4 1 39 
223 1 5 40 
1558 2 4 40 
2230 3 3 40 
2574 4 2 40 
2782 5 1 39 
2967 1 6 41 
3614 2 5 40 
3809 3 4 40 
4988 4 3 40 
5162 5 2 40 
5601 6 1 40 
140 1 7 41 
557 2 6 41 
1937 4 4 41 
2804 5 3 41 
3850 6 2 41 
4288 7 1 41 
4803 1 8 41 
1061 2 7 41 
1189 5 4 41 
1242 6 3 41 
1368 7 2 41 
2145 8 1 41 
2322 1 9 42 
3539 2 8 42 
5139 6 4 41 
5142 7 3 41 
5722 8 2 41 
129 1 10 42 
778 2 9 42 
804 7 4 42 
823 8 3 42 
2570 2 10 43 
2902 3 9 43 
3208 8 4 42 
922 3 10 43 
1870 4 9 43 
2780 5 8 43 
2851 4 10 43 
3145 5 7 43 
3308 5 9 43 
3324 6 8 43 
3835 5 10 44 
4034 6 7 44 
5222 6 9 43 
5638 7 8 43 
959 6 10 44 
963 7 7 44 
1295 7 9 44 
2050 8 8 44 
2283 7 10 44 
2980 8 7 44 
3066 8 9 44 
3159 9 8 44 
3352 8 10 44 
3830 9 7 44 
4239 9 9 44 
4269 8 11 44 
4643 9 10 44 
4782 9 11 45 
5527 10 10 45 
254 10 11 45 
809 11 10 45 
1838 12 9 45 
1930 11 11 45 
2191 12 8 45 
3128 12 10 45 
3458 13 9 45 
3506 12 7 45 
3543 12 11 45 
3681 13 8 45 
5516 13 10 45 
5481 0 19 51 
5446 0 18 51 
5144 1 19 51 
5132 0 17 51 
5020 1 18 51 
4581 2 19 51 
4578 0 12 51 
4364 0 16 51 
4325 1 17 51 
4321 2 18 51 
4253 3 19 51 
4149 19 19 51 
3771 0 13 51 
3746 0 15 51 
3504 1 12 51 
3346 1 16 51 
3337 2 17 51 
2849 3 18 51 
2435 4 19 51 
2131 18 19 51 
1876 19 0 51 
1761 19 18 51 
1634 0 14 51 
1629 1 13 51 
1495 1 15 51 
1248 2 12 51 
1183 2 16 51 
1041 3 17 51 
1007 4 18 51 
566 5 19 51 
394 17 19 51 
158 18 0 51 
5681 18 18 51 
5475 19 1 51 
5346 19 17 51 
5251 1 14 51 
5242 2 13 51 
5128 2 15 51 
5126 3 12 51 
4924 3 16 51 
4788 4 17 51 
4756 5 18 51 
4654 6 19 51 
4619 16 19 51 
4202 17 0 51 
4072 17 18 51 
3659 18 1 51 
3636 18 17 51 
3604 19 2 51 
3296 19 16 51 
2597 2 14 51 
2463 3 13 51 
2367 3 15 51 
2119 4 12 51 
2103 4 16 51 
1628 5 17 51 
1514 6 18 51 
1458 7 19 51 
1287 15 19 51 
1163 16 0 51 
1113 16 18 51 
995 17 1 51 
887 17 17 51 
703 18 2 51 
395 18 16 51 
375 19 3 51 
5705 19 9 51 
5314 19 15 51 
5210 3 14 51 
5067 4 13 51 
4929 4 15 51 
4889 5 12 51 
4720 5 16 51 
4657 6 17 51 
3927 7 18 51 
3665 8 19 51 
3440 14 19 51 
3307 15 0 51 
2878 15 18 51 
2008 16 1 51 
1756 16 17 51 
1750 17 2 51 
1644 17 16 51 
1429 18 3 51 
1388 18 9 51 
1315 18 15 51 
1218 19 4 51 
1208 19 10 51 
232 19 14 51 
108 4 14 51 
5448 5 13 51 
5371 5 15 51 
5166 6 12 51 
5051 6 16 51 
5012 7 17 51 
5000 8 18 51 
4995 9 19 51 
4953 13 19 51 
4871 14 0 51 
4870 14 18 51 
4746 15 1 51 
4511 15 17 51 
4464 16 2 51 
3756 16 16 51 
3716 17 3 51 
3606 17 9 51 
3479 17 15 51 
3273 18 4 51 
3099 18 10 51 
2679 18 14 51 
2586 19 5 51 
2466 19 11 51 
2455 19 13 51 
2279 5 14 51 
2244 6 13 51 
2102 6 15 51 
2072 7 16 51 
1987 8 17 51 
1927 9 18 51 
1800 10 19 51 
1729 12 19 51 
1468 13 0 51 
923 13 18 51 
886 14 1 51 
867 14 17 51 
389 15 2 51 
143 15 16 51 
5401 16 3 51 
5380 16 9 51 
5079 16 15 51 
5070 17 4 51 
5054 17 10 51 
4951 17 14 51 
4624 18 5 51 
4454 18 11 51 
4243 18 13 51 
3917 19 6 51 
3800 19 12 51 
3723 6 14 51 
3699 7 15 51 
3672 8 16 51 
3584 9 17 51 
3295 10 0 51 
3136 10 18 51 
2764 11 19 51 
2729 12 0 51 
2714 12 18 51 
2287 13 1 51 
2169 13 17 51 
1985 14 2 51 
1785 14 16 51 
1706 15 3 51 
1677 15 15 51 
1566 16 4 51 
1302 16 10 51 
1252 16 14 51 
1046 17 5 51 
855 17 11 51 
698 17 13 51 
558 18 6 51 
485 18 12 51 
345 19 7 51 
76 7 14 51 
5619 8 15 51 
5207 9 16 51 
5057 10 1 51 
4747 10 17 51 
4566 11 0 51 
4315 11 18 51 
4147 12 1 51 
4099 12 17 51 
4002 13 2 51 
3701 13 16 51 
3663 14 3 51 
2901 14 15 51 
2794 15 4 51 
2691 15 14 51 
2294 16 5 51 
1950 16 11 51 
1308 16 13 51 
1133 17 6 51 
1000 17 12 51 
671 18 7 51 
547 19 8 51 
520 7 13 51 
366 8 14 51 
7 9 15 51 
5713 10 2 51 
5217 10 16 51 
5062 11 1 51 
5035 11 17 51 
4935 12 2 51 
4648 12 16 51 
4532 13 3 51 
4516 13 15 51 
4453 14 4 51 
4014 14 14 51 
3607 15 5 51 
3403 15 13 51 
2688 16 6 51 
2653 16 12 51 
2541 17 7 51 
2323 18 8 51 
2105 8 13 51 
2085 9 14 51 
1951 10 3 51 
1868 10 15 51 
1658 11 2 51 
1515 11 16 51 
1511 12 3 51 
1098 12 15 51 
1037 13 4 51 
660 13 14 51 
403 14 5 51 
131 14 13 51 
5427 15 6 51 
5295 15 12 51 
5036 16 7 51 
4969 17 8 51 
4892 9 13 51 
4704 10 4 51 
4642 10 14 51 
4358 11 3 51 
4161 11 15 51 
4009 12 4 51 
3697 12 14 51 
3666 13 5 51 
3625 13 13 51 
3622 14 6 51 
3538 14 12 51 
3309 15 7 51 
2913 15 11 51 
2871 16 8 51 
2380 10 13 51 
2316 11 4 51 
2274 11 14 51 
2245 12 5 51 
2234 12 13 51 
2184 13 6 51 
2076 13 12 51 
1244 14 7 51 
1203 14 11 51 
1168 15 8 51 
838 15 10 51 
515 11 5 51 
5685 11 13 51 
5452 12 6 51 
5231 12 12 51 
5172 13 7 51 
4413 13 11 51 
4313 14 8 51 
4241 14 10 51 
4063 15 9 51 
4035 11 6 51 
3702 11 12 51 
3700 12 7 51 
3603 12 11 51 
3597 13 8 51 
2722 13 10 51 
2711 14 9 51 
2341 10 12 51 
1850 11 7 51 
1259 11 11 51 
1105 12 8 51 
992 12 10 51 
400 13 9 51 
280 9 12 51 
210 10 11 51 
5636 11 8 51 
5617 11 10 51 
5086 12 9 51 
5041 8 12 51 
4694 9 11 51 
4666 10 6 51 
4428 10 10 51 
3834 11 9 51 
3825 7 12 51 
3509 8 11 51 
3369 9 6 51 
2926 9 10 51 
2899 10 7 51 
2585 10 9 51 
2441 7 11 51 
2433 8 6 51 
2335 8 10 51 
2224 9 7 51 
1735 9 9 51 
1389 10 8 51 
1176 6 11 51 
1032 7 6 51 
955 7 10 51 
728 8 7 51 
715 8 9 51 
477 9 8 51 
341 5 11 51 
5684 6 6 51 
5359 6 10 51 
4954 7 7 51 
4857 7 9 51 
4748 8 8 51 
4723 4 11 51 
4671 5 6 51 
4571 5 10 51 
4535 6 7 51 
4488 6 9 51 
3976 7 8 51 
3676 10 5 51 
3524 3 11 51 
3453 4 6 51 
3363 4 10 51 
3002 5 7 51 
2787 5 9 51 
2648 6 8 51 
2333 9 5 51 
2130 0 11 51 
2100 2 11 51 
1911 3 10 51 
1902 4 7 51 
1764 4 9 51 
1577 5 8 51 
610 8 5 51 
396 9 4 51 
333 0 10 51 
211 1 11 51 
5694 2 10 51 
5690 3 9 51 
5683 4 8 51 
5670 7 5 51 
5403 8 4 51 
5118 9 3 51 
4926 0 9 51 
4755 1 10 51 
4567 2 9 51 
4442 3 8 51 
4186 6 5 51 
4055 7 4 51 
3609 8 3 51 
3089 9 2 51 
3079 0 8 51 
2733 1 9 51 
2286 2 8 51 
2091 3 7 51 
1786 5 5 51 
763 6 4 51 
738 7 3 51 
311 8 2 51 
82 9 1 51 
5672 0 7 51 
4665 1 8 51 
4660 2 7 51 
4170 3 6 51 
2610 4 5 51 
2564 5 4 51 
2535 6 3 51 
2212 7 2 51 
2019 8 1 51 
1488 9 0 51 
192 0 6 51 
41 1 7 51 
5408 2 6 51 
4994 3 5 51 
4667 4 4 51 
4306 5 3 51 
4188 6 2 51 
4075 7 1 51 
4026 8 0 51 
3812 0 5 51 
3790 1 6 51 
3077 2 5 51 
2397 3 4 51 
2308 4 3 51 
1799 5 2 51 
1749 6 1 51 
1717 7 0 51 
1689 0 4 51 
1455 1 5 51 
1439 2 4 51 
627 3 3 51 
490 4 2 51 
70 5 1 51 
5383 6 0 51 
5053 0 3 51 
5017 1 4 51 
4293 2 3 51 
3914 3 2 51 
1602 4 1 51 
1422 5 0 51 
773 0 2 51 
334 1 3 51 
93 2 2 51 
5003 3 1 51 
4546 4 0 51 
4258 0 1 51 
3494 1 2 51 
1748 2 1 51 
790 3 0 51 
5213 0 0 51 
4893 1 1 51 
4640 2 0 51 
4514 1 0 51 
2284 1 1 62 
3704 1 2 63 
302 2 1 63 
169 1 3 64 
2324 2 2 64 
903 3 1 63 
2606 1 4 64 
5133 2 3 64 
5622 3 2 64 
204 4 1 64 
720 1 5 65 
3470 2 4 65 
3495 3 3 65 
4388 4 2 65 
5214 5 1 65 
2152 1 6 65 
2218 2 5 65 
2398 3 4 65 
3374 4 3 65 
4092 5 2 65 
4113 6 1 65 
243 1 7 66 
421 2 6 65 
505 4 4 65 
1423 5 3 65 
1767 6 2 65 
1938 7 1 65 
2263 1 8 66 
3997 2 7 66 
4766 5 4 66 
5604 6 3 66 
3 7 2 66 
404 8 1 66 
1948 1 9 67 
2115 2 8 67 
2553 6 4 67 
2929 7 3 67 
3192 8 2 67 
3228 1 10 67 
3304 2 9 67 
3696 7 4 67 
4751 8 3 67 
5026 2 10 67 
5084 3 9 67 
5102 8 4 67 
5545 3 10 68 
105 4 9 68 
264 5 8 68 
729 4 10 68 
752 5 7 68 
999 5 9 68 
1504 6 8 68 
2291 5 10 68 
2677 6 7 68 
2789 6 9 68 
3138 7 8 68 
3248 6 10 68 
4884 7 7 68 
530 7 9 68 
699 8 8 68 
1316 7 10 69 
1398 8 7 69 
2741 8 9 69 
4369 9 8 69 
4933 8 10 69 
124 9 7 69 
225 9 9 69 
294 8 11 69 
640 9 10 69 
774 9 11 69 
1463 10 10 69 
2618 10 11 70 
2904 11 10 69 
3068 12 9 69 
3189 11 11 70 
3556 12 8 70 
3668 12 10 70 
3748 13 9 70 
4526 12 7 70 
4627 12 11 70 
1304 13 8 70 
1537 13 10 70 
1564 14 9 70 
2143 12 6 70 
2342 12 12 70 
2816 13 7 70 
3010 13 11 70 
3144 14 8 70 
3213 14 10 70 
3892 11 14 71 
3935 12 5 71 
5520 0 19 76 
5512 0 18 76 
5454 1 19 76 
5159 0 17 76 
5074 1 18 76 
4966 2 19 76 
4874 0 12 76 
4856 0 16 76 
4764 1 17 76 
4731 2 18 76 
4572 3 19 76 
4353 19 19 76 
4344 0 13 76 
4277 0 15 76 
4249 1 12 76 
4106 1 16 76 
4069 2 17 76 
4066 3 18 76 
3786 4 19 76 
3754 18 19 76 
3744 19 0 76 
3724 19 18 76 
3546 0 14 76 
3131 1 13 76 
3034 1 15 76 
3026 2 12 76 
2912 2 16 76 
2207 3 17 76 
1968 4 18 76 
1567 5 19 76 
1323 17 19 76 
1088 18 0 76 
1070 18 18 76 
1068 19 1 76 
1042 19 17 76 
564 1 14 76 
552 2 13 76 
249 2 15 76 
26 3 12 76 
5344 3 16 76 
5177 4 17 76 
5147 5 18 76 
5134 6 19 76 
5064 16 19 76 
5030 17 0 76 
4812 17 18 76 
4465 18 1 76 
4341 18 17 76 
3528 19 2 76 
3184 19 16 76 
3043 2 14 76 
3031 3 13 76 
3029 3 15 76 
2966 4 12 76 
2654 4 16 76 
2415 5 17 76 
2313 6 18 76 
2029 7 19 76 
1738 15 19 76 
1621 16 0 76 
991 16 18 76 
657 17 1 76 
539 17 17 76 
4950 18 2 76 
4927 18 16 76 
4910 19 3 76 
4864 19 9 76 
4732 19 15 76 
4300 3 14 76 
4178 4 13 76 
3993 4 15 76 
3828 5 12 76 
3738 5 16 76 
3336 6 17 76 
3084 7 18 76 
2906 8 19 76 
2833 14 19 76 
2558 15 0 76 
2431 15 18 76 
2418 16 1 76 
2174 16 17 76 
1827 17 2 76 
1728 17 16 76 
1551 18 3 76 
1432 18 9 76 
843 18 15 76 
829 19 4 76 
628 19 10 76 
497 19 14 76 
321 4 14 76 
16 5 13 76 
5600 5 15 76 
5432 6 12 76 
5203 6 16 76 
4938 7 17 76 
4713 8 18 76 
4376 9 19 76 
4265 13 19 76 
4168 14 0 76 
4073 14 18 76 
3816 15 1 76 
3813 15 17 76 
3602 16 2 76 
3215 16 16 76 
3198 17 3 76 
3150 17 9 76 
2783 17 15 76 
2718 18 4 76 
2487 18 10 76 
1956 18 14 76 
1846 19 5 76 
1453 19 11 76 
1122 19 13 76 
891 5 14 76 
834 6 13 76 
833 6 15 76 
659 7 16 76 
575 8 17 76 
549 9 18 76 
299 10 19 76 
22 12 19 76 
5721 13 0 76 
5390 13 18 76 
5237 14 1 76 
5145 14 17 76 
4967 15 2 76 
4826 15 16 76 
4245 16 3 76 
4217 16 9 76 
4120 16 15 76 
3916 17 4 76 
3851 17 10 76 
3671 17 14 76 
3590 18 5 76 
3461 18 11 76 
3441 18 13 76 
3348 19 6 76 
3174 19 12 76 
2828 6 14 76 
2786 7 15 76 
2703 8 16 76 
2376 9 17 76 
2295 10 0 76 
2219 10 18 76 
2149 11 19 76 
1990 12 0 76 
1803 12 18 76 
1782 13 1 76 
1538 13 17 76 
1048 14 2 76 
981 14 16 76 
588 15 3 76 
5455 15 15 76 
5420 16 4 76 
4858 16 10 76 
4160 16 14 76 
4064 17 5 76 
3864 17 11 76 
3817 17 13 76 
3313 18 6 76 
3204 18 12 76 
3000 19 7 76 
2622 7 14 76 
2596 8 15 76 
2392 9 16 76 
2352 10 1 76 
2216 10 17 76 
1997 11 0 76 
1826 11 18 76 
1713 12 1 76 
1520 12 17 76 
1508 13 2 76 
1124 13 16 76 
928 14 3 76 
777 14 15 76 
510 15 4 76 
456 15 14 76 
419 16 5 76 
340 16 11 76 
332 16 13 76 
324 17 6 76 
271 17 12 76 
84 18 7 76 
5515 19 8 76 
5488 7 13 76 
5477 8 14 76 
5152 9 15 76 
4991 10 2 76 
4865 10 16 76 
4697 11 1 76 
4412 11 17 76 
4389 12 2 76 
4176 12 16 76 
4154 13 3 76 
3749 13 15 76 
3733 14 4 76 
3452 14 14 76 
3429 15 5 76 
3404 15 13 76 
3245 16 6 76 
3212 16 12 76 
3037 17 7 76 
2945 18 8 76 
2672 8 13 76 
2381 9 14 76 
2193 10 3 76 
1993 10 15 76 
1794 11 2 76 
1788 11 16 76 
1532 12 3 76 
1480 12 15 76 
1201 13 4 76 
916 13 14 76 
668 14 5 76 
246 14 13 76 
5253 15 6 76 
5189 15 12 76 
4986 16 7 76 
4932 17 8 76 
4911 9 13 76 
4843 10 4 76 
4658 10 14 76 
4620 11 3 76 
4605 11 15 76 
4402 12 4 76 
4242 12 14 76 
3918 13 5 76 
3888 13 13 76 
3611 14 6 76 
3418 14 12 76 
3195 15 7 76 
2996 15 11 76 
2915 16 8 76 
2874 10 13 76 
2759 11 4 76 
2663 11 14 76 
2611 12 5 76 
2560 12 13 76 
2360 13 6 76 
1940 13 12 76 
1716 14 7 76 
1665 14 11 76 
676 15 8 76 
432 15 10 76 
241 11 5 76 
214 11 13 76 
168 12 6 76 
5704 12 12 76 
5397 13 7 76 
5263 13 11 76 
5124 14 8 76 
4769 14 10 76 
4032 15 9 76 
3922 11 6 76 
3770 11 12 76 
3568 12 7 76 
3392 12 11 76 
3180 13 8 76 
3085 13 10 76 
3020 14 9 76 
2997 10 12 76 
2625 11 7 76 
1892 11 11 76 
1807 12 8 76 
1734 12 10 76 
1614 13 9 76 
1595 9 12 76 
1522 10 11 76 
1493 11 8 76 
629 11 10 76 
502 12 9 76 
346 8 12 76 
287 9 11 76 
283 10 6 76 
5127 10 10 76 
4611 11 9 76 
4529 7 12 76 
4397 8 11 76 
4185 9 6 76 
3281 9 10 76 
3072 10 7 76 
2777 10 9 76 
2708 7 11 76 
2426 8 6 76 
2222 8 10 76 
2141 9 7 76 
1643 9 9 76 
1506 10 8 76 
1469 6 11 76 
1442 7 6 76 
1258 7 10 76 
1146 8 7 76 
303 8 9 76 
5076 9 8 76 
4818 5 11 76 
4261 6 6 76 
4101 6 10 76 
4004 7 7 76 
3712 7 9 76 
3695 8 8 76 
3540 4 11 76 
3486 5 6 76 
3278 5 10 76 
3124 6 7 76 
2778 6 9 76 
2660 7 8 76 
2443 10 5 76 
2242 3 11 76 
1780 4 6 76 
1496 4 10 76 
1485 5 7 76 
910 5 9 76 
89 6 8 76 
38 9 5 76 
5193 0 11 76 
5010 2 11 76 
4498 3 10 76 
4493 4 7 76 
4420 4 9 76 
4189 5 8 76 
4137 8 5 76 
4033 9 4 76 
3880 0 10 76 
3768 1 11 76 
3730 2 10 76 
3455 3 9 76 
3199 4 8 76 
3007 7 5 76 
2869 8 4 76 
2799 9 3 76 
2538 0 9 76 
2411 1 10 76 
2365 2 9 76 
1678 3 8 76 
1544 6 5 76 
1196 7 4 76 
691 8 3 76 
643 9 2 76 
617 0 8 76 
313 1 9 76 
5730 2 8 76 
5033 3 7 76 
4422 5 5 76 
4256 6 4 76 
4142 7 3 76 
4129 8 2 76 
3675 9 1 76 
3623 0 7 76 
3226 1 8 76 
3125 2 7 76 
2650 3 6 76 
2562 4 5 76 
2510 5 4 76 
2382 6 3 76 
2159 7 2 76 
1719 8 1 76 
1603 9 0 76 
1461 0 6 76 
756 1 7 76 
83 2 6 76 
5343 3 5 76 
5300 4 4 76 
5080 5 3 76 
5006 6 2 76 
4786 7 1 76 
4576 8 0 76 
4248 0 5 76 
4020 1 6 76 
4015 2 5 76 
3420 3 4 76 
3109 4 3 76 
2888 5 2 76 
2494 6 1 76 
1999 7 0 76 
1152 0 4 76 
4443 1 5 76 
4346 2 4 76 
4183 3 3 76 
4065 4 2 76 
3081 5 1 76 
1104 6 0 76 
1047 0 3 76 
837 1 4 76 
612 2 3 76 
5548 3 2 76 
5262 4 1 76 
4894 5 0 76 
4639 0 2 76 
4481 1 3 76 
4030 2 2 76 
3371 3 1 76 
2133 4 0 76 
1415 0 1 76 
368 1 2 76 
5324 2 1 76 
4058 3 0 76 
4008 0 0 76 
3234 1 1 76 
3038 2 0 76 
2808 1 0 76 
2043 1 1 87 
1889 1 2 88 
3076 2 1 87 
4536 1 3 88 
67 2 2 88 
1364 3 1 88 
1898 1 4 89 
5509 2 3 89 
156 3 2 88 
1924 4 1 88 
2803 1 5 89 
3062 2 4 89 
4301 3 3 89 
4312 4 2 89 
5284 5 1 89 
418 1 6 90 
479 2 5 90 
2001 3 4 90 
2897 4 3 90 
4861 5 2 90 
183 6 1 90 
2565 1 7 91 
3100 2 6 91 
3187 4 4 90 
3260 5 3 90 
3298 6 2 90 
3908 7 1 90 
4174 1 8 91 
4184 2 7 91 
4394 5 4 91 
4735 6 3 91 
1906 7 2 91 
2241 8 1 91 
2317 1 9 92 
4144 2 8 91 
1021 6 4 91 
1307 7 3 91 
1556 8 2 91 
2071 1 10 92 
2208 2 9 92 
2604 7 4 92 
3182 8 3 92 
3785 2 10 92 
3814 3 9 92 
4373 8 4 92 
4431 3 10 92 
4515 4 9 92 
429 5 8 92 
562 4 10 93 
1636 5 7 93 
1699 5 9 93 
1909 6 8 93 
2428 5 10 93 
2784 6 7 93 
2868 6 9 93 
4247 7 8 93 
4987 6 10 93 
9 7 7 93 
469 7 9 93 
806 8 8 93 
1161 7 10 94 
1921 8 7 94 
2089 8 9 94 
2532 9 8 93 
2773 8 10 94 
2861 9 7 94 
3923 9 9 94 
4663 8 11 94 
5131 9 10 94 
1077 9 11 95 
1349 10 10 94 
1684 10 11 95 
1747 11 10 95 
2498 12 9 95 
3223 11 11 95 
3467 12 8 95 
3921 12 10 95 
4193 13 9 95 
4210 12 7 95 
244 12 11 95 
413 13 8 95 
637 13 10 95 
874 14 9 95 
1289 12 6 96 
1568 12 12 95 
1804 13 7 95 
1982 13 11 95 
2445 14 8 95 
2709 14 10 95 
3114 11 14 96 
3388 12 5 96 
3608 12 13 96 
3703 13 6 96 
4123 13 12 96 
4560 14 7 96 
5072 10 14 96 
5631 11 3 96 
