1973
5578 0 19 1 
5259 0 18 1 
5188 1 19 1 
5187 0 17 1 
4829 1 18 1 
4805 2 19 1 
4568 0 16 1 
4432 1 17 1 
4430 2 18 1 
4415 3 19 1 
3408 9 19 1 
3365 19 19 1 
3325 0 15 1 
3247 1 16 1 
3198 2 17 1 
3052 3 18 1 
2878 4 19 1 
2740 9 18 1 
2213 10 19 1 
1950 18 19 1 
1546 19 18 1 
1075 0 14 1 
744 1 15 1 
541 2 16 1 
484 3 17 1 
183 4 18 1 
5401 5 19 1 
5354 9 17 1 
4853 10 18 1 
4833 11 19 1 
4707 17 19 1 
4563 18 18 1 
4520 19 17 1 
4481 0 13 1 
4267 1 14 1 
4036 2 15 1 
3833 3 16 1 
3740 4 17 1 
3695 5 18 1 
3344 6 19 1 
3288 9 16 1 
3276 10 17 1 
2974 11 18 1 
2963 12 19 1 
2923 16 19 1 
2721 17 18 1 
2600 18 17 1 
2585 19 16 1 
2579 0 0 1 
2564 0 12 1 
2297 1 13 1 
2112 2 14 1 
1976 3 15 1 
1585 4 16 1 
1559 5 17 1 
1379 6 18 1 
918 7 19 1 
628 9 15 1 
536 10 16 1 
528 11 17 1 
450 12 18 1 
280 13 19 1 
189 15 19 1 
5557 16 18 1 
5082 17 17 1 
5081 18 16 1 
4920 19 15 1 
4919 0 1 1 
4740 0 11 1 
4673 1 0 1 
4580 1 12 1 
4303 2 13 1 
4112 3 14 1 
4079 4 15 1 
3863 5 16 1 
3785 6 17 1 
3770 7 18 1 
3550 8 19 1 
3495 9 14 1 
3469 10 15 1 
3240 11 16 1 
2956 12 17 1 
2862 13 18 1 
2404 14 19 1 
2324 15 18 1 
2322 16 17 1 
2276 17 16 1 
2160 18 15 1 
2073 19 14 1 
1894 0 2 1 
1820 0 10 1 
1750 1 1 1 
1291 1 11 1 
1196 2 0 1 
978 2 12 1 
747 3 13 1 
630 4 14 1 
549 5 15 1 
290 6 16 1 
247 7 17 1 
223 8 18 1 
113 10 14 1 
13 11 15 1 
5550 12 16 1 
5514 13 17 1 
5138 14 18 1 
5029 15 17 1 
4965 16 16 1 
4907 17 15 1 
4752 18 14 1 
4746 19 13 1 
4540 0 3 1 
4393 0 9 1 
4264 1 2 1 
3847 1 10 1 
3460 2 1 1 
3041 2 11 1 
2934 3 0 1 
2860 3 12 1 
2778 4 13 1 
2767 5 14 1 
2633 6 15 1 
2571 7 16 1 
1934 8 17 1 
1785 11 14 1 
1607 12 15 1 
1505 13 16 1 
1481 14 17 1 
1309 15 16 1 
1118 16 15 1 
1073 17 14 1 
865 18 13 1 
813 19 12 1 
619 0 4 1 
160 0 8 1 
5385 1 3 1 
5374 1 9 1 
5363 2 2 1 
4875 2 10 1 
4771 3 1 1 
4614 3 11 1 
4608 4 0 1 
4539 4 12 1 
4268 5 13 1 
3929 6 14 1 
3471 7 15 1 
3449 8 16 1 
3412 12 14 1 
2957 13 15 1 
1852 14 16 1 
1840 15 15 1 
1836 16 14 1 
1675 17 13 1 
1589 18 12 1 
1130 19 11 1 
700 0 5 1 
593 0 7 1 
19 1 4 1 
2 1 8 1 
5569 2 3 1 
5340 2 9 1 
5323 3 2 1 
4973 3 10 1 
4971 4 1 1 
3931 4 11 1 
3826 5 0 1 
3823 5 12 1 
2945 6 13 1 
2910 7 14 1 
2518 8 15 1 
2429 13 14 1 
2384 14 15 1 
2198 15 14 1 
2018 16 13 1 
1919 17 12 1 
1642 18 11 1 
1459 19 10 1 
1307 0 6 1 
1274 1 5 1 
939 1 7 1 
599 2 4 1 
574 2 8 1 
469 3 3 1 
466 3 9 1 
456 4 2 1 
377 4 10 1 
283 5 1 1 
239 5 11 1 
5444 6 0 1 
5400 6 12 1 
5341 7 13 1 
4632 8 14 1 
4320 14 14 1 
4105 15 13 1 
3967 16 12 1 
3880 17 11 1 
3813 18 10 1 
3239 19 9 1 
2955 1 6 1 
2823 2 5 1 
2754 2 7 1 
2663 3 4 1 
2545 3 8 1 
2450 4 3 1 
2141 4 9 1 
2069 5 2 1 
1803 5 10 1 
1788 6 1 1 
1651 6 11 1 
1454 7 0 1 
1254 7 12 1 
1007 8 13 1 
934 14 13 1 
575 15 12 1 
5572 16 11 1 
5303 17 10 1 
4977 18 9 1 
4814 19 8 1 
4750 2 6 1 
4665 3 5 1 
4441 3 7 1 
4038 4 4 1 
4029 4 8 1 
4028 5 3 1 
3791 5 9 1 
3756 6 2 1 
3685 6 10 1 
3671 7 1 1 
3010 7 11 1 
2854 8 0 1 
2821 8 12 1 
2468 9 13 1 
2233 13 13 1 
2116 14 12 1 
1782 15 11 1 
1604 16 10 1 
1455 17 9 1 
1398 18 8 1 
1331 19 7 1 
763 3 6 1 
627 4 5 1 
402 4 7 1 
368 5 4 1 
114 5 8 1 
5560 6 3 1 
5506 6 9 1 
5244 7 2 1 
5128 7 10 1 
4765 8 1 1 
4546 8 11 1 
4411 9 0 1 
4311 9 12 1 
4259 10 13 1 
3913 12 13 1 
3861 13 12 1 
3604 14 11 1 
3509 15 10 1 
3056 16 9 1 
3020 17 8 1 
2940 18 7 1 
2933 19 6 1 
2771 4 6 1 
2667 5 5 1 
2238 5 7 1 
2155 6 4 1 
1981 6 8 1 
1553 7 3 1 
1541 7 9 1 
1480 8 2 1 
1428 8 10 1 
1424 9 1 1 
1202 9 11 1 
972 10 12 1 
653 11 13 1 
369 12 12 1 
332 13 11 1 
273 14 10 1 
71 15 9 1 
5477 16 8 1 
5464 17 7 1 
5449 18 6 1 
5387 19 5 1 
5291 5 6 1 
5233 6 5 1 
5134 6 7 1 
5121 7 4 1 
4917 7 8 1 
4488 8 3 1 
4392 8 9 1 
3859 9 2 1 
3727 9 10 1 
3561 10 11 1 
3338 11 12 1 
3203 12 11 1 
3126 13 10 1 
2978 14 9 1 
2900 15 8 1 
2839 16 7 1 
2675 17 6 1 
2237 18 5 1 
2047 19 4 1 
1811 6 6 1 
1551 7 5 1 
899 7 7 1 
717 8 4 1 
394 8 8 1 
5549 9 3 1 
5429 9 9 1 
5253 10 10 1 
5016 11 11 1 
4950 12 10 1 
4579 13 9 1 
3753 14 8 1 
3609 15 7 1 
3428 16 6 1 
3130 17 5 1 
3057 18 4 1 
2841 19 3 1 
2793 7 6 1 
2345 8 5 1 
2302 8 7 1 
2178 9 4 1 
1499 9 8 1 
723 10 9 1 
543 11 10 1 
83 12 9 1 
4753 13 8 1 
4591 14 7 1 
4380 15 6 1 
4183 16 5 1 
4139 17 4 1 
3646 18 3 1 
3454 19 2 1 
3443 8 6 1 
3351 9 5 1 
3234 9 7 1 
2925 10 8 1 
2864 11 9 1 
2522 12 8 1 
2346 13 7 1 
1988 14 6 1 
1942 15 5 1 
1932 16 4 1 
1495 17 3 1 
1415 18 2 1 
1334 19 1 1 
1023 9 6 1 
876 10 7 1 
624 11 8 1 
381 12 7 1 
259 13 6 1 
5154 14 5 1 
5103 15 4 1 
5033 16 3 1 
4123 17 2 1 
3434 18 1 1 
2980 19 0 1 
2254 10 6 1 
2189 11 7 1 
2010 12 6 1 
1160 13 5 1 
890 14 4 1 
886 15 3 1 
859 16 2 1 
5077 17 1 1 
4885 18 0 1 
4492 10 5 1 
4232 11 6 1 
3486 12 5 1 
2918 13 4 1 
2805 14 3 1 
1394 15 2 1 
1337 16 1 1 
397 17 0 1 
60 10 4 1 
5315 11 5 1 
3906 12 4 1 
3274 13 3 1 
2210 14 2 1 
1410 15 1 1 
1401 16 0 1 
1301 10 3 1 
1214 11 4 1 
955 12 3 1 
933 13 2 1 
4804 14 1 1 
4003 15 0 1 
3970 10 2 1 
3472 11 3 1 
3432 12 2 1 
3374 13 1 1 
2446 14 0 1 
2173 10 1 1 
1960 11 2 1 
1358 12 1 1 
73 13 0 1 
4195 10 0 1 
1474 11 1 1 
1448 12 0 1 
1151 11 0 1 
1621 11 1 12 
1167 11 2 13 
3189 12 1 13 
4323 11 3 13 
1409 12 2 13 
1839 13 1 13 
3950 11 4 14 
5231 12 3 14 
962 13 2 14 
2291 14 1 13 
4650 11 5 14 
4684 12 4 14 
4801 13 3 14 
428 14 2 14 
691 15 1 14 
1239 11 6 15 
1876 12 5 15 
4641 13 4 15 
5586 14 3 15 
1336 15 2 15 
1702 16 1 15 
2170 11 7 16 
2272 12 6 16 
2944 13 5 16 
3265 15 3 16 
4490 16 2 16 
5556 17 1 15 
472 10 7 17 
642 11 8 17 
646 12 7 17 
1041 13 6 17 
1641 16 3 16 
1667 17 2 16 
1884 18 1 16 
5327 8 6 17 
336 9 7 17 
1646 10 8 17 
1893 11 9 17 
2256 12 8 17 
3754 13 7 17 
4528 16 4 17 
4897 17 3 17 
4948 18 2 17 
1223 7 6 18 
4418 8 5 18 
5225 8 7 18 
413 9 8 18 
461 10 9 18 
725 11 10 18 
1530 12 9 18 
1537 13 8 17 
2218 16 5 17 
2253 17 4 17 
2317 18 3 17 
2614 6 6 19 
4020 7 5 19 
4406 7 7 19 
4763 8 4 19 
637 8 8 19 
1052 9 9 18 
1250 10 10 18 
1283 11 11 18 
1359 12 10 18 
1911 13 9 18 
2199 16 6 18 
2260 17 5 18 
2985 18 4 18 
3409 5 6 19 
3788 6 5 19 
3834 6 7 19 
3865 7 4 19 
4348 7 8 19 
5306 8 3 19 
5349 8 9 19 
5404 9 10 19 
5534 10 11 19 
14 11 12 19 
608 12 11 19 
1097 13 10 19 
2146 16 7 19 
3270 17 6 19 
3733 18 5 19 
3969 4 6 20 
4142 5 5 20 
4239 5 7 20 
4292 6 4 20 
4405 7 3 20 
4469 7 9 20 
4470 8 2 20 
4743 8 10 20 
5495 0 19 26 
5470 0 18 26 
5124 1 19 26 
4978 0 17 26 
4931 1 18 26 
4918 2 19 26 
4906 0 16 26 
4796 1 17 26 
4242 2 18 26 
4009 3 19 26 
3197 9 19 26 
3122 19 19 26 
3098 0 15 26 
3034 1 16 26 
2990 2 17 26 
2885 3 18 26 
2869 4 19 26 
2328 9 18 26 
2318 10 19 26 
2292 18 19 26 
2251 19 18 26 
2179 0 14 26 
2121 1 15 26 
1947 2 16 26 
1921 3 17 26 
1845 4 18 26 
1526 5 19 26 
1439 9 17 26 
1345 10 18 26 
1109 11 19 26 
1108 17 19 26 
1092 18 18 26 
857 19 17 26 
801 0 13 26 
715 1 14 26 
231 2 15 26 
213 3 16 26 
136 4 17 26 
121 5 18 26 
5590 6 19 26 
5532 9 16 26 
5293 10 17 26 
5137 11 18 26 
4876 12 19 26 
4860 16 19 26 
4760 17 18 26 
4720 18 17 26 
4133 19 16 26 
3919 0 0 26 
3911 0 12 26 
3878 1 13 26 
3811 2 14 26 
3264 3 15 26 
3188 4 16 26 
2897 5 17 26 
2833 6 18 26 
2746 7 19 26 
2640 9 15 26 
2108 10 16 26 
2029 11 17 26 
1825 12 18 26 
1792 13 19 26 
1696 15 19 26 
1483 16 18 26 
1384 17 17 26 
1347 18 16 26 
1090 19 15 26 
622 0 1 26 
582 0 11 26 
412 1 0 26 
385 1 12 26 
333 2 13 26 
65 3 14 26 
5529 4 15 26 
5516 5 16 26 
4945 6 17 26 
4658 7 18 26 
4565 8 19 26 
4187 9 14 26 
4171 10 15 26 
4088 11 16 26 
3656 12 17 26 
3651 13 18 26 
3544 14 19 26 
3435 15 18 26 
2828 16 17 26 
2809 17 16 26 
2481 18 15 26 
2402 19 14 26 
2339 0 2 26 
2215 0 10 26 
2157 1 1 26 
2098 1 11 26 
1937 2 0 26 
1827 2 12 26 
1765 3 13 26 
1672 4 14 26 
1350 5 15 26 
943 6 16 26 
817 7 17 26 
740 8 18 26 
687 10 14 26 
645 11 15 26 
475 12 16 26 
448 13 17 26 
5423 14 18 26 
5275 15 17 26 
5080 16 16 26 
5050 17 15 26 
5047 18 14 26 
5000 19 13 26 
4892 0 3 26 
4791 0 9 26 
4634 1 2 26 
4428 1 10 26 
4401 2 1 26 
4338 2 11 26 
4120 3 0 26 
4081 3 12 26 
4016 4 13 26 
3827 5 14 26 
3698 6 15 26 
3358 7 16 26 
3113 8 17 26 
2534 11 14 26 
2531 12 15 26 
2523 13 16 26 
2479 14 17 26 
2214 15 16 26 
2000 16 15 26 
1746 17 14 26 
1657 18 13 26 
1324 19 12 26 
1252 0 4 26 
1140 0 8 26 
1045 1 3 26 
1021 1 9 26 
1013 2 2 26 
946 2 10 26 
832 3 1 26 
547 3 11 26 
214 4 0 26 
5456 4 12 26 
5415 5 13 26 
5189 6 14 26 
5183 7 15 26 
4899 8 16 26 
4889 12 14 26 
4500 13 15 26 
4174 14 16 26 
4072 15 15 26 
3926 16 14 26 
3584 17 13 26 
3480 18 12 26 
3331 19 11 26 
3267 0 5 26 
3210 0 7 26 
3062 1 4 26 
2813 1 8 26 
2760 2 3 26 
2759 2 9 26 
2674 3 2 26 
2219 3 10 26 
2135 4 1 26 
2077 4 11 26 
1930 5 0 26 
1877 5 12 26 
1329 6 13 26 
909 7 14 26 
656 8 15 26 
521 13 14 26 
505 14 15 26 
387 15 14 26 
107 16 13 26 
43 17 12 26 
5338 18 11 26 
5278 19 10 26 
5086 0 6 26 
5046 1 5 26 
4985 1 7 26 
4972 2 4 26 
4616 2 8 26 
4394 3 3 26 
4341 3 9 26 
4125 4 2 26 
4073 4 10 26 
3752 5 1 26 
3629 5 11 26 
3489 6 0 26 
3291 6 12 26 
3283 7 13 26 
3111 8 14 26 
3092 14 14 26 
2958 15 13 26 
2597 16 12 26 
2574 17 11 26 
2271 18 10 26 
2061 19 9 26 
1946 1 6 26 
1925 2 5 26 
1569 2 7 26 
1391 3 4 26 
1228 3 8 26 
957 4 3 26 
824 4 9 26 
786 5 2 26 
734 5 10 26 
632 6 1 26 
519 6 11 26 
468 7 0 26 
457 7 12 26 
252 8 13 26 
186 14 13 26 
80 15 12 26 
3 16 11 26 
5373 17 10 26 
4980 18 9 26 
4957 19 8 26 
4724 2 6 26 
4437 3 5 26 
3992 3 7 26 
3974 4 4 26 
3769 4 8 26 
3654 5 3 26 
3612 5 9 26 
3485 6 2 26 
2761 6 10 26 
2334 7 1 26 
2294 7 11 26 
2261 8 0 26 
2255 8 12 26 
1784 9 13 26 
1682 13 13 26 
1263 14 12 26 
1135 15 11 26 
1037 16 10 26 
776 17 9 26 
598 18 8 26 
424 19 7 26 
322 3 6 26 
240 4 5 26 
94 4 7 26 
84 5 4 26 
5435 5 8 26 
5389 6 3 26 
5131 6 9 26 
4996 7 2 26 
4867 7 10 26 
4812 8 1 26 
4666 8 11 26 
4599 9 0 26 
4468 9 12 26 
4278 10 13 26 
3493 12 13 26 
2818 13 12 26 
2167 14 11 26 
2154 15 10 26 
1393 16 9 26 
1312 17 8 26 
982 18 7 26 
643 19 6 26 
275 4 6 26 
5594 5 5 26 
5568 5 7 26 
5362 6 4 26 
5288 6 8 26 
5243 7 3 26 
5099 7 9 26 
4816 8 2 26 
4749 8 10 26 
4583 9 1 26 
4398 9 11 26 
4387 10 12 26 
4344 11 13 26 
4285 12 12 26 
3787 13 11 26 
3759 14 10 26 
3603 15 9 26 
3438 16 8 26 
3381 17 7 26 
3258 18 6 26 
2849 19 5 26 
2623 5 6 26 
2409 6 5 26 
2321 6 7 26 
2217 7 4 26 
2195 7 8 26 
1710 8 3 26 
1378 8 9 26 
1299 9 2 26 
1279 9 10 26 
1185 10 11 26 
1071 11 12 26 
1068 12 11 26 
917 13 10 26 
779 14 9 26 
597 15 8 26 
268 16 7 26 
87 17 6 26 
1 18 5 26 
5500 19 4 26 
4929 6 6 26 
3973 7 5 26 
3902 7 7 26 
3856 8 4 26 
3795 8 8 26 
3757 9 3 26 
3738 9 9 26 
3373 10 10 26 
3329 11 11 26 
2876 12 10 26 
2845 13 9 26 
2483 14 8 26 
2471 15 7 26 
2382 16 6 26 
2044 17 5 26 
1467 18 4 26 
916 19 3 26 
764 7 6 26 
228 8 5 26 
110 8 7 26 
52 9 4 26 
5412 9 8 26 
5026 10 9 26 
4721 11 10 26 
4451 12 9 26 
4172 13 8 26 
4071 14 7 26 
3655 15 6 26 
3635 16 5 26 
3540 17 4 26 
3506 18 3 26 
3490 19 2 26 
3403 8 6 26 
3346 9 5 26 
2984 9 7 26 
2505 10 8 26 
2436 11 9 26 
2035 12 8 26 
2020 13 7 26 
1356 14 6 26 
1105 15 5 26 
1020 16 4 26 
613 17 3 26 
161 18 2 26 
70 19 1 26 
5438 9 6 26 
5368 10 7 26 
5270 11 8 26 
5039 12 7 26 
4813 13 6 26 
4706 14 5 26 
4704 15 4 26 
4233 16 3 26 
4219 17 2 26 
3697 18 1 26 
3459 19 0 26 
2950 10 6 26 
2938 11 7 26 
2591 12 6 26 
2371 13 5 26 
2105 14 4 26 
507 15 3 26 
409 16 2 26 
92 17 1 26 
5326 18 0 26 
4954 10 5 26 
4427 11 6 26 
4197 12 5 26 
4002 13 4 26 
3803 14 3 26 
3524 15 2 26 
2987 16 1 26 
1440 17 0 26 
694 10 4 26 
135 11 5 26 
22 12 4 26 
5176 13 3 26 
5003 14 2 26 
4843 15 1 26 
4351 16 0 26 
4316 10 3 26 
3592 11 4 26 
1855 12 3 26 
1834 13 2 26 
1403 14 1 26 
1012 15 0 26 
844 10 2 26 
557 11 3 26 
276 12 2 26 
5246 13 1 26 
4993 14 0 26 
4461 10 1 26 
4034 11 2 26 
3058 12 1 26 
3024 13 0 26 
2696 10 0 26 
1671 11 1 26 
376 12 0 26 
1304 11 0 26 
2396 11 1 39 
3277 11 2 39 
2882 12 1 39 
4343 11 3 40 
4890 12 2 40 
1087 13 1 39 
1566 11 4 40 
2986 12 3 40 
3231 13 2 40 
4007 14 1 40 
4938 11 5 41 
1866 12 4 41 
2085 13 3 40 
2386 14 2 40 
3025 15 1 40 
3433 11 6 41 
3499 12 5 41 
3615 13 4 41 
4275 14 3 41 
4729 15 2 41 
5227 16 1 41 
1060 11 7 42 
1154 12 6 42 
1326 13 5 42 
2588 15 3 42 
4896 16 2 42 
372 17 1 42 
1106 10 7 42 
1137 11 8 42 
1979 12 7 42 
2182 13 6 42 
2279 16 3 42 
2837 17 2 42 
3006 18 1 42 
3030 8 6 43 
4288 9 7 43 
4725 10 8 43 
4811 11 9 43 
297 12 8 43 
1609 13 7 43 
3228 16 4 43 
3339 17 3 43 
4127 18 2 43 
4732 7 6 44 
91 8 5 44 
510 8 7 44 
555 9 8 43 
1229 10 9 43 
1508 11 10 43 
1577 12 9 43 
1915 13 8 43 
2375 16 5 43 
2635 17 4 43 
4251 18 3 43 
4835 6 6 44 
5007 7 5 44 
5119 7 7 44 
5173 8 4 44 
5242 8 8 44 
222 9 9 44 
992 10 10 44 
1368 11 11 44 
1507 12 10 44 
1805 13 9 44 
1968 16 6 44 
2221 17 5 44 
2307 18 4 44 
2643 5 6 45 
4019 6 5 45 
4383 6 7 45 
4961 7 4 45 
291 7 8 45 
795 8 3 45 
1961 8 9 45 
3042 9 10 45 
3306 10 11 45 
3319 11 12 45 
4243 12 11 45 
4382 13 10 45 
5190 16 7 45 
5282 17 6 45 
4942 0 19 51 
4810 0 18 51 
4045 1 19 51 
4025 0 17 51 
3930 1 18 51 
3852 2 19 51 
3835 0 16 51 
3798 1 17 51 
3672 2 18 51 
3610 3 19 51 
3096 9 19 51 
2048 19 19 51 
1963 0 15 51 
1823 1 16 51 
1816 2 17 51 
1434 3 18 51 
1406 4 19 51 
1236 9 18 51 
1124 10 19 51 
1031 18 19 51 
567 19 18 51 
296 0 14 51 
245 1 15 51 
5511 2 16 51 
5458 3 17 51 
5112 4 18 51 
4995 5 19 51 
4865 9 17 51 
4630 10 18 51 
4576 11 19 51 
4189 17 19 51 
3799 18 18 51 
3782 19 17 51 
3630 0 13 51 
3606 1 14 51 
3558 2 15 51 
3536 3 16 51 
3455 4 17 51 
3229 5 18 51 
3162 6 19 51 
3136 9 16 51 
3108 10 17 51 
3086 11 18 51 
3036 12 19 51 
3022 16 19 51 
2666 17 18 51 
2482 18 17 51 
1717 19 16 51 
1692 0 0 51 
881 0 12 51 
635 1 13 51 
321 2 14 51 
143 3 15 51 
5068 4 16 51 
4601 5 17 51 
4389 6 18 51 
4087 7 19 51 
3552 9 15 51 
3507 10 16 51 
3310 11 17 51 
3301 12 18 51 
3271 13 19 51 
3221 15 19 51 
3218 16 18 51 
3216 17 17 51 
3139 18 16 51 
3138 19 15 51 
2548 0 1 51 
2507 0 11 51 
2445 1 0 51 
2441 1 12 51 
2413 2 13 51 
2240 3 14 51 
2125 4 15 51 
2099 5 16 51 
2089 6 17 51 
1597 7 18 51 
1556 8 19 51 
1207 9 14 51 
880 10 15 51 
585 11 16 51 
572 12 17 51 
538 13 18 51 
324 14 19 51 
274 15 18 51 
258 16 17 51 
4877 17 16 51 
4625 18 15 51 
4612 19 14 51 
4419 0 2 51 
3985 0 10 51 
3173 1 1 51 
3167 1 11 51 
3155 2 0 51 
3123 2 12 51 
2692 3 13 51 
2664 4 14 51 
2607 5 15 51 
2306 6 16 51 
1754 7 17 51 
1723 8 18 51 
1400 10 14 51 
1313 11 15 51 
1237 12 16 51 
707 13 17 51 
421 14 18 51 
260 15 17 51 
170 16 16 51 
5579 17 15 51 
5563 18 14 51 
5537 19 13 51 
5469 0 3 51 
5437 0 9 51 
5360 1 2 51 
5324 1 10 51 
5058 2 1 51 
4819 2 11 51 
3994 3 0 51 
3607 3 12 51 
3557 4 13 51 
3421 5 14 51 
2637 6 15 51 
2398 7 16 51 
2165 8 17 51 
2151 11 14 51 
2031 12 15 51 
1760 13 16 51 
1601 14 17 51 
1582 15 16 51 
1390 16 15 51 
1059 17 14 51 
770 18 13 51 
474 19 12 51 
440 0 4 51 
439 0 8 51 
418 1 3 51 
198 1 9 51 
26 2 2 51 
5538 2 10 51 
5526 3 1 51 
5480 3 11 51 
5335 4 0 51 
4925 4 12 51 
4659 5 13 51 
4226 6 14 51 
4160 7 15 51 
4049 8 16 51 
3747 12 14 51 
3537 13 15 51 
3298 14 16 51 
3135 15 15 51 
3132 16 14 51 
3091 17 13 51 
2557 18 12 51 
2528 19 11 51 
2428 0 5 51 
2419 0 7 51 
2417 1 4 51 
2054 1 8 51 
1978 2 3 51 
1952 2 9 51 
1883 3 2 51 
1880 3 10 51 
1783 4 1 51 
1426 4 11 51 
1285 5 0 51 
1272 5 12 51 
1074 6 13 51 
1044 7 14 51 
839 8 15 51 
741 13 14 51 
151 14 15 51 
51 15 14 51 
5304 16 13 51 
5299 17 12 51 
5254 18 11 51 
5147 19 10 51 
4900 0 6 51 
3706 1 5 51 
3678 1 7 51 
3663 2 4 51 
3417 2 8 51 
3347 3 3 51 
3181 3 9 51 
3125 4 2 51 
2646 4 10 51 
2622 5 1 51 
2470 5 11 51 
2329 6 0 51 
2232 6 12 51 
2206 7 13 51 
1649 8 14 51 
1195 14 14 51 
991 15 13 51 
564 16 12 51 
476 17 11 51 
220 18 10 51 
5561 19 9 51 
5386 1 6 51 
4984 2 5 51 
4793 2 7 51 
4386 3 4 51 
4360 3 8 51 
3760 4 3 51 
3686 4 9 51 
3591 5 2 51 
3535 5 10 51 
3370 6 1 51 
3180 6 11 51 
3179 7 0 51 
3178 7 12 51 
3131 8 13 51 
2810 14 13 51 
2685 15 12 51 
2665 16 11 51 
2510 17 10 51 
2492 18 9 51 
2485 19 8 51 
2331 2 6 51 
2033 3 5 51 
1986 3 7 51 
1706 4 4 51 
1634 4 8 51 
1588 5 3 51 
1302 5 9 51 
1164 6 2 51 
1080 6 10 51 
980 7 1 51 
862 7 11 51 
5554 8 0 51 
5503 8 12 51 
5396 9 13 51 
5122 13 13 51 
5115 14 12 51 
5061 15 11 51 
4915 16 10 51 
4847 17 9 51 
4764 18 8 51 
4628 19 7 51 
4569 3 6 51 
4426 4 5 51 
4178 4 7 51 
4122 5 4 51 
3860 5 8 51 
3784 6 3 51 
2634 6 9 51 
2566 7 2 51 
2277 7 10 51 
2120 8 1 51 
1492 8 11 51 
1491 9 0 51 
1328 9 12 51 
1289 10 13 51 
153 12 13 51 
5593 13 12 51 
5548 14 11 51 
5478 15 10 51 
4901 16 9 51 
4848 17 8 51 
4593 18 7 51 
4584 19 6 51 
4198 4 6 51 
4192 5 5 51 
3644 5 7 51 
3633 6 4 51 
3556 6 8 51 
3076 7 3 51 
3009 7 9 51 
3004 8 2 51 
2976 8 10 51 
2935 9 1 51 
2922 9 11 51 
2491 10 12 51 
2344 11 13 51 
2299 12 12 51 
2087 13 11 51 
2079 14 10 51 
2057 15 9 51 
1913 16 8 51 
1624 17 7 51 
1043 18 6 51 
878 19 5 51 
842 5 6 51 
727 6 5 51 
488 6 7 51 
5497 7 4 51 
5371 7 8 51 
5319 8 3 51 
5307 8 9 51 
5213 9 2 51 
5178 9 10 51 
5020 10 11 51 
4512 11 12 51 
4024 12 11 51 
3922 13 10 51 
3903 14 9 51 
3901 15 8 51 
3873 16 7 51 
3602 17 6 51 
3375 18 5 51 
3160 19 4 51 
2840 6 6 51 
2780 7 5 51 
2773 7 7 51 
2672 8 4 51 
2257 8 8 51 
2223 9 3 51 
2129 9 9 51 
2014 10 10 51 
1999 11 11 51 
1794 12 10 51 
1742 13 9 51 
1038 14 8 51 
871 15 7 51 
757 16 6 51 
603 17 5 51 
5194 18 4 51 
4484 19 3 51 
4205 7 6 51 
3842 8 5 51 
3720 8 7 51 
3445 9 4 51 
3404 9 8 51 
3233 10 9 51 
3190 11 10 51 
2867 12 9 51 
2540 13 8 51 
2265 14 7 51 
2118 15 6 51 
2032 16 5 51 
1975 17 4 51 
1846 18 3 51 
1340 19 2 51 
1162 8 6 51 
789 9 5 51 
690 9 7 51 
350 10 8 51 
37 11 9 51 
5481 12 8 51 
5286 13 7 51 
5226 14 6 51 
5170 15 5 51 
5117 16 4 51 
5073 17 3 51 
4495 18 2 51 
4325 19 1 51 
3048 9 6 51 
2996 10 7 51 
2962 11 8 51 
2824 12 7 51 
1745 13 6 51 
1703 14 5 51 
1687 15 4 51 
1422 16 3 51 
1204 17 2 51 
1110 18 1 51 
257 19 0 51 
17 10 6 51 
5214 11 7 51 
4967 12 6 51 
4798 13 5 51 
4503 14 4 51 
4433 15 3 51 
3793 16 2 51 
3771 17 1 51 
3743 18 0 51 
3675 10 5 51 
2595 11 6 51 
2537 12 5 51 
2512 13 4 51 
2066 14 3 51 
1661 15 2 51 
673 16 1 51 
671 17 0 51 
481 10 4 51 
463 11 5 51 
5316 12 4 51 
5160 13 3 51 
3777 14 2 51 
3084 15 1 51 
2904 16 0 51 
2815 10 3 51 
2680 11 4 51 
1966 12 3 51 
1733 13 2 51 
929 14 1 51 
425 15 0 51 
241 10 2 51 
5014 11 3 51 
4839 12 2 51 
4109 13 1 51 
3599 14 0 51 
3200 10 1 51 
2452 11 2 51 
2430 12 1 51 
2143 13 0 51 
1564 10 0 51 
755 11 1 51 
5030 12 0 51 
4156 11 0 51 
1749 11 1 63 
2127 11 2 63 
1747 12 1 63 
617 11 3 63 
3250 12 2 63 
3315 13 1 63 
4613 11 4 64 
112 12 3 64 
1757 13 2 64 
3225 14 1 64 
4862 11 5 65 
2204 12 4 64 
2855 13 3 64 
3226 14 2 64 
3673 15 1 64 
4809 11 6 65 
5125 12 5 65 
684 13 4 65 
927 14 3 65 
1501 15 2 65 
1679 16 1 65 
1722 11 7 65 
2410 12 6 65 
2424 13 5 65 
2916 15 3 65 
4361 16 2 65 
5164 17 1 65 
2097 10 7 66 
2190 11 8 66 
2836 12 7 66 
2857 13 6 66 
3032 16 3 66 
3281 17 2 66 
3360 18 1 66 
4085 8 6 67 
4610 9 7 67 
5202 10 8 67 
605 11 9 67 
769 12 8 66 
989 13 7 66 
1127 16 4 66 
2711 17 3 66 
2763 18 2 66 
4070 7 6 67 
4113 8 5 67 
1139 8 7 67 
2001 9 8 67 
2258 10 9 67 
3696 11 10 67 
3779 12 9 67 
5397 13 8 67 
539 16 5 67 
777 17 4 67 
1247 18 3 67 
2418 6 6 68 
2447 7 5 68 
2705 7 7 68 
2784 8 4 68 
3527 8 8 68 
3619 9 9 68 
3676 10 10 68 
3709 11 11 68 
4464 12 10 68 
4482 13 9 68 
4649 16 6 68 
4767 17 5 68 
4778 18 4 67 
4886 5 6 69 
366 6 5 69 
618 6 7 69 
1305 7 4 68 
1339 7 8 68 
1392 8 3 68 
1567 8 9 68 
1848 9 10 68 
1896 10 11 68 
2575 11 12 68 
2695 12 11 68 
2875 13 10 68 
3392 16 7 68 
3491 17 6 68 
3520 18 5 68 
4229 4 6 69 
4322 5 5 69 
4741 5 7 69 
5095 6 4 69 
5096 7 3 69 
5192 7 9 69 
686 8 2 69 
788 8 10 69 
814 10 12 69 
823 12 12 69 
1174 13 11 69 
1215 16 8 69 
1456 17 7 69 
1643 18 6 69 
2742 3 6 70 
3151 4 5 70 
4279 4 7 70 
4377 5 4 70 
4479 6 3 70 
4505 7 2 70 
4516 7 10 70 
5269 8 1 70 
5475 0 19 76 
5434 0 18 76 
5402 1 19 76 
5381 0 17 76 
5361 1 18 76 
5267 2 19 76 
5237 0 16 76 
5114 1 17 76 
4856 2 18 76 
4281 3 19 76 
4277 9 19 76 
4067 19 19 76 
4044 0 15 76 
3918 1 16 76 
2710 2 17 76 
2701 3 18 76 
2676 4 19 76 
2653 9 18 76 
2626 10 19 76 
2563 18 19 76 
2449 19 18 76 
2359 0 14 76 
2078 1 15 76 
1931 2 16 76 
1829 3 17 76 
1732 4 18 76 
1670 5 19 76 
1606 9 17 76 
1533 10 18 76 
1255 11 19 76 
1082 17 19 76 
1019 18 18 76 
702 19 17 76 
625 0 13 76 
511 1 14 76 
395 2 15 76 
237 3 16 76 
5523 4 17 76 
5505 5 18 76 
5280 6 19 76 
5266 9 16 76 
5203 10 17 76 
4987 11 18 76 
4908 12 19 76 
4828 16 19 76 
4577 17 18 76 
4362 18 17 76 
4017 19 16 76 
3858 0 0 76 
3851 0 12 76 
3735 1 13 76 
3692 2 14 76 
3649 3 15 76 
3379 4 16 76 
3292 5 17 76 
2478 6 18 76 
2338 7 19 76 
2316 9 15 76 
1550 10 16 76 
1443 11 17 76 
1158 12 18 76 
1061 13 19 76 
672 15 19 76 
433 16 18 76 
417 17 17 76 
5439 18 16 76 
5380 19 15 76 
5255 0 1 76 
5006 0 11 76 
4769 1 0 76 
4559 1 12 76 
4552 2 13 76 
4544 3 14 76 
4379 4 15 76 
4367 5 16 76 
4317 6 17 76 
3984 7 18 76 
3800 8 19 76 
3736 9 14 76 
3616 10 15 76 
3597 11 16 76 
3295 12 17 76 
3144 13 18 76 
3115 14 19 76 
3066 15 18 76 
2905 16 17 76 
2798 17 16 76 
2738 18 15 76 
2733 19 14 76 
2401 0 2 76 
2263 0 10 76 
1933 1 1 76 
1799 1 11 76 
1763 2 0 76 
1708 2 12 76 
1181 3 13 76 
1076 4 14 76 
997 5 15 76 
523 6 16 76 
24 7 17 76 
5484 8 18 76 
5445 10 14 76 
5372 11 15 76 
5136 12 16 76 
5113 13 17 76 
5106 14 18 76 
4776 15 17 76 
4598 16 16 76 
4590 17 15 76 
4491 18 14 76 
4486 19 13 76 
4478 0 3 76 
4455 0 9 76 
4372 1 2 76 
4236 1 10 76 
3961 2 1 76 
3730 2 11 76 
3689 3 0 76 
3617 3 12 76 
3559 4 13 76 
3418 5 14 76 
3199 6 15 76 
3117 7 16 76 
3072 8 17 76 
2515 11 14 76 
2440 12 15 76 
2285 13 16 76 
2202 14 17 76 
2037 15 16 76 
1863 16 15 76 
1629 17 14 76 
1610 18 13 76 
1418 19 12 76 
1322 0 4 76 
1241 0 8 76 
1198 1 3 76 
1180 1 9 76 
1122 2 2 76 
1047 2 10 76 
827 3 1 76 
806 3 11 76 
762 4 0 76 
669 4 12 76 
578 5 13 76 
5476 6 14 76 
5104 7 15 76 
4723 8 16 76 
4557 12 14 76 
4350 13 15 76 
4050 14 16 76 
3755 15 15 76 
3734 16 14 76 
3715 17 13 76 
3383 18 12 76 
2827 19 11 76 
2704 0 5 76 
1998 0 7 76 
1576 1 4 76 
1366 1 8 76 
1300 2 3 76 
1178 2 9 76 
1168 3 2 76 
701 3 10 76 
644 4 1 76 
5328 4 11 76 
5159 5 0 76 
5059 5 12 76 
5022 6 13 76 
4575 7 14 76 
4381 8 15 76 
4193 13 14 76 
4031 14 15 76 
3897 15 14 76 
3821 16 13 76 
3575 17 12 76 
3424 18 11 76 
3402 19 10 76 
3245 0 6 76 
3236 1 5 76 
2689 1 7 76 
1830 2 4 76 
1494 2 8 76 
1277 3 3 76 
1201 3 9 76 
1191 4 2 76 
1091 4 10 76 
938 5 1 76 
783 5 11 76 
596 6 0 76 
478 6 12 76 
454 7 13 76 
438 8 14 76 
398 14 14 76 
32 15 13 76 
5427 16 12 76 
5394 17 11 76 
5383 18 10 76 
5379 19 9 76 
5258 1 6 76 
5109 2 5 76 
5083 2 7 76 
5079 3 4 76 
4963 3 8 76 
4913 4 3 76 
4487 4 9 76 
4245 5 2 76 
4145 5 10 76 
4134 6 1 76 
3778 6 11 76 
3220 7 0 76 
2948 7 12 76 
2786 8 13 76 
2662 14 13 76 
2561 15 12 76 
2541 16 11 76 
2234 17 10 76 
2009 18 9 76 
1945 19 8 76 
1909 2 6 76 
1789 3 5 76 
1529 3 7 76 
1260 4 4 76 
970 4 8 76 
848 5 3 76 
841 5 9 76 
826 6 2 76 
821 6 10 76 
735 7 1 76 
604 7 11 76 
156 8 0 76 
9 8 12 76 
5474 9 13 76 
5413 13 13 76 
5271 14 12 76 
5265 15 11 76 
5206 16 10 76 
5066 17 9 76 
4946 18 8 76 
4592 19 7 76 
4370 3 6 76 
4199 4 5 76 
4101 4 7 76 
4057 5 4 76 
3920 5 8 76 
3380 6 3 76 
3313 6 9 76 
2467 7 2 76 
2349 7 10 76 
2175 8 1 76 
1984 8 11 76 
1951 9 0 76 
1928 9 12 76 
1465 10 13 76 
1446 12 13 76 
1072 13 12 76 
545 14 11 76 
513 15 10 76 
310 16 9 76 
269 17 8 76 
263 18 7 76 
149 19 6 76 
5493 4 6 76 
4916 5 5 76 
4873 5 7 76 
4004 6 4 76 
3721 6 8 76 
3601 7 3 76 
3224 7 9 76 
2851 8 2 76 
2822 8 10 76 
2327 9 1 76 
2150 9 11 76 
2133 10 12 76 
1729 11 13 76 
1648 12 12 76 
1584 13 11 76 
1561 14 10 76 
951 15 9 76 
840 16 8 76 
232 17 7 76 
224 18 6 76 
207 19 5 76 
134 5 6 76 
5559 6 5 76 
5512 6 7 76 
4751 7 4 76 
4685 7 8 76 
4515 8 3 76 
4314 8 9 76 
3484 9 2 76 
2966 9 10 76 
2794 10 11 76 
2617 11 12 76 
2576 12 11 76 
2096 13 10 76 
1906 14 9 76 
1798 15 8 76 
1557 16 7 76 
1375 17 6 76 
1142 18 5 76 
1053 19 4 76 
1017 6 6 76 
915 7 5 76 
728 7 7 76 
633 8 4 76 
492 8 8 76 
422 9 3 76 
246 9 9 76 
179 10 10 76 
5143 11 11 76 
5133 12 10 76 
4586 13 9 76 
4474 14 8 76 
4453 15 7 76 
4358 16 6 76 
3889 17 5 76 
3573 18 4 76 
3553 19 3 76 
3422 7 6 76 
3294 8 5 76 
2908 8 7 76 
2678 9 4 76 
2153 9 8 76 
2036 10 9 76 
1436 11 10 76 
977 12 9 76 
758 13 8 76 
5257 14 7 76 
4823 15 6 76 
4716 16 5 76 
4689 17 4 76 
4643 18 3 76 
4547 19 2 76 
3965 8 6 76 
3853 9 5 76 
3389 9 7 76 
3242 10 8 76 
2717 11 9 76 
2423 12 8 76 
2365 13 7 76 
2128 14 6 76 
2075 15 5 76 
2053 16 4 76 
1922 17 3 76 
1920 18 2 76 
1918 19 1 76 
1735 9 6 76 
1659 10 7 76 
1244 11 8 76 
1125 12 7 76 
721 13 6 76 
5573 14 5 76 
5527 15 4 76 
4883 16 3 76 
4868 17 2 76 
4736 18 1 76 
4657 19 0 76 
3342 10 6 76 
3104 11 7 76 
2972 12 6 76 
2520 13 5 76 
2380 14 4 76 
2132 15 3 76 
1858 16 2 76 
1613 17 1 76 
1388 18 0 76 
1211 10 5 76 
1084 11 6 76 
3819 12 5 76 
3107 13 4 76 
2723 14 3 76 
1838 15 2 76 
1628 16 1 76 
1565 17 0 76 
1472 10 4 76 
739 11 5 76 
449 12 4 76 
378 13 3 76 
4354 14 2 76 
4261 15 1 76 
3425 16 0 76 
2612 10 3 76 
2152 11 4 76 
2021 12 3 76 
1656 13 2 76 
1640 14 1 76 
1545 15 0 76 
1182 10 2 76 
1079 11 3 76 
692 12 2 76 
5448 13 1 76 
4093 14 0 76 
2927 10 1 76 
2444 11 2 76 
2055 12 1 76 
1790 13 0 76 
3703 10 0 76 
1669 11 1 76 
1468 12 0 76 
835 11 0 76 
2399 11 1 87 
983 11 2 88 
1511 12 1 88 
3546 11 3 89 
3774 12 2 89 
3915 13 1 88 
5017 11 4 89 
2730 12 3 89 
3253 13 2 89 
3508 14 1 89 
4780 11 5 90 
1104 12 4 90 
1298 13 3 90 
2136 14 2 89 
2469 15 1 89 
3343 11 6 91 
3468 12 5 90 
3700 13 4 90 
379 14 3 90 
514 15 2 90 
581 16 1 90 
751 11 7 91 
1603 12 6 91 
2113 13 5 91 
5065 15 3 91 
5536 16 2 91 
85 17 1 91 
1513 10 7 92 
4048 11 8 92 
4151 12 7 92 
5539 13 6 92 
175 16 3 91 
588 17 2 91 
1271 18 1 91 
1506 8 6 92 
2747 9 7 92 
5236 10 8 92 
921 11 9 92 
1030 12 8 92 
1101 13 7 92 
2095 16 4 92 
2819 17 3 92 
3320 18 2 92 
3600 7 6 93 
4983 8 5 93 
28 8 7 93 
159 9 8 93 
1200 10 9 93 
1555 11 10 93 
1895 12 9 93 
1983 13 8 93 
2131 16 5 92 
2163 17 4 92 
2464 18 3 92 
2939 6 6 94 
3044 7 5 94 
3569 7 7 94 
3725 8 4 94 
4162 8 8 94 
4196 9 9 94 
4262 10 10 94 
5519 11 11 93 
364 12 10 93 
891 13 9 93 
940 16 6 93 
1257 17 5 93 
1412 18 4 93 
1633 5 6 95 
1835 6 5 94 
2080 6 7 94 
2264 7 4 94 
2472 7 8 94 
2535 8 3 94 
2682 8 9 94 
2687 9 10 94 
2775 10 11 94 
3565 11 12 94 
3761 12 11 94 
4042 13 10 94 
4421 16 7 94 
5272 17 6 94 
5465 18 5 94 
157 4 6 95 
815 5 5 95 
866 5 7 95 
1128 6 4 95 
1315 7 3 95 
1374 7 9 95 
1822 8 2 95 
2088 8 10 95 
2249 10 12 95 
2368 12 12 95 
2712 13 11 95 
2929 16 8 95 
3255 17 7 95 
3518 18 6 95 
5064 3 6 96 
5204 4 5 96 
