1675
3714 0 19 1 
3639 4 19 1 
3561 0 18 1 
3301 1 19 1 
3278 3 19 1 
3263 4 18 1 
3207 0 17 1 
3193 1 18 1 
3179 2 19 1 
3178 3 18 1 
3030 4 17 1 
2957 0 16 1 
2698 1 17 1 
2334 2 18 1 
2171 3 17 1 
2166 0 15 1 
2065 1 16 1 
1987 2 17 1 
1984 19 16 1 
1871 0 12 1 
1783 0 14 1 
1740 1 15 1 
1496 2 16 1 
1466 4 16 1 
1442 18 16 1 
1048 19 17 1 
748 19 19 1 
593 0 13 1 
420 1 12 1 
419 1 14 1 
401 2 15 1 
78 3 16 1 
3849 17 16 1 
3703 18 17 1 
3661 18 19 1 
3585 19 18 1 
3458 1 13 1 
3326 2 12 1 
3319 2 14 1 
3266 3 11 1 
3183 3 15 1 
3167 16 16 1 
2974 17 17 1 
2922 17 19 1 
2852 18 18 1 
2755 19 9 1 
2651 2 13 1 
2551 3 12 1 
2533 3 14 1 
2249 4 11 1 
2115 15 16 1 
2095 16 17 1 
1530 16 19 1 
1305 17 18 1 
1029 18 9 1 
950 19 10 1 
706 3 13 1 
595 4 12 1 
580 5 11 1 
555 5 17 1 
381 5 19 1 
210 15 17 1 
185 15 19 1 
3709 16 18 1 
3586 17 9 1 
3573 18 10 1 
3001 19 11 1 
2991 4 13 1 
2942 5 12 1 
2896 5 18 1 
2878 6 11 1 
2700 6 17 1 
2679 6 19 1 
2548 10 19 1 
2458 14 19 1 
2111 15 18 1 
2084 16 9 1 
1814 17 10 1 
1647 18 11 1 
1595 19 12 1 
1577 4 14 1 
1410 5 13 1 
1269 6 12 1 
1242 6 18 1 
1189 7 19 1 
972 10 18 1 
838 11 19 1 
800 13 19 1 
398 14 18 1 
335 15 9 1 
219 16 10 1 
154 17 11 1 
147 18 12 1 
104 19 13 1 
3875 19 15 1 
3740 0 5 1 
3515 4 15 1 
3253 5 14 1 
2948 5 16 1 
2836 6 13 1 
2801 7 18 1 
2673 8 19 1 
2501 11 18 1 
2347 12 19 1 
2150 13 18 1 
2069 14 17 1 
1850 15 10 1 
1799 16 11 1 
1650 17 12 1 
1586 18 13 1 
1527 18 15 1 
1523 19 14 1 
1460 0 6 1 
1395 0 8 1 
1289 1 5 1 
1062 5 15 1 
900 6 14 1 
687 6 16 1 
615 7 13 1 
613 7 17 1 
438 8 18 1 
197 9 19 1 
3757 12 18 1 
3059 13 17 1 
2815 14 16 1 
2576 15 11 1 
2443 16 12 1 
1668 17 13 1 
1573 17 15 1 
1147 18 14 1 
1129 0 7 1 
996 0 9 1 
994 0 11 1 
804 1 6 1 
700 1 8 1 
695 2 5 1 
578 6 15 1 
375 7 14 1 
236 7 16 1 
3412 8 17 1 
3350 9 18 1 
3325 12 17 1 
3136 13 16 1 
3090 15 12 1 
3052 16 13 1 
3036 16 15 1 
2586 17 14 1 
2511 0 0 1 
2423 0 10 1 
2291 1 7 1 
2258 1 9 1 
2032 1 11 1 
1961 2 6 1 
1933 3 5 1 
1886 6 0 1 
1861 7 15 1 
1501 8 16 1 
1492 9 17 1 
1451 11 17 1 
1315 12 16 1 
1196 15 13 1 
1041 15 15 1 
926 16 14 1 
892 0 1 1 
639 1 0 1 
329 1 10 1 
214 2 7 1 
139 2 11 1 
54 3 6 1 
3505 5 0 1 
3457 6 1 1 
3379 8 15 1 
2692 9 16 1 
2515 10 17 1 
2500 11 16 1 
1894 12 15 1 
1718 14 15 1 
1587 15 14 1 
1433 0 2 1 
1279 1 1 1 
962 2 0 1 
841 2 8 1 
768 2 10 1 
738 3 7 1 
506 4 0 1 
443 5 1 1 
3880 7 11 1 
3217 8 14 1 
3147 9 15 1 
3049 10 16 1 
2736 11 15 1 
2584 12 14 1 
2475 13 15 1 
2426 14 14 1 
1955 0 3 1 
1818 1 2 1 
1713 2 1 1 
1671 2 9 1 
1564 3 0 1 
1462 3 8 1 
1457 3 10 1 
1439 4 1 1 
1281 4 7 1 
1095 5 2 1 
861 7 12 1 
775 8 11 1 
744 8 13 1 
591 9 14 1 
242 10 15 1 
86 11 14 1 
6 13 14 1 
3869 14 9 1 
3750 14 13 1 
3632 0 4 1 
3389 1 3 1 
3169 2 2 1 
2675 3 1 1 
2455 3 9 1 
2406 4 2 1 
2319 4 8 1 
2082 4 10 1 
2016 8 10 1 
1971 8 12 1 
1969 9 11 1 
1905 9 13 1 
1833 10 14 1 
1820 12 8 1 
1717 13 9 1 
1696 13 13 1 
1488 14 10 1 
1389 14 12 1 
1322 16 8 1 
1249 1 4 1 
1197 2 3 1 
872 3 2 1 
786 4 9 1 
659 5 10 1 
598 7 10 1 
172 8 7 1 
3853 8 9 1 
3685 9 12 1 
3399 10 13 1 
3173 12 7 1 
2926 12 9 1 
2873 12 13 1 
2869 13 8 1 
2449 13 10 1 
2364 13 12 1 
2343 14 11 1 
2277 16 7 1 
2251 17 8 1 
2242 19 8 1 
2185 2 4 1 
2033 3 3 1 
2024 5 9 1 
1877 6 10 1 
1856 7 9 1 
1612 8 8 1 
1601 10 12 1 
1581 11 13 1 
1465 12 6 1 
1424 12 10 1 
1148 12 12 1 
1142 13 7 1 
989 13 11 1 
978 14 8 1 
739 17 7 1 
664 18 8 1 
637 19 7 1 
114 3 4 1 
44 4 3 1 
31 5 8 1 
3883 6 9 1 
3789 7 2 1 
3647 7 8 1 
3035 11 12 1 
2939 12 5 1 
2806 12 11 1 
2714 13 6 1 
2508 14 7 1 
2467 15 8 1 
2388 18 7 1 
1816 19 6 1 
1448 4 4 1 
1180 4 6 1 
1177 5 3 1 
1077 5 7 1 
1068 6 2 1 
932 6 8 1 
884 11 11 1 
790 12 4 1 
770 13 5 1 
130 14 6 1 
3882 15 7 1 
3406 18 6 1 
3292 19 5 1 
3125 4 5 1 
2143 5 4 1 
1968 5 6 1 
1827 6 3 1 
1707 6 7 1 
1691 9 10 1 
1566 10 11 1 
981 11 10 1 
967 13 4 1 
809 14 3 1 
797 14 5 1 
495 15 6 1 
418 17 6 1 
315 18 5 1 
256 19 0 1 
51 19 2 1 
3754 19 4 1 
3602 5 5 1 
3494 6 4 1 
3384 6 6 1 
3154 7 3 1 
2927 7 7 1 
2855 9 9 1 
2680 10 10 1 
2497 11 9 1 
2415 14 4 1 
2404 15 5 1 
2371 16 6 1 
2276 17 5 1 
2215 18 0 1 
2120 18 2 1 
1840 18 4 1 
1800 19 1 1 
1124 19 3 1 
1064 6 5 1 
939 7 4 1 
888 7 6 1 
175 8 3 1 
131 9 8 1 
85 10 9 1 
75 11 8 1 
3450 15 4 1 
3290 16 5 1 
3234 17 0 1 
3209 17 4 1 
3081 18 1 1 
2469 18 3 1 
2136 7 5 1 
2103 8 4 1 
1562 8 6 1 
778 9 7 1 
470 10 8 1 
3866 11 7 1 
3608 16 0 1 
3606 16 4 1 
2212 17 1 1 
1948 17 3 1 
1285 8 5 1 
830 9 4 1 
772 9 6 1 
734 10 7 1 
483 15 0 1 
25 16 1 1 
10 16 3 1 
3555 17 2 1 
2690 9 5 1 
2617 10 6 1 
2589 14 0 1 
2518 15 1 1 
2504 15 3 1 
2377 16 2 1 
2211 10 5 1 
1690 11 6 1 
621 13 0 1 
287 14 1 1 
3407 15 2 1 
3405 7 1 1 
3202 8 2 1 
2729 9 3 1 
2535 10 4 1 
2301 11 5 1 
2055 12 0 1 
2034 13 1 1 
1853 13 3 1 
976 14 2 1 
922 7 0 1 
503 8 1 1 
427 9 2 1 
35 10 3 1 
3852 11 4 1 
3776 12 1 1 
3228 12 3 1 
3012 13 2 1 
2724 8 0 1 
2285 9 1 1 
2142 10 2 1 
1947 11 3 1 
785 12 2 1 
696 9 0 1 
136 10 1 1 
3787 11 2 1 
2553 10 0 1 
1074 11 1 1 
956 11 0 1 
3468 13 1 12 
1156 14 1 13 
1247 15 1 13 
1550 10 8 15 
912 10 9 16 
271 5 4 17 
302 6 9 18 
704 14 7 18 
2789 7 9 19 
654 13 7 19 
1108 2 3 20 
1111 13 10 19 
62 1 3 20 
480 3 1 20 
776 3 9 20 
1210 3 8 21 
1256 4 1 21 
674 2 6 23 
3712 16 14 23 
3748 0 19 26 
3439 4 19 26 
3114 0 18 26 
3100 1 19 26 
3065 3 19 26 
2902 4 18 26 
2330 0 17 26 
2241 1 18 26 
2234 2 19 26 
2118 3 18 26 
1788 4 17 26 
1720 0 16 26 
1714 1 17 26 
1469 2 18 26 
1449 3 17 26 
1275 0 15 26 
677 1 16 26 
547 2 17 26 
488 19 16 26 
458 0 12 26 
238 0 14 26 
218 1 15 26 
191 2 16 26 
181 4 16 26 
60 18 16 26 
3833 19 17 26 
3795 19 19 26 
3582 0 13 26 
3310 1 12 26 
3245 1 14 26 
3187 2 15 26 
3135 3 16 26 
2767 17 16 26 
2709 18 17 26 
2695 18 19 26 
2662 19 18 26 
2405 1 13 26 
2173 2 12 26 
1972 2 14 26 
1829 3 11 26 
1533 3 15 26 
1524 16 16 26 
1363 17 17 26 
1204 17 19 26 
816 18 18 26 
814 19 9 26 
795 2 13 26 
791 3 12 26 
510 3 14 26 
360 4 11 26 
289 15 16 26 
227 16 17 26 
3809 16 19 26 
3567 17 18 26 
3558 18 9 26 
3473 19 10 26 
3442 3 13 26 
3366 4 12 26 
3312 5 11 26 
3269 5 17 26 
3094 5 19 26 
3070 15 17 26 
2874 15 19 26 
2802 16 18 26 
2312 17 9 26 
1964 18 10 26 
1819 19 11 26 
1590 4 13 26 
1512 5 12 26 
1477 5 18 26 
1432 6 11 26 
1402 6 17 26 
1323 6 19 26 
1304 10 19 26 
1224 14 19 26 
1221 15 18 26 
1169 16 9 26 
1090 17 10 26 
682 18 11 26 
614 19 12 26 
525 4 14 26 
485 5 13 26 
59 6 12 26 
3696 6 18 26 
2950 7 19 26 
2830 10 18 26 
2770 11 19 26 
2585 13 19 26 
2407 14 18 26 
2200 15 9 26 
2105 16 10 26 
1475 17 11 26 
1444 18 12 26 
1258 19 13 26 
1038 19 15 26 
909 0 5 26 
777 4 15 26 
730 5 14 26 
719 5 16 26 
705 6 13 26 
599 7 18 26 
395 8 19 26 
372 11 18 26 
349 12 19 26 
285 13 18 26 
224 14 17 26 
29 15 10 26 
3723 16 11 26 
3680 17 12 26 
3645 18 13 26 
3431 18 15 26 
3272 19 14 26 
3208 0 6 26 
3149 0 8 26 
2897 1 5 26 
2879 5 15 26 
2848 6 14 26 
2742 6 16 26 
2657 7 13 26 
2638 7 17 26 
2450 8 18 26 
2409 9 19 26 
2207 12 18 26 
2186 13 17 26 
1931 14 16 26 
1735 15 11 26 
1698 16 12 26 
1634 17 13 26 
1507 17 15 26 
1493 18 14 26 
1467 0 7 26 
1404 0 9 26 
1216 0 11 26 
1176 1 6 26 
1096 1 8 26 
1087 2 5 26 
1056 6 15 26 
920 7 14 26 
860 7 16 26 
811 8 17 26 
676 9 18 26 
463 12 17 26 
174 13 16 26 
3814 15 12 26 
3716 16 13 26 
3663 16 15 26 
3654 17 14 26 
3233 0 0 26 
2907 0 10 26 
2779 1 7 26 
2660 1 9 26 
2622 1 11 26 
2571 2 6 26 
2546 3 5 26 
2502 6 0 26 
2489 7 15 26 
2303 8 16 26 
2269 9 17 26 
2229 11 17 26 
2012 12 16 26 
1847 15 13 26 
1803 15 15 26 
1684 16 14 26 
1658 0 1 26 
1086 1 0 26 
1017 1 10 26 
999 2 7 26 
631 2 11 26 
596 3 6 26 
518 5 0 26 
338 6 1 26 
333 8 15 26 
168 9 16 26 
152 10 17 26 
151 11 16 26 
124 12 15 26 
122 14 15 26 
3749 15 14 26 
3174 0 2 26 
3093 1 1 26 
2913 2 0 26 
2867 2 8 26 
2811 2 10 26 
2747 3 7 26 
2628 4 0 26 
2483 5 1 26 
2370 7 11 26 
2247 8 14 26 
1978 9 15 26 
1872 10 16 26 
1762 11 15 26 
1585 12 14 26 
1500 13 15 26 
1351 14 14 26 
1311 0 3 26 
1241 1 2 26 
1225 2 1 26 
1162 2 9 26 
1036 3 0 26 
750 3 8 26 
716 3 10 26 
611 4 1 26 
478 4 7 26 
180 5 2 26 
97 7 12 26 
57 8 11 26 
3692 8 13 26 
3665 9 14 26 
2909 10 15 26 
2887 11 14 26 
2800 13 14 26 
2670 14 9 26 
2593 14 13 26 
2569 0 4 26 
2562 1 3 26 
2493 2 2 26 
2484 3 1 26 
2472 3 9 26 
2290 4 2 26 
1951 4 8 26 
1898 4 10 26 
1400 8 10 26 
1291 8 12 26 
1211 9 11 26 
1181 9 13 26 
1137 10 14 26 
1035 12 8 26 
524 13 9 26 
449 13 13 26 
1 14 10 26 
3768 14 12 26 
3711 16 8 26 
3677 1 4 26 
3676 2 3 26 
3622 3 2 26 
3455 4 9 26 
3242 5 10 26 
2739 7 10 26 
2706 8 7 26 
2602 8 9 26 
2216 9 12 26 
2157 10 13 26 
1970 12 7 26 
1806 12 9 26 
1715 12 13 26 
1673 13 8 26 
1669 13 10 26 
1259 13 12 26 
959 14 11 26 
745 16 7 26 
479 17 8 26 
297 19 8 26 
167 2 4 26 
3818 3 3 26 
3327 5 9 26 
3279 6 10 26 
2764 7 9 26 
2707 8 8 26 
2063 10 12 26 
2026 11 13 26 
2021 12 6 26 
1652 12 10 26 
1484 12 12 26 
1013 13 7 26 
971 13 11 26 
917 14 8 26 
871 17 7 26 
852 18 8 26 
665 19 7 26 
604 3 4 26 
65 4 3 26 
48 5 8 26 
32 6 9 26 
3320 7 2 26 
3297 7 8 26 
3283 11 12 26 
3122 12 5 26 
3005 12 11 26 
2932 13 6 26 
2641 14 7 26 
2246 15 8 26 
2197 18 7 26 
2116 19 6 26 
2004 4 4 26 
1907 4 6 26 
1854 5 3 26 
1837 5 7 26 
1535 6 2 26 
1519 6 8 26 
1509 11 11 26 
1099 12 4 26 
709 13 5 26 
702 14 6 26 
528 15 7 26 
3743 18 6 26 
3699 19 5 26 
3624 4 5 26 
3420 5 4 26 
3139 5 6 26 
2985 6 3 26 
2884 6 7 26 
2122 9 10 26 
1748 10 11 26 
1627 11 10 26 
1174 13 4 26 
969 14 3 26 
921 14 5 26 
774 15 6 26 
265 17 6 26 
263 18 5 26 
3744 19 0 26 
3296 19 2 26 
3063 19 4 26 
2963 5 5 26 
2667 6 4 26 
2199 6 6 26 
1926 7 3 26 
1874 7 7 26 
1336 9 9 26 
936 10 10 26 
756 11 9 26 
699 14 4 26 
656 15 5 26 
546 16 6 26 
342 17 5 26 
169 18 0 26 
109 18 2 26 
91 18 4 26 
3684 19 1 26 
3453 19 3 26 
3246 6 5 26 
3196 7 4 26 
3140 7 6 26 
3078 8 3 26 
2839 9 8 26 
2587 10 9 26 
2530 11 8 26 
2441 15 4 26 
2201 16 5 26 
2005 17 0 26 
1830 17 4 26 
1450 18 1 26 
1333 18 3 26 
1327 7 5 26 
1234 8 4 26 
226 8 6 26 
61 9 7 26 
3874 10 8 26 
3681 11 7 26 
3591 16 0 26 
3537 16 4 26 
3343 17 1 26 
3218 17 3 26 
3079 8 5 26 
2967 9 4 26 
2864 9 6 26 
2187 10 7 26 
2158 15 0 26 
2078 16 1 26 
1980 16 3 26 
1613 17 2 26 
1464 9 5 26 
1324 10 6 26 
1271 14 0 26 
1208 15 1 26 
1050 15 3 26 
377 16 2 26 
276 10 5 26 
159 11 6 26 
3782 13 0 26 
3762 14 1 26 
3666 15 2 26 
3563 7 1 26 
2891 8 2 26 
2691 9 3 26 
1940 10 4 26 
1071 11 5 26 
502 12 0 26 
3091 13 1 26 
3074 13 3 26 
2904 14 2 26 
2478 7 0 26 
1459 8 1 26 
1398 9 2 26 
1082 10 3 26 
403 11 4 26 
5 12 1 26 
3868 12 3 26 
3565 13 2 26 
2341 8 0 26 
2094 9 1 26 
1809 10 2 26 
1660 11 3 26 
1265 12 2 26 
891 9 0 26 
773 10 1 26 
351 11 2 26 
69 10 0 26 
3488 11 1 26 
2089 11 0 26 
740 13 1 37 
1555 14 1 38 
3345 15 1 39 
588 10 8 39 
2503 10 9 40 
1341 5 4 42 
1858 6 9 44 
3687 14 7 43 
882 7 9 44 
1319 13 7 44 
1624 2 3 45 
652 13 10 45 
683 1 3 46 
1610 3 1 46 
876 3 9 46 
3132 3 8 47 
1326 4 1 47 
1756 2 6 48 
2174 16 14 48 
3846 0 19 51 
3707 4 19 51 
3621 0 18 51 
3578 1 19 51 
3492 3 19 51 
3333 4 18 51 
3330 0 17 51 
3138 1 18 51 
2951 2 19 51 
2831 3 18 51 
2796 4 17 51 
2218 0 16 51 
2088 1 17 51 
1967 2 18 51 
1876 3 17 51 
1823 0 15 51 
1805 1 16 51 
1754 2 17 51 
1679 19 16 51 
1674 0 12 51 
1571 0 14 51 
1401 1 15 51 
1244 2 16 51 
1232 4 16 51 
1220 18 16 51 
1059 19 17 51 
960 19 19 51 
885 0 13 51 
813 1 12 51 
429 1 14 51 
303 2 15 51 
103 3 16 51 
83 17 16 51 
3780 18 17 51 
3557 18 19 51 
3470 19 18 51 
2685 1 13 51 
2650 2 12 51 
2607 2 14 51 
2302 3 11 51 
2172 3 15 51 
2093 16 16 51 
2051 17 17 51 
1934 17 19 51 
1917 18 18 51 
1532 19 9 51 
1294 2 13 51 
1195 3 12 51 
1149 3 14 51 
1127 4 11 51 
1054 15 16 51 
1028 16 17 51 
933 16 19 51 
818 17 18 51 
474 18 9 51 
450 19 10 51 
355 3 13 51 
354 4 12 51 
330 5 11 51 
249 5 17 51 
182 5 19 51 
160 15 17 51 
3796 15 19 51 
3774 16 18 51 
3759 17 9 51 
3702 18 10 51 
3519 19 11 51 
3398 4 13 51 
3328 5 12 51 
3317 5 18 51 
3238 6 11 51 
3053 6 17 51 
2938 6 19 51 
2886 10 19 51 
2608 14 19 51 
2385 15 18 51 
2064 16 9 51 
1732 17 10 51 
1606 18 11 51 
1445 19 12 51 
1369 4 14 51 
1047 5 13 51 
1045 6 12 51 
992 6 18 51 
645 7 19 51 
261 10 18 51 
128 11 19 51 
3766 13 19 51 
3641 14 18 51 
3305 15 9 51 
3143 16 10 51 
2981 17 11 51 
2609 18 12 51 
2420 19 13 51 
2393 19 15 51 
2369 0 5 51 
2153 4 15 51 
2139 5 14 51 
1738 5 16 51 
1697 6 13 51 
1526 7 18 51 
1408 8 19 51 
1375 11 18 51 
1312 12 19 51 
1007 13 18 51 
906 14 17 51 
879 15 10 51 
878 16 11 51 
663 17 12 51 
568 18 13 51 
368 18 15 51 
194 19 14 51 
24 0 6 51 
3860 0 8 51 
3770 1 5 51 
3761 5 15 51 
3499 6 14 51 
3496 6 16 51 
3476 7 13 51 
3427 7 17 51 
3418 8 18 51 
3339 9 19 51 
3192 12 18 51 
2966 13 17 51 
2752 14 16 51 
2595 15 11 51 
1770 16 12 51 
1722 17 13 51 
1682 17 15 51 
1473 18 14 51 
1412 0 7 51 
1377 0 9 51 
1104 0 11 51 
965 1 6 51 
957 1 8 51 
832 2 5 51 
678 6 15 51 
521 7 14 51 
475 7 16 51 
417 8 17 51 
341 9 18 51 
217 12 17 51 
186 13 16 51 
106 15 12 51 
58 16 13 51 
39 16 15 51 
3719 17 14 51 
3668 0 0 51 
3293 0 10 51 
3281 1 7 51 
3113 1 9 51 
3017 1 11 51 
2921 2 6 51 
2868 3 5 51 
2523 6 0 51 
2231 7 15 51 
2230 8 16 51 
2077 9 17 51 
2072 11 17 51 
1494 12 16 51 
1227 15 13 51 
1182 15 15 51 
1126 16 14 51 
1098 0 1 51 
952 1 0 51 
867 1 10 51 
846 2 7 51 
766 2 11 51 
710 3 6 51 
618 5 0 51 
526 6 1 51 
465 8 15 51 
179 9 16 51 
143 10 17 51 
101 11 16 51 
3758 12 15 51 
3535 14 15 51 
3316 15 14 51 
2895 0 2 51 
2760 1 1 51 
2689 2 0 51 
2669 2 8 51 
2627 2 10 51 
2600 3 7 51 
2482 4 0 51 
2414 5 1 51 
1767 7 11 51 
1367 8 14 51 
1167 9 15 51 
731 10 16 51 
715 11 15 51 
648 12 14 51 
306 13 15 51 
3788 14 14 51 
3664 0 3 51 
3653 1 2 51 
3627 2 1 51 
3211 2 9 51 
3180 3 0 51 
2993 3 8 51 
2819 3 10 51 
2596 4 1 51 
2358 4 7 51 
1842 5 2 51 
1560 7 12 51 
1407 8 11 51 
1113 8 13 51 
1009 9 14 51 
963 10 15 51 
947 11 14 51 
911 13 14 51 
749 14 9 51 
573 14 13 51 
554 0 4 51 
3834 1 3 51 
3739 2 2 51 
3543 3 1 51 
3116 3 9 51 
2968 4 2 51 
2916 4 8 51 
2461 4 10 51 
2198 8 10 51 
2129 8 12 51 
1950 9 11 51 
1906 9 13 51 
1859 10 14 51 
1832 12 8 51 
1629 13 9 51 
1490 13 13 51 
1471 14 10 51 
1454 14 12 51 
1120 16 8 51 
991 1 4 51 
522 2 3 51 
490 3 2 51 
324 4 9 51 
319 5 10 51 
206 7 10 51 
203 8 7 51 
157 8 9 51 
21 9 12 51 
3688 10 13 51 
3588 12 7 51 
3503 12 9 51 
3425 12 13 51 
3421 13 8 51 
3275 13 10 51 
3101 13 12 51 
2894 14 11 51 
2875 16 7 51 
2872 17 8 51 
2727 19 8 51 
2659 2 4 51 
2521 3 3 51 
2486 5 9 51 
2361 6 10 51 
2137 7 9 51 
2044 8 8 51 
1910 10 12 51 
1541 11 13 51 
1518 12 6 51 
1480 12 10 51 
1463 12 12 51 
1321 13 7 51 
1295 13 11 51 
1226 14 8 51 
1020 17 7 51 
881 18 8 51 
784 19 7 51 
320 3 4 51 
305 4 3 51 
209 5 8 51 
204 6 9 51 
188 7 2 51 
165 7 8 51 
3792 11 12 51 
3466 12 5 51 
3465 12 11 51 
3367 13 6 51 
3302 14 7 51 
3298 15 8 51 
2965 18 7 51 
2882 19 6 51 
2713 4 4 51 
2646 4 6 51 
2597 5 3 51 
2430 5 7 51 
2191 6 2 51 
1895 6 8 51 
1857 11 11 51 
1798 12 4 51 
1688 13 5 51 
1243 14 6 51 
1233 15 7 51 
1193 18 6 51 
974 19 5 51 
859 4 5 51 
559 5 4 51 
527 5 6 51 
316 6 3 51 
3873 6 7 51 
3659 9 10 51 
3615 10 11 51 
3356 11 10 51 
3226 13 4 51 
3191 14 3 51 
3145 14 5 51 
3115 15 6 51 
3024 17 6 51 
2828 18 5 51 
2807 19 0 51 
2396 19 2 51 
2056 19 4 51 
1802 5 5 51 
1662 6 4 51 
1635 6 6 51 
961 7 3 51 
529 7 7 51 
390 9 9 51 
192 10 10 51 
3733 11 9 51 
3650 14 4 51 
3642 15 5 51 
3376 16 6 51 
3248 17 5 51 
3159 18 0 51 
2955 18 2 51 
2923 18 4 51 
2307 19 1 51 
1440 19 3 51 
1437 6 5 51 
1201 7 4 51 
930 7 6 51 
827 8 3 51 
746 9 8 51 
543 10 9 51 
286 11 8 51 
3752 15 4 51 
3570 16 5 51 
3332 17 0 51 
3255 17 4 51 
2983 18 1 51 
2937 18 3 51 
2768 7 5 51 
2292 8 4 51 
2041 8 6 51 
1912 9 7 51 
1899 10 8 51 
1428 11 7 51 
1213 16 0 51 
1003 16 4 51 
865 17 1 51 
839 17 3 51 
500 8 5 51 
444 9 4 51 
123 9 6 51 
28 10 7 51 
3504 15 0 51 
3232 16 1 51 
3031 16 3 51 
2876 17 2 51 
2787 9 5 51 
2763 10 6 51 
2761 14 0 51 
2623 15 1 51 
2170 15 3 51 
2159 16 2 51 
1675 10 5 51 
1231 11 6 51 
171 13 0 51 
3813 14 1 51 
3361 15 2 51 
3359 7 1 51 
2975 8 2 51 
2971 9 3 51 
2526 10 4 51 
2442 11 5 51 
2384 12 0 51 
2127 13 1 51 
1843 13 3 51 
1151 14 2 51 
934 7 0 51 
486 8 1 51 
187 9 2 51 
20 10 3 51 
3727 11 4 51 
3542 12 1 51 
3195 12 3 51 
2579 13 2 51 
2126 8 0 51 
1543 9 1 51 
327 10 2 51 
125 11 3 51 
3626 12 2 51 
3134 9 0 51 
2899 10 1 51 
2890 11 2 51 
2507 10 0 51 
2059 11 1 51 
3732 11 0 51 
2722 13 1 63 
2436 14 1 63 
1164 15 1 64 
743 10 8 65 
538 10 9 66 
808 5 4 68 
161 6 9 69 
356 14 7 68 
722 7 9 69 
1060 13 7 69 
1630 2 3 70 
2525 13 10 69 
3046 1 3 70 
3338 3 1 70 
707 3 9 70 
1425 3 8 71 
1875 4 1 71 
2842 2 6 73 
3396 16 14 73 
3810 0 19 76 
3289 4 19 76 
3276 0 18 76 
2994 1 19 76 
2978 3 19 76 
2769 4 18 76 
2485 0 17 76 
2412 1 18 76 
2328 2 19 76 
2169 3 18 76 
2092 4 17 76 
1991 0 16 76 
1839 1 17 76 
1774 2 18 76 
1743 3 17 76 
1661 0 15 76 
1580 1 16 76 
1516 2 17 76 
1373 19 16 76 
1371 0 12 76 
1337 0 14 76 
1237 1 15 76 
1207 2 16 76 
923 4 16 76 
820 18 16 76 
608 19 17 76 
515 19 19 76 
393 0 13 76 
254 1 12 76 
132 1 14 76 
8 2 15 76 
3859 3 16 76 
3530 17 16 76 
3482 18 17 76 
3393 18 19 76 
3175 19 18 76 
3103 1 13 76 
3034 2 12 76 
2866 2 14 76 
2606 3 11 76 
2333 3 15 76 
2175 16 16 76 
2079 17 17 76 
1666 17 19 76 
1607 18 18 76 
1576 19 9 76 
1346 2 13 76 
1140 3 12 76 
857 3 14 76 
853 4 11 76 
655 15 16 76 
260 16 17 76 
118 16 19 76 
3791 17 18 76 
3777 18 9 76 
3601 19 10 76 
2859 3 13 76 
2821 4 12 76 
2575 5 11 76 
2545 5 17 76 
2510 5 19 76 
2379 15 17 76 
2352 15 19 76 
1936 16 18 76 
1733 17 9 76 
1709 18 10 76 
1349 19 11 76 
1190 4 13 76 
1132 5 12 76 
726 5 18 76 
685 6 11 76 
472 6 17 76 
301 6 19 76 
3871 10 19 76 
3583 14 19 76 
3404 15 18 76 
3387 16 9 76 
3354 17 10 76 
3212 18 11 76 
3043 19 12 76 
2914 4 14 76 
2871 5 13 76 
2853 6 12 76 
2591 6 18 76 
2568 7 19 76 
2424 10 18 76 
2408 11 19 76 
2381 13 19 76 
2323 14 18 76 
2006 15 9 76 
1990 16 10 76 
1986 17 11 76 
1638 18 12 76 
1619 19 13 76 
1515 19 15 76 
1453 0 5 76 
1329 4 15 76 
1254 5 14 76 
1191 5 16 76 
1154 6 13 76 
1016 7 18 76 
948 8 19 76 
735 11 18 76 
668 12 19 76 
563 13 18 76 
545 14 17 76 
431 15 10 76 
155 16 11 76 
115 17 12 76 
3877 18 13 76 
3867 18 15 76 
3861 19 14 76 
3656 0 6 76 
3635 0 8 76 
3614 1 5 76 
3612 5 15 76 
3576 6 14 76 
3549 6 16 76 
3258 7 13 76 
3223 7 17 76 
3160 8 18 76 
3087 9 19 76 
3022 12 18 76 
3016 13 17 76 
3007 14 16 76 
2972 15 11 76 
2751 16 12 76 
2625 17 13 76 
2465 17 15 76 
2440 18 14 76 
2437 0 7 76 
2128 0 9 76 
2040 0 11 76 
2030 1 6 76 
1901 1 8 76 
1716 2 5 76 
1640 6 15 76 
1513 7 14 76 
1427 7 16 76 
1370 8 17 76 
1287 9 18 76 
1280 12 17 76 
1206 13 16 76 
1179 15 12 76 
1165 16 13 76 
721 16 15 76 
605 17 14 76 
437 0 0 76 
425 0 10 76 
275 1 7 76 
253 1 9 76 
163 1 11 76 
3829 2 6 76 
3793 3 5 76 
3715 6 0 76 
3584 7 15 76 
3315 8 16 76 
3294 9 17 76 
3291 11 17 76 
2703 12 16 76 
2556 15 13 76 
2383 15 15 76 
2162 16 14 76 
2138 0 1 76 
1704 1 0 76 
1614 1 10 76 
1597 2 7 76 
1055 2 11 76 
1026 3 6 76 
931 5 0 76 
901 6 1 76 
622 8 15 76 
542 9 16 76 
362 10 17 76 
3820 11 16 76 
3605 12 15 76 
3604 14 15 76 
3502 15 14 76 
3435 0 2 76 
3264 1 1 76 
3237 2 0 76 
3014 2 8 76 
2772 2 10 76 
2687 3 7 76 
2637 4 0 76 
2498 5 1 76 
2435 7 11 76 
2178 8 14 76 
2176 9 15 76 
2037 10 16 76 
1409 11 15 76 
1194 12 14 76 
1008 13 15 76 
616 14 14 76 
19 0 3 76 
3753 1 2 76 
3419 2 1 76 
3250 2 9 76 
3247 3 0 76 
3199 3 8 76 
2936 3 10 76 
2780 4 1 76 
2666 4 7 76 
2505 5 2 76 
2272 7 12 76 
2119 8 11 76 
1915 8 13 76 
1782 9 14 76 
1219 10 15 76 
1203 11 14 76 
1157 13 14 76 
1125 14 9 76 
1117 14 13 76 
1105 0 4 76 
1034 1 3 76 
863 2 2 76 
736 3 1 76 
666 3 9 76 
552 4 2 76 
469 4 8 76 
288 4 10 76 
3879 8 10 76 
3807 8 12 76 
3429 9 11 76 
3374 9 13 76 
3151 10 14 76 
3044 12 8 76 
2941 13 9 76 
2737 13 13 76 
2543 14 10 76 
2520 14 12 76 
2286 16 8 76 
2279 1 4 76 
2217 2 3 76 
1879 3 2 76 
1561 4 9 76 
1270 5 10 76 
1144 7 10 76 
1058 8 7 76 
802 8 9 76 
461 9 12 76 
397 10 13 76 
296 12 7 76 
280 12 9 76 
43 12 13 76 
3738 13 8 76 
3559 13 10 76 
3551 13 12 76 
3392 14 11 76 
3375 16 7 76 
3365 17 8 76 
3335 19 8 76 
3200 2 4 76 
3042 3 3 76 
2633 5 9 76 
2580 6 10 76 
2573 7 9 76 
2417 8 8 76 
2261 10 12 76 
2135 11 13 76 
1863 12 6 76 
1825 12 10 76 
1779 12 12 76 
1470 13 7 76 
1434 13 11 76 
1308 14 8 76 
1159 17 7 76 
1024 18 8 76 
826 19 7 76 
824 3 4 76 
686 4 3 76 
585 5 8 76 
365 6 9 76 
222 7 2 76 
153 7 8 76 
3840 11 12 76 
3767 12 5 76 
3467 12 11 76 
3388 13 6 76 
3171 14 7 76 
3164 15 8 76 
3150 18 7 76 
2854 19 6 76 
2834 4 4 76 
2720 4 6 76 
2565 5 3 76 
2380 5 7 76 
1997 6 2 76 
1461 6 8 76 
1414 11 11 76 
1340 12 4 76 
1223 13 5 76 
396 14 6 76 
292 15 7 76 
3844 18 6 76 
3347 19 5 76 
3216 4 5 76 
2960 5 4 76 
2856 5 6 76 
2750 6 3 76 
2721 6 7 76 
2710 9 10 76 
2112 10 11 76 
1900 11 10 76 
1862 13 4 76 
1655 14 3 76 
1648 14 5 76 
1411 15 6 76 
1042 17 6 76 
968 18 5 76 
903 19 0 76 
887 19 2 76 
801 19 4 76 
688 5 5 76 
675 6 4 76 
634 6 6 76 
597 7 3 76 
373 7 7 76 
345 9 9 76 
309 10 10 76 
264 11 9 76 
3704 14 4 76 
3690 15 5 76 
3531 16 6 76 
3383 17 5 76 
3236 18 0 76 
2860 18 2 76 
2858 18 4 76 
2840 19 1 76 
2397 19 3 76 
2232 6 5 76 
2049 7 4 76 
2045 7 6 76 
2015 8 3 76 
1966 9 8 76 
1953 10 9 76 
1706 11 8 76 
1623 15 4 76 
1251 16 5 76 
1002 17 0 76 
890 17 4 76 
712 18 1 76 
583 18 3 76 
548 7 5 76 
3675 8 4 76 
3520 8 6 76 
3229 9 7 76 
3203 10 8 76 
2863 11 7 76 
2682 16 0 76 
2466 16 4 76 
1495 17 1 76 
1267 17 3 76 
1238 8 5 76 
987 9 4 76 
908 9 6 76 
898 10 7 76 
769 15 0 76 
76 16 1 76 
3691 16 3 76 
3651 17 2 76 
3569 9 5 76 
2961 10 6 76 
2306 14 0 76 
1753 15 1 76 
1726 15 3 76 
1498 16 2 76 
1335 10 5 76 
1170 11 6 76 
1081 13 0 76 
988 14 1 76 
361 15 2 76 
3274 7 1 76 
2995 8 2 76 
2969 9 3 76 
2911 10 4 76 
1945 11 5 76 
1731 12 0 76 
1399 13 1 76 
1031 13 3 76 
973 14 2 76 
657 7 0 76 
412 8 1 76 
374 9 2 76 
3480 10 3 76 
2952 11 4 76 
1768 12 1 76 
1739 12 3 76 
1699 13 2 76 
1678 8 0 76 
1199 9 1 76 
1103 10 2 76 
3028 11 3 76 
896 12 2 76 
610 9 0 76 
3825 10 1 76 
3550 11 2 76 
3308 10 0 76 
3265 11 1 76 
2808 11 0 76 
1867 13 1 88 
2649 14 1 89 
1520 15 1 89 
3370 10 8 90 
536 10 9 91 
3197 5 4 92 
862 6 9 94 
1446 14 7 93 
842 7 9 94 
1272 13 7 94 
235 2 3 95 
1114 13 10 94 
371 1 3 96 
1121 3 1 96 
1959 3 9 96 
2035 3 8 96 
2517 4 1 96 
1173 2 6 98 
