1825
6576 0 8 1 
6322 0 9 1 
6251 0 19 1 
6234 1 8 1 
6180 0 10 1 
5899 0 14 1 
5737 0 18 1 
5623 1 9 1 
5594 1 19 1 
5526 2 8 1 
5448 0 11 1 
5172 0 15 1 
5044 0 17 1 
5041 1 10 1 
4721 1 14 1 
4709 1 18 1 
4214 2 9 1 
3801 2 19 1 
3405 3 8 1 
3282 0 12 1 
3188 0 16 1 
3055 1 11 1 
2874 1 15 1 
2713 1 17 1 
2680 2 10 1 
2676 2 14 1 
2520 2 18 1 
2368 3 9 1 
2255 3 19 1 
2215 4 8 1 
2206 0 13 1 
1826 1 12 1 
1762 1 16 1 
1692 2 11 1 
1193 2 15 1 
6524 2 17 1 
6279 3 10 1 
6193 3 14 1 
6192 3 18 1 
5622 4 9 1 
5118 4 19 1 
5058 5 8 1 
4877 1 13 1 
4111 2 12 1 
4105 2 16 1 
3903 3 11 1 
3827 3 15 1 
3702 3 17 1 
3308 4 10 1 
3106 4 14 1 
2896 4 18 1 
2852 5 9 1 
2840 5 19 1 
2519 6 8 1 
2299 2 13 1 
2285 3 12 1 
2022 3 16 1 
1486 4 11 1 
1251 4 15 1 
1171 4 17 1 
1165 5 10 1 
1158 5 18 1 
1128 6 9 1 
1123 6 19 1 
100 12 9 1 
6520 3 13 1 
6423 4 12 1 
6387 4 16 1 
6104 5 11 1 
5723 5 17 1 
5705 6 10 1 
5406 6 18 1 
5359 7 9 1 
5312 7 19 1 
5166 11 9 1 
5005 12 10 1 
4997 19 19 1 
4976 4 13 1 
4552 5 12 1 
4042 5 16 1 
3690 6 11 1 
3670 6 17 1 
3465 7 10 1 
3293 7 18 1 
3093 8 9 1 
3089 8 19 1 
3010 10 9 1 
2928 11 10 1 
2796 12 11 1 
2697 18 19 1 
2611 19 18 1 
2470 5 13 1 
2420 5 15 1 
2146 6 12 1 
2130 6 16 1 
1423 7 11 1 
991 7 17 1 
920 8 10 1 
629 8 18 1 
229 9 9 1 
219 9 19 1 
61 10 10 1 
6410 11 11 1 
6341 12 12 1 
6262 17 19 1 
5542 18 18 1 
5283 19 17 1 
5239 5 14 1 
5221 6 13 1 
5094 6 15 1 
5050 7 12 1 
5028 7 16 1 
4977 8 11 1 
4655 8 17 1 
4520 9 10 1 
3843 9 18 1 
3488 10 11 1 
3390 10 19 1 
3227 11 12 1 
3032 16 19 1 
2815 17 18 1 
2703 18 17 1 
2566 19 16 1 
2480 6 14 1 
2148 7 13 1 
1916 7 15 1 
1690 8 12 1 
1603 8 16 1 
1424 9 11 1 
1386 9 17 1 
816 10 12 1 
490 10 18 1 
370 11 19 1 
354 15 19 1 
119 16 18 1 
26 17 17 1 
6378 18 16 1 
6116 19 15 1 
5389 7 14 1 
5367 8 13 1 
5270 8 15 1 
5265 9 12 1 
4980 9 16 1 
4678 10 17 1 
4397 11 18 1 
4353 12 19 1 
4260 14 19 1 
4120 15 18 1 
3700 16 17 1 
3611 17 16 1 
3539 18 15 1 
3399 19 14 1 
3090 8 14 1 
3081 9 13 1 
2562 9 15 1 
1834 10 16 1 
1619 11 17 1 
1410 12 18 1 
940 13 19 1 
681 14 18 1 
654 15 17 1 
451 16 16 1 
374 17 15 1 
6438 18 14 1 
6306 19 13 1 
6070 9 14 1 
5864 10 13 1 
5797 10 15 1 
5689 11 16 1 
5688 12 13 1 
5670 12 17 1 
5464 13 18 1 
5438 14 17 1 
4914 15 16 1 
4357 16 15 1 
4202 17 14 1 
4125 18 13 1 
3950 19 12 1 
3893 10 14 1 
3420 11 13 1 
3115 11 15 1 
2998 12 16 1 
2678 13 17 1 
2505 14 16 1 
2144 15 15 1 
1943 16 14 1 
1920 17 13 1 
1861 18 12 1 
1742 19 11 1 
1585 11 14 1 
1304 12 15 1 
1202 13 0 1 
1086 13 16 1 
1028 14 15 1 
527 15 14 1 
394 16 13 1 
6569 17 12 1 
6319 18 11 1 
6029 19 0 1 
5973 19 10 1 
5784 12 14 1 
5695 13 1 1 
5624 13 15 1 
5463 14 0 1 
5207 14 14 1 
5156 15 13 1 
5155 16 12 1 
4983 17 11 1 
4786 18 0 1 
4432 18 10 1 
3928 19 1 1 
3476 19 9 1 
3310 13 2 1 
2992 13 14 1 
2925 14 1 1 
2527 14 13 1 
2341 15 0 1 
2046 15 12 1 
1738 16 11 1 
946 17 0 1 
862 17 10 1 
788 18 1 1 
145 18 9 1 
62 19 2 1 
6271 19 8 1 
5771 13 3 1 
5562 13 13 1 
5360 14 2 1 
5255 14 12 1 
5116 15 1 1 
4797 15 11 1 
4716 16 0 1 
4692 16 10 1 
4550 17 1 1 
4454 17 9 1 
4203 18 2 1 
4156 18 8 1 
3778 19 3 1 
3746 19 7 1 
3409 13 12 1 
3369 14 3 1 
2822 14 11 1 
2722 15 2 1 
2126 15 10 1 
2089 16 1 1 
1899 16 9 1 
1885 17 2 1 
1803 17 8 1 
1717 18 3 1 
1639 18 7 1 
1224 19 4 1 
1142 19 6 1 
886 13 11 1 
802 14 10 1 
534 15 3 1 
339 15 9 1 
289 16 2 1 
6327 16 8 1 
5938 17 3 1 
5454 17 7 1 
5419 18 4 1 
5244 18 6 1 
5229 19 5 1 
5003 13 10 1 
4986 14 9 1 
4940 15 8 1 
4939 16 3 1 
4573 16 7 1 
4425 17 4 1 
4204 17 6 1 
4073 18 5 1 
3822 12 0 1 
3802 13 9 1 
3705 14 8 1 
3467 15 7 1 
3358 16 4 1 
3011 16 6 1 
2621 17 5 1 
2495 11 0 1 
2265 12 1 1 
2009 13 8 1 
1992 14 7 1 
1215 15 4 1 
1184 15 6 1 
1042 16 5 1 
524 10 0 1 
511 11 1 1 
404 12 2 1 
217 12 8 1 
4 13 7 1 
6456 14 4 1 
5859 14 6 1 
5643 15 5 1 
5455 9 0 1 
4735 10 1 1 
4683 11 2 1 
3445 11 8 1 
3345 12 3 1 
3277 12 7 1 
3132 13 4 1 
2932 13 6 1 
2471 14 5 1 
2306 8 0 1 
2094 9 1 1 
1972 10 2 1 
1839 10 8 1 
1516 11 3 1 
1441 11 7 1 
1245 12 4 1 
1083 12 6 1 
907 13 5 1 
478 7 0 1 
192 8 1 1 
41 9 2 1 
6454 9 8 1 
5667 10 3 1 
5636 10 7 1 
5546 11 4 1 
5325 11 6 1 
5306 12 5 1 
5248 6 0 1 
5209 7 1 1 
5193 8 2 1 
4657 8 8 1 
4644 9 3 1 
4226 9 7 1 
3448 10 4 1 
3414 10 6 1 
3177 11 5 1 
3101 5 0 1 
3070 6 1 1 
2326 7 2 1 
2108 7 8 1 
1675 8 3 1 
1658 8 7 1 
1528 9 4 1 
833 9 6 1 
805 10 5 1 
801 4 0 1 
421 5 1 1 
215 6 2 1 
6577 7 3 1 
6466 7 7 1 
6422 8 4 1 
6026 8 6 1 
5980 9 5 1 
5762 4 1 1 
5681 5 2 1 
5461 6 3 1 
5331 6 7 1 
5310 7 4 1 
4282 7 6 1 
3823 8 5 1 
3411 4 2 1 
3143 5 3 1 
2859 5 7 1 
2826 6 4 1 
2742 6 6 1 
1969 7 5 1 
1874 0 7 1 
1701 4 3 1 
1195 4 7 1 
979 5 4 1 
356 5 6 1 
317 6 5 1 
5237 0 6 1 
5126 1 7 1 
4851 3 7 1 
4679 4 4 1 
4549 4 6 1 
4060 5 5 1 
3836 0 5 1 
3574 1 6 1 
2708 2 7 1 
2623 3 6 1 
1962 4 5 1 
1788 0 4 1 
1713 1 5 1 
1540 2 6 1 
378 3 5 1 
6437 0 3 1 
5314 1 4 1 
4446 2 5 1 
4435 3 4 1 
4380 0 2 1 
4095 1 3 1 
4039 2 4 1 
3677 3 3 1 
2788 0 1 1 
2754 1 2 1 
4173 2 3 1 
4011 3 2 1 
3785 0 0 1 
627 1 1 1 
4232 2 2 1 
3877 3 1 1 
3680 1 0 1 
3628 2 1 1 
3520 3 0 1 
2959 2 0 1 
6398 2 1 13 
4147 1 1 14 
4576 2 2 13 
297 1 2 15 
4780 2 3 14 
1802 1 3 15 
3563 1 4 15 
5817 1 5 16 
300 2 6 16 
376 1 6 16 
1546 3 6 16 
4373 4 6 16 
5870 5 5 16 
231 5 6 17 
1501 6 5 17 
2179 6 6 17 
2851 7 5 17 
2936 5 2 17 
3071 7 6 17 
3636 5 1 18 
5345 6 2 18 
612 8 6 17 
3581 6 1 18 
4294 7 2 18 
4651 8 7 18 
1297 9 6 18 
6176 7 1 18 
6253 9 7 18 
6546 10 4 18 
337 10 3 18 
1669 11 4 18 
4484 12 5 18 
4600 10 2 19 
4878 11 3 19 
5952 12 6 19 
6457 13 5 19 
1805 10 1 19 
1939 11 2 19 
2064 12 7 19 
2145 13 6 19 
2687 14 5 19 
3350 11 1 20 
3421 13 7 20 
3577 15 5 19 
3799 16 7 20 
4168 17 4 20 
92 14 10 21 
1021 16 2 21 
1266 17 3 20 
1745 17 7 20 
2213 18 4 20 
2978 14 11 21 
3133 15 2 21 
3254 15 10 21 
3596 16 1 21 
3672 17 2 21 
4106 18 3 21 
4225 18 7 21 
6462 0 8 26 
6460 0 9 26 
6269 0 19 26 
6126 1 8 26 
5911 0 10 26 
5813 0 14 26 
5642 0 18 26 
5466 1 9 26 
5338 1 19 26 
4307 2 8 26 
4267 0 11 26 
4233 0 15 26 
3997 0 17 26 
3707 1 10 26 
3036 1 14 26 
2867 1 18 26 
2864 2 9 26 
2581 2 19 26 
2367 3 8 26 
2245 0 12 26 
2055 0 16 26 
1952 1 11 26 
1568 1 15 26 
1492 1 17 26 
1102 2 10 26 
651 2 14 26 
539 2 18 26 
430 3 9 26 
309 3 19 26 
305 4 8 26 
267 0 13 26 
178 1 12 26 
27 1 16 26 
6474 2 11 26 
6352 2 15 26 
6156 2 17 26 
6062 3 10 26 
5995 3 14 26 
5678 3 18 26 
5555 4 9 26 
5077 4 19 26 
5014 5 8 26 
4879 1 13 26 
4811 2 12 26 
4174 2 16 26 
3915 3 11 26 
3738 3 15 26 
3434 3 17 26 
3401 4 10 26 
3317 4 14 26 
3015 4 18 26 
2940 5 9 26 
2924 5 19 26 
2847 6 8 26 
2834 2 13 26 
2813 3 12 26 
2810 3 16 26 
2596 4 11 26 
2363 4 15 26 
1591 4 17 26 
1513 5 10 26 
1146 5 18 26 
1119 6 9 26 
599 6 19 26 
498 12 9 26 
281 3 13 26 
141 4 12 26 
6124 4 16 26 
5577 5 11 26 
5561 5 17 26 
5471 6 10 26 
5134 6 18 26 
5101 7 9 26 
5068 7 19 26 
4619 11 9 26 
4556 12 10 26 
4139 19 19 26 
3600 4 13 26 
3571 5 12 26 
3040 5 16 26 
2913 6 11 26 
2589 6 17 26 
2396 7 10 26 
2343 7 18 26 
2098 8 9 26 
1752 8 19 26 
1460 10 9 26 
758 11 10 26 
720 12 11 26 
688 18 19 26 
643 19 18 26 
560 5 13 26 
216 5 15 26 
56 6 12 26 
6540 6 16 26 
6441 7 11 26 
6420 7 17 26 
6291 8 10 26 
6247 8 18 26 
6214 9 9 26 
6185 9 19 26 
6143 10 10 26 
5676 11 11 26 
5618 12 12 26 
5316 17 19 26 
5240 18 18 26 
5149 19 17 26 
4960 5 14 26 
4664 6 13 26 
4601 6 15 26 
4221 7 12 26 
4183 7 16 26 
4154 8 11 26 
3991 8 17 26 
3726 9 10 26 
3342 9 18 26 
3269 10 11 26 
3196 10 19 26 
3156 11 12 26 
3096 16 19 26 
3091 17 18 26 
2787 18 17 26 
2223 19 16 26 
1369 6 14 26 
1154 7 13 26 
666 7 15 26 
273 8 12 26 
265 8 16 26 
151 9 11 26 
6157 9 17 26 
6079 10 12 26 
6005 10 18 26 
5474 11 19 26 
5263 15 19 26 
5137 16 18 26 
5112 17 17 26 
5039 18 16 26 
5011 19 15 26 
4846 7 14 26 
4710 8 13 26 
4563 8 15 26 
4560 9 12 26 
4443 9 16 26 
3858 10 17 26 
3694 11 18 26 
3365 12 19 26 
3298 14 19 26 
2929 15 18 26 
2900 16 17 26 
2853 17 16 26 
2242 18 15 26 
2119 19 14 26 
1163 8 14 26 
999 9 13 26 
784 9 15 26 
261 10 16 26 
75 11 17 26 
6224 12 18 26 
6117 13 19 26 
6111 14 18 26 
6010 15 17 26 
5567 16 16 26 
5486 17 15 26 
5346 18 14 26 
5335 19 13 26 
5095 9 14 26 
5051 10 13 26 
4631 10 15 26 
4473 11 16 26 
4087 12 13 26 
3936 12 17 26 
3813 13 18 26 
3722 14 17 26 
3640 15 16 26 
3569 16 15 26 
3470 17 14 26 
3294 18 13 26 
3098 19 12 26 
2963 10 14 26 
2484 11 13 26 
2136 11 15 26 
2065 12 16 26 
2037 13 17 26 
2020 14 16 26 
1809 15 15 26 
1561 16 14 26 
854 17 13 26 
806 18 12 26 
650 19 11 26 
517 11 14 26 
501 12 15 26 
6530 13 0 26 
6475 13 16 26 
6360 14 15 26 
6283 15 14 26 
6255 16 13 26 
6093 17 12 26 
5956 18 11 26 
5731 19 0 26 
5613 19 10 26 
5586 12 14 26 
5136 13 1 26 
5081 13 15 26 
4350 14 0 26 
4222 14 14 26 
3913 15 13 26 
3629 16 12 26 
3545 17 11 26 
3449 18 0 26 
3426 18 10 26 
3238 19 1 26 
2965 19 9 26 
2933 13 2 26 
2475 13 14 26 
2317 14 1 26 
1958 14 13 26 
1707 15 0 26 
1655 15 12 26 
1578 16 11 26 
1576 17 0 26 
1432 17 10 26 
1365 18 1 26 
621 18 9 26 
607 19 2 26 
191 19 8 26 
146 13 3 26 
79 13 13 26 
6526 14 2 26 
6504 14 12 26 
6381 15 1 26 
6142 15 11 26 
5920 16 0 26 
5658 16 10 26 
5363 17 1 26 
4882 17 9 26 
4880 18 2 26 
4628 18 8 26 
4596 19 3 26 
4580 19 7 26 
4453 13 12 26 
4392 14 3 26 
4358 14 11 26 
4179 15 2 26 
4048 15 10 26 
3960 16 1 26 
3937 16 9 26 
2995 17 2 26 
2899 17 8 26 
2551 18 3 26 
2487 18 7 26 
2348 19 4 26 
1986 19 6 26 
1346 13 11 26 
1316 14 10 26 
1198 15 3 26 
865 15 9 26 
762 16 2 26 
514 16 8 26 
508 17 3 26 
240 17 7 26 
6544 18 4 26 
6464 18 6 26 
6088 19 5 26 
6034 13 10 26 
5825 14 9 26 
5728 15 8 26 
5034 16 3 26 
4992 16 7 26 
4653 17 4 26 
4609 17 6 26 
4510 18 5 26 
4326 12 0 26 
4295 13 9 26 
4064 14 8 26 
3932 15 7 26 
3444 16 4 26 
3192 16 6 26 
3140 17 5 26 
2991 11 0 26 
2776 12 1 26 
2125 13 8 26 
1974 14 7 26 
820 15 4 26 
526 15 6 26 
197 16 5 26 
6492 10 0 26 
5559 11 1 26 
5199 12 2 26 
5067 12 8 26 
5063 13 7 26 
5062 14 4 26 
4809 14 6 26 
4384 15 5 26 
4022 9 0 26 
3692 10 1 26 
3522 11 2 26 
3057 11 8 26 
2745 12 3 26 
2733 12 7 26 
2334 13 4 26 
1635 13 6 26 
1187 14 5 26 
815 8 0 26 
42 9 1 26 
6390 10 2 26 
6328 10 8 26 
6323 11 3 26 
6035 11 7 26 
6019 12 4 26 
5988 12 6 26 
5953 13 5 26 
5286 7 0 26 
4789 8 1 26 
4642 9 2 26 
4325 9 8 26 
4269 10 3 26 
3575 10 7 26 
3125 11 4 26 
2560 11 6 26 
2530 12 5 26 
2515 6 0 26 
2253 7 1 26 
2076 8 2 26 
2058 8 8 26 
1533 9 3 26 
1447 9 7 26 
484 10 4 26 
2 10 6 26 
6160 11 5 26 
5992 5 0 26 
5524 6 1 26 
5430 7 2 26 
5060 7 8 26 
4907 8 3 26 
4800 8 7 26 
4582 9 4 26 
3710 9 6 26 
3348 10 5 26 
2916 4 0 26 
2897 5 1 26 
2201 6 2 26 
2177 7 3 26 
2106 7 7 26 
1708 8 4 26 
713 8 6 26 
280 9 5 26 
181 4 1 26 
6285 5 2 26 
4955 6 3 26 
4952 6 7 26 
4562 7 4 26 
3491 7 6 26 
3356 8 5 26 
3246 4 2 26 
2956 5 3 26 
2939 5 7 26 
2375 6 4 26 
2310 6 6 26 
1792 7 5 26 
1726 0 7 26 
6289 4 3 26 
6175 4 7 26 
6168 5 4 26 
6017 5 6 26 
5697 6 5 26 
5543 0 6 26 
5528 1 7 26 
5425 3 7 26 
5009 4 4 26 
4324 4 6 26 
4272 5 5 26 
4198 0 5 26 
3958 1 6 26 
3256 2 7 26 
3151 3 6 26 
1829 4 5 26 
1569 0 4 26 
1538 1 5 26 
1265 2 6 26 
783 3 5 26 
704 0 3 26 
350 1 4 26 
243 2 5 26 
6555 3 4 26 
4760 0 2 26 
4121 1 3 26 
3599 2 4 26 
3170 3 3 26 
3026 0 1 26 
2006 1 2 26 
1454 2 3 26 
1126 3 2 26 
6338 0 0 26 
5437 1 1 26 
5264 2 2 26 
5013 3 1 26 
3315 1 0 26 
2384 2 1 26 
1956 3 0 26 
6403 2 0 26 
2496 2 1 38 
1913 1 1 38 
4749 2 2 38 
6264 1 2 39 
1853 2 3 39 
5494 1 3 39 
64 1 4 40 
591 1 5 40 
1484 2 6 40 
1534 1 6 40 
1552 3 6 40 
2943 4 6 40 
4439 5 5 40 
1140 5 6 40 
1987 6 5 40 
5993 6 6 41 
368 7 5 41 
2516 5 2 41 
2529 7 6 41 
4006 5 1 42 
4243 6 2 42 
4658 8 6 42 
4795 6 1 42 
864 7 2 42 
909 8 7 42 
1244 9 6 42 
1373 7 1 43 
1831 9 7 43 
2634 10 4 43 
2888 10 3 43 
5508 11 4 43 
5949 12 5 43 
1464 10 2 43 
2149 11 3 43 
2946 12 6 43 
3625 13 5 43 
3910 10 1 44 
4462 11 2 44 
1051 12 7 44 
1274 13 6 44 
1394 14 5 44 
1504 11 1 44 
1904 13 7 44 
2333 15 5 44 
196 16 7 45 
948 17 4 45 
4148 14 10 46 
6277 16 2 46 
6304 17 3 46 
1105 17 7 46 
1350 18 4 45 
2322 14 11 46 
2391 15 2 46 
3357 15 10 46 
3819 16 1 46 
3949 17 2 46 
4309 18 3 46 
6302 18 7 46 
6459 0 8 51 
6424 0 9 51 
6357 0 19 51 
6286 1 8 51 
6181 0 10 51 
6053 0 14 51 
5821 0 18 51 
5637 1 9 51 
5515 1 19 51 
5439 2 8 51 
5386 0 11 51 
5004 0 15 51 
4459 0 17 51 
4339 1 10 51 
3881 1 14 51 
3637 1 18 51 
3498 2 9 51 
3287 2 19 51 
3265 3 8 51 
3218 0 12 51 
3206 0 16 51 
3146 1 11 51 
3117 1 15 51 
3064 1 17 51 
3020 2 10 51 
2871 2 14 51 
2784 2 18 51 
2466 3 9 51 
2100 3 19 51 
1945 4 8 51 
1271 0 13 51 
1143 1 12 51 
998 1 16 51 
917 2 11 51 
836 2 15 51 
767 2 17 51 
398 3 10 51 
71 3 14 51 
6583 3 18 51 
6493 4 9 51 
6413 4 19 51 
6391 5 8 51 
6267 1 13 51 
6205 2 12 51 
6101 2 16 51 
5857 3 11 51 
5834 3 15 51 
5710 3 17 51 
5479 4 10 51 
5443 4 14 51 
5293 4 18 51 
5087 5 9 51 
5057 5 19 51 
4958 6 8 51 
4945 2 13 51 
4763 3 12 51 
4513 3 16 51 
4375 4 11 51 
4160 4 15 51 
4140 4 17 51 
3948 5 10 51 
3891 5 18 51 
3641 6 9 51 
3439 6 19 51 
3249 12 9 51 
3114 3 13 51 
2539 4 12 51 
2209 4 16 51 
2052 5 11 51 
1716 5 17 51 
1366 6 10 51 
992 6 18 51 
930 7 9 51 
892 7 19 51 
787 11 9 51 
746 12 10 51 
468 19 19 51 
409 4 13 51 
319 5 12 51 
15 5 16 51 
6584 6 11 51 
6395 6 17 51 
5925 7 10 51 
5635 7 18 51 
5627 8 9 51 
5165 8 19 51 
5056 10 9 51 
5047 11 10 51 
4842 12 11 51 
4804 18 19 51 
4593 19 18 51 
4143 5 13 51 
3942 5 15 51 
3860 6 12 51 
3561 6 16 51 
3546 7 11 51 
3312 7 17 51 
2832 8 10 51 
2652 8 18 51 
2586 9 9 51 
2282 9 19 51 
1465 10 10 51 
1378 11 11 51 
1204 12 12 51 
1085 17 19 51 
1078 18 18 51 
554 19 17 51 
20 5 14 51 
6451 6 13 51 
6119 6 15 51 
5964 7 12 51 
5940 7 16 51 
5858 8 11 51 
5599 8 17 51 
5482 9 10 51 
5378 9 18 51 
5304 10 11 51 
5098 10 19 51 
5096 11 12 51 
5016 16 19 51 
4703 17 18 51 
4701 18 17 51 
4486 19 16 51 
4412 6 14 51 
4297 7 13 51 
4122 7 15 51 
4052 8 12 51 
3873 8 16 51 
3652 9 11 51 
3523 9 17 51 
2765 10 12 51 
2701 10 18 51 
2690 11 19 51 
2645 15 19 51 
2461 16 18 51 
2409 17 17 51 
2373 18 16 51 
2353 19 15 51 
1966 7 14 51 
1379 8 13 51 
1228 8 15 51 
709 9 12 51 
573 9 16 51 
210 10 17 51 
184 11 18 51 
6549 12 19 51 
6308 14 19 51 
6146 15 18 51 
6080 16 17 51 
6074 17 16 51 
5918 18 15 51 
5620 19 14 51 
5145 8 14 51 
4775 9 13 51 
4581 9 15 51 
4285 10 16 51 
4089 11 17 51 
3851 12 18 51 
3654 13 19 51 
3576 14 18 51 
3540 15 17 51 
3309 16 16 51 
3295 17 15 51 
3242 18 14 51 
2893 19 13 51 
2865 9 14 51 
2714 10 13 51 
2613 10 15 51 
2612 11 16 51 
2575 12 13 51 
2107 12 17 51 
2091 13 18 51 
1497 14 17 51 
1493 15 16 51 
1459 16 15 51 
1418 17 14 51 
1275 18 13 51 
1194 19 12 51 
1159 10 14 51 
592 11 13 51 
388 11 15 51 
277 12 16 51 
6315 13 17 51 
6223 14 16 51 
5948 15 15 51 
5576 16 14 51 
5467 17 13 51 
5206 18 12 51 
5164 19 11 51 
5043 11 14 51 
5006 12 15 51 
4916 13 0 51 
4831 13 16 51 
4808 14 15 51 
4542 15 14 51 
4229 16 13 51 
3989 17 12 51 
3765 18 11 51 
3711 19 0 51 
3080 19 10 51 
2473 12 14 51 
2425 13 1 51 
2269 13 15 51 
2087 14 0 51 
1858 14 14 51 
1427 15 13 51 
1147 16 12 51 
1062 17 11 51 
1006 18 0 51 
156 18 10 51 
143 19 1 51 
87 19 9 51 
34 13 2 51 
6329 13 14 51 
6294 14 1 51 
6202 14 13 51 
6133 15 0 51 
5959 15 12 51 
5909 16 11 51 
5232 17 0 51 
5114 17 10 51 
4810 18 1 51 
4618 18 9 51 
3679 19 2 51 
3278 19 8 51 
3262 13 3 51 
3126 13 13 51 
2973 14 2 51 
2823 14 12 51 
2768 15 1 51 
2564 15 11 51 
2172 16 0 51 
2066 16 10 51 
1816 17 1 51 
1783 17 9 51 
1761 18 2 51 
1695 18 8 51 
1554 19 3 51 
1321 19 7 51 
1135 13 12 51 
874 14 3 51 
228 14 11 51 
6237 15 2 51 
6179 15 10 51 
5745 16 1 51 
5341 16 9 51 
5313 17 2 51 
4715 17 8 51 
4684 18 3 51 
4298 18 7 51 
4027 19 4 51 
3953 19 6 51 
2999 13 11 51 
2615 14 10 51 
2221 15 3 51 
2081 15 9 51 
1881 16 2 51 
1681 16 8 51 
1438 17 3 51 
1132 17 7 51 
1125 18 4 51 
589 18 6 51 
6401 19 5 51 
6320 13 10 51 
6313 14 9 51 
5978 15 8 51 
5714 16 3 51 
5082 16 7 51 
4652 17 4 51 
4498 17 6 51 
4308 18 5 51 
4277 12 0 51 
4067 13 9 51 
3713 14 8 51 
3515 15 7 51 
3479 16 4 51 
3330 16 6 51 
3321 17 5 51 
3109 11 0 51 
3108 12 1 51 
2964 13 8 51 
2855 14 7 51 
2568 15 4 51 
2305 15 6 51 
2168 16 5 51 
2063 10 0 51 
1911 11 1 51 
1313 12 2 51 
694 12 8 51 
276 13 7 51 
171 14 4 51 
6582 14 6 51 
6446 15 5 51 
5972 9 0 51 
5961 10 1 51 
5757 11 2 51 
5495 11 8 51 
5217 12 3 51 
5175 12 7 51 
5135 13 4 51 
5054 13 6 51 
5010 14 5 51 
4252 8 0 51 
4082 9 1 51 
3943 10 2 51 
3832 10 8 51 
3717 11 3 51 
3589 11 7 51 
3549 12 4 51 
3517 12 6 51 
2984 13 5 51 
2203 7 0 51 
1933 8 1 51 
1249 9 2 51 
1043 9 8 51 
959 10 3 51 
674 10 7 51 
626 11 4 51 
6184 11 6 51 
5873 12 5 51 
5690 6 0 51 
5593 7 1 51 
5581 8 2 51 
5238 8 8 51 
4824 9 3 51 
3634 9 7 51 
3590 10 4 51 
3458 10 6 51 
3336 11 5 51 
2029 5 0 51 
1822 6 1 51 
1381 7 2 51 
1188 7 8 51 
602 8 3 51 
586 8 7 51 
301 9 4 51 
274 9 6 51 
134 10 5 51 
5885 4 0 51 
5388 5 1 51 
5361 6 2 51 
4787 7 3 51 
4720 7 7 51 
4040 8 4 51 
4008 8 6 51 
3908 9 5 51 
3656 4 1 51 
3647 5 2 51 
2911 6 3 51 
2799 6 7 51 
2631 7 4 51 
2578 7 6 51 
2500 8 5 51 
2380 4 2 51 
2325 5 3 51 
2112 5 7 51 
1550 6 4 51 
1355 6 6 51 
799 7 5 51 
613 0 7 51 
454 4 3 51 
446 4 7 51 
298 5 4 51 
123 5 6 51 
73 6 5 51 
6055 0 6 51 
5779 1 7 51 
5775 3 7 51 
5769 4 4 51 
4729 4 6 51 
4564 5 5 51 
4304 0 5 51 
4108 1 6 51 
3400 2 7 51 
2288 3 6 51 
1240 4 5 51 
832 0 4 51 
716 1 5 51 
6198 2 6 51 
5819 3 5 51 
4621 0 3 51 
3995 1 4 51 
3635 2 5 51 
3513 3 4 51 
2702 0 2 51 
2422 1 3 51 
2260 2 4 51 
2219 3 3 51 
2026 0 1 51 
1332 1 2 51 
1009 2 3 51 
898 3 2 51 
6565 0 0 51 
6330 1 1 51 
5792 2 2 51 
5309 3 1 51 
4745 1 0 51 
2594 2 1 51 
6345 3 0 51 
4671 2 0 51 
157 2 1 64 
1370 1 1 64 
2155 2 2 64 
4074 1 2 65 
642 2 3 65 
1044 1 3 65 
2015 1 4 65 
310 1 5 66 
433 2 6 65 
1161 1 6 66 
3869 3 6 66 
6355 4 6 66 
1024 5 5 66 
1957 5 6 67 
4586 6 5 67 
5867 6 6 67 
6187 7 5 67 
6550 5 2 67 
978 7 6 67 
1291 5 1 67 
2312 6 2 67 
2556 8 6 67 
4407 6 1 68 
5167 7 2 68 
5633 8 7 68 
6083 9 6 68 
841 7 1 68 
1433 9 7 68 
1481 10 4 68 
4349 10 3 69 
5258 11 4 69 
5481 12 5 68 
5982 10 2 69 
6149 11 3 69 
619 12 6 69 
1436 13 5 69 
1927 10 1 69 
3329 11 2 69 
3752 12 7 69 
3826 13 6 69 
253 14 5 69 
349 11 1 70 
1012 13 7 70 
1665 15 5 69 
1820 16 7 70 
2452 17 4 70 
5415 14 10 71 
5962 16 2 71 
625 17 3 71 
1364 17 7 71 
1934 18 4 71 
3728 14 11 72 
3999 15 2 71 
4669 15 10 71 
6307 0 8 76 
6236 0 9 76 
6171 0 19 76 
6024 1 8 76 
5842 0 10 76 
5838 0 14 76 
5693 0 18 76 
5295 1 9 76 
4778 1 19 76 
4770 2 8 76 
4519 0 11 76 
4440 0 15 76 
4318 0 17 76 
4210 1 10 76 
4189 1 14 76 
3872 1 18 76 
3811 2 9 76 
3808 2 19 76 
3397 3 8 76 
3169 0 12 76 
3013 0 16 76 
2751 1 11 76 
2683 1 15 76 
2535 1 17 76 
2304 2 10 76 
2133 2 14 76 
1907 2 18 76 
1746 3 9 76 
1660 3 19 76 
1637 4 8 76 
1392 0 13 76 
1278 1 12 76 
1082 1 16 76 
851 2 11 76 
708 2 15 76 
450 2 17 76 
246 3 10 76 
113 3 14 76 
63 3 18 76 
6469 4 9 76 
6281 4 19 76 
6275 5 8 76 
6086 1 13 76 
5874 2 12 76 
5639 2 16 76 
5339 3 11 76 
5140 3 15 76 
5079 3 17 76 
4927 4 10 76 
4819 4 14 76 
4568 4 18 76 
4426 5 9 76 
4275 5 19 76 
3931 6 8 76 
3888 2 13 76 
3839 3 12 76 
3685 3 16 76 
3632 4 11 76 
3508 4 15 76 
3500 4 17 76 
3463 5 10 76 
3378 5 18 76 
3237 6 9 76 
3023 6 19 76 
2974 12 9 76 
2949 3 13 76 
2653 4 12 76 
2651 4 16 76 
2574 5 11 76 
2494 5 17 76 
1564 6 10 76 
1457 6 18 76 
1455 7 9 76 
1047 7 19 76 
913 11 9 76 
834 12 10 76 
811 19 19 76 
608 4 13 76 
367 5 12 76 
263 5 16 76 
186 6 11 76 
138 6 17 76 
6268 7 10 76 
6078 7 18 76 
5936 8 9 76 
5535 8 19 76 
5161 10 9 76 
5032 11 10 76 
4278 12 11 76 
4035 18 19 76 
3532 19 18 76 
3341 5 13 76 
3260 5 15 76 
3134 6 12 76 
2930 6 16 76 
2641 7 11 76 
2431 7 17 76 
1860 8 10 76 
1638 8 18 76 
1213 9 9 76 
772 9 19 76 
457 10 10 76 
436 11 11 76 
166 12 12 76 
6518 17 19 76 
6303 18 18 76 
6031 19 17 76 
5966 5 14 76 
5879 6 13 76 
5832 6 15 76 
5640 7 12 76 
5597 7 16 76 
5394 8 11 76 
5202 8 17 76 
4984 9 10 76 
4979 9 18 76 
4848 10 11 76 
4529 10 19 76 
4512 11 12 76 
4500 16 19 76 
4406 17 18 76 
4259 18 17 76 
3961 19 16 76 
3671 6 14 76 
3578 7 13 76 
3419 7 15 76 
3366 8 12 76 
3354 8 16 76 
3243 9 11 76 
2889 9 17 76 
2588 10 12 76 
2077 10 18 76 
2072 11 19 76 
1864 15 19 76 
1857 16 18 76 
1601 17 17 76 
1498 18 16 76 
1248 19 15 76 
1036 7 14 76 
884 8 13 76 
843 8 15 76 
765 9 12 76 
581 9 16 76 
547 10 17 76 
522 11 18 76 
381 12 19 76 
175 14 19 76 
3 15 18 76 
6502 16 17 76 
6476 17 16 76 
6054 18 15 76 
5985 19 14 76 
5887 8 14 76 
5761 9 13 76 
5668 9 15 76 
5547 10 16 76 
5379 11 17 76 
5018 12 18 76 
4935 13 19 76 
4159 14 18 76 
4007 15 17 76 
3307 16 16 76 
3266 17 15 76 
2777 18 14 76 
2709 19 13 76 
2555 9 14 76 
2193 10 13 76 
2068 10 15 76 
1815 11 16 76 
1524 12 13 76 
996 12 17 76 
893 13 18 76 
17 14 17 76 
6273 15 16 76 
6195 16 15 76 
5299 17 14 76 
5180 18 13 76 
4993 19 12 76 
4494 10 14 76 
4436 11 13 76 
4391 11 15 76 
4075 12 16 76 
3998 13 17 76 
3967 14 16 76 
3525 15 15 76 
3504 16 14 76 
3461 17 13 76 
3338 18 12 76 
3225 19 11 76 
3191 11 14 76 
2710 12 15 76 
2569 13 0 76 
2553 13 16 76 
2541 14 15 76 
2462 15 14 76 
2160 16 13 76 
1310 17 12 76 
1225 18 11 76 
990 19 0 76 
908 19 10 76 
707 12 14 76 
597 13 1 76 
6344 13 15 76 
6225 14 0 76 
6136 14 14 76 
6112 15 13 76 
5912 16 12 76 
5866 17 11 76 
5782 18 0 76 
5732 18 10 76 
5722 19 1 76 
5706 19 9 76 
5702 13 2 76 
5659 13 14 76 
5632 14 1 76 
5582 14 13 76 
5538 15 0 76 
5502 15 12 76 
5426 16 11 76 
5391 17 0 76 
5205 17 10 76 
5124 18 1 76 
4613 18 9 76 
4604 19 2 76 
4491 19 8 76 
4130 13 3 76 
3852 13 13 76 
3530 14 2 76 
3267 14 12 76 
3189 15 1 76 
3043 15 11 76 
2508 16 0 76 
2432 16 10 76 
2302 17 1 76 
2127 17 9 76 
1942 18 2 76 
1775 18 8 76 
1682 19 3 76 
1336 19 7 76 
1174 13 12 76 
1092 14 3 76 
958 14 11 76 
505 15 2 76 
380 15 10 76 
313 16 1 76 
84 16 9 76 
83 17 2 76 
6340 17 8 76 
6201 18 3 76 
6145 18 7 76 
5878 19 4 76 
5579 19 6 76 
5530 13 11 76 
5370 14 10 76 
5129 15 3 76 
4535 15 9 76 
4351 16 2 76 
4292 16 8 76 
3830 17 3 76 
3431 17 7 76 
2669 18 4 76 
2503 18 6 76 
2438 19 5 76 
2021 13 10 76 
1262 14 9 76 
1144 15 8 76 
1007 16 3 76 
628 16 7 76 
614 17 4 76 
610 17 6 76 
545 18 5 76 
531 12 0 76 
426 13 9 76 
200 14 8 76 
131 15 7 76 
99 16 4 76 
6336 16 6 76 
5373 17 5 76 
5288 11 0 76 
5218 12 1 76 
5169 13 8 76 
5141 14 7 76 
4478 15 4 76 
4078 15 6 76 
4029 16 5 76 
4018 10 0 76 
3846 11 1 76 
3212 12 2 76 
2411 12 8 76 
2404 13 7 76 
2388 14 4 76 
2232 14 6 76 
2195 15 5 76 
1900 9 0 76 
1777 10 1 76 
1621 11 2 76 
1331 11 8 76 
1325 12 3 76 
1280 12 7 76 
1145 13 4 76 
1066 13 6 76 
850 14 5 76 
6580 8 0 76 
6448 9 1 76 
5926 10 2 76 
5883 10 8 76 
5759 11 3 76 
5551 11 7 76 
5484 12 4 76 
4988 12 6 76 
4585 13 5 76 
3691 7 0 76 
2277 8 1 76 
2042 9 2 76 
1598 9 8 76 
1168 10 3 76 
182 10 7 76 
6314 11 4 76 
6240 11 6 76 
6159 12 5 76 
5287 6 0 76 
5160 7 1 76 
5158 8 2 76 
4956 8 8 76 
4603 9 3 76 
3982 9 7 76 
3951 10 4 76 
3643 10 6 76 
3579 11 5 76 
2205 5 0 76 
2041 6 1 76 
1040 7 2 76 
1034 7 8 76 
648 8 3 76 
6426 8 7 76 
6000 9 4 76 
5869 9 6 76 
5783 10 5 76 
5665 4 0 76 
5595 5 1 76 
5236 6 2 76 
4741 7 3 76 
4667 7 7 76 
4378 8 4 76 
3627 8 6 76 
3484 9 5 76 
3019 4 1 76 
2729 5 2 76 
2561 6 3 76 
2412 6 7 76 
1940 7 4 76 
1747 7 6 76 
1582 8 5 76 
1559 4 2 76 
1107 5 3 76 
890 5 7 76 
486 6 4 76 
414 6 6 76 
6445 7 5 76 
6170 0 7 76 
5979 4 3 76 
5941 4 7 76 
5491 5 4 76 
4803 5 6 76 
4641 6 5 76 
4632 0 6 76 
3141 1 7 76 
1944 3 7 76 
1617 4 4 76 
1343 4 6 76 
1025 5 5 76 
128 0 5 76 
33 1 6 76 
6356 2 7 76 
5698 3 6 76 
5541 4 5 76 
5297 0 4 76 
4724 1 5 76 
4047 2 6 76 
4013 3 5 76 
3902 0 3 76 
3798 1 4 76 
3422 2 5 76 
3328 3 4 76 
3163 0 2 76 
2915 1 3 76 
1642 2 4 76 
742 3 3 76 
232 0 1 76 
6334 1 2 76 
6243 2 3 76 
6110 3 2 76 
5651 0 0 76 
4625 1 1 76 
4033 2 2 76 
194 3 1 76 
6186 1 0 76 
5516 2 1 76 
4702 3 0 76 
4072 2 0 76 
994 2 1 88 
3394 1 1 89 
4084 2 2 89 
4620 1 2 89 
611 2 3 89 
3560 1 3 90 
807 1 4 90 
875 1 5 90 
1376 2 6 90 
2032 1 6 91 
2295 3 6 90 
2365 4 6 91 
6443 5 5 91 
812 5 6 91 
1519 6 5 91 
2759 6 6 92 
2976 7 5 91 
4248 5 2 92 
4871 7 6 92 
5694 5 1 92 
6379 6 2 92 
1773 8 6 92 
2356 6 1 93 
5089 7 2 93 
6233 8 7 92 
691 9 6 92 
1209 7 1 93 
1654 9 7 93 
1715 10 4 93 
2524 10 3 94 
2656 11 4 93 
2689 12 5 93 
2917 10 2 94 
4371 11 3 94 
5846 12 6 94 
6407 13 5 94 
568 10 1 95 
2238 11 2 95 
2890 12 7 95 
3554 13 6 95 
5969 14 5 95 
977 11 1 95 
1057 13 7 95 
1210 15 5 95 
2114 16 7 96 
2563 17 4 96 
2798 14 10 96 
6260 16 2 96 
6300 17 3 96 
6375 17 7 96 
385 18 4 96 
1859 14 11 97 
3480 15 2 97 
4479 15 10 97 
6414 16 1 97 
