1926
5671 7 19 1 
5664 0 19 1 
4344 6 19 1 
3878 7 18 1 
3824 0 0 1 
3436 0 18 1 
3252 1 19 1 
2927 5 19 1 
2626 6 18 1 
2609 7 17 1 
2589 19 19 1 
2470 0 1 1 
2237 0 17 1 
1846 1 0 1 
1575 1 18 1 
1489 2 19 1 
1405 4 19 1 
1277 5 18 1 
1167 6 17 1 
1120 7 16 1 
1079 18 19 1 
747 19 18 1 
709 0 2 1 
703 0 16 1 
528 1 1 1 
5748 1 17 1 
5423 2 0 1 
5399 2 18 1 
5059 3 19 1 
5036 4 18 1 
4941 5 17 1 
4631 6 16 1 
4521 7 15 1 
4500 17 19 1 
4444 18 18 1 
4392 19 17 1 
4109 0 3 1 
3924 0 15 1 
3819 1 2 1 
3630 1 16 1 
3401 2 1 1 
3144 2 17 1 
2855 3 0 1 
2826 3 18 1 
2812 4 17 1 
2693 5 16 1 
2486 6 15 1 
2431 16 19 1 
1728 17 18 1 
1658 18 17 1 
1407 19 16 1 
1051 0 4 1 
991 0 14 1 
810 1 3 1 
442 1 15 1 
437 2 2 1 
404 2 16 1 
31 3 1 1 
5773 3 17 1 
5753 4 0 1 
5687 4 16 1 
5576 5 15 1 
5012 15 19 1 
4970 16 18 1 
4636 17 17 1 
4512 18 16 1 
4408 19 15 1 
4318 0 5 1 
4306 0 13 1 
4088 1 4 1 
4033 1 14 1 
4007 2 3 1 
3789 2 15 1 
3374 3 2 1 
3310 3 16 1 
3268 4 1 1 
3246 4 15 1 
3004 14 19 1 
2808 15 18 1 
2801 16 17 1 
2734 17 16 1 
2654 18 15 1 
2491 19 14 1 
2426 0 6 1 
2380 0 12 1 
2360 1 5 1 
2331 1 13 1 
2017 2 4 1 
1775 2 14 1 
1748 3 3 1 
1034 3 15 1 
846 4 2 1 
770 13 19 1 
5384 14 18 1 
5360 15 17 1 
4382 16 16 1 
4260 17 15 1 
4228 18 14 1 
3857 19 13 1 
3836 0 7 1 
3577 0 11 1 
3498 1 6 1 
3470 1 12 1 
3298 2 5 1 
3255 2 13 1 
3234 3 4 1 
3111 3 14 1 
3102 4 3 1 
2931 8 19 1 
2861 12 19 1 
2369 13 18 1 
2335 14 17 1 
2262 15 16 1 
2231 16 15 1 
2077 17 14 1 
2020 18 13 1 
1782 19 12 1 
1161 0 8 1 
1026 0 10 1 
961 1 7 1 
894 1 11 1 
822 2 6 1 
527 2 12 1 
216 3 5 1 
207 3 13 1 
38 4 4 1 
5811 4 14 1 
5690 8 18 1 
5679 9 19 1 
5195 11 19 1 
4961 12 18 1 
4911 13 17 1 
4890 14 16 1 
4847 15 15 1 
4378 16 14 1 
4287 17 13 1 
4234 18 12 1 
4218 19 11 1 
4103 0 9 1 
4046 1 8 1 
3957 1 10 1 
3693 2 7 1 
3613 2 11 1 
3343 3 6 1 
2574 3 12 1 
2562 4 5 1 
2542 4 13 1 
2365 5 14 1 
2268 7 14 1 
1644 8 17 1 
1540 9 18 1 
1111 10 19 1 
693 11 18 1 
481 12 17 1 
432 13 16 1 
104 14 15 1 
5779 15 14 1 
5688 16 13 1 
5569 17 12 1 
5225 18 11 1 
5149 19 0 1 
5107 19 10 1 
5022 1 9 1 
4940 2 8 1 
4863 2 10 1 
4554 3 7 1 
3980 3 11 1 
3840 4 6 1 
3597 4 12 1 
3579 5 13 1 
3283 6 14 1 
3189 7 13 1 
2996 8 16 1 
2988 9 17 1 
2966 10 18 1 
2847 11 17 1 
2816 12 16 1 
2751 13 15 1 
2724 14 14 1 
2721 15 13 1 
2593 16 12 1 
2464 17 11 1 
2345 18 0 1 
2276 18 10 1 
2128 19 1 1 
2070 19 9 1 
1955 2 9 1 
1266 3 8 1 
1033 3 10 1 
641 4 7 1 
569 4 11 1 
452 5 12 1 
273 6 13 1 
192 7 12 1 
5724 8 15 1 
5647 9 16 1 
5636 10 17 1 
5604 11 16 1 
5568 12 15 1 
5411 13 14 1 
5249 14 13 1 
5229 15 12 1 
5187 16 11 1 
5110 17 0 1 
5015 17 10 1 
4841 18 1 1 
4788 18 9 1 
4527 19 2 1 
4460 19 8 1 
4389 3 9 1 
4374 4 8 1 
4099 4 10 1 
3766 5 11 1 
3587 6 12 1 
3573 7 11 1 
3143 8 14 1 
3076 9 15 1 
3053 10 16 1 
2911 11 15 1 
2414 12 14 1 
2356 13 13 1 
2332 14 12 1 
2196 15 11 1 
2060 16 0 1 
2042 16 10 1 
2039 17 1 1 
1870 17 9 1 
1686 18 2 1 
1387 18 8 1 
1349 19 3 1 
1154 19 7 1 
864 4 9 1 
825 5 10 1 
814 6 11 1 
365 8 13 1 
201 9 14 1 
63 10 15 1 
5651 11 14 1 
5564 12 13 1 
5030 13 12 1 
4984 14 11 1 
4239 15 0 1 
3772 15 10 1 
3607 16 1 1 
2791 16 9 1 
2742 17 2 1 
2552 17 8 1 
2466 18 3 1 
2041 18 7 1 
1952 19 4 1 
1833 19 6 1 
1342 5 9 1 
1186 6 10 1 
1044 8 12 1 
898 9 13 1 
423 10 14 1 
5783 11 13 1 
5364 12 12 1 
5311 13 11 1 
4652 14 0 1 
4613 14 10 1 
4436 15 1 1 
4399 15 9 1 
4323 16 2 1 
4311 16 8 1 
4006 17 3 1 
3982 17 7 1 
3381 18 4 1 
3359 18 6 1 
3061 19 5 1 
2830 5 8 1 
2520 6 9 1 
1814 7 10 1 
1597 8 11 1 
1172 9 12 1 
600 10 13 1 
435 11 12 1 
408 12 11 1 
272 13 0 1 
13 13 10 1 
5728 14 1 1 
5320 14 9 1 
4528 15 2 1 
4131 15 8 1 
3870 16 3 1 
3690 16 7 1 
3578 17 4 1 
3042 17 6 1 
2892 18 5 1 
2457 5 7 1 
1862 6 8 1 
1521 7 9 1 
1483 8 10 1 
1307 9 11 1 
1052 10 12 1 
896 11 11 1 
754 12 0 1 
748 12 10 1 
663 13 1 1 
4824 13 9 1 
4358 14 2 1 
4225 14 8 1 
3972 15 3 1 
3925 15 7 1 
3730 16 4 1 
3676 16 6 1 
3118 17 5 1 
2699 5 6 1 
2579 6 7 1 
2349 7 8 1 
2107 8 9 1 
1634 9 10 1 
1594 10 11 1 
1586 11 0 1 
1527 11 10 1 
1357 12 1 1 
1303 12 9 1 
1062 13 2 1 
934 13 8 1 
823 14 3 1 
444 14 7 1 
303 15 4 1 
5765 15 6 1 
5473 16 5 1 
5048 5 5 1 
4639 6 6 1 
4523 7 7 1 
4247 8 8 1 
4235 9 9 1 
4161 10 10 1 
4121 11 1 1 
3884 11 9 1 
3809 12 2 1 
2807 12 8 1 
2383 13 3 1 
986 13 7 1 
654 14 4 1 
584 14 6 1 
5801 15 5 1 
5455 5 4 1 
5148 6 5 1 
4675 7 6 1 
4638 8 7 1 
4390 9 8 1 
4321 10 9 1 
4214 11 2 1 
4133 11 8 1 
4028 12 3 1 
3882 12 7 1 
3757 13 4 1 
3633 13 6 1 
3611 14 5 1 
3570 5 3 1 
3543 6 4 1 
3437 7 5 1 
3237 8 6 1 
3000 9 7 1 
2895 10 8 1 
2747 11 3 1 
2607 11 7 1 
1916 12 4 1 
1086 12 6 1 
1085 13 5 1 
1074 5 2 1 
1072 6 3 1 
1016 7 4 1 
1007 8 5 1 
805 9 6 1 
763 10 7 1 
391 11 4 1 
372 11 6 1 
344 12 5 1 
316 5 1 1 
5599 6 2 1 
4843 7 3 1 
4630 8 4 1 
4588 9 5 1 
3661 10 6 1 
116 11 5 1 
5777 5 0 1 
5198 6 1 1 
5120 7 2 1 
4878 8 3 1 
4836 9 4 1 
4342 10 5 1 
3981 6 0 1 
3022 7 1 1 
2625 8 2 1 
1004 9 3 1 
662 10 4 1 
360 7 0 1 
251 8 1 1 
5767 9 2 1 
5654 10 3 1 
4801 8 0 1 
4498 9 1 1 
4268 10 2 1 
2701 9 0 1 
2835 10 1 1 
2728 10 0 1 
622 9 1 13 
3651 8 1 14 
3994 9 2 13 
4688 7 1 14 
95 8 2 14 
3127 9 3 14 
3499 6 1 14 
3887 7 2 14 
4867 8 3 14 
413 9 4 14 
3277 6 2 15 
4022 7 3 15 
4212 8 4 15 
5421 9 5 15 
275 10 6 15 
373 6 3 16 
1426 7 4 16 
2320 8 5 16 
2782 9 6 16 
5596 10 7 16 
1071 11 6 16 
1496 12 5 16 
1539 6 4 16 
2218 7 5 16 
2614 8 6 16 
2796 10 8 16 
3643 11 7 16 
4286 12 4 16 
4353 12 6 16 
4998 13 5 16 
5128 6 5 16 
746 7 6 16 
775 10 9 16 
1213 12 3 16 
2555 12 7 16 
3788 13 4 16 
3931 13 6 16 
4902 14 5 16 
5140 6 6 17 
52 9 9 17 
188 10 10 17 
430 12 2 17 
732 13 3 17 
1265 13 7 17 
1515 14 4 17 
2689 14 6 17 
2722 15 5 16 
4339 8 9 18 
4805 9 10 18 
218 10 11 18 
280 11 10 18 
302 12 1 18 
310 13 2 18 
974 14 3 18 
1048 14 7 18 
1091 15 6 17 
1117 16 5 17 
1287 7 9 19 
2708 9 11 19 
2954 10 12 19 
2993 11 11 19 
3172 12 10 19 
3361 13 1 19 
4219 14 2 18 
5267 16 6 18 
1402 17 5 18 
3951 6 9 20 
4501 9 12 20 
24 10 13 20 
548 11 12 20 
1986 13 10 20 
2342 14 1 19 
2549 17 4 19 
2629 17 6 19 
2859 18 5 19 
2930 9 13 21 
3290 10 14 21 
3379 11 13 20 
3605 14 10 20 
3688 17 3 20 
3763 17 7 20 
3868 18 4 20 
4582 18 6 20 
5169 5 10 22 
5742 9 14 22 
5652 7 19 26 
5469 0 19 26 
5363 6 19 26 
5217 7 18 26 
5176 0 0 26 
4933 0 18 26 
4804 1 19 26 
4715 5 19 26 
4428 6 18 26 
4159 7 17 26 
4152 19 19 26 
4148 0 1 26 
4147 0 17 26 
3967 1 0 26 
3669 1 18 26 
3560 2 19 26 
3477 4 19 26 
3314 5 18 26 
3261 6 17 26 
3190 7 16 26 
3125 18 19 26 
3090 19 18 26 
2994 0 2 26 
2565 0 16 26 
2230 1 1 26 
2040 1 17 26 
1622 2 0 26 
1343 2 18 26 
1278 3 19 26 
845 4 18 26 
684 5 17 26 
612 6 16 26 
590 7 15 26 
577 17 19 26 
357 18 18 26 
177 19 17 26 
34 0 3 26 
12 0 15 26 
5628 1 2 26 
5612 1 16 26 
5461 2 1 26 
5433 2 17 26 
5281 3 0 26 
5275 3 18 26 
5274 4 17 26 
5061 5 16 26 
4975 6 15 26 
4906 16 19 26 
4892 17 18 26 
4713 18 17 26 
4580 19 16 26 
4578 0 4 26 
4531 0 14 26 
4447 1 3 26 
4420 1 15 26 
4058 2 2 26 
3653 2 16 26 
3576 3 1 26 
3485 3 17 26 
3329 4 0 26 
3249 4 16 26 
3212 5 15 26 
2970 15 19 26 
2928 16 18 26 
2767 17 17 26 
2525 18 16 26 
2382 19 15 26 
2375 0 5 26 
2256 0 13 26 
2217 1 4 26 
2021 1 14 26 
1752 2 3 26 
1281 2 15 26 
1206 3 2 26 
1006 3 16 26 
946 4 1 26 
639 4 15 26 
602 14 19 26 
555 15 18 26 
470 16 17 26 
362 17 16 26 
284 18 15 26 
264 19 14 26 
5799 0 6 26 
5711 0 12 26 
5422 1 5 26 
4927 1 13 26 
4786 2 4 26 
4291 2 14 26 
4246 3 3 26 
4206 3 15 26 
4174 4 2 26 
4084 13 19 26 
4052 14 18 26 
3945 15 17 26 
3601 16 16 26 
3544 17 15 26 
3192 18 14 26 
2924 19 13 26 
2779 0 7 26 
2580 0 11 26 
2146 1 6 26 
1968 1 12 26 
1914 2 5 26 
1901 2 13 26 
1730 3 4 26 
1707 3 14 26 
1609 4 3 26 
1495 8 19 26 
1094 12 19 26 
947 13 18 26 
909 14 17 26 
906 15 16 26 
870 16 15 26 
816 17 14 26 
182 18 13 26 
99 19 12 26 
5776 0 8 26 
5703 0 10 26 
5453 1 7 26 
5390 1 11 26 
5168 2 6 26 
5153 2 12 26 
5141 3 5 26 
4917 3 13 26 
4667 4 4 26 
4608 4 14 26 
4445 8 18 26 
3574 9 19 26 
3332 11 19 26 
2991 12 18 26 
2968 13 17 26 
2738 14 16 26 
2550 15 15 26 
2543 16 14 26 
2440 17 13 26 
2386 18 12 26 
2243 19 11 26 
1953 0 9 26 
949 1 8 26 
643 1 10 26 
565 2 7 26 
420 2 11 26 
291 3 6 26 
260 3 12 26 
254 4 5 26 
145 4 13 26 
132 5 14 26 
110 7 14 26 
5609 8 17 26 
5526 9 18 26 
5466 10 19 26 
5307 11 18 26 
5257 12 17 26 
5193 13 16 26 
5094 14 15 26 
5085 15 14 26 
5051 16 13 26 
5034 17 12 26 
4993 18 11 26 
4422 19 0 26 
4183 19 10 26 
4071 1 9 26 
4059 2 8 26 
4044 2 10 26 
3952 3 7 26 
3696 3 11 26 
3677 4 6 26 
3580 4 12 26 
3138 5 13 26 
3064 6 14 26 
2979 7 13 26 
2729 8 16 26 
2241 9 17 26 
2191 10 18 26 
1681 11 17 26 
1596 12 16 26 
1208 13 15 26 
749 14 14 26 
564 15 13 26 
87 16 12 26 
17 17 11 26 
5741 18 0 26 
5626 18 10 26 
5106 19 1 26 
5083 19 9 26 
4684 2 9 26 
4095 3 8 26 
4037 3 10 26 
4015 4 7 26 
3961 4 11 26 
3639 5 12 26 
3609 6 13 26 
3491 7 12 26 
3435 8 15 26 
3264 9 16 26 
3045 10 17 26 
2619 11 16 26 
2484 12 15 26 
2420 13 14 26 
2319 14 13 26 
1868 15 12 26 
1605 16 11 26 
1377 17 0 26 
736 17 10 26 
474 18 1 26 
286 18 9 26 
202 19 2 26 
5328 19 8 26 
5159 3 9 26 
5066 4 8 26 
4898 4 10 26 
4791 5 11 26 
4774 6 12 26 
4668 7 11 26 
4509 8 14 26 
4466 9 15 26 
4308 10 16 26 
3926 11 15 26 
3842 12 14 26 
3598 13 13 26 
3537 14 12 26 
3469 15 11 26 
3303 16 0 26 
3202 16 10 26 
2753 17 1 26 
2073 17 9 26 
1960 18 2 26 
1941 18 8 26 
1464 19 3 26 
1047 19 7 26 
1027 4 9 26 
944 5 10 26 
677 6 11 26 
664 8 13 26 
592 9 14 26 
244 10 15 26 
78 11 14 26 
5774 12 13 26 
5683 13 12 26 
5508 14 11 26 
5070 15 0 26 
4663 15 10 26 
4620 16 1 26 
4558 16 9 26 
4060 17 2 26 
3373 17 8 26 
2802 18 3 26 
2391 18 7 26 
2155 19 4 26 
1685 19 6 26 
1328 5 9 26 
1076 6 10 26 
1057 8 12 26 
1009 9 13 26 
922 10 14 26 
867 11 13 26 
539 12 12 26 
352 13 11 26 
210 14 0 26 
4198 14 10 26 
4178 15 1 26 
3893 15 9 26 
3863 16 2 26 
3810 16 8 26 
3729 17 3 26 
3360 17 7 26 
3219 18 4 26 
3044 18 6 26 
2942 19 5 26 
2908 5 8 26 
2776 6 9 26 
2610 7 10 26 
2570 8 11 26 
2519 9 12 26 
2505 10 13 26 
2415 11 12 26 
2348 12 11 26 
2159 13 0 26 
1906 13 10 26 
1153 14 1 26 
473 14 9 26 
315 15 2 26 
5344 15 8 26 
5323 16 3 26 
4687 16 7 26 
4403 17 4 26 
4069 17 6 26 
3846 18 5 26 
3668 5 7 26 
3589 6 8 26 
3433 7 9 26 
3394 8 10 26 
3297 9 11 26 
3074 10 12 26 
3035 11 11 26 
2340 12 0 26 
2306 12 10 26 
2197 13 1 26 
1815 13 9 26 
1712 14 2 26 
1642 14 8 26 
645 15 3 26 
633 15 7 26 
620 16 4 26 
406 16 6 26 
2 17 5 26 
5710 5 6 26 
5597 6 7 26 
5372 7 8 26 
5150 8 9 26 
4954 9 10 26 
3888 10 11 26 
3512 11 0 26 
3447 11 10 26 
3364 12 1 26 
3299 12 9 26 
2248 13 2 26 
2214 13 8 26 
1933 14 3 26 
1493 14 7 26 
910 15 4 26 
860 15 6 26 
536 16 5 26 
32 5 5 26 
5175 6 6 26 
5032 7 7 26 
4974 8 8 26 
4005 9 9 26 
3956 10 10 26 
3513 11 1 26 
3509 11 9 26 
3292 12 2 26 
2602 12 8 26 
2172 13 3 26 
2013 13 7 26 
1623 14 4 26 
1362 14 6 26 
1241 15 5 26 
868 5 4 26 
826 6 5 26 
813 7 6 26 
328 8 7 26 
317 9 8 26 
82 10 9 26 
5675 11 2 26 
5035 11 8 26 
4965 12 3 26 
4912 12 7 26 
4822 13 4 26 
4534 13 6 26 
4314 14 5 26 
3740 5 3 26 
3270 6 4 26 
3183 7 5 26 
2912 8 6 26 
2528 9 7 26 
2377 10 8 26 
2240 11 3 26 
1973 11 7 26 
1970 12 4 26 
1129 12 6 26 
558 13 5 26 
544 5 2 26 
450 6 3 26 
415 7 4 26 
64 8 5 26 
39 9 6 26 
14 10 7 26 
5513 11 4 26 
5184 11 6 26 
4880 12 5 26 
4635 5 1 26 
4383 6 2 26 
4364 7 3 26 
4362 8 4 26 
3943 9 5 26 
3835 10 6 26 
2758 11 5 26 
2025 5 0 26 
1740 6 1 26 
1632 7 2 26 
932 8 3 26 
817 9 4 26 
411 10 5 26 
5331 6 0 26 
5312 7 1 26 
4949 8 2 26 
4773 9 3 26 
4685 10 4 26 
2571 7 0 26 
2261 8 1 26 
1099 9 2 26 
4900 10 3 26 
4854 8 0 26 
3792 9 1 26 
743 10 2 26 
4735 9 0 26 
4476 10 1 26 
4039 10 0 26 
1229 9 1 38 
546 8 1 39 
2703 9 2 39 
5743 7 1 39 
2870 8 2 39 
4446 9 3 39 
5676 6 1 40 
516 7 2 40 
1715 8 3 40 
3459 9 4 40 
4012 6 2 40 
943 7 3 40 
1915 8 4 40 
2026 9 5 40 
3879 10 6 40 
4566 6 3 41 
4604 7 4 41 
113 8 5 41 
1451 9 6 41 
1979 10 7 41 
2434 11 6 40 
3800 12 5 40 
5481 6 4 41 
349 7 5 41 
923 8 6 41 
1612 10 8 41 
2656 11 7 41 
2671 12 4 41 
3612 12 6 41 
3871 13 5 41 
261 6 5 42 
541 7 6 42 
762 10 9 42 
858 12 3 41 
1248 12 7 41 
1271 13 4 41 
1701 13 6 41 
1883 14 5 41 
2577 6 6 42 
2603 9 9 42 
3301 10 10 42 
3595 12 2 42 
4564 13 3 42 
5029 13 7 42 
18 14 4 42 
330 14 6 42 
726 15 5 42 
1253 8 9 43 
2396 9 10 43 
2477 10 11 43 
2709 11 10 43 
3293 12 1 43 
3486 13 2 43 
4388 14 3 43 
5653 14 7 43 
5691 15 6 43 
83 16 5 43 
525 7 9 44 
559 9 11 44 
644 10 12 44 
1677 11 11 44 
2048 12 10 44 
3029 13 1 44 
3659 14 2 44 
3942 16 6 44 
4175 17 5 44 
40 6 9 45 
233 9 12 45 
234 10 13 45 
462 11 12 45 
1049 13 10 45 
1182 14 1 45 
1230 17 4 44 
1434 17 6 44 
1548 18 5 44 
1996 9 13 46 
2840 10 14 46 
2971 11 13 46 
3400 14 10 45 
3625 17 3 45 
3720 17 7 45 
5060 18 4 45 
5192 18 6 45 
5167 7 19 51 
4989 0 19 51 
4705 6 19 51 
4695 7 18 51 
4594 0 0 51 
4083 0 18 51 
3999 1 19 51 
3799 5 19 51 
3531 6 18 51 
3510 7 17 51 
3304 19 19 51 
3146 0 1 51 
2878 0 17 51 
2841 1 0 51 
2475 1 18 51 
2439 2 19 51 
2160 4 19 51 
1932 5 18 51 
1911 6 17 51 
1857 7 16 51 
1157 18 19 51 
1126 19 18 51 
1087 0 2 51 
885 0 16 51 
850 1 1 51 
799 1 17 51 
704 2 0 51 
623 2 18 51 
608 3 19 51 
500 4 18 51 
488 5 17 51 
393 6 16 51 
241 7 15 51 
206 17 19 51 
112 18 18 51 
106 19 17 51 
5631 0 3 51 
5518 0 15 51 
5415 1 2 51 
5395 1 16 51 
5357 2 1 51 
5300 2 17 51 
5210 3 0 51 
5109 3 18 51 
5062 4 17 51 
4960 5 16 51 
4885 6 15 51 
4669 16 19 51 
4273 17 18 51 
3985 18 17 51 
3944 19 16 51 
3914 0 4 51 
3787 0 14 51 
3641 1 3 51 
3594 1 15 51 
3508 2 2 51 
3348 2 16 51 
3071 3 1 51 
2995 3 17 51 
2799 4 0 51 
2503 4 16 51 
2339 5 15 51 
2333 15 19 51 
2074 16 18 51 
1666 17 17 51 
1589 18 16 51 
1577 19 15 51 
1199 0 5 51 
1067 0 13 51 
984 1 4 51 
902 1 14 51 
519 2 3 51 
270 2 15 51 
5682 3 2 51 
5028 3 16 51 
4817 4 1 51 
4307 4 15 51 
3987 14 19 51 
3837 15 18 51 
3796 16 17 51 
3683 17 16 51 
3565 18 15 51 
3031 19 14 51 
2678 0 6 51 
2216 0 12 51 
2085 1 5 51 
1888 1 13 51 
1813 2 4 51 
1668 2 14 51 
1299 3 3 51 
1219 3 15 51 
1115 4 2 51 
904 13 19 51 
855 14 18 51 
792 15 17 51 
741 16 16 51 
492 17 15 51 
436 18 14 51 
180 19 13 51 
102 0 7 51 
54 0 11 51 
50 1 6 51 
15 1 12 51 
5346 2 5 51 
5278 2 13 51 
4229 3 4 51 
4093 3 14 51 
3849 4 3 51 
3424 8 19 51 
3372 12 19 51 
3106 13 18 51 
2697 14 17 51 
2506 15 16 51 
2451 16 15 51 
2362 17 14 51 
2327 18 13 51 
2206 19 12 51 
2174 0 8 51 
2165 0 10 51 
2109 1 7 51 
2032 1 11 51 
1772 2 6 51 
1366 2 12 51 
1124 3 5 51 
969 3 13 51 
931 4 4 51 
893 4 14 51 
774 8 18 51 
733 9 19 51 
514 11 19 51 
318 12 18 51 
5542 13 17 51 
5420 14 16 51 
5239 15 15 51 
5174 16 14 51 
5016 17 13 51 
5011 18 12 51 
4922 19 11 51 
4884 0 9 51 
4707 1 8 51 
4701 1 10 51 
4700 2 7 51 
4520 2 11 51 
4448 3 6 51 
4439 3 12 51 
4411 4 5 51 
4304 4 13 51 
4014 5 14 51 
3770 7 14 51 
3539 8 17 51 
3468 9 18 51 
3326 10 19 51 
3323 11 18 51 
3282 12 17 51 
2887 13 16 51 
2409 14 15 51 
2253 15 14 51 
1912 16 13 51 
1765 17 12 51 
1690 18 11 51 
1223 19 0 51 
966 19 10 51 
680 1 9 51 
617 2 8 51 
562 2 10 51 
458 3 7 51 
166 3 11 51 
5525 4 6 51 
5424 4 12 51 
5370 5 13 51 
5129 6 14 51 
4924 7 13 51 
4670 8 16 51 
4257 9 17 51 
4216 10 18 51 
4111 11 17 51 
3617 12 16 51 
3500 13 15 51 
3444 14 14 51 
3442 15 13 51 
3408 16 12 51 
3182 17 11 51 
3136 18 0 51 
2901 18 10 51 
2500 19 1 51 
2473 19 9 51 
2012 2 9 51 
1927 3 8 51 
1922 3 10 51 
1835 4 7 51 
1682 4 11 51 
1334 5 12 51 
1258 6 13 51 
1176 7 12 51 
1023 8 15 51 
983 9 16 51 
69 10 17 51 
5627 11 16 51 
5495 12 15 51 
5478 13 14 51 
5347 14 13 51 
4959 15 12 51 
4918 16 11 51 
4846 17 0 51 
4510 17 10 51 
4417 18 1 51 
4415 18 9 51 
4224 19 2 51 
4112 19 8 51 
3997 3 9 51 
3915 4 8 51 
3624 4 10 51 
3567 5 11 51 
3251 6 12 51 
3123 7 11 51 
2997 8 14 51 
2940 9 15 51 
2922 10 16 51 
2875 11 15 51 
2727 12 14 51 
2666 13 13 51 
2406 14 12 51 
1581 15 11 51 
1437 16 0 51 
1370 16 10 51 
1352 17 1 51 
829 17 9 51 
205 18 2 51 
183 18 8 51 
48 19 3 51 
3 19 7 51 
5808 4 9 51 
5804 5 10 51 
5792 6 11 51 
5697 8 13 51 
5678 9 14 51 
5454 10 15 51 
5171 11 14 51 
4738 12 13 51 
4472 13 12 51 
4454 14 11 51 
4085 15 0 51 
4011 15 10 51 
3458 16 1 51 
3452 16 9 51 
3083 17 2 51 
2976 17 8 51 
2969 18 3 51 
2967 18 7 51 
2395 19 4 51 
2376 19 6 51 
2097 5 9 51 
1874 6 10 51 
1818 8 12 51 
1724 9 13 51 
1547 10 14 51 
1329 11 13 51 
1003 12 12 51 
889 13 11 51 
779 14 0 51 
629 14 10 51 
585 15 1 51 
5501 15 9 51 
5431 16 2 51 
5407 16 8 51 
5208 17 3 51 
5052 17 7 51 
4827 18 4 51 
4740 18 6 51 
4660 19 5 51 
4648 5 8 51 
4226 6 9 51 
4065 7 10 51 
3947 8 11 51 
3645 9 12 51 
3453 10 13 51 
3266 11 12 51 
2864 12 11 51 
2522 13 0 51 
2481 13 10 51 
2479 14 1 51 
2260 14 9 51 
1891 15 2 51 
1743 15 8 51 
1338 16 3 51 
1221 16 7 51 
964 17 4 51 
484 17 6 51 
75 18 5 51 
5661 5 7 51 
5540 6 8 51 
5443 7 9 51 
5295 8 10 51 
4785 9 11 51 
4710 10 12 51 
4110 11 11 51 
4020 12 0 51 
3816 12 10 51 
3354 13 1 51 
3353 13 9 51 
3239 14 2 51 
2982 14 8 51 
2951 15 3 51 
2893 15 7 51 
2298 16 4 51 
2204 16 6 51 
2137 17 5 51 
2111 5 6 51 
2052 6 7 51 
1716 7 8 51 
1511 8 9 51 
1477 9 10 51 
1375 10 11 51 
1320 11 0 51 
1162 11 10 51 
1102 12 1 51 
921 12 9 51 
878 13 2 51 
819 13 8 51 
671 14 3 51 
598 14 7 51 
533 15 4 51 
506 15 6 51 
172 16 5 51 
4813 5 5 51 
4790 6 6 51 
4751 7 7 51 
4567 8 8 51 
4540 9 9 51 
4463 10 10 51 
3699 11 1 51 
3288 11 9 51 
2771 12 2 51 
1828 12 8 51 
1613 13 3 51 
1106 13 7 51 
784 14 4 51 
591 14 6 51 
5645 15 5 51 
5622 5 4 51 
5452 6 5 51 
5297 7 6 51 
5118 8 7 51 
4789 9 8 51 
3913 10 9 51 
3755 11 2 51 
3746 11 8 51 
3644 12 3 51 
3099 12 7 51 
1839 13 4 51 
1466 13 6 51 
1396 14 5 51 
1270 5 3 51 
1262 6 4 51 
1224 7 5 51 
1169 8 6 51 
936 9 7 51 
604 10 8 51 
526 11 3 51 
417 11 7 51 
235 12 4 51 
227 12 6 51 
5662 13 5 51 
5441 5 2 51 
5375 6 3 51 
3413 7 4 51 
2871 8 5 51 
2594 9 6 51 
2569 10 7 51 
2499 11 4 51 
2379 11 6 51 
1056 12 5 51 
900 5 1 51 
225 6 2 51 
5660 7 3 51 
5345 8 4 51 
4950 9 5 51 
4598 10 6 51 
4104 11 5 51 
3940 5 0 51 
3782 6 1 51 
2161 7 2 51 
1469 8 3 51 
1371 9 4 51 
982 10 5 51 
5486 6 0 51 
4325 7 1 51 
4049 8 2 51 
3777 9 3 51 
3774 10 4 51 
3706 7 0 51 
1744 8 1 51 
1499 9 2 51 
1492 10 3 51 
697 8 0 51 
196 9 1 51 
5488 10 2 51 
796 9 0 51 
399 10 1 51 
5798 10 0 51 
3243 9 1 64 
2690 8 1 64 
2827 9 2 64 
3011 7 1 64 
4723 8 2 64 
5397 9 3 64 
547 6 1 65 
1210 7 2 65 
2153 8 3 65 
5255 9 4 65 
1065 6 2 66 
2037 7 3 65 
3794 8 4 65 
4655 9 5 65 
2537 10 6 65 
3847 6 3 66 
4207 7 4 66 
4728 8 5 66 
4887 9 6 66 
44 10 7 66 
563 11 6 66 
668 12 5 66 
730 6 4 67 
1732 7 5 67 
2001 8 6 67 
2399 10 8 67 
3248 11 7 67 
4100 12 4 67 
5124 12 6 67 
5807 13 5 66 
381 6 5 67 
409 7 6 67 
1119 10 9 67 
1488 12 3 67 
1972 12 7 67 
3016 13 4 67 
3154 13 6 67 
3640 14 5 67 
4192 6 6 68 
4244 9 9 68 
4606 10 10 68 
4979 12 2 68 
5546 13 3 68 
5769 13 7 68 
97 14 4 68 
502 14 6 68 
859 15 5 67 
1423 8 9 69 
2865 9 10 69 
3047 10 11 69 
3272 11 10 69 
3808 12 1 69 
4154 13 2 69 
4818 14 3 69 
5077 14 7 69 
5589 15 6 69 
1950 16 5 69 
2307 7 9 69 
2521 9 11 69 
3713 10 12 69 
3865 11 11 69 
4553 12 10 69 
4563 13 1 69 
4624 14 2 69 
4848 16 6 69 
5003 17 5 69 
5464 6 9 70 
761 9 12 70 
1498 10 13 70 
2412 11 12 70 
2441 13 10 70 
3556 14 1 70 
3606 17 4 70 
3632 17 6 70 
4377 18 5 70 
4677 9 13 71 
4800 10 14 71 
4828 11 13 71 
5013 14 10 71 
5770 7 19 76 
5585 0 19 76 
5577 6 19 76 
5517 7 18 76 
5262 0 0 76 
5201 0 18 76 
5131 1 19 76 
5073 5 19 76 
4908 6 18 76 
4607 7 17 76 
4327 19 19 76 
4252 0 1 76 
4232 0 17 76 
4162 1 0 76 
4068 1 18 76 
4001 2 19 76 
3851 4 19 76 
3767 5 18 76 
3618 6 17 76 
2860 7 16 76 
2770 18 19 76 
2739 19 18 76 
2605 0 2 76 
2438 0 16 76 
2435 1 1 76 
2351 1 17 76 
2094 2 0 76 
1991 2 18 76 
1917 3 19 76 
1900 4 18 76 
1774 5 17 76 
1655 6 16 76 
1408 7 15 76 
1363 17 19 76 
962 18 18 76 
933 19 17 76 
913 0 3 76 
725 0 15 76 
607 1 2 76 
578 1 16 76 
252 2 1 76 
107 2 17 76 
100 3 0 76 
5763 3 18 76 
5470 4 17 76 
5462 5 16 76 
5324 6 15 76 
4942 16 19 76 
4743 17 18 76 
4711 18 17 76 
4532 19 16 76 
4296 0 4 76 
4221 0 14 76 
4019 1 3 76 
3649 1 15 76 
3623 2 2 76 
3319 2 16 76 
3063 3 1 76 
2964 3 17 76 
2720 4 0 76 
2407 4 16 76 
2374 5 15 76 
2344 15 19 76 
2287 16 18 76 
1843 17 17 76 
1604 18 16 76 
1131 19 15 76 
1112 0 5 76 
1043 0 13 76 
862 1 4 76 
771 1 14 76 
489 2 3 76 
332 2 15 76 
167 3 2 76 
5819 3 16 76 
5373 4 1 76 
4944 4 15 76 
4876 14 19 76 
4811 15 18 76 
4770 16 17 76 
4609 17 16 76 
4493 18 15 76 
4356 19 14 76 
4336 0 6 76 
4289 0 12 76 
3995 1 5 76 
3949 1 13 76 
3760 2 4 76 
3551 2 14 76 
3320 3 3 76 
3265 3 15 76 
3220 4 2 76 
3210 13 19 76 
3156 14 18 76 
3058 15 17 76 
2836 16 16 76 
2488 17 15 76 
2110 18 14 76 
2088 19 13 76 
1824 0 7 76 
1801 0 11 76 
1710 1 6 76 
1603 1 12 76 
1235 2 5 76 
1228 2 13 76 
835 3 4 76 
669 3 14 76 
628 4 3 76 
603 8 19 76 
580 12 19 76 
128 13 18 76 
5511 14 17 76 
5444 15 16 76 
5367 16 15 76 
5190 17 14 76 
4985 18 13 76 
4829 19 12 76 
4745 0 8 76 
4644 0 10 76 
4027 1 7 76 
3903 1 11 76 
3902 2 6 76 
3783 2 12 76 
3750 3 5 76 
3664 3 13 76 
3483 4 4 76 
2783 4 14 76 
2627 8 18 76 
2624 9 19 76 
2418 11 19 76 
2284 12 18 76 
2125 13 17 76 
2075 14 16 76 
1599 15 15 76 
1295 16 14 76 
987 17 13 76 
574 18 12 76 
267 19 11 76 
5656 0 9 76 
5620 1 8 76 
5528 1 10 76 
5471 2 7 76 
5378 2 11 76 
5090 3 6 76 
5058 3 12 76 
4857 4 5 76 
4838 4 13 76 
4348 5 14 76 
4114 7 14 76 
3519 8 17 76 
3390 9 18 76 
3386 10 19 76 
3346 11 18 76 
3263 12 17 76 
3250 13 16 76 
3222 14 15 76 
3174 15 14 76 
1885 16 13 76 
1680 17 12 76 
872 18 11 76 
838 19 0 76 
751 19 10 76 
705 1 9 76 
159 2 8 76 
127 2 10 76 
60 3 7 76 
5750 3 11 76 
5419 4 6 76 
5152 4 12 76 
5001 5 13 76 
4976 6 14 76 
4871 7 13 76 
4658 8 16 76 
4491 9 17 76 
4483 10 18 76 
4341 11 17 76 
4009 12 16 76 
3886 13 15 76 
3754 14 14 76 
3259 15 13 76 
3176 16 12 76 
2731 17 11 76 
2652 18 0 76 
2559 18 10 76 
2496 19 1 76 
2423 19 9 76 
2389 2 9 76 
2288 3 8 76 
1762 3 10 76 
1725 4 7 76 
1568 4 11 76 
1113 5 12 76 
839 6 13 76 
793 7 12 76 
675 8 15 76 
465 9 16 76 
443 10 17 76 
371 11 16 76 
282 12 15 76 
5805 13 14 76 
5497 14 13 76 
5293 15 12 76 
5253 16 11 76 
5093 17 0 76 
4957 17 10 76 
4935 18 1 76 
4725 18 9 76 
4686 19 2 76 
4627 19 8 76 
4479 3 9 76 
4282 4 8 76 
3960 4 10 76 
3821 5 11 76 
3710 6 12 76 
3204 7 11 76 
2246 8 14 76 
1982 9 15 76 
1636 10 16 76 
1476 11 15 76 
1083 12 14 76 
959 13 13 76 
873 14 12 76 
678 15 11 76 
521 16 0 76 
468 16 10 76 
438 17 1 76 
185 17 9 76 
168 18 2 76 
35 18 8 76 
5215 19 3 76 
5105 19 7 76 
5053 4 9 76 
4807 5 10 76 
4796 6 11 76 
4750 8 13 76 
4586 9 14 76 
3989 10 15 76 
3958 11 14 76 
3862 12 13 76 
3207 13 12 76 
3194 14 11 76 
3153 15 0 76 
2956 15 10 76 
2576 16 1 76 
2385 16 9 76 
2279 17 2 76 
2098 17 8 76 
2014 18 3 76 
1858 18 7 76 
1817 19 4 76 
1689 19 6 76 
1648 5 9 76 
1457 6 10 76 
1436 8 12 76 
1238 9 13 76 
753 10 14 76 
294 11 13 76 
263 12 12 76 
217 13 11 76 
5668 14 0 76 
5530 14 10 76 
5403 15 1 76 
5160 15 9 76 
4760 16 2 76 
4508 16 8 76 
4269 17 3 76 
4040 17 7 76 
3596 18 4 76 
3233 18 6 76 
3025 19 5 76 
2920 5 8 76 
2906 6 9 76 
2849 7 10 76 
2524 8 11 76 
2483 9 12 76 
2203 10 13 76 
2145 11 12 76 
1840 12 11 76 
1738 13 0 76 
1720 13 10 76 
1637 14 1 76 
1551 14 9 76 
1327 15 2 76 
1123 15 8 76 
1104 16 3 76 
1096 16 7 76 
752 17 4 76 
511 17 6 76 
105 18 5 76 
5532 5 7 76 
5512 6 8 76 
5237 7 9 76 
4157 8 10 76 
3761 9 11 76 
3181 10 12 76 
2493 11 11 76 
2358 12 0 76 
2350 12 10 76 
2277 13 1 76 
2187 13 9 76 
1875 14 2 76 
1836 14 8 76 
1624 15 3 76 
1620 15 7 76 
806 16 4 76 
561 16 6 76 
486 17 5 76 
133 5 6 76 
26 6 7 76 
5614 7 8 76 
5572 8 9 76 
5510 9 10 76 
5440 10 11 76 
5240 11 0 76 
4895 11 10 76 
4776 12 1 76 
4702 12 9 76 
4599 13 2 76 
3905 13 8 76 
3797 14 3 76 
3555 14 7 76 
3482 15 4 76 
3169 15 6 76 
3073 16 5 76 
3007 5 5 76 
2842 6 6 76 
2778 7 7 76 
2650 8 8 76 
2263 9 9 76 
2134 10 10 76 
2130 11 1 76 
1513 11 9 76 
1369 12 2 76 
1310 12 8 76 
1285 13 3 76 
1014 13 7 76 
963 14 4 76 
840 14 6 76 
5179 15 5 76 
4802 5 4 76 
4699 6 5 76 
4692 7 6 76 
4612 8 7 76 
4555 9 8 76 
4351 10 9 76 
3901 11 2 76 
3305 11 8 76 
3276 12 3 76 
3171 12 7 76 
3034 13 4 76 
2631 13 6 76 
2556 14 5 76 
1652 5 3 76 
1559 6 4 76 
1177 7 5 76 
285 8 6 76 
53 9 7 76 
5788 10 8 76 
5752 11 3 76 
4929 11 7 76 
4803 12 4 76 
4742 12 6 76 
3930 13 5 76 
3712 5 2 76 
3655 6 3 76 
3635 7 4 76 
3590 8 5 76 
3151 9 6 76 
2482 10 7 76 
2425 11 4 76 
1925 11 6 76 
1785 12 5 76 
1178 5 1 76 
1163 6 2 76 
556 7 3 76 
109 8 4 76 
5539 9 5 76 
5101 10 6 76 
4452 11 5 76 
4425 5 0 76 
4168 6 1 76 
3673 7 2 76 
3412 8 3 76 
3129 9 4 76 
2814 10 5 76 
1923 6 0 76 
1859 7 1 76 
59 8 2 76 
5756 9 3 76 
3223 10 4 76 
3201 7 0 76 
2599 8 1 76 
2323 9 2 76 
2009 10 3 76 
1853 8 0 76 
1194 9 1 76 
5692 10 2 76 
4272 9 0 76 
3802 10 1 76 
2280 10 0 76 
3781 9 1 89 
179 8 1 89 
343 9 2 89 
3896 7 1 90 
1456 8 2 90 
1768 9 3 89 
3366 6 1 90 
4934 7 2 90 
5173 8 3 90 
1491 9 4 90 
4141 6 2 91 
3030 7 3 91 
3229 8 4 91 
3240 9 5 90 
3431 10 6 90 
4202 6 3 91 
5250 7 4 91 
135 8 5 91 
674 9 6 91 
1662 10 7 91 
1737 11 6 91 
3588 12 5 91 
5264 6 4 92 
5806 7 5 92 
542 8 6 92 
1145 10 8 91 
2157 11 7 91 
2274 12 4 91 
2448 12 6 91 
3487 13 5 91 
4499 6 5 92 
4618 7 6 92 
4714 10 9 92 
80 12 3 92 
380 12 7 92 
407 13 4 92 
656 13 6 92 
996 14 5 92 
1233 6 6 93 
1908 9 9 93 
2034 10 10 93 
2765 12 2 93 
2857 13 3 93 
3080 13 7 93 
3232 14 4 93 
3727 14 6 93 
4213 15 5 92 
4833 8 9 93 
4907 9 10 93 
4995 10 11 93 
416 11 10 93 
440 12 1 93 
490 13 2 93 
660 14 3 93 
888 14 7 93 
1138 15 6 93 
1360 16 5 93 
1479 7 9 94 
2557 9 11 94 
2588 10 12 94 
2696 11 11 94 
3188 12 10 94 
3823 13 1 94 
4042 14 2 94 
4130 16 6 94 
4305 17 5 94 
4395 6 9 95 
5298 9 12 95 
37 10 13 95 
93 11 12 95 
224 13 10 95 
545 14 1 95 
925 17 4 95 
1381 17 6 95 
2095 18 5 95 
4458 9 13 96 
5130 10 14 96 
5155 11 13 96 
5684 14 10 95 
