1966
6367 19 10 1 
6292 18 10 1 
6147 19 11 1 
6114 19 19 1 
5932 17 10 1 
5926 18 11 1 
5735 18 19 1 
5678 19 12 1 
5525 19 18 1 
5413 16 10 1 
5406 17 11 1 
5397 17 19 1 
5311 18 12 1 
5175 18 18 1 
4659 19 13 1 
4434 19 17 1 
4404 15 10 1 
4175 16 11 1 
4108 16 19 1 
3967 17 12 1 
3958 17 18 1 
3829 18 13 1 
3680 18 17 1 
3403 19 14 1 
3227 19 16 1 
2301 14 10 1 
1865 15 11 1 
1602 15 19 1 
1591 16 12 1 
1497 16 18 1 
1482 17 13 1 
1474 17 17 1 
1434 18 14 1 
1412 18 16 1 
1302 19 15 1 
1189 13 10 1 
1119 14 11 1 
666 14 19 1 
511 15 12 1 
444 15 18 1 
398 16 13 1 
394 16 17 1 
338 17 14 1 
321 17 16 1 
97 18 15 1 
18 12 10 1 
6556 13 11 1 
6153 13 19 1 
6141 14 12 1 
5905 14 18 1 
5727 15 13 1 
5432 15 17 1 
5356 16 14 1 
5076 16 16 1 
4855 17 15 1 
4661 11 10 1 
4132 12 11 1 
4081 12 19 1 
3278 13 12 1 
3249 13 18 1 
3205 14 13 1 
2895 14 17 1 
2770 15 14 1 
2766 15 16 1 
2560 16 15 1 
2150 11 11 1 
2094 11 19 1 
1979 12 12 1 
1772 12 18 1 
1763 13 13 1 
1718 13 17 1 
1637 14 14 1 
1213 14 16 1 
1022 15 15 1 
758 10 19 1 
744 11 12 1 
564 11 18 1 
561 12 13 1 
507 12 17 1 
136 13 14 1 
6244 13 16 1 
6129 14 15 1 
6035 9 19 1 
5793 10 18 1 
5791 11 13 1 
5617 11 17 1 
5115 12 14 1 
4918 12 16 1 
4889 13 15 1 
4817 0 19 1 
4766 8 11 1 
4334 8 19 1 
3902 9 18 1 
3706 10 13 1 
3541 10 17 1 
3406 11 14 1 
3359 11 16 1 
3308 12 15 1 
3185 0 18 1 
2944 1 19 1 
2875 7 11 1 
2780 7 19 1 
2734 8 12 1 
2382 8 18 1 
2349 9 13 1 
2312 9 17 1 
2273 10 14 1 
1982 10 16 1 
1572 11 15 1 
956 0 17 1 
712 1 18 1 
508 2 19 1 
476 6 11 1 
286 6 19 1 
148 7 12 1 
131 7 18 1 
95 8 13 1 
6401 8 17 1 
6040 9 14 1 
6028 9 16 1 
5610 10 15 1 
5536 0 16 1 
5080 1 17 1 
4879 2 18 1 
4683 3 19 1 
4669 5 19 1 
4443 6 12 1 
4368 6 18 1 
3916 7 13 1 
3912 7 17 1 
3574 8 14 1 
3469 8 16 1 
3279 9 15 1 
3216 0 15 1 
2916 1 16 1 
2857 2 17 1 
2764 3 18 1 
2684 4 19 1 
2500 5 18 1 
2401 6 13 1 
2337 6 17 1 
2224 7 14 1 
2092 7 16 1 
1668 8 15 1 
1539 0 14 1 
1525 1 15 1 
1521 2 16 1 
958 3 17 1 
697 4 18 1 
477 5 17 1 
213 6 14 1 
3 6 16 1 
6565 7 15 1 
6340 19 9 1 
5978 0 13 1 
5686 1 14 1 
5631 2 15 1 
5226 3 16 1 
4682 4 17 1 
4481 5 16 1 
4215 6 15 1 
4131 18 9 1 
4089 19 8 1 
3934 0 12 1 
3929 1 13 1 
3747 2 14 1 
3736 3 15 1 
3445 4 16 1 
3289 5 15 1 
3234 17 9 1 
2639 18 8 1 
2509 19 7 1 
2329 0 11 1 
2288 1 12 1 
2258 2 13 1 
2198 3 14 1 
2132 4 15 1 
2028 16 9 1 
1902 17 8 1 
1877 18 7 1 
1748 19 6 1 
1315 0 0 1 
1046 0 10 1 
842 1 11 1 
538 2 12 1 
426 3 13 1 
91 4 14 1 
6439 15 9 1 
6385 16 8 1 
6247 17 7 1 
5889 18 6 1 
5401 19 5 1 
5140 0 1 1 
4910 0 9 1 
4804 1 0 1 
4793 1 10 1 
4144 2 11 1 
3914 3 12 1 
3814 4 13 1 
3529 5 14 1 
3390 14 9 1 
2825 15 8 1 
2467 16 7 1 
2393 17 6 1 
2241 18 5 1 
2193 19 4 1 
1987 0 2 1 
1552 0 8 1 
1355 1 1 1 
1041 1 9 1 
1004 2 0 1 
729 2 10 1 
545 3 11 1 
429 4 12 1 
25 5 13 1 
6090 10 12 1 
5772 13 9 1 
5666 14 8 1 
5067 15 7 1 
5027 16 6 1 
4953 17 5 1 
4852 18 4 1 
4127 19 3 1 
4069 0 3 1 
3758 0 7 1 
3640 1 2 1 
2935 1 8 1 
2928 2 1 1 
2839 2 9 1 
2692 3 0 1 
2332 3 10 1 
2211 4 11 1 
2135 5 12 1 
2040 9 12 1 
1791 10 11 1 
1724 12 9 1 
1723 13 8 1 
1709 14 7 1 
1494 15 6 1 
1462 16 5 1 
1059 17 4 1 
349 18 3 1 
6554 19 2 1 
5803 0 4 1 
5375 0 6 1 
5035 1 3 1 
4963 1 7 1 
4815 2 2 1 
4629 2 8 1 
4091 3 1 1 
4005 3 9 1 
3863 4 0 1 
3545 4 10 1 
3192 5 11 1 
3176 9 11 1 
2955 10 10 1 
2945 11 9 1 
2939 12 8 1 
2694 13 7 1 
2546 14 6 1 
2454 15 5 1 
2421 16 4 1 
2099 17 3 1 
1957 18 2 1 
1775 19 1 1 
1551 0 5 1 
1532 1 4 1 
1185 1 6 1 
1087 2 3 1 
1069 2 7 1 
1042 3 2 1 
843 3 8 1 
830 4 1 1 
416 4 9 1 
375 5 0 1 
263 5 10 1 
6470 9 10 1 
5947 10 9 1 
5927 11 8 1 
5740 12 7 1 
5370 13 6 1 
5015 14 5 1 
4630 15 4 1 
4570 16 3 1 
4319 17 2 1 
4022 18 1 1 
3974 19 0 1 
3456 1 5 1 
3425 2 4 1 
3402 2 6 1 
3358 3 3 1 
3210 3 7 1 
3131 4 2 1 
3052 4 8 1 
2727 5 1 1 
2090 5 9 1 
2055 6 10 1 
556 8 10 1 
174 9 9 1 
8 10 8 1 
6068 11 7 1 
5653 12 6 1 
5320 13 5 1 
5246 14 4 1 
5207 15 3 1 
4945 16 2 1 
4863 17 1 1 
4792 18 0 1 
4532 2 5 1 
3769 3 4 1 
2662 3 6 1 
2445 4 3 1 
1829 4 7 1 
1653 5 2 1 
1335 5 8 1 
1173 6 9 1 
1077 7 10 1 
888 8 9 1 
769 9 8 1 
337 10 7 1 
276 11 6 1 
6215 12 5 1 
6115 13 4 1 
6025 14 3 1 
5756 15 2 1 
5417 16 1 1 
5168 17 0 1 
4140 3 5 1 
4097 4 4 1 
3873 4 6 1 
3801 5 3 1 
3799 5 7 1 
3544 6 8 1 
2880 7 9 1 
2675 8 8 1 
2603 9 7 1 
2513 10 6 1 
2218 11 5 1 
1730 12 4 1 
1324 13 3 1 
1291 14 2 1 
967 15 1 1 
624 16 0 1 
475 4 5 1 
6333 5 4 1 
5758 5 6 1 
5349 6 7 1 
5325 7 8 1 
5072 8 7 1 
4955 9 6 1 
4776 10 5 1 
4712 11 4 1 
3177 12 3 1 
3017 13 2 1 
2966 14 1 1 
1974 15 0 1 
228 5 5 1 
6532 6 6 1 
6133 7 7 1 
5197 8 6 1 
5181 9 5 1 
5129 10 4 1 
5063 11 3 1 
4975 12 2 1 
4920 13 1 1 
4159 14 0 1 
3787 6 5 1 
3577 7 6 1 
3421 8 5 1 
2077 9 4 1 
1972 10 3 1 
1944 11 2 1 
1292 12 1 1 
5953 13 0 1 
3877 6 4 1 
3559 7 5 1 
2286 8 4 1 
1515 9 3 1 
448 10 2 1 
6030 11 1 1 
5834 12 0 1 
4721 6 3 1 
4560 7 4 1 
4438 8 3 1 
4195 9 2 1 
3520 10 1 1 
2700 11 0 1 
2634 6 2 1 
2615 7 3 1 
2581 8 2 1 
2260 9 1 1 
1894 10 0 1 
1700 6 1 1 
154 7 2 1 
6352 8 1 1 
6297 9 0 1 
4460 6 0 1 
4090 7 1 1 
3507 8 0 1 
2471 7 0 1 
6447 7 1 13 
4455 7 2 14 
5183 8 1 13 
305 7 3 14 
2925 8 2 14 
3141 9 1 14 
3267 7 4 14 
5218 8 3 14 
5907 9 2 14 
1567 10 1 14 
2439 7 5 15 
2446 8 4 15 
4002 9 3 15 
5733 10 2 15 
5752 11 1 14 
1624 7 6 16 
5407 8 5 16 
6309 9 4 16 
132 10 3 16 
1127 11 2 16 
1625 12 1 16 
3666 6 6 16 
4100 7 7 16 
4329 8 6 16 
5307 9 5 16 
773 10 4 16 
1067 11 3 16 
1843 12 2 16 
2731 13 1 16 
2763 4 5 18 
2797 5 6 17 
3580 6 7 17 
4126 7 8 17 
4719 8 7 17 
5179 9 6 17 
5609 10 5 17 
6567 11 4 17 
77 12 3 17 
183 13 2 17 
715 14 1 17 
1168 3 5 18 
1273 4 4 18 
1838 4 6 18 
1913 5 7 18 
2967 6 8 18 
3126 7 9 18 
4545 8 8 18 
4885 9 7 18 
5310 11 5 18 
6094 12 4 18 
6107 13 3 18 
6167 14 2 18 
6181 15 1 18 
63 2 5 19 
378 3 4 19 
722 3 6 19 
1226 4 3 19 
1814 4 7 19 
1948 5 8 19 
2479 6 9 19 
2808 8 9 19 
4450 9 8 19 
4935 12 5 18 
5048 14 3 18 
5174 15 2 18 
5379 16 1 18 
6487 1 5 20 
199 2 4 20 
816 2 6 20 
1019 3 3 20 
2338 3 7 20 
2654 4 2 20 
3203 4 8 20 
4549 5 9 20 
5034 9 9 20 
5447 12 6 19 
6191 15 3 19 
268 16 2 19 
289 17 1 19 
814 1 4 21 
1001 1 6 21 
5480 2 3 21 
5682 2 7 21 
5690 3 2 21 
5970 3 8 21 
6538 19 10 26 
6461 18 10 26 
6280 19 11 26 
6267 19 19 26 
6212 17 10 26 
5954 18 11 26 
5916 18 19 26 
5838 19 12 26 
5807 19 18 26 
5674 16 10 26 
5292 17 11 26 
5279 17 19 26 
4465 18 12 26 
4428 18 18 26 
4178 19 13 26 
4062 19 17 26 
3901 15 10 26 
3707 16 11 26 
3690 16 19 26 
3647 17 12 26 
3626 17 18 26 
3599 18 13 26 
3588 18 17 26 
3586 19 14 26 
3538 19 16 26 
3535 14 10 26 
3340 15 11 26 
3113 15 19 26 
2999 16 12 26 
2589 16 18 26 
2465 17 13 26 
1887 17 17 26 
1821 18 14 26 
1464 18 16 26 
1377 19 15 26 
763 13 10 26 
660 14 11 26 
638 14 19 26 
546 15 12 26 
382 15 18 26 
274 16 13 26 
6472 16 17 26 
6347 17 14 26 
6329 17 16 26 
6180 18 15 26 
6176 12 10 26 
6116 13 11 26 
6021 13 19 26 
6008 14 12 26 
5810 14 18 26 
5319 15 13 26 
5161 15 17 26 
5050 16 14 26 
4774 16 16 26 
4609 17 15 26 
4381 11 10 26 
4347 12 11 26 
4242 12 19 26 
3822 13 12 26 
3805 13 18 26 
3766 14 13 26 
3608 14 17 26 
3476 15 14 26 
3169 15 16 26 
3069 16 15 26 
2689 11 11 26 
2664 11 19 26 
2427 12 12 26 
2262 12 18 26 
2162 13 13 26 
1744 13 17 26 
1589 14 14 26 
1299 14 16 26 
1217 15 15 26 
766 10 19 26 
740 11 12 26 
558 11 18 26 
415 12 13 26 
335 12 17 26 
170 13 14 26 
6564 13 16 26 
6325 14 15 26 
6296 9 19 26 
5976 10 18 26 
5857 11 13 26 
5411 11 17 26 
5041 12 14 26 
4573 12 16 26 
4421 13 15 26 
4331 0 19 26 
4289 8 11 26 
4064 8 19 26 
3992 9 18 26 
3592 10 13 26 
3398 10 17 26 
3357 11 14 26 
3330 11 16 26 
3281 12 15 26 
3057 0 18 26 
3026 1 19 26 
3006 7 11 26 
2884 7 19 26 
2742 8 12 26 
2608 8 18 26 
2031 9 13 26 
1966 9 17 26 
1830 10 14 26 
1655 10 16 26 
1644 11 15 26 
1630 0 17 26 
1002 1 18 26 
639 2 19 26 
5470 6 11 26 
5198 6 19 26 
5120 7 12 26 
5021 7 18 26 
4904 8 13 26 
4645 8 17 26 
4611 9 14 26 
4496 9 16 26 
4157 10 15 26 
4054 0 16 26 
3976 1 17 26 
3508 2 18 26 
3422 3 19 26 
3024 5 19 26 
2317 6 12 26 
2290 6 18 26 
1911 7 13 26 
1393 7 17 26 
1231 8 14 26 
1170 8 16 26 
821 9 15 26 
235 0 15 26 
101 1 16 26 
70 2 17 26 
6227 3 18 26 
6214 4 19 26 
5766 5 18 26 
5441 6 13 26 
5422 6 17 26 
5149 7 14 26 
4146 7 16 26 
4104 8 15 26 
3748 0 14 26 
3696 1 15 26 
3130 2 16 26 
2919 3 17 26 
2833 4 18 26 
2678 5 17 26 
2598 6 14 26 
2321 6 16 26 
2320 7 15 26 
2314 19 9 26 
2283 0 13 26 
2269 1 14 26 
1965 2 15 26 
1795 3 16 26 
1647 4 17 26 
1368 5 16 26 
1103 6 15 26 
1029 18 9 26 
802 19 8 26 
747 0 12 26 
680 1 13 26 
502 2 14 26 
461 3 15 26 
249 4 16 26 
33 5 15 26 
6460 17 9 26 
6446 18 8 26 
6188 19 7 26 
5946 0 11 26 
5801 1 12 26 
5405 2 13 26 
5290 3 14 26 
5231 4 15 26 
4944 16 9 26 
4761 17 8 26 
4599 18 7 26 
4406 19 6 26 
4266 0 0 26 
4176 0 10 26 
3565 1 11 26 
3491 2 12 26 
3288 3 13 26 
3186 4 14 26 
2954 15 9 26 
2926 16 8 26 
2640 17 7 26 
2602 18 6 26 
1767 19 5 26 
1734 0 1 26 
1437 0 9 26 
748 1 0 26 
743 1 10 26 
641 2 11 26 
543 3 12 26 
379 4 13 26 
329 5 14 26 
14 14 9 26 
6422 15 8 26 
5893 16 7 26 
5843 17 6 26 
5842 18 5 26 
5714 19 4 26 
5138 0 2 26 
5121 0 8 26 
5003 1 1 26 
4786 1 9 26 
4739 2 0 26 
4728 2 10 26 
4637 3 11 26 
4370 4 12 26 
4201 5 13 26 
4165 10 12 26 
3645 13 9 26 
3429 14 8 26 
3143 15 7 26 
2844 16 6 26 
2182 17 5 26 
2084 18 4 26 
1960 19 3 26 
1395 0 3 26 
1329 0 7 26 
1085 1 2 26 
951 1 8 26 
904 2 1 26 
831 2 9 26 
584 3 0 26 
73 3 10 26 
6566 4 11 26 
6432 5 12 26 
6293 9 12 26 
6097 10 11 26 
6095 12 9 26 
6066 13 8 26 
6001 14 7 26 
5302 15 6 26 
5267 16 5 26 
5107 17 4 26 
4697 18 3 26 
4684 19 2 26 
4369 0 4 26 
4344 0 6 26 
4270 1 3 26 
4169 1 7 26 
3005 2 2 26 
2961 2 8 26 
2927 3 1 26 
2399 3 9 26 
2083 4 0 26 
1935 4 10 26 
1846 5 11 26 
1693 9 11 26 
1648 10 10 26 
867 11 9 26 
583 12 8 26 
492 13 7 26 
397 14 6 26 
373 15 5 26 
29 16 4 26 
6419 17 3 26 
6162 18 2 26 
6156 19 1 26 
6130 0 5 26 
6010 1 4 26 
5327 1 6 26 
4764 2 3 26 
4740 2 7 26 
4727 3 2 26 
3954 3 8 26 
3867 4 1 26 
3718 4 9 26 
3343 5 0 26 
2942 5 10 26 
2932 9 10 26 
2779 10 9 26 
2706 11 8 26 
2688 12 7 26 
2359 13 6 26 
2323 14 5 26 
2259 15 4 26 
2046 16 3 26 
1895 17 2 26 
1719 18 1 26 
1215 19 0 26 
1052 1 5 26 
922 2 4 26 
745 2 6 26 
532 3 3 26 
483 3 7 26 
472 4 2 26 
304 4 8 26 
180 5 1 26 
6353 5 9 26 
6286 6 10 26 
6273 8 10 26 
5884 9 9 26 
5773 10 8 26 
5704 11 7 26 
5644 12 6 26 
4748 13 5 26 
4707 14 4 26 
4500 15 3 26 
4439 16 2 26 
4007 17 1 26 
3807 18 0 26 
3768 2 5 26 
2722 3 4 26 
2364 3 6 26 
2276 4 3 26 
1822 4 7 26 
1799 5 2 26 
1789 5 8 26 
1679 6 9 26 
1618 7 10 26 
1465 8 9 26 
1458 9 8 26 
1043 10 7 26 
559 11 6 26 
376 12 5 26 
319 13 4 26 
75 14 3 26 
6020 15 2 26 
5634 16 1 26 
5543 17 0 26 
5264 3 5 26 
4031 4 4 26 
3786 4 6 26 
3737 5 3 26 
3605 5 7 26 
3321 6 8 26 
3151 7 9 26 
3036 8 8 26 
2860 9 7 26 
2460 10 6 26 
2322 11 5 26 
1863 12 4 26 
1672 13 3 26 
1480 14 2 26 
1233 15 1 26 
6475 16 0 26 
5800 4 5 26 
5527 5 4 26 
5351 5 6 26 
5191 6 7 26 
5104 7 8 26 
4610 8 7 26 
4593 9 6 26 
4355 10 5 26 
3280 11 4 26 
2899 12 3 26 
2524 13 2 26 
2436 14 1 26 
1925 15 0 26 
1773 5 5 26 
1583 6 6 26 
1394 7 7 26 
1152 8 6 26 
972 9 5 26 
882 10 4 26 
863 11 3 26 
840 12 2 26 
681 13 1 26 
393 14 0 26 
6399 6 5 26 
6106 7 6 26 
5891 8 5 26 
5715 9 4 26 
5295 10 3 26 
4929 11 2 26 
4313 12 1 26 
3824 13 0 26 
3111 6 4 26 
2293 7 5 26 
1932 8 4 26 
370 9 3 26 
80 10 2 26 
6344 11 1 26 
5809 12 0 26 
5124 6 3 26 
4519 7 4 26 
4038 8 3 26 
4023 9 2 26 
3895 10 1 26 
3519 11 0 26 
3248 6 2 26 
3241 7 3 26 
2318 8 2 26 
1546 9 1 26 
6371 10 0 26 
3991 6 1 26 
2957 7 2 26 
2137 8 1 26 
803 9 0 26 
303 6 0 26 
6268 7 1 26 
5700 8 0 26 
2341 7 0 26 
3839 7 1 38 
3462 7 2 39 
3951 8 1 39 
5391 7 3 40 
3692 8 2 40 
4202 9 1 40 
5998 7 4 40 
6048 8 3 40 
1812 9 2 40 
4244 10 1 40 
6241 7 5 41 
6345 8 4 41 
1241 9 3 41 
2730 10 2 41 
2785 11 1 40 
4755 7 6 41 
5332 8 5 41 
792 9 4 41 
1223 10 3 41 
1392 11 2 41 
1420 12 1 41 
2104 6 6 42 
2121 7 7 42 
2188 8 6 42 
3903 9 5 42 
5651 10 4 42 
6486 11 3 42 
294 12 2 42 
598 13 1 42 
1735 4 5 42 
2324 5 6 42 
3027 6 7 42 
3180 7 8 42 
4040 8 7 42 
4605 9 6 42 
5144 10 5 42 
5425 11 4 42 
5962 12 3 42 
6474 13 2 42 
390 14 1 42 
524 3 5 43 
705 4 4 43 
794 4 6 43 
1099 5 7 43 
1399 6 8 43 
1522 7 9 43 
1776 8 8 43 
3253 9 7 43 
4521 11 5 43 
414 12 4 43 
1310 13 3 43 
2719 14 2 43 
3127 15 1 43 
3164 2 5 44 
3181 3 4 44 
3291 3 6 44 
3804 4 3 44 
4052 4 7 44 
4431 5 8 44 
4658 6 9 44 
4816 8 9 44 
76 9 8 44 
407 12 5 44 
631 14 3 44 
994 15 2 43 
2447 16 1 43 
3510 1 5 45 
5196 2 4 45 
5737 2 6 45 
5915 3 3 45 
6583 3 7 45 
140 4 2 45 
868 4 8 45 
876 5 9 44 
1285 9 9 44 
2069 12 6 44 
2566 15 3 44 
3397 16 2 44 
3555 17 1 44 
3811 1 4 45 
3931 1 6 45 
4754 2 3 45 
4827 2 7 45 
5079 3 2 45 
5418 3 8 45 
5660 4 1 45 
5826 4 9 45 
6009 12 7 45 
6387 15 4 45 
6390 16 3 45 
6449 19 10 51 
6392 18 10 51 
6306 19 11 51 
6295 19 19 51 
6276 17 10 51 
6123 18 11 51 
5816 18 19 51 
5757 19 12 51 
5572 19 18 51 
5498 16 10 51 
5461 17 11 51 
5338 17 19 51 
5270 18 12 51 
5053 18 18 51 
4886 19 13 51 
4877 19 17 51 
4420 15 10 51 
4294 16 11 51 
3989 16 19 51 
3856 17 12 51 
3495 17 18 51 
3274 18 13 51 
3209 18 17 51 
2867 19 14 51 
2563 19 16 51 
2462 14 10 51 
2073 15 11 51 
1868 15 19 51 
1847 16 12 51 
1741 16 18 51 
1620 17 13 51 
1039 17 17 51 
506 18 14 51 
430 18 16 51 
6428 19 15 51 
6312 13 10 51 
6187 14 11 51 
5906 14 19 51 
5696 15 12 51 
5589 15 18 51 
5534 16 13 51 
5147 16 17 51 
4914 17 14 51 
4820 17 16 51 
4694 18 15 51 
4673 12 10 51 
4491 13 11 51 
4374 13 19 51 
4324 14 12 51 
4217 14 18 51 
3813 15 13 51 
3760 15 17 51 
3557 16 14 51 
3413 16 16 51 
3328 17 15 51 
3259 11 10 51 
3211 12 11 51 
3160 12 19 51 
3001 13 12 51 
2457 13 18 51 
2437 14 13 51 
2242 14 17 51 
2036 15 14 51 
1851 15 16 51 
1801 16 15 51 
1561 11 11 51 
1528 11 19 51 
1454 12 12 51 
1415 12 18 51 
1373 13 13 51 
1225 13 17 51 
909 14 14 51 
836 14 16 51 
520 15 15 51 
214 10 19 51 
45 11 12 51 
6384 11 18 51 
5967 12 13 51 
5247 12 17 51 
5176 13 14 51 
5029 13 16 51 
4839 14 15 51 
4765 9 19 51 
4093 10 18 51 
3973 11 13 51 
3603 11 17 51 
3389 12 14 51 
2795 12 16 51 
2758 13 15 51 
2721 0 19 51 
2517 8 11 51 
2389 8 19 51 
2189 9 18 51 
2093 10 13 51 
1524 10 17 51 
932 11 14 51 
504 11 16 51 
138 12 15 51 
6515 0 18 51 
6483 1 19 51 
6383 7 11 51 
6326 7 19 51 
6301 8 12 51 
6132 8 18 51 
5822 9 13 51 
5565 9 17 51 
5489 10 14 51 
5468 10 16 51 
5313 11 15 51 
5281 0 17 51 
5241 1 18 51 
4841 2 19 51 
4808 6 11 51 
4595 6 19 51 
4414 7 12 51 
3660 7 18 51 
2913 8 13 51 
2812 8 17 51 
2699 9 14 51 
2334 9 16 51 
1580 10 15 51 
1269 0 16 51 
971 1 17 51 
613 2 18 51 
6236 3 19 51 
6206 5 19 51 
5762 6 12 51 
5746 6 18 51 
5742 7 13 51 
5641 7 17 51 
5249 8 14 51 
4358 8 16 51 
4352 9 15 51 
4135 0 15 51 
4044 1 16 51 
3883 2 17 51 
3611 3 18 51 
3532 4 19 51 
3527 5 18 51 
3496 6 13 51 
3189 6 17 51 
2931 7 14 51 
2693 7 16 51 
2428 8 15 51 
2407 0 14 51 
2255 1 15 51 
1875 2 16 51 
1740 3 17 51 
1615 4 18 51 
1463 5 17 51 
1446 6 14 51 
1289 6 16 51 
1129 7 15 51 
1018 19 9 51 
889 0 13 51 
819 1 14 51 
651 2 15 51 
480 3 16 51 
256 4 17 51 
5890 5 16 51 
5814 6 15 51 
5683 18 9 51 
5615 19 8 51 
5608 0 12 51 
5520 1 13 51 
5482 2 14 51 
4726 3 15 51 
4688 4 16 51 
4643 5 15 51 
3938 17 9 51 
3720 18 8 51 
3703 19 7 51 
3600 0 11 51 
3498 1 12 51 
3447 2 13 51 
3338 3 14 51 
3174 4 15 51 
2976 16 9 51 
2806 17 8 51 
2773 18 7 51 
2755 19 6 51 
1800 0 0 51 
1674 0 10 51 
1268 1 11 51 
845 2 12 51 
817 3 13 51 
684 4 14 51 
640 15 9 51 
618 16 8 51 
585 17 7 51 
424 18 6 51 
372 19 5 51 
47 0 1 51 
6424 0 9 51 
6389 1 0 51 
6305 1 10 51 
6144 2 11 51 
6092 3 12 51 
6072 4 13 51 
5596 5 14 51 
5564 14 9 51 
5233 15 8 51 
5228 16 7 51 
5214 17 6 51 
5116 18 5 51 
5044 19 4 51 
4965 0 2 51 
4639 0 8 51 
4506 1 1 51 
4483 1 9 51 
3874 2 0 51 
3826 2 10 51 
3509 3 11 51 
2816 4 12 51 
2807 5 13 51 
2714 10 12 51 
2533 13 9 51 
2074 14 8 51 
1737 15 7 51 
1666 16 6 51 
1492 17 5 51 
1105 18 4 51 
1080 19 3 51 
895 0 3 51 
759 0 7 51 
463 1 2 51 
453 1 8 51 
6262 2 1 51 
6093 2 9 51 
6049 3 0 51 
5389 3 10 51 
5171 4 11 51 
5163 5 12 51 
4588 9 12 51 
4530 10 11 51 
4440 12 9 51 
4392 13 8 51 
4252 14 7 51 
3936 15 6 51 
2859 16 5 51 
2552 17 4 51 
1710 18 3 51 
1444 19 2 51 
1196 0 4 51 
515 0 6 51 
5997 1 3 51 
5613 1 7 51 
4981 2 2 51 
4881 2 8 51 
4843 3 1 51 
4773 3 9 51 
4703 4 0 51 
4685 4 10 51 
4070 5 11 51 
3662 9 11 51 
3502 10 10 51 
3361 11 9 51 
2854 12 8 51 
2068 13 7 51 
1926 14 6 51 
1148 15 5 51 
1133 16 4 51 
890 17 3 51 
499 18 2 51 
299 19 1 51 
220 0 5 51 
6406 1 4 51 
6171 1 6 51 
6121 2 3 51 
6039 2 7 51 
5786 3 2 51 
5280 3 8 51 
4934 4 1 51 
4551 4 9 51 
4279 5 0 51 
4029 5 10 51 
3834 9 10 51 
3831 10 9 51 
3094 11 8 51 
2887 12 7 51 
2707 13 6 51 
2697 14 5 51 
2345 15 4 51 
2298 16 3 51 
2285 17 2 51 
1736 18 1 51 
1084 19 0 51 
1014 1 5 51 
853 2 4 51 
6357 2 6 51 
6161 3 3 51 
5955 3 7 51 
5833 4 2 51 
5669 4 8 51 
5606 5 1 51 
5575 5 9 51 
5472 6 10 51 
5164 8 10 51 
4561 9 9 51 
3808 10 8 51 
3194 11 7 51 
2898 12 6 51 
2863 13 5 51 
2698 14 4 51 
2622 15 3 51 
2176 16 2 51 
2139 17 1 51 
1879 18 0 51 
1765 2 5 51 
887 3 4 51 
778 3 6 51 
702 4 3 51 
144 4 7 51 
6414 5 2 51 
6219 5 8 51 
5971 6 9 51 
5718 7 10 51 
5505 8 9 51 
5456 9 8 51 
5399 10 7 51 
4644 11 6 51 
4552 12 5 51 
4463 13 4 51 
4170 14 3 51 
3853 15 2 51 
3775 16 1 51 
3727 17 0 51 
3704 3 5 51 
3674 4 4 51 
3426 4 6 51 
3231 5 3 51 
3019 5 7 51 
3008 6 8 51 
2635 7 9 51 
2501 8 8 51 
1840 9 7 51 
1667 10 6 51 
1279 11 5 51 
688 12 4 51 
300 13 3 51 
176 14 2 51 
124 15 1 51 
6322 16 0 51 
6125 4 5 51 
6027 5 4 51 
5872 5 6 51 
5845 6 7 51 
5763 7 8 51 
5483 8 7 51 
5230 9 6 51 
5172 10 5 51 
5155 11 4 51 
4574 12 3 51 
4562 13 2 51 
4451 14 1 51 
3250 15 0 51 
3087 5 5 51 
2994 6 6 51 
2979 7 7 51 
2240 8 6 51 
2134 9 5 51 
1806 10 4 51 
1750 11 3 51 
1325 12 2 51 
1130 13 1 51 
555 14 0 51 
404 6 5 51 
6576 7 6 51 
6537 8 5 51 
6409 9 4 51 
5910 10 3 51 
5373 11 2 51 
4797 12 1 51 
4681 13 0 51 
4050 6 4 51 
3864 7 5 51 
3697 8 4 51 
3115 9 3 51 
2910 10 2 51 
1739 11 1 51 
1687 12 0 51 
1641 6 3 51 
439 7 4 51 
247 8 3 51 
6210 9 2 51 
6046 10 1 51 
6000 11 0 51 
5880 6 2 51 
5879 7 3 51 
4511 8 2 51 
3000 9 1 51 
2155 10 0 51 
1400 6 1 51 
1338 7 2 51 
1298 8 1 51 
1091 9 0 51 
6527 6 0 51 
6489 7 1 51 
4497 8 0 51 
776 7 0 51 
4704 7 1 63 
331 7 2 64 
3075 8 1 64 
4315 7 3 64 
1070 8 2 64 
2059 9 1 64 
2474 7 4 65 
4479 8 3 65 
5199 9 2 64 
6011 10 1 64 
34 7 5 65 
2086 8 4 65 
4378 9 3 65 
4550 10 2 65 
5033 11 1 65 
5785 7 6 65 
252 8 5 65 
1928 9 4 65 
2130 10 3 65 
2570 11 2 65 
4924 12 1 65 
5032 6 6 66 
58 7 7 66 
749 8 6 66 
860 9 5 66 
1258 10 4 66 
4095 11 3 66 
5040 12 2 66 
5434 13 1 66 
6284 4 5 66 
1626 5 6 66 
2058 6 7 66 
2071 7 8 66 
3303 8 7 66 
3468 9 6 66 
3783 10 5 66 
4197 11 4 66 
5493 12 3 66 
6087 13 2 66 
277 14 1 66 
874 3 5 67 
1722 4 4 67 
1770 4 6 67 
2186 5 7 67 
2325 6 8 67 
2556 7 9 67 
2729 8 8 67 
2746 9 7 67 
2879 11 5 67 
3064 12 4 67 
3112 13 3 67 
3200 14 2 67 
3836 15 1 67 
4943 2 5 68 
4977 3 4 68 
5400 3 6 68 
5640 4 3 68 
6490 4 7 68 
6575 5 8 67 
363 6 9 67 
703 8 9 67 
718 9 8 67 
911 12 5 67 
1715 14 3 67 
1854 15 2 67 
2125 16 1 67 
3313 1 5 69 
3391 2 4 69 
3616 2 6 68 
3659 3 3 68 
4009 3 7 68 
4188 4 2 68 
4285 4 8 68 
4758 5 9 68 
4902 9 9 68 
5262 12 6 68 
354 15 3 68 
567 16 2 68 
1088 17 1 68 
1294 1 4 69 
1559 1 6 69 
1649 2 3 69 
2157 2 7 69 
2403 3 2 69 
2848 3 8 69 
3546 4 1 69 
3733 4 9 69 
4142 12 7 69 
4200 15 4 69 
4563 16 3 69 
4602 17 2 69 
4656 18 1 69 
4846 1 3 70 
5506 1 7 70 
5647 2 2 70 
5850 2 8 70 
6518 3 1 70 
908 3 9 70 
917 4 10 70 
974 12 8 70 
1228 15 5 70 
1916 16 4 70 
2473 17 3 70 
3294 18 2 70 
6586 19 10 76 
6271 18 10 76 
6158 19 11 76 
5917 19 19 76 
5888 17 10 76 
5708 18 11 76 
5598 18 19 76 
5318 19 12 76 
5043 19 18 76 
4994 16 10 76 
4705 17 11 76 
4524 17 19 76 
4287 18 12 76 
3812 18 18 76 
3795 19 13 76 
3793 19 17 76 
3595 15 10 76 
3178 16 11 76 
2704 16 19 76 
2690 17 12 76 
2207 17 18 76 
2171 18 13 76 
1949 18 17 76 
1871 19 14 76 
1803 19 16 76 
1501 14 10 76 
1375 15 11 76 
1156 15 19 76 
1141 16 12 76 
1082 16 18 76 
871 17 13 76 
663 17 17 76 
606 18 14 76 
412 18 16 76 
391 19 15 76 
230 13 10 76 
106 14 11 76 
6579 14 19 76 
6553 15 12 76 
6410 15 18 76 
6349 16 13 76 
6263 16 17 76 
6136 17 14 76 
5949 17 16 76 
5687 18 15 76 
5652 12 10 76 
5586 13 11 76 
5502 13 19 76 
5448 14 12 76 
5426 14 18 76 
5329 15 13 76 
5200 15 17 76 
5030 16 14 76 
4555 16 16 76 
4475 17 15 76 
4123 11 10 76 
4042 12 11 76 
3583 12 19 76 
3525 13 12 76 
3411 13 18 76 
3272 14 13 76 
3056 14 17 76 
3021 15 14 76 
2938 15 16 76 
2853 16 15 76 
2828 11 11 76 
2740 11 19 76 
2738 12 12 76 
2670 12 18 76 
2383 13 13 76 
2196 13 17 76 
2160 14 14 76 
1918 14 16 76 
1275 15 15 76 
950 10 19 76 
833 11 12 76 
829 11 18 76 
650 12 13 76 
593 12 17 76 
167 13 14 76 
6024 13 16 76 
5585 14 15 76 
4227 9 19 76 
4134 10 18 76 
4061 11 13 76 
3866 11 17 76 
3767 12 14 76 
3653 12 16 76 
3614 13 15 76 
3394 0 19 76 
3265 8 11 76 
3175 8 19 76 
3080 9 18 76 
2896 10 13 76 
2752 10 17 76 
2503 11 14 76 
2365 11 16 76 
2347 12 15 76 
1645 0 18 76 
1568 1 19 76 
1498 7 11 76 
924 7 19 76 
849 8 12 76 
837 8 18 76 
815 9 13 76 
811 9 17 76 
707 10 14 76 
632 10 16 76 
406 11 15 76 
288 0 17 76 
6543 1 18 76 
6513 2 19 76 
5936 6 11 76 
5016 6 19 76 
4782 7 12 76 
4762 7 18 76 
4745 8 13 76 
4457 8 17 76 
4280 9 14 76 
4277 9 16 76 
4145 10 15 76 
3219 0 16 76 
3103 1 17 76 
3023 2 18 76 
2908 3 19 76 
2794 5 19 76 
2660 6 12 76 
2625 6 18 76 
2464 7 13 76 
2422 7 17 76 
2227 8 14 76 
2167 8 16 76 
2053 9 15 76 
1435 0 15 76 
1423 1 16 76 
1177 2 17 76 
266 3 18 76 
254 4 19 76 
5 5 18 76 
6545 6 13 76 
6455 6 17 76 
6453 7 14 76 
6033 7 16 76 
5922 8 15 76 
5898 0 14 76 
5895 1 15 76 
5646 2 16 76 
5478 3 17 76 
5304 4 18 76 
5257 5 17 76 
4958 6 14 76 
4891 6 16 76 
4822 7 15 76 
4763 19 9 76 
4710 0 13 76 
4648 1 14 76 
4571 2 15 76 
4544 3 16 76 
4415 4 17 76 
3749 5 16 76 
3632 6 15 76 
3251 18 9 76 
2822 19 8 76 
2776 0 12 76 
2621 1 13 76 
1893 2 14 76 
1685 3 15 76 
1199 4 16 76 
762 5 15 76 
625 17 9 76 
563 18 8 76 
339 19 7 76 
6528 0 11 76 
6224 1 12 76 
6098 2 13 76 
6083 3 14 76 
6058 4 15 76 
6047 16 9 76 
5858 17 8 76 
5802 18 7 76 
5602 19 6 76 
5594 0 0 76 
5569 0 10 76 
5385 1 11 76 
5261 2 12 76 
5052 3 13 76 
5037 4 14 76 
4922 15 9 76 
4601 16 8 76 
4340 17 7 76 
4008 18 6 76 
3827 19 5 76 
3721 0 1 76 
3515 0 9 76 
3326 1 0 76 
3073 1 10 76 
2981 2 11 76 
2777 3 12 76 
2491 4 13 76 
2281 5 14 76 
1752 14 9 76 
1714 15 8 76 
1705 16 7 76 
1694 17 6 76 
1150 18 5 76 
1006 19 4 76 
855 0 2 76 
736 0 8 76 
128 1 1 76 
37 1 9 76 
6533 2 0 76 
6521 2 10 76 
6444 3 11 76 
6404 4 12 76 
6376 5 13 76 
6234 10 12 76 
5963 13 9 76 
5415 14 8 76 
5333 15 7 76 
5123 16 6 76 
4912 17 5 76 
4582 18 4 76 
4547 19 3 76 
3904 0 3 76 
3897 0 7 76 
3247 1 2 76 
3158 1 8 76 
3032 2 1 76 
2952 2 9 76 
2757 3 0 76 
2078 3 10 76 
2000 4 11 76 
1952 5 12 76 
1779 9 12 76 
1732 10 11 76 
1535 12 9 76 
937 13 8 76 
873 14 7 76 
352 15 6 76 
269 16 5 76 
160 17 4 76 
6416 18 3 76 
6375 19 2 76 
6320 0 4 76 
6143 0 6 76 
5555 1 3 76 
5224 1 7 76 
4983 2 2 76 
4972 2 8 76 
4640 3 1 76 
4597 3 9 76 
4540 4 0 76 
4351 4 10 76 
4325 5 11 76 
3963 9 11 76 
3926 10 10 76 
3244 11 9 76 
3204 12 8 76 
2760 13 7 76 
2756 14 6 76 
2564 15 5 76 
2270 16 4 76 
2111 17 3 76 
1421 18 2 76 
1181 19 1 76 
1068 0 5 76 
957 1 4 76 
838 1 6 76 
592 2 3 76 
590 2 7 76 
487 3 2 76 
6500 3 8 76 
6477 4 1 76 
6466 4 9 76 
6160 5 0 76 
6031 5 10 76 
5913 9 10 76 
5799 10 9 76 
5368 11 8 76 
5156 12 7 76 
5154 13 6 76 
5128 14 5 76 
3843 15 4 76 
3440 16 3 76 
3392 17 2 76 
2815 18 1 76 
2799 19 0 76 
2708 1 5 76 
2604 2 4 76 
2105 2 6 76 
1837 3 3 76 
1807 3 7 76 
1639 4 2 76 
1453 4 8 76 
1411 5 1 76 
1339 5 9 76 
1167 6 10 76 
1025 8 10 76 
942 9 9 76 
779 10 8 76 
620 11 7 76 
510 12 6 76 
94 13 5 76 
6359 14 4 76 
6138 15 3 76 
5854 16 2 76 
5342 17 1 76 
5092 18 0 76 
4783 2 5 76 
4660 3 4 76 
4652 3 6 76 
3782 4 3 76 
3681 4 7 76 
3331 5 2 76 
3212 5 8 76 
2769 6 9 76 
2065 7 10 76 
1996 8 9 76 
1616 9 8 76 
1358 10 7 76 
1116 11 6 76 
765 12 5 76 
678 13 4 76 
608 14 3 76 
437 15 2 76 
81 16 1 76 
6484 17 0 76 
6255 3 5 76 
6179 4 4 76 
6149 4 6 76 
5993 5 3 76 
5912 5 7 76 
5335 6 8 76 
4028 7 9 76 
3602 8 8 76 
3224 9 7 76 
2801 10 6 76 
2368 11 5 76 
2278 12 4 76 
2249 13 3 76 
2056 14 2 76 
100 15 1 76 
4058 16 0 76 
4039 4 5 76 
3858 5 4 76 
2665 5 6 76 
2029 6 7 76 
1556 7 8 76 
1409 8 7 76 
591 9 6 76 
23 10 5 76 
6203 11 4 76 
5514 12 3 76 
5085 13 2 76 
4930 14 1 76 
4316 15 0 76 
4263 5 5 76 
3754 6 6 76 
3630 7 7 76 
3590 8 6 76 
3013 9 5 76 
2873 10 4 76 
2629 11 3 76 
2623 12 2 76 
2328 13 1 76 
2313 14 0 76 
2060 6 5 76 
1962 7 6 76 
1930 8 5 76 
1742 9 4 76 
1614 10 3 76 
223 11 2 76 
157 12 1 76 
5909 13 0 76 
5540 6 4 76 
4621 7 5 76 
3601 8 4 76 
3170 9 3 76 
2378 10 2 76 
2169 11 1 76 
2049 12 0 76 
1166 6 3 76 
914 7 4 76 
668 8 3 76 
609 9 2 76 
5285 10 1 76 
5243 11 0 76 
4478 6 2 76 
3726 7 3 76 
1883 8 2 76 
5882 9 1 76 
5454 10 0 76 
5421 6 1 76 
5060 7 2 76 
4614 8 1 76 
4467 9 0 76 
2508 6 0 76 
2404 7 1 76 
2379 8 0 76 
2168 7 0 76 
2588 7 1 88 
2210 7 2 88 
4510 8 1 88 
642 7 3 89 
1504 8 2 89 
2204 9 1 88 
1344 7 4 90 
2051 8 3 90 
5765 9 2 90 
6289 10 1 89 
121 7 5 90 
2423 8 4 90 
4837 9 3 90 
6536 10 2 90 
357 11 1 90 
2009 7 6 91 
2192 8 5 91 
2234 9 4 91 
6184 10 3 91 
1271 11 2 91 
2306 12 1 91 
2530 6 6 91 
2800 7 7 91 
2866 8 6 91 
3928 9 5 91 
4180 10 4 91 
5298 11 3 91 
5458 12 2 91 
126 13 1 91 
996 4 5 92 
3290 5 6 92 
3432 6 7 92 
3501 7 8 92 
3980 8 7 92 
4203 9 6 92 
6163 10 5 92 
6294 11 4 91 
46 12 3 91 
49 13 2 91 
232 14 1 91 
588 3 5 93 
788 4 4 93 
962 4 6 93 
1485 5 7 93 
2202 6 8 93 
2743 7 9 93 
3609 8 8 93 
710 9 7 93 
731 11 5 93 
1048 12 4 93 
1178 13 3 93 
1264 14 2 93 
1908 15 1 93 
2096 2 5 94 
2666 3 4 94 
3082 3 6 94 
3850 4 3 94 
5494 4 7 94 
238 5 8 94 
1467 6 9 94 
1629 8 9 94 
2369 9 8 94 
2376 12 5 94 
2402 14 3 94 
3093 15 2 94 
3337 16 1 94 
4627 1 5 95 
4842 2 4 95 
4867 2 6 95 
6131 3 3 95 
6221 3 7 95 
6529 4 2 95 
6580 4 8 95 
285 5 9 95 
557 9 9 95 
982 12 6 95 
1351 15 3 94 
1585 16 2 94 
1607 17 1 94 
1654 1 4 96 
3007 1 6 96 
3888 2 3 96 
4988 2 7 96 
6211 3 2 96 
6342 3 8 95 
6354 4 1 95 
6514 4 9 95 
