1694
5934 0 11 1 
5806 10 13 1 
5632 13 0 1 
5558 0 12 1 
5522 1 11 1 
5434 9 13 1 
5347 10 12 1 
5133 13 1 1 
4982 13 3 1 
4947 14 0 1 
4845 0 13 1 
4796 0 15 1 
4387 0 19 1 
4280 1 12 1 
4150 2 11 1 
3963 8 13 1 
3854 9 12 1 
3810 13 2 1 
3789 14 1 1 
3765 14 3 1 
3694 15 0 1 
3672 19 0 1 
3440 0 14 1 
2808 0 16 1 
2731 0 18 1 
2725 1 13 1 
2561 1 15 1 
2530 1 19 1 
2459 2 12 1 
2435 3 11 1 
2311 5 19 1 
2189 7 13 1 
2160 8 12 1 
1690 14 2 1 
1495 15 1 1 
1363 15 3 1 
872 16 0 1 
732 18 0 1 
534 19 1 1 
263 0 17 1 
169 1 14 1 
159 1 16 1 
5801 1 18 1 
5556 2 13 1 
5382 2 15 1 
5370 2 19 1 
5302 3 12 1 
5231 4 11 1 
4922 4 19 1 
4847 5 18 1 
4743 6 11 1 
4621 6 13 1 
4087 7 12 1 
3873 15 2 1 
3760 16 1 1 
3568 16 3 1 
3243 17 0 1 
3042 18 1 1 
2802 19 2 1 
2740 1 17 1 
2608 2 14 1 
2490 2 16 1 
2439 2 18 1 
1410 3 13 1 
1343 3 19 1 
849 4 12 1 
573 4 18 1 
491 5 11 1 
375 6 12 1 
70 16 2 1 
5819 17 1 1 
5789 18 2 1 
5624 19 3 1 
5389 2 17 1 
5081 3 14 1 
5020 3 18 1 
4960 4 13 1 
4675 5 12 1 
4535 16 19 1 
4226 17 2 1 
4218 18 3 1 
4132 19 4 1 
3927 19 8 1 
3677 3 15 1 
3460 3 17 1 
3253 4 14 1 
2805 5 13 1 
2765 8 14 1 
2033 16 18 1 
1852 17 3 1 
1801 17 19 1 
1710 18 4 1 
1374 18 8 1 
878 19 5 1 
747 19 7 1 
615 19 19 1 
370 3 16 1 
364 4 15 1 
192 4 17 1 
5872 5 14 1 
5534 7 14 1 
5338 8 15 1 
5235 13 4 1 
4990 15 4 1 
4966 16 17 1 
4896 17 4 1 
4871 17 8 1 
4852 17 18 1 
4479 18 5 1 
4072 18 7 1 
4063 18 19 1 
4016 19 6 1 
3947 19 18 1 
3831 4 16 1 
3772 5 15 1 
3693 5 17 1 
3646 6 14 1 
3256 7 15 1 
3106 13 5 1 
3036 14 4 1 
2968 16 4 1 
2782 16 16 1 
2497 17 5 1 
1885 17 7 1 
1711 17 17 1 
1163 18 6 1 
1145 18 18 1 
683 19 17 1 
604 5 16 1 
466 6 15 1 
367 6 19 1 
363 13 6 1 
5759 14 5 1 
5402 16 5 1 
5126 17 6 1 
4866 17 16 1 
4753 18 17 1 
4704 19 16 1 
4549 6 16 1 
4008 6 18 1 
3936 7 19 1 
3909 13 7 1 
3727 14 6 1 
3477 15 5 1 
3425 15 19 1 
3213 16 6 1 
3118 18 16 1 
3081 19 9 1 
2974 19 13 1 
2760 19 15 1 
2565 6 17 1 
2233 7 16 1 
2203 7 18 1 
2195 8 19 1 
2079 9 14 1 
1843 13 8 1 
1744 14 7 1 
1572 14 19 1 
988 15 6 1 
884 15 18 1 
871 16 7 1 
119 18 9 1 
89 18 13 1 
5547 18 15 1 
5439 19 10 1 
5341 19 14 1 
5262 7 17 1 
5230 8 16 1 
5177 8 18 1 
5124 9 15 1 
4944 9 19 1 
4823 10 14 1 
4698 13 9 1 
4421 13 19 1 
4237 14 8 1 
4163 14 18 1 
3791 15 7 1 
3720 15 17 1 
3645 16 8 1 
3369 17 9 1 
3237 17 13 1 
3203 17 15 1 
3111 18 10 1 
2920 18 14 1 
2783 19 11 1 
2745 8 17 1 
2432 9 16 1 
2147 9 18 1 
1934 10 15 1 
1849 10 19 1 
1505 12 19 1 
1136 13 10 1 
1131 13 18 1 
704 14 9 1 
441 14 17 1 
210 15 8 1 
5886 15 16 1 
5879 16 9 1 
5755 16 13 1 
4886 16 15 1 
4767 17 10 1 
4469 17 14 1 
4362 18 11 1 
4015 19 12 1 
3911 9 17 1 
2945 10 16 1 
2842 10 18 1 
2272 11 19 1 
2238 12 18 1 
2026 13 17 1 
2012 14 10 1 
1774 14 16 1 
1769 15 9 1 
1354 15 13 1 
848 15 15 1 
759 16 10 1 
710 16 14 1 
686 17 11 1 
670 18 12 1 
661 10 17 1 
565 11 18 1 
5950 12 17 1 
5811 13 16 1 
5496 14 15 1 
5420 15 10 1 
5313 15 14 1 
5244 16 11 1 
5005 17 12 1 
4858 11 17 1 
4784 12 16 1 
4466 13 15 1 
4451 14 14 1 
4277 15 11 1 
4151 16 12 1 
4013 11 16 1 
3891 12 15 1 
3808 13 14 1 
3773 14 11 1 
3736 14 13 1 
3723 15 12 1 
3667 11 15 1 
3592 12 14 1 
3581 13 11 1 
3506 13 13 1 
3207 14 12 1 
2988 11 14 1 
2876 12 13 1 
2793 13 12 1 
2772 11 13 1 
2664 12 12 1 
2377 11 12 1 
2285 12 11 1 
2267 0 10 1 
1785 11 11 1 
1239 12 10 1 
1112 0 9 1 
996 1 10 1 
778 10 11 1 
560 11 10 1 
251 12 9 1 
126 0 8 1 
123 1 9 1 
68 2 10 1 
5523 9 11 1 
5361 10 10 1 
5343 11 9 1 
5089 12 8 1 
5010 1 8 1 
4754 2 9 1 
4692 3 10 1 
4622 8 11 1 
4396 9 10 1 
4201 10 9 1 
4059 11 8 1 
3890 12 5 1 
3664 12 7 1 
3454 2 8 1 
3215 3 9 1 
3175 4 10 1 
3050 7 11 1 
2953 8 10 1 
2828 9 9 1 
2683 10 8 1 
2637 11 5 1 
2614 11 7 1 
2496 12 6 1 
2419 3 8 1 
2230 4 9 1 
1776 5 10 1 
1000 7 10 1 
831 8 9 1 
211 9 8 1 
67 10 5 1 
5822 10 7 1 
5649 11 6 1 
5175 0 4 1 
4703 4 8 1 
4590 5 9 1 
4477 6 10 1 
4394 7 9 1 
4381 8 8 1 
4266 9 5 1 
3813 9 7 1 
3796 10 6 1 
3745 0 5 1 
3650 0 7 1 
3558 1 4 1 
3260 5 8 1 
3258 6 9 1 
2865 7 8 1 
2788 8 7 1 
2686 9 6 1 
2613 0 6 1 
1424 1 5 1 
1422 1 7 1 
1072 6 8 1 
5945 7 7 1 
5891 8 6 1 
5696 0 3 1 
5685 1 6 1 
5627 2 7 1 
5464 6 7 1 
5318 7 6 1 
5205 0 0 1 
5014 0 2 1 
4363 1 3 1 
4200 2 6 1 
3923 3 7 1 
3499 5 7 1 
3375 6 6 1 
3180 0 1 1 
3093 1 0 1 
2516 1 2 1 
2484 2 5 1 
1990 3 6 1 
1861 4 7 1 
1519 5 6 1 
1216 8 5 1 
828 1 1 1 
809 2 0 1 
716 2 4 1 
5848 3 5 1 
5737 4 6 1 
5524 7 3 1 
5415 7 5 1 
5198 8 4 1 
5185 2 1 1 
5143 2 3 1 
5093 3 0 1 
5087 3 4 1 
5027 4 5 1 
4768 6 3 1 
4472 6 5 1 
4238 7 4 1 
3582 2 2 1 
3367 3 1 1 
3334 3 3 1 
3267 4 0 1 
2486 4 4 1 
1965 5 5 1 
671 6 4 1 
5540 12 4 1 
5103 3 2 1 
4436 4 1 1 
3474 4 3 1 
3364 5 4 1 
3313 11 4 1 
2623 12 3 1 
2424 4 2 1 
2329 5 3 1 
1709 10 4 1 
728 11 3 1 
575 12 2 1 
5974 5 2 1 
5431 8 3 1 
5145 9 4 1 
5121 10 3 1 
4973 11 2 1 
4642 12 1 1 
4030 5 1 1 
2181 6 2 1 
1200 9 3 1 
11 10 2 1 
5838 11 1 1 
4881 12 0 1 
4721 5 0 1 
3874 6 1 1 
2921 7 2 1 
2355 9 2 1 
1475 10 1 1 
5544 11 0 1 
5443 6 0 1 
5367 7 1 1 
5032 8 2 1 
4789 9 1 1 
3350 10 0 1 
2738 7 0 1 
2591 8 1 1 
2586 9 0 1 
1398 8 0 1 
1585 7 1 13 
2893 6 1 14 
4737 10 1 14 
173 11 1 14 
319 3 2 16 
41 3 1 17 
798 3 5 17 
1839 3 6 18 
5947 7 7 18 
5635 5 9 19 
1016 4 9 20 
2914 3 9 20 
3192 10 8 20 
3490 2 9 20 
5119 11 8 20 
1095 1 9 21 
684 12 13 21 
1274 12 14 21 
1376 14 15 21 
2407 16 11 21 
4019 16 10 22 
1622 16 14 22 
2308 13 18 23 
3385 14 9 23 
3640 17 14 22 
5958 0 11 26 
5861 10 13 26 
5814 13 0 26 
5760 0 12 26 
5416 1 11 26 
5090 9 13 26 
5071 10 12 26 
4951 13 1 26 
4932 13 3 26 
4677 14 0 26 
4429 0 13 26 
4252 0 15 26 
4209 0 19 26 
4195 1 12 26 
4122 2 11 26 
3722 8 13 26 
3683 9 12 26 
3605 13 2 26 
3514 14 1 26 
3513 14 3 26 
3109 15 0 26 
2687 19 0 26 
2553 0 14 26 
2445 0 16 26 
2330 0 18 26 
2010 1 13 26 
1844 1 15 26 
1834 1 19 26 
1603 2 12 26 
1529 3 11 26 
1316 5 19 26 
1076 7 13 26 
898 8 12 26 
592 14 2 26 
551 15 1 26 
483 15 3 26 
196 16 0 26 
194 18 0 26 
131 19 1 26 
5299 0 17 26 
5141 1 14 26 
5051 1 16 26 
5003 1 18 26 
4958 2 13 26 
4877 2 15 26 
4760 2 19 26 
4640 3 12 26 
4569 4 11 26 
4482 4 19 26 
4341 5 18 26 
4263 6 11 26 
4069 6 13 26 
3978 7 12 26 
3826 15 2 26 
3678 16 1 26 
3613 16 3 26 
3594 17 0 26 
3562 18 1 26 
3492 19 2 26 
3400 1 17 26 
2505 2 14 26 
2413 2 16 26 
2411 2 18 26 
2380 3 13 26 
2280 3 19 26 
2273 4 12 26 
2163 4 18 26 
1941 5 11 26 
1837 6 12 26 
1674 16 2 26 
1564 17 1 26 
1322 18 2 26 
1319 19 3 26 
1246 2 17 26 
533 3 14 26 
403 3 18 26 
293 4 13 26 
10 5 12 26 
5719 16 19 26 
5557 17 2 26 
5447 18 3 26 
5273 19 4 26 
4945 19 8 26 
4882 3 15 26 
4818 3 17 26 
4793 4 14 26 
4682 5 13 26 
4437 8 14 26 
4424 16 18 26 
4303 17 3 26 
4182 17 19 26 
4092 18 4 26 
4032 18 8 26 
4012 19 5 26 
3944 19 7 26 
3931 19 19 26 
3886 3 16 26 
3670 4 15 26 
3453 4 17 26 
3220 5 14 26 
3199 7 14 26 
3085 8 15 26 
2973 13 4 26 
2749 15 4 26 
2712 16 17 26 
2709 17 4 26 
2472 17 8 26 
2406 17 18 26 
2367 18 5 26 
2206 18 7 26 
1901 18 19 26 
1864 19 6 26 
1192 19 18 26 
1122 4 16 26 
945 5 15 26 
691 5 17 26 
656 6 14 26 
409 7 15 26 
335 13 5 26 
118 14 4 26 
83 16 4 26 
5972 16 16 26 
5959 17 5 26 
5723 17 7 26 
5008 17 17 26 
4757 18 6 26 
4259 18 18 26 
4186 19 17 26 
4099 5 16 26 
4044 6 15 26 
3735 6 19 26 
3631 13 6 26 
3538 14 5 26 
3509 16 5 26 
3442 17 6 26 
3407 17 16 26 
2799 18 17 26 
2588 19 16 26 
2528 6 16 26 
2307 6 18 26 
2047 7 19 26 
1943 13 7 26 
1855 14 6 26 
1794 15 5 26 
1754 15 19 26 
1400 16 6 26 
1320 18 16 26 
1260 19 9 26 
1069 19 13 26 
942 19 15 26 
625 6 17 26 
444 7 16 26 
284 7 18 26 
52 8 19 26 
5967 9 14 26 
5957 13 8 26 
5686 14 7 26 
4910 14 19 26 
4864 15 6 26 
4626 15 18 26 
4523 16 7 26 
4345 18 9 26 
3906 18 13 26 
3610 18 15 26 
3388 19 10 26 
3306 19 14 26 
3156 7 17 26 
3078 8 16 26 
2998 8 18 26 
2851 9 15 26 
2757 9 19 26 
2706 10 14 26 
1980 13 9 26 
1869 13 19 26 
1848 14 8 26 
1789 14 18 26 
1686 15 7 26 
1644 15 17 26 
1469 16 8 26 
1454 17 9 26 
723 17 13 26 
658 17 15 26 
528 18 10 26 
462 18 14 26 
151 19 11 26 
5927 8 17 26 
5131 9 16 26 
5116 9 18 26 
5110 10 15 26 
5017 10 19 26 
4689 12 19 26 
4514 13 10 26 
4434 13 18 26 
4419 14 9 26 
4126 14 17 26 
4125 15 8 26 
4045 15 16 26 
3843 16 9 26 
3347 16 13 26 
3097 16 15 26 
3005 17 10 26 
2915 17 14 26 
2678 18 11 26 
2352 19 12 26 
2091 9 17 26 
2021 10 16 26 
1683 10 18 26 
1511 11 19 26 
1443 12 18 26 
1014 13 17 26 
907 14 10 26 
557 14 16 26 
374 15 9 26 
359 15 13 26 
219 15 15 26 
78 16 10 26 
5747 16 14 26 
5712 17 11 26 
5531 18 12 26 
5401 10 17 26 
5374 11 18 26 
5154 12 17 26 
4290 13 16 26 
4223 14 15 26 
4199 15 10 26 
4136 15 14 26 
3995 16 11 26 
3277 17 12 26 
2781 11 17 26 
2249 12 16 26 
2204 13 15 26 
1994 14 14 26 
1750 15 11 26 
1508 16 12 26 
972 11 16 26 
895 12 15 26 
729 13 14 26 
448 14 11 26 
314 14 13 26 
269 15 12 26 
75 11 15 26 
5297 12 14 26 
5221 13 11 26 
5181 13 13 26 
4599 14 12 26 
4539 11 14 26 
4526 12 13 26 
4081 13 12 26 
3887 11 13 26 
3769 12 12 26 
3632 11 12 26 
3606 12 11 26 
3531 0 10 26 
3423 11 11 26 
3057 12 10 26 
2950 0 9 26 
2867 1 10 26 
2819 10 11 26 
1912 11 10 26 
1667 12 9 26 
1482 0 8 26 
1425 1 9 26 
1331 2 10 26 
1161 9 11 26 
920 10 10 26 
719 11 9 26 
5944 12 8 26 
5473 1 8 26 
4589 2 9 26 
4498 3 10 26 
4358 8 11 26 
3263 9 10 26 
3190 10 9 26 
3122 11 8 26 
3026 12 5 26 
2900 12 7 26 
2548 2 8 26 
1842 3 9 26 
1306 4 10 26 
1169 7 11 26 
1156 8 10 26 
1005 9 9 26 
952 10 8 26 
915 11 5 26 
813 11 7 26 
772 12 6 26 
576 3 8 26 
294 4 9 26 
183 5 10 26 
158 7 10 26 
5913 8 9 26 
5899 9 8 26 
5781 10 5 26 
5692 10 7 26 
5277 11 6 26 
4755 0 4 26 
4561 4 8 26 
4516 5 9 26 
4463 6 10 26 
4365 7 9 26 
4276 8 8 26 
4056 9 5 26 
3790 9 7 26 
3507 10 6 26 
3431 0 5 26 
2400 0 7 26 
2029 1 4 26 
1707 5 8 26 
1488 6 9 26 
824 7 8 26 
611 8 7 26 
519 9 6 26 
518 0 6 26 
190 1 5 26 
13 1 7 26 
5919 6 8 26 
5847 7 7 26 
5836 8 6 26 
5667 0 3 26 
5507 1 6 26 
5307 2 7 26 
4729 6 7 26 
4685 7 6 26 
4496 0 0 26 
4456 0 2 26 
4265 1 3 26 
4172 2 6 26 
3825 3 7 26 
3496 5 7 26 
2840 6 6 26 
1685 0 1 26 
793 1 0 26 
608 1 2 26 
345 2 5 26 
137 3 6 26 
33 4 7 26 
5973 5 6 26 
5485 8 5 26 
5321 1 1 26 
5259 2 0 26 
5215 2 4 26 
4534 3 5 26 
4515 4 6 26 
3846 7 3 26 
3511 7 5 26 
3091 8 4 26 
2965 2 1 26 
2964 2 3 26 
2820 3 0 26 
2769 3 4 26 
2003 4 5 26 
1904 6 3 26 
1866 6 5 26 
1440 7 4 26 
1237 2 2 26 
549 3 1 26 
296 3 3 26 
157 4 0 26 
5406 4 4 26 
4816 5 5 26 
4746 6 4 26 
4426 12 4 26 
3597 3 2 26 
3415 4 1 26 
3395 4 3 26 
2822 5 4 26 
2691 11 4 26 
2587 12 3 26 
2321 4 2 26 
2218 5 3 26 
1207 10 4 26 
1205 11 3 26 
1176 12 2 26 
5463 5 2 26 
3933 8 3 26 
3548 9 4 26 
3392 10 3 26 
2598 11 2 26 
1381 12 1 26 
1219 5 1 26 
879 6 2 26 
742 9 3 26 
740 10 2 26 
531 11 1 26 
499 12 0 26 
253 5 0 26 
5597 6 1 26 
5072 7 2 26 
4790 9 2 26 
4518 10 1 26 
3758 11 0 26 
1587 6 0 26 
1399 7 1 26 
5976 8 2 26 
5296 9 1 26 
3623 10 0 26 
2677 7 0 26 
1575 8 1 26 
346 9 0 26 
2152 8 0 26 
1223 7 1 39 
1726 6 1 39 
5240 10 1 39 
1341 11 1 40 
508 3 2 41 
5319 3 1 42 
8 3 5 42 
1803 3 6 43 
4413 7 7 43 
2650 5 9 44 
999 4 9 45 
1146 3 9 45 
4124 10 8 45 
5269 2 9 45 
1907 11 8 45 
4636 1 9 46 
4978 12 13 46 
5193 12 14 46 
343 14 15 47 
2261 16 11 47 
5060 16 10 48 
5909 0 11 51 
5660 10 13 51 
5467 13 0 51 
5033 0 12 51 
4586 1 11 51 
4581 9 13 51 
4571 10 12 51 
3701 13 1 51 
3519 13 3 51 
3497 14 0 51 
3332 0 13 51 
2951 0 15 51 
2868 0 19 51 
2517 1 12 51 
2232 2 11 51 
2075 8 13 51 
1859 9 12 51 
1825 13 2 51 
1568 14 1 51 
1346 14 3 51 
1288 15 0 51 
1124 19 0 51 
1020 0 14 51 
640 0 16 51 
633 0 18 51 
480 1 13 51 
20 1 15 51 
5921 1 19 51 
5730 2 12 51 
5612 3 11 51 
5292 5 19 51 
4993 7 13 51 
4965 8 12 51 
4962 14 2 51 
4917 15 1 51 
4850 15 3 51 
4718 16 0 51 
4661 18 0 51 
4623 19 1 51 
4489 0 17 51 
4036 1 14 51 
3895 1 16 51 
3862 1 18 51 
3730 2 13 51 
3508 2 15 51 
3340 2 19 51 
3101 3 12 51 
2912 4 11 51 
2634 4 19 51 
2102 5 18 51 
1448 6 11 51 
1408 6 13 51 
1332 7 12 51 
744 15 2 51 
546 16 1 51 
416 16 3 51 
412 17 0 51 
55 18 1 51 
5888 19 2 51 
5884 1 17 51 
5877 2 14 51 
5706 2 16 51 
5546 2 18 51 
5352 3 13 51 
5306 3 19 51 
5075 4 12 51 
5041 4 18 51 
5002 5 11 51 
4992 6 12 51 
4987 16 2 51 
4612 17 1 51 
4325 18 2 51 
4257 19 3 51 
4002 2 17 51 
3918 3 14 51 
3788 3 18 51 
3614 4 13 51 
3459 5 12 51 
3353 16 19 51 
3195 17 2 51 
3148 18 3 51 
3040 19 4 51 
2935 19 8 51 
2708 3 15 51 
2572 3 17 51 
2442 4 14 51 
2271 5 13 51 
1930 8 14 51 
1872 16 18 51 
1593 17 3 51 
1404 17 19 51 
1321 18 4 51 
1177 18 8 51 
1102 19 5 51 
1003 19 7 51 
991 19 19 51 
902 3 16 51 
817 4 15 51 
788 4 17 51 
755 5 14 51 
697 7 14 51 
481 8 15 51 
177 13 4 51 
127 15 4 51 
5910 16 17 51 
5768 17 4 51 
5605 17 8 51 
5583 17 18 51 
5526 18 5 51 
5472 18 7 51 
5322 18 19 51 
5303 19 6 51 
5158 19 18 51 
4298 4 16 51 
4031 5 15 51 
3904 5 17 51 
3715 6 14 51 
3554 7 15 51 
3342 13 5 51 
3231 14 4 51 
3214 16 4 51 
3177 16 16 51 
3133 17 5 51 
2939 17 7 51 
2908 17 17 51 
2790 18 6 51 
2692 18 18 51 
2600 19 17 51 
2559 5 16 51 
2555 6 15 51 
2482 6 19 51 
2260 13 6 51 
1543 14 5 51 
1536 16 5 51 
1396 17 6 51 
1342 17 16 51 
1249 18 17 51 
1096 19 16 51 
812 6 16 51 
442 6 18 51 
401 7 19 51 
325 13 7 51 
5953 14 6 51 
5769 15 5 51 
5568 15 19 51 
5286 16 6 51 
5225 18 16 51 
4861 19 9 51 
4597 19 13 51 
4562 19 15 51 
4540 6 17 51 
4464 7 16 51 
4449 7 18 51 
4077 8 19 51 
3676 9 14 51 
3620 13 8 51 
3297 14 7 51 
3247 14 19 51 
3230 15 6 51 
3170 15 18 51 
3043 16 7 51 
2761 18 9 51 
2736 18 13 51 
2674 18 15 51 
2492 19 10 51 
2279 19 14 51 
2179 7 17 51 
2094 8 16 51 
2028 8 18 51 
1976 9 15 51 
1471 9 19 51 
1447 10 14 51 
1261 13 9 51 
1253 13 19 51 
1109 14 8 51 
955 14 18 51 
887 15 7 51 
718 15 17 51 
664 16 8 51 
544 17 9 51 
538 17 13 51 
5943 17 15 51 
5591 18 10 51 
5365 18 14 51 
5217 19 11 51 
5052 8 17 51 
4889 9 16 51 
4880 9 18 51 
4791 10 15 51 
4728 10 19 51 
4490 12 19 51 
4113 13 10 51 
4060 13 18 51 
4057 14 9 51 
3828 14 17 51 
3780 15 8 51 
3689 15 16 51 
3619 16 9 51 
3421 16 13 51 
3198 16 15 51 
3158 17 10 51 
3064 17 14 51 
3023 18 11 51 
3001 19 12 51 
2861 9 17 51 
2732 10 16 51 
2718 10 18 51 
2597 11 19 51 
2106 12 18 51 
1681 13 17 51 
1347 14 10 51 
931 14 16 51 
890 15 9 51 
445 15 13 51 
308 15 15 51 
271 16 10 51 
182 16 14 51 
156 17 11 51 
142 18 12 51 
5904 10 17 51 
5456 11 18 51 
5372 12 17 51 
5363 13 16 51 
5323 14 15 51 
5194 15 10 51 
5160 15 14 51 
4836 16 11 51 
4322 17 12 51 
4162 11 17 51 
4133 12 16 51 
3869 13 15 51 
3457 14 14 51 
3285 15 11 51 
3139 16 12 51 
3015 11 16 51 
2410 12 15 51 
2161 13 14 51 
2053 14 11 51 
1812 14 13 51 
1559 15 12 51 
1431 11 15 51 
1415 12 14 51 
1299 13 11 51 
645 13 13 51 
392 14 12 51 
242 11 14 51 
58 12 13 51 
5802 13 12 51 
5693 11 13 51 
5654 12 12 51 
5569 11 12 51 
5189 12 11 51 
5055 0 10 51 
5021 11 11 51 
4832 12 10 51 
4627 0 9 51 
4512 1 10 51 
4461 10 11 51 
4380 11 10 51 
3759 12 9 51 
3585 0 8 51 
2917 1 9 51 
2742 2 10 51 
2536 9 11 51 
2369 10 10 51 
2032 11 9 51 
1874 12 8 51 
1804 1 8 51 
681 2 9 51 
292 3 10 51 
256 8 11 51 
209 9 10 51 
30 10 9 51 
5920 11 8 51 
5906 12 5 51 
5702 12 7 51 
5364 2 8 51 
5276 3 9 51 
5264 4 10 51 
4575 7 11 51 
4502 8 10 51 
4184 9 9 51 
3908 10 8 51 
3240 11 5 51 
3080 11 7 51 
3027 12 6 51 
2913 3 8 51 
2556 4 9 51 
1248 5 10 51 
5780 7 10 51 
5283 8 9 51 
4883 9 8 51 
4598 10 5 51 
4089 10 7 51 
3928 11 6 51 
3680 0 4 51 
3657 4 8 51 
3564 5 9 51 
3378 6 10 51 
2288 7 9 51 
2006 8 8 51 
1802 9 5 51 
1784 9 7 51 
1555 10 6 51 
1491 0 5 51 
1393 0 7 51 
1155 1 4 51 
1150 5 8 51 
1052 6 9 51 
785 7 8 51 
511 8 7 51 
482 9 6 51 
4 0 6 51 
5835 1 5 51 
5411 1 7 51 
5366 6 8 51 
5285 7 7 51 
5114 8 6 51 
5091 0 3 51 
4663 1 6 51 
4366 2 7 51 
4094 6 7 51 
3980 7 6 51 
3912 0 0 51 
2785 0 2 51 
2593 1 3 51 
2248 2 6 51 
1731 3 7 51 
1599 5 7 51 
1232 6 6 51 
1174 0 1 51 
1143 1 0 51 
1011 1 2 51 
869 2 5 51 
396 3 6 51 
105 4 7 51 
4527 5 6 51 
4505 8 5 51 
4393 1 1 51 
4051 2 0 51 
3985 2 4 51 
3167 3 5 51 
3113 4 6 51 
2970 7 3 51 
2862 7 5 51 
2512 8 4 51 
2489 2 1 51 
2098 2 3 51 
1797 3 0 51 
1680 3 4 51 
1244 4 5 51 
995 6 3 51 
216 6 5 51 
37 7 4 51 
5863 2 2 51 
5432 3 1 51 
5149 3 3 51 
5049 4 0 51 
4984 4 4 51 
4741 5 5 51 
4454 6 4 51 
4082 12 4 51 
3898 3 2 51 
3840 4 1 51 
3648 4 3 51 
3181 5 4 51 
3138 11 4 51 
3116 12 3 51 
3010 4 2 51 
2510 5 3 51 
2103 10 4 51 
2059 11 3 51 
1550 12 2 51 
1504 5 2 51 
165 8 3 51 
5912 9 4 51 
4492 10 3 51 
4137 11 2 51 
4091 12 1 51 
3426 5 1 51 
3381 6 2 51 
2368 9 3 51 
1113 10 2 51 
1001 11 1 51 
738 12 0 51 
144 5 0 51 
5713 6 1 51 
5600 7 2 51 
4459 9 2 51 
4382 10 1 51 
4118 11 0 51 
3120 6 0 51 
1876 7 1 51 
1641 8 2 51 
998 9 1 51 
5792 10 0 51 
5404 7 0 51 
4483 8 1 51 
4025 9 0 51 
2878 8 0 51 
1561 7 1 64 
2542 6 1 64 
3809 10 1 64 
4351 11 1 65 
4968 3 2 66 
1117 3 1 66 
1663 3 5 67 
2837 3 6 68 
498 7 7 68 
566 5 9 69 
2099 4 9 70 
2283 3 9 70 
2643 10 8 70 
643 2 9 71 
1983 11 8 70 
2038 1 9 71 
2154 12 13 72 
1074 12 14 72 
3587 14 15 72 
4609 16 11 72 
5595 16 10 73 
5917 0 11 76 
5509 10 13 76 
5163 13 0 76 
5050 0 12 76 
4827 1 11 76 
4798 9 13 76 
4752 10 12 76 
4699 13 1 76 
4452 13 3 76 
4190 14 0 76 
3960 0 13 76 
3837 0 15 76 
3834 0 19 76 
3602 1 12 76 
3575 2 11 76 
3484 8 13 76 
3466 9 12 76 
3359 13 2 76 
3126 14 1 76 
2611 14 3 76 
2603 15 0 76 
2349 19 0 76 
2216 0 14 76 
2207 0 16 76 
1822 0 18 76 
1712 1 13 76 
1577 1 15 76 
1388 1 19 76 
1324 2 12 76 
1230 3 11 76 
866 5 19 76 
715 7 13 76 
305 8 12 76 
104 14 2 76 
44 15 1 76 
5823 15 3 76 
5617 16 0 76 
5578 18 0 76 
5520 19 1 76 
5399 0 17 76 
5314 1 14 76 
5226 1 16 76 
5210 1 18 76 
5144 2 13 76 
5009 2 15 76 
4976 2 19 76 
4460 3 12 76 
4355 4 11 76 
4208 4 19 76 
3829 5 18 76 
3588 6 11 76 
3414 6 13 76 
3119 7 12 76 
3073 15 2 76 
3031 16 1 76 
2934 16 3 76 
2568 17 0 76 
2498 18 1 76 
2396 19 2 76 
2326 1 17 76 
2150 2 14 76 
1584 2 16 76 
954 2 18 76 
868 3 13 76 
424 3 19 76 
404 4 12 76 
5679 4 18 76 
5572 5 11 76 
5155 6 12 76 
4948 16 2 76 
4946 17 1 76 
4893 18 2 76 
4536 19 3 76 
4397 2 17 76 
4364 3 14 76 
4296 3 18 76 
4194 4 13 76 
3956 5 12 76 
3792 16 19 76 
3518 17 2 76 
3287 18 3 76 
3108 19 4 76 
3104 19 8 76 
3060 3 15 76 
2907 3 17 76 
2275 4 14 76 
2040 5 13 76 
1958 8 14 76 
1787 16 18 76 
1732 17 3 76 
1729 17 19 76 
1713 18 4 76 
1524 18 8 76 
1235 19 5 76 
922 19 7 76 
730 19 19 76 
722 3 16 76 
593 4 15 76 
431 4 17 76 
249 5 14 76 
5873 7 14 76 
5606 8 15 76 
5383 13 4 76 
4808 15 4 76 
4625 16 17 76 
4493 17 4 76 
4328 17 8 76 
4229 17 18 76 
4181 18 5 76 
3699 18 7 76 
3516 18 19 76 
3317 19 6 76 
3160 19 18 76 
2841 4 16 76 
2715 5 15 76 
2648 5 17 76 
2441 6 14 76 
1953 7 15 76 
1272 13 5 76 
797 14 4 76 
737 16 4 76 
687 16 16 76 
472 17 5 76 
388 17 7 76 
384 17 17 76 
5735 18 6 76 
5629 18 18 76 
5609 19 17 76 
5362 5 16 76 
5140 6 15 76 
5057 6 19 76 
4785 13 6 76 
4484 14 5 76 
4458 16 5 76 
4178 17 6 76 
4149 17 16 76 
3708 18 17 76 
3380 19 16 76 
3363 6 16 76 
3153 6 18 76 
2130 7 19 76 
2014 13 7 76 
1509 14 6 76 
1328 15 5 76 
1278 15 19 76 
928 16 6 76 
601 18 16 76 
5870 19 9 76 
5742 19 13 76 
5549 19 15 76 
5513 6 17 76 
5418 7 16 76 
5395 7 18 76 
4900 8 19 76 
4863 9 14 76 
4189 13 8 76 
4139 14 7 76 
3766 14 19 76 
3749 15 6 76 
3563 15 18 76 
3527 16 7 76 
3526 18 9 76 
3386 18 13 76 
3049 18 15 76 
2833 19 10 76 
2821 19 14 76 
2713 7 17 76 
2552 8 16 76 
2519 8 18 76 
2258 9 15 76 
1831 9 19 76 
1796 10 14 76 
1781 13 9 76 
1661 13 19 76 
1658 14 8 76 
1635 14 18 76 
1623 15 7 76 
1601 15 17 76 
1516 16 8 76 
1352 17 9 76 
779 17 13 76 
428 17 15 76 
5828 18 10 76 
5709 18 14 76 
5643 19 11 76 
5291 8 17 76 
5136 9 16 76 
4643 9 18 76 
4570 10 15 76 
4545 10 19 76 
4417 12 19 76 
4148 13 10 76 
4071 13 18 76 
4070 14 9 76 
3797 14 17 76 
3771 15 8 76 
3684 15 16 76 
3668 16 9 76 
3595 16 13 76 
3270 16 15 76 
3168 17 10 76 
2869 17 14 76 
2812 18 11 76 
2488 19 12 76 
2087 9 17 76 
1999 10 16 76 
1632 10 18 76 
1534 11 19 76 
1456 12 18 76 
1283 13 17 76 
639 14 10 76 
618 14 16 76 
443 15 9 76 
405 15 13 76 
303 15 15 76 
5637 16 10 76 
5405 16 14 76 
5219 17 11 76 
4427 18 12 76 
4415 10 17 76 
4191 11 18 76 
4096 12 17 76 
3964 13 16 76 
3926 14 15 76 
3713 15 10 76 
3567 15 14 76 
3069 16 11 76 
3006 17 12 76 
2693 11 17 76 
2540 12 16 76 
2126 13 15 76 
2045 14 14 76 
1560 15 11 76 
1002 16 12 76 
653 11 16 76 
485 12 15 76 
464 13 14 76 
21 14 11 76 
5882 14 13 76 
5839 15 12 76 
5320 11 15 76 
5242 12 14 76 
4955 13 11 76 
4834 13 13 76 
4706 14 12 76 
4702 11 14 76 
4693 12 13 76 
4402 13 12 76 
4108 11 13 76 
3889 12 12 76 
3737 11 12 76 
3589 12 11 76 
3560 0 10 76 
3150 11 11 76 
3142 12 10 76 
3107 0 9 76 
3012 1 10 76 
2846 10 11 76 
2628 11 10 76 
2067 12 9 76 
2039 0 8 76 
1725 1 9 76 
1633 2 10 76 
706 9 11 76 
274 10 10 76 
5883 11 9 76 
5061 12 8 76 
5038 1 8 76 
4724 2 9 76 
4591 3 10 76 
4329 8 11 76 
4301 9 10 76 
4159 10 9 76 
4140 11 8 76 
4115 12 5 76 
4041 12 7 76 
3690 2 8 76 
3608 3 9 76 
3067 4 10 76 
3055 7 11 76 
3011 8 10 76 
2986 9 9 76 
2762 10 8 76 
2758 11 5 76 
2694 11 7 76 
2610 12 6 76 
2507 3 8 76 
2500 4 9 76 
2297 5 10 76 
1918 7 10 76 
1485 8 9 76 
1429 9 8 76 
1428 10 5 76 
1379 10 7 76 
1333 11 6 76 
1110 0 4 76 
820 4 8 76 
756 5 9 76 
129 6 10 76 
12 7 9 76 
5834 8 8 76 
5816 9 5 76 
5174 9 7 76 
5035 10 6 76 
4565 0 5 76 
4317 0 7 76 
3860 1 4 76 
3763 5 8 76 
3025 6 9 76 
2818 7 8 76 
2447 8 7 76 
2363 9 6 76 
2332 0 6 76 
2223 1 5 76 
2097 1 7 76 
2011 6 8 76 
1715 7 7 76 
1703 8 6 76 
369 0 3 76 
310 1 6 76 
203 2 7 76 
164 6 7 76 
5674 7 6 76 
5462 0 0 76 
5130 0 2 76 
4701 1 3 76 
4506 2 6 76 
4335 3 7 76 
4302 5 7 76 
3312 6 6 76 
3102 0 1 76 
2937 1 0 76 
2875 1 2 76 
2622 2 5 76 
2573 3 6 76 
2198 4 7 76 
1788 5 6 76 
1759 8 5 76 
1677 1 1 76 
1618 2 0 76 
488 2 4 76 
174 3 5 76 
102 4 6 76 
28 7 3 76 
5778 7 5 76 
5394 8 4 76 
5353 2 1 76 
5349 2 3 76 
5274 3 0 76 
4709 3 4 76 
2582 4 5 76 
2455 6 3 76 
2353 6 5 76 
2201 7 4 76 
2139 2 2 76 
1728 3 1 76 
1518 3 3 76 
1476 4 0 76 
1185 4 4 76 
1075 5 5 76 
767 6 4 76 
655 12 4 76 
470 3 2 76 
5969 4 1 76 
4795 4 3 76 
4107 5 4 76 
4040 11 4 76 
3849 12 3 76 
3494 4 2 76 
3370 5 3 76 
3182 10 4 76 
2727 11 3 76 
1862 12 2 76 
586 5 2 76 
461 8 3 76 
452 9 4 76 
112 10 3 76 
5701 11 2 76 
5552 12 1 76 
5316 5 1 76 
5112 6 2 76 
4761 9 3 76 
4717 10 2 76 
4707 11 1 76 
4588 12 0 76 
4560 5 0 76 
4390 6 1 76 
3290 7 2 76 
2739 9 2 76 
1539 10 1 76 
1380 11 0 76 
1118 6 0 76 
874 7 1 76 
588 8 2 76 
5168 9 1 76 
3838 10 0 76 
3746 7 0 76 
3412 8 1 76 
5902 9 0 76 
3687 8 0 76 
3955 7 1 89 
646 6 1 89 
925 10 1 89 
3465 11 1 89 
3900 3 2 91 
3525 3 1 91 
2466 3 5 92 
1231 3 6 92 
1525 7 7 93 
913 5 9 94 
1970 4 9 94 
584 3 9 94 
2055 10 8 94 
4138 2 9 94 
5036 11 8 94 
387 1 9 95 
3309 12 13 95 
4895 12 14 95 
5695 14 15 96 
2299 16 11 96 
2673 16 10 96 
3062 16 14 96 
1741 13 18 97 
2619 14 9 97 
4289 17 14 97 
5166 14 18 98 
5438 18 14 97 
