1854
6057 0 19 1 
5999 0 18 1 
5773 1 19 1 
5327 0 13 1 
5008 0 17 1 
4980 1 18 1 
4925 2 19 1 
4823 8 19 1 
4285 14 19 1 
4104 0 14 1 
3970 0 16 1 
3726 1 13 1 
1937 1 17 1 
1778 2 18 1 
1622 3 19 1 
1619 7 19 1 
1562 8 18 1 
1398 14 18 1 
1256 15 19 1 
1250 19 19 1 
1238 0 15 1 
1226 1 14 1 
1036 1 16 1 
787 2 13 1 
675 2 17 1 
441 3 18 1 
293 4 19 1 
25 6 19 1 
5758 7 18 1 
5628 8 17 1 
5473 14 17 1 
5268 15 18 1 
5259 16 19 1 
5146 18 19 1 
4752 19 18 1 
4743 0 10 1 
4702 1 15 1 
4145 2 14 1 
4113 2 16 1 
3812 3 17 1 
3756 4 18 1 
3520 5 19 1 
3390 6 18 1 
3309 7 17 1 
3187 8 16 1 
3173 14 16 1 
2636 15 17 1 
2493 16 18 1 
2172 17 19 1 
2035 18 18 1 
2005 19 17 1 
1900 0 11 1 
1883 1 10 1 
1840 2 15 1 
1808 3 16 1 
1628 4 17 1 
1576 5 18 1 
1286 6 17 1 
1279 7 16 1 
1227 8 15 1 
664 14 15 1 
577 15 16 1 
511 16 17 1 
83 17 18 1 
5891 18 17 1 
5724 19 16 1 
5546 0 12 1 
5487 1 11 1 
5281 2 10 1 
3829 3 9 1 
3795 3 15 1 
3376 4 16 1 
2915 5 17 1 
2861 6 16 1 
2791 7 15 1 
2325 8 14 1 
2268 15 15 1 
2206 16 16 1 
1983 17 17 1 
1580 18 16 1 
1529 19 15 1 
1457 1 12 1 
1411 2 11 1 
1096 3 10 1 
1046 3 14 1 
863 4 9 1 
843 4 15 1 
750 5 16 1 
738 6 15 1 
628 7 14 1 
570 16 15 1 
561 17 16 1 
519 18 15 1 
240 19 14 1 
5980 2 12 1 
5931 3 11 1 
5832 3 13 1 
5747 4 10 1 
5566 4 14 1 
4966 5 15 1 
4965 6 14 1 
4897 9 19 1 
4614 13 19 1 
4458 16 14 1 
4119 17 15 1 
4015 18 14 1 
4004 19 13 1 
3656 3 12 1 
3631 4 11 1 
3339 4 13 1 
2881 5 14 1 
2814 9 18 1 
2593 10 19 1 
2570 12 19 1 
2392 13 18 1 
2389 16 13 1 
2262 17 14 1 
2036 18 13 1 
1745 19 12 1 
1672 4 12 1 
1579 5 13 1 
1334 9 17 1 
1160 10 18 1 
1141 11 19 1 
1135 12 18 1 
743 13 17 1 
632 14 14 1 
537 17 13 1 
447 18 12 1 
304 19 11 1 
265 5 12 1 
234 6 13 1 
23 9 16 1 
10 10 17 1 
6004 11 18 1 
5942 12 17 1 
5766 13 16 1 
5117 14 13 1 
5035 15 14 1 
4940 17 12 1 
4939 18 11 1 
4883 19 0 1 
4462 19 4 1 
4194 19 10 1 
4126 5 11 1 
3923 6 12 1 
3715 7 13 1 
3666 9 15 1 
3591 10 16 1 
3505 11 17 1 
3138 12 16 1 
2902 13 15 1 
2531 14 12 1 
2347 15 13 1 
2299 16 12 1 
2063 17 11 1 
1295 18 0 1 
1208 18 4 1 
1008 18 10 1 
870 19 1 1 
442 19 5 1 
357 19 9 1 
203 0 9 1 
6061 5 10 1 
6003 6 11 1 
5396 7 12 1 
5359 8 13 1 
5350 9 14 1 
5079 10 15 1 
4949 11 16 1 
4383 12 15 1 
4087 13 14 1 
4050 14 11 1 
3924 15 12 1 
3895 16 11 1 
3866 17 0 1 
3603 17 4 1 
3243 17 10 1 
3132 18 1 1 
2993 18 5 1 
2563 18 9 1 
1692 19 2 1 
1536 19 6 1 
1506 19 8 1 
1471 0 8 1 
1410 1 9 1 
1390 5 9 1 
1189 6 10 1 
1012 7 11 1 
866 8 12 1 
794 9 13 1 
733 10 14 1 
684 11 15 1 
586 12 14 1 
512 13 13 1 
386 14 10 1 
76 15 11 1 
6011 16 0 1 
5458 16 10 1 
5177 17 1 1 
4923 17 5 1 
4761 17 9 1 
4760 18 2 1 
4677 18 6 1 
4495 18 8 1 
3737 19 3 1 
3551 19 7 1 
3544 0 7 1 
3466 1 8 1 
3356 2 9 1 
3218 6 9 1 
2956 7 10 1 
2732 8 11 1 
2382 9 12 1 
2297 10 13 1 
2283 11 14 1 
2279 12 13 1 
2199 13 12 1 
2143 14 9 1 
2030 15 0 1 
1964 15 10 1 
1434 16 1 1 
1395 16 9 1 
1367 17 2 1 
1267 17 6 1 
978 17 8 1 
890 18 3 1 
889 18 7 1 
805 0 0 1 
757 0 6 1 
619 1 7 1 
563 2 8 1 
297 7 9 1 
288 8 10 1 
6015 9 11 1 
5806 10 12 1 
5781 11 13 1 
5144 12 12 1 
5139 13 11 1 
4543 14 0 1 
4457 15 1 1 
4410 15 9 1 
4117 16 2 1 
4030 16 8 1 
3788 17 3 1 
3358 17 7 1 
3312 0 1 1 
3056 0 5 1 
2981 1 0 1 
2760 1 6 1 
2621 2 7 1 
2519 3 8 1 
2475 8 9 1 
2278 9 10 1 
2154 10 11 1 
1907 11 12 1 
1601 12 11 1 
1477 13 10 1 
1332 14 1 1 
1234 15 2 1 
984 15 8 1 
968 16 3 1 
366 16 7 1 
266 0 2 1 
199 0 4 1 
150 1 1 1 
75 1 5 1 
42 2 0 1 
6094 2 6 1 
5621 3 7 1 
5534 4 8 1 
5514 9 9 1 
5297 10 10 1 
4877 11 11 1 
4853 12 10 1 
4670 13 9 1 
4499 14 2 1 
4324 14 8 1 
3785 15 3 1 
3646 15 7 1 
3615 16 4 1 
3324 16 6 1 
1683 0 3 1 
1652 1 2 1 
1414 1 4 1 
1293 2 1 1 
943 2 5 1 
859 3 6 1 
703 4 7 1 
530 5 8 1 
488 7 8 1 
164 10 9 1 
61 11 10 1 
19 12 9 1 
5807 13 8 1 
5735 14 3 1 
4749 14 7 1 
4232 15 4 1 
4020 15 6 1 
3886 16 5 1 
3818 1 3 1 
3799 2 2 1 
3691 2 4 1 
3573 3 5 1 
3168 4 6 1 
3098 5 7 1 
3045 6 8 1 
2575 7 7 1 
2399 11 9 1 
2138 12 8 1 
2085 13 7 1 
1903 14 4 1 
1758 14 6 1 
1225 15 5 1 
804 2 3 1 
803 3 4 1 
643 4 5 1 
600 5 6 1 
501 6 7 1 
388 7 6 1 
5990 11 8 1 
5936 12 7 1 
5262 13 0 1 
5244 13 6 1 
3814 14 5 1 
3462 3 3 1 
2745 4 4 1 
2682 5 5 1 
2625 6 6 1 
2350 7 5 1 
1709 8 8 1 
877 10 8 1 
678 11 7 1 
498 12 0 1 
307 12 6 1 
116 13 1 1 
5988 13 5 1 
5851 3 2 1 
5518 4 3 1 
5069 5 4 1 
4807 6 5 1 
4769 7 4 1 
3527 8 7 1 
3470 9 8 1 
3257 10 7 1 
3224 11 0 1 
2224 11 6 1 
1884 12 1 1 
1045 12 5 1 
672 13 2 1 
653 13 4 1 
416 3 1 1 
208 4 2 1 
5742 5 3 1 
5170 6 4 1 
4866 8 6 1 
4848 9 7 1 
4758 10 0 1 
3683 10 6 1 
3485 11 1 1 
3450 11 5 1 
3185 12 2 1 
2947 12 4 1 
2560 13 3 1 
2461 3 0 1 
1897 4 1 1 
510 5 2 1 
435 6 3 1 
231 8 5 1 
15 9 6 1 
5952 10 1 1 
5639 10 5 1 
5095 11 2 1 
4690 11 4 1 
4563 12 3 1 
4331 4 0 1 
4158 5 1 1 
3984 6 2 1 
3819 7 3 1 
3372 8 4 1 
3033 9 5 1 
1503 10 2 1 
1340 10 4 1 
70 11 3 1 
5685 5 0 1 
4470 6 1 1 
4402 7 2 1 
4160 8 3 1 
3254 9 4 1 
3031 10 3 1 
2274 6 0 1 
1673 7 1 1 
1543 8 2 1 
1051 9 3 1 
325 7 0 1 
5118 8 1 1 
4918 9 2 1 
4434 8 0 1 
4381 9 1 1 
1252 9 0 1 
2112 8 1 13 
1723 7 1 14 
3286 8 2 14 
3502 6 1 14 
2556 7 2 14 
5799 9 4 14 
134 5 1 15 
831 6 2 15 
933 9 5 15 
1025 11 3 15 
2174 4 1 16 
3087 5 2 16 
4106 9 6 16 
4830 11 2 15 
5096 12 3 15 
1139 4 2 17 
1170 5 3 16 
1359 9 7 16 
2412 10 6 16 
3051 11 1 16 
3519 12 2 16 
4024 4 3 17 
4190 5 4 17 
4542 6 5 17 
4682 10 7 17 
5084 11 6 17 
989 12 1 17 
1353 5 5 18 
3122 6 6 18 
4121 11 7 18 
579 12 6 18 
2748 5 6 19 
3092 6 7 19 
3513 12 7 18 
3976 13 6 18 
5098 1 3 19 
5906 2 4 19 
2662 5 7 19 
2728 12 8 19 
3796 13 7 19 
4340 14 6 19 
4605 15 5 19 
497 1 2 20 
697 1 4 20 
812 2 5 20 
825 11 10 20 
1043 12 9 20 
1366 14 7 19 
1950 15 4 19 
2202 15 6 19 
2211 1 1 21 
2370 1 5 21 
2476 2 6 20 
2577 10 10 20 
2595 11 11 20 
2781 12 10 20 
3115 15 3 20 
3627 15 7 20 
3980 1 6 21 
4571 2 7 21 
590 9 10 21 
1055 11 12 21 
1642 12 11 21 
1924 15 2 21 
2317 1 7 22 
3516 8 10 22 
3775 11 13 21 
6043 0 19 26 
5984 0 18 26 
5963 1 19 26 
5651 0 13 26 
5559 0 17 26 
5403 1 18 26 
5317 2 19 26 
4952 8 19 26 
4722 14 19 26 
4689 0 14 26 
4619 0 16 26 
4414 1 13 26 
4342 1 17 26 
4107 2 18 26 
4097 3 19 26 
3416 7 19 26 
3274 8 18 26 
3121 14 18 26 
3028 15 19 26 
2939 19 19 26 
2749 0 15 26 
2709 1 14 26 
2329 1 16 26 
2313 2 13 26 
2232 2 17 26 
2152 3 18 26 
1866 4 19 26 
1523 6 19 26 
1333 7 18 26 
1270 8 17 26 
1203 14 17 26 
1161 15 18 26 
931 16 19 26 
371 18 19 26 
313 19 18 26 
287 0 10 26 
73 1 15 26 
6063 2 14 26 
6058 2 16 26 
5914 3 17 26 
5638 4 18 26 
5503 5 19 26 
5464 6 18 26 
5243 7 17 26 
4831 8 16 26 
4289 14 16 26 
4214 15 17 26 
4122 16 18 26 
4093 17 19 26 
3944 18 18 26 
3911 19 17 26 
3770 0 11 26 
3665 1 10 26 
3305 2 15 26 
3220 3 16 26 
3129 4 17 26 
2809 5 18 26 
2428 6 17 26 
2348 7 16 26 
1998 8 15 26 
1679 14 15 26 
1667 15 16 26 
1349 16 17 26 
1258 17 18 26 
1191 18 17 26 
637 19 16 26 
541 0 12 26 
387 1 11 26 
345 2 10 26 
229 3 9 26 
36 3 15 26 
6032 4 16 26 
5751 5 17 26 
5437 6 16 26 
5085 7 15 26 
4947 8 14 26 
4759 15 15 26 
4699 16 16 26 
4560 17 17 26 
4529 18 16 26 
3978 19 15 26 
3823 1 12 26 
3507 2 11 26 
3417 3 10 26 
3408 3 14 26 
3386 4 9 26 
3277 4 15 26 
2503 5 16 26 
2267 6 15 26 
2190 7 14 26 
2180 16 15 26 
1990 17 16 26 
1927 18 15 26 
1847 19 14 26 
1822 2 12 26 
1575 3 11 26 
1455 3 13 26 
1371 4 10 26 
915 4 14 26 
626 5 15 26 
598 6 14 26 
286 9 19 26 
190 13 19 26 
135 16 14 26 
5924 17 15 26 
5858 18 14 26 
5574 19 13 26 
5352 3 12 26 
5312 4 11 26 
5254 4 13 26 
5009 5 14 26 
4981 9 18 26 
4959 10 19 26 
4663 12 19 26 
4507 13 18 26 
4263 16 13 26 
4222 17 14 26 
3616 18 13 26 
3409 19 12 26 
3400 4 12 26 
3205 5 13 26 
2681 9 17 26 
2355 10 18 26 
2265 11 19 26 
1996 12 18 26 
1991 13 17 26 
1933 14 14 26 
1918 17 13 26 
1196 18 12 26 
878 19 11 26 
874 5 12 26 
835 6 13 26 
767 9 16 26 
734 10 17 26 
687 11 18 26 
471 12 17 26 
148 13 16 26 
67 14 13 26 
5892 15 14 26 
5530 17 12 26 
5400 18 11 26 
5391 19 0 26 
5134 19 4 26 
5074 19 10 26 
4893 5 11 26 
4777 6 12 26 
4745 7 13 26 
4628 9 15 26 
4561 10 16 26 
4454 11 17 26 
4174 12 16 26 
4099 13 15 26 
4073 14 12 26 
4028 15 13 26 
3721 16 12 26 
3672 17 11 26 
3307 18 0 26 
3165 18 4 26 
2811 18 10 26 
2658 19 1 26 
2488 19 5 26 
2362 19 9 26 
2341 0 9 26 
2141 5 10 26 
2086 6 11 26 
1963 7 12 26 
1960 8 13 26 
1849 9 14 26 
1836 10 15 26 
1759 11 16 26 
1740 12 15 26 
1681 13 14 26 
1516 14 11 26 
1452 15 12 26 
1345 16 11 26 
1171 17 0 26 
853 17 4 26 
819 17 10 26 
800 18 1 26 
749 18 5 26 
704 18 9 26 
677 19 2 26 
477 19 6 26 
469 19 8 26 
185 0 8 26 
6095 1 9 26 
5309 5 9 26 
5163 6 10 26 
4919 7 11 26 
4821 8 12 26 
4687 9 13 26 
4674 10 14 26 
4363 11 15 26 
4172 12 14 26 
3876 13 13 26 
3749 14 10 26 
3534 15 11 26 
2979 16 0 26 
2597 16 10 26 
2422 17 1 26 
1825 17 5 26 
1470 17 9 26 
1447 18 2 26 
1300 18 6 26 
1255 18 8 26 
1244 19 3 26 
1205 19 7 26 
1154 0 7 26 
846 1 8 26 
693 2 9 26 
461 6 9 26 
163 7 10 26 
159 8 11 26 
5912 9 12 26 
5537 10 13 26 
5527 11 14 26 
5328 12 13 26 
5222 13 12 26 
5137 14 9 26 
4915 15 0 26 
4896 15 10 26 
4784 16 1 26 
4763 16 9 26 
4595 17 2 26 
4562 17 6 26 
4496 17 8 26 
4208 18 3 26 
4147 18 7 26 
4088 0 0 26 
4085 0 6 26 
4074 1 7 26 
4010 2 8 26 
3804 7 9 26 
3529 8 10 26 
3373 9 11 26 
3154 10 12 26 
3021 11 13 26 
2911 12 12 26 
2757 13 11 26 
2497 14 0 26 
2457 15 1 26 
2050 15 9 26 
1602 16 2 26 
1316 16 8 26 
1246 17 3 26 
1151 17 7 26 
1071 0 1 26 
1063 0 5 26 
6035 1 0 26 
5853 1 6 26 
5418 2 7 26 
5300 3 8 26 
5251 8 9 26 
5136 9 10 26 
5135 10 11 26 
5037 11 12 26 
4895 12 11 26 
4858 13 10 26 
4215 14 1 26 
3993 15 2 26 
3989 15 8 26 
3925 16 3 26 
3917 16 7 26 
3906 0 2 26 
3744 0 4 26 
3692 1 1 26 
3684 1 5 26 
3308 2 0 26 
3284 2 6 26 
3241 3 7 26 
3237 4 8 26 
3183 9 9 26 
3158 10 10 26 
2797 11 11 26 
2188 12 10 26 
2167 13 9 26 
2089 14 2 26 
2018 14 8 26 
2001 15 3 26 
1794 15 7 26 
1767 16 4 26 
1522 16 6 26 
1187 0 3 26 
1116 1 2 26 
987 1 4 26 
951 2 1 26 
916 2 5 26 
813 3 6 26 
739 4 7 26 
679 5 8 26 
467 7 8 26 
101 10 9 26 
5979 11 10 26 
5614 12 9 26 
5613 13 8 26 
5555 14 3 26 
5047 14 7 26 
4712 15 4 26 
4554 15 6 26 
4344 16 5 26 
4336 1 3 26 
3892 2 2 26 
3525 2 4 26 
3300 3 5 26 
2913 4 6 26 
2877 5 7 26 
2688 6 8 26 
2685 7 7 26 
2666 11 9 26 
2204 12 8 26 
1809 13 7 26 
932 14 4 26 
768 14 6 26 
125 15 5 26 
5995 2 3 26 
5933 3 4 26 
5899 4 5 26 
5719 5 6 26 
5596 6 7 26 
5468 7 6 26 
5036 11 8 26 
4034 12 7 26 
3695 13 0 26 
3572 13 6 26 
2833 14 5 26 
1974 3 3 26 
1764 4 4 26 
1520 5 5 26 
1474 6 6 26 
1123 7 5 26 
1111 8 8 26 
1103 10 8 26 
935 11 7 26 
5888 12 0 26 
5657 12 6 26 
5601 13 1 26 
5394 13 5 26 
4814 3 2 26 
3797 4 3 26 
3424 5 4 26 
2572 6 5 26 
2309 7 4 26 
1099 8 7 26 
723 9 8 26 
392 10 7 26 
365 11 0 26 
360 11 6 26 
283 12 1 26 
5744 12 5 26 
5313 13 2 26 
5269 13 4 26 
5141 3 1 26 
4929 4 2 26 
3370 5 3 26 
3258 6 4 26 
3109 8 6 26 
2968 9 7 26 
2948 10 0 26 
2739 10 6 26 
2716 11 1 26 
2655 11 5 26 
2241 12 2 26 
2095 12 4 26 
1445 13 3 26 
1245 3 0 26 
1006 4 1 26 
941 5 2 26 
147 6 3 26 
5691 8 5 26 
5485 9 6 26 
5052 10 1 26 
4962 10 5 26 
4913 11 2 26 
4292 11 4 26 
4100 12 3 26 
3214 4 0 26 
3179 5 1 26 
1720 6 2 26 
1618 7 3 26 
751 8 4 26 
383 9 5 26 
5824 10 2 26 
4993 10 4 26 
4380 11 3 26 
4350 5 0 26 
3330 6 1 26 
3293 7 2 26 
3201 8 3 26 
2237 9 4 26 
5681 10 3 26 
5166 6 0 26 
5023 7 1 26 
3369 8 2 26 
1845 9 3 26 
1645 7 0 26 
909 8 1 26 
5539 9 2 26 
5227 8 0 26 
5093 9 1 26 
2482 9 0 26 
1467 8 1 39 
1617 7 1 39 
220 8 2 39 
9 6 1 40 
1228 7 2 40 
4591 9 4 40 
99 5 1 41 
361 6 2 41 
1671 9 5 41 
1727 11 3 40 
2664 4 1 42 
3332 5 2 42 
5791 9 6 41 
117 11 2 41 
860 12 3 41 
3058 4 2 42 
3468 5 3 42 
4608 9 7 42 
80 10 6 42 
1017 11 1 42 
3659 12 2 42 
4908 4 3 43 
5616 5 4 43 
605 6 5 43 
634 10 7 43 
1122 11 6 43 
1143 12 1 43 
1934 5 5 44 
2307 6 6 44 
4388 11 7 44 
105 12 6 43 
709 5 6 44 
873 6 7 44 
911 12 7 44 
2346 13 6 44 
2649 1 3 45 
3521 2 4 45 
5334 5 7 45 
836 12 8 45 
1587 13 7 45 
1986 14 6 45 
2158 15 5 45 
2492 1 2 46 
2742 1 4 46 
4053 2 5 46 
4439 11 10 45 
4476 12 9 45 
4963 14 7 45 
5913 15 4 45 
820 15 6 45 
1106 1 1 46 
1665 1 5 46 
2451 2 6 46 
4056 10 10 46 
4129 11 11 46 
4348 12 10 46 
5045 15 3 46 
5090 15 7 46 
5962 1 6 46 
5981 0 19 51 
5862 0 18 51 
5563 1 19 51 
5443 0 13 51 
5369 0 17 51 
5289 1 18 51 
5233 2 19 51 
4662 8 19 51 
4424 14 19 51 
3908 0 14 51 
3690 0 16 51 
3670 1 13 51 
3568 1 17 51 
3449 2 18 51 
3394 3 19 51 
3238 7 19 51 
3162 8 18 51 
3124 14 18 51 
2961 15 19 51 
2844 19 19 51 
2717 0 15 51 
1958 1 14 51 
1798 1 16 51 
1526 2 13 51 
1131 2 17 51 
958 3 18 51 
711 4 19 51 
527 6 19 51 
517 7 18 51 
505 8 17 51 
282 14 17 51 
200 15 18 51 
109 16 19 51 
39 18 19 51 
5881 19 18 51 
5866 0 10 51 
5833 1 15 51 
5441 2 14 51 
5438 2 16 51 
5324 3 17 51 
4933 4 18 51 
4841 5 19 51 
4782 6 18 51 
4594 7 17 51 
4469 8 16 51 
4264 14 16 51 
4176 15 17 51 
3918 16 18 51 
3884 17 19 51 
3352 18 18 51 
3262 19 17 51 
2912 0 11 51 
2906 1 10 51 
2786 2 15 51 
2470 3 16 51 
2193 4 17 51 
2094 5 18 51 
1795 6 17 51 
1638 7 16 51 
1589 8 15 51 
1555 14 15 51 
1554 15 16 51 
1062 16 17 51 
1057 17 18 51 
847 18 17 51 
622 19 16 51 
573 0 12 51 
540 1 11 51 
439 2 10 51 
165 3 9 51 
6017 3 15 51 
6016 4 16 51 
5745 5 17 51 
5736 6 16 51 
5668 7 15 51 
5543 8 14 51 
5321 15 15 51 
5276 16 16 51 
5183 17 17 51 
4903 18 16 51 
4764 19 15 51 
4751 1 12 51 
4326 2 11 51 
4247 3 10 51 
4217 3 14 51 
3463 4 9 51 
3453 4 15 51 
3347 5 16 51 
3269 6 15 51 
3208 7 14 51 
3119 16 15 51 
3070 17 16 51 
2692 18 15 51 
2661 19 14 51 
2602 2 12 51 
2411 3 11 51 
2108 3 13 51 
2087 4 10 51 
1558 4 14 51 
1517 5 15 51 
1396 6 14 51 
1082 9 19 51 
898 13 19 51 
881 16 14 51 
753 17 15 51 
6089 18 14 51 
6049 19 13 51 
5865 3 12 51 
5844 4 11 51 
5721 4 13 51 
5666 5 14 51 
5627 9 18 51 
5451 10 19 51 
5363 12 19 51 
5316 13 18 51 
4921 16 13 51 
4757 17 14 51 
4724 18 13 51 
4713 19 12 51 
4486 4 12 51 
4335 5 13 51 
4196 9 17 51 
4193 10 18 51 
4000 11 19 51 
2690 12 18 51 
2004 13 17 51 
1834 14 14 51 
1626 17 13 51 
1519 18 12 51 
1514 19 11 51 
1183 5 12 51 
1028 6 13 51 
615 9 16 51 
327 10 17 51 
182 11 18 51 
69 12 17 51 
6104 13 16 51 
6045 14 13 51 
5985 15 14 51 
5818 17 12 51 
5788 18 11 51 
5561 19 0 51 
5492 19 4 51 
5435 19 10 51 
5044 5 11 51 
4945 6 12 51 
4936 7 13 51 
4626 9 15 51 
4587 10 16 51 
4468 11 17 51 
4456 12 16 51 
3900 13 15 51 
3653 14 12 51 
3630 15 13 51 
3611 16 12 51 
3264 17 11 51 
3076 18 0 51 
2996 18 4 51 
2952 18 10 51 
2832 19 1 51 
2758 19 5 51 
2508 19 9 51 
2250 0 9 51 
1889 5 10 51 
1886 6 11 51 
1746 7 12 51 
422 8 13 51 
296 9 14 51 
289 10 15 51 
111 11 16 51 
5509 12 15 51 
5382 13 14 51 
5239 14 11 51 
5212 15 12 51 
5123 16 11 51 
4654 17 0 51 
3676 17 4 51 
3641 17 10 51 
3280 18 1 51 
3145 18 5 51 
3079 18 9 51 
2991 19 2 51 
2368 19 6 51 
2300 19 8 51 
2197 0 8 51 
2126 1 9 51 
1742 5 9 51 
1703 6 10 51 
1669 7 11 51 
1533 8 12 51 
1174 9 13 51 
901 10 14 51 
869 11 15 51 
838 12 14 51 
674 13 13 51 
657 14 10 51 
50 15 11 51 
35 16 0 51 
2 16 10 51 
6072 17 1 51 
5131 17 5 51 
4969 17 9 51 
4916 18 2 51 
4523 18 6 51 
4481 18 8 51 
4302 19 3 51 
4279 19 7 51 
4095 0 7 51 
3920 1 8 51 
3913 2 9 51 
3910 6 9 51 
3776 7 10 51 
3620 8 11 51 
3594 9 12 51 
3511 10 13 51 
3494 11 14 51 
3199 12 13 51 
3099 13 12 51 
2995 14 9 51 
2582 15 0 51 
1871 15 10 51 
1790 16 1 51 
515 16 9 51 
217 17 2 51 
144 17 6 51 
6033 17 8 51 
6009 18 3 51 
5941 18 7 51 
5399 0 0 51 
5208 0 6 51 
4423 1 7 51 
4238 2 8 51 
3847 7 9 51 
3751 8 10 51 
3320 9 11 51 
2888 10 12 51 
2798 11 13 51 
2779 12 12 51 
2671 13 11 51 
2502 14 0 51 
2500 15 1 51 
2491 15 9 51 
2440 16 2 51 
2425 16 8 51 
2249 17 3 51 
2198 17 7 51 
1902 0 1 51 
1567 0 5 51 
1429 1 0 51 
662 1 6 51 
606 2 7 51 
495 3 8 51 
395 8 9 51 
262 9 10 51 
130 10 11 51 
54 11 12 51 
6041 12 11 51 
5938 13 10 51 
5749 14 1 51 
5704 15 2 51 
5358 15 8 51 
5025 16 3 51 
4999 16 7 51 
4449 0 2 51 
4297 0 4 51 
4069 1 1 51 
4014 1 5 51 
3830 2 0 51 
3755 2 6 51 
3743 3 7 51 
3706 4 8 51 
3575 9 9 51 
3405 10 10 51 
3263 11 11 51 
3167 12 10 51 
2804 13 9 51 
2604 14 2 51 
2458 14 8 51 
2066 15 3 51 
1844 15 7 51 
1811 16 4 51 
1646 16 6 51 
1490 0 3 51 
944 1 2 51 
900 1 4 51 
354 2 1 51 
6113 2 5 51 
5727 3 6 51 
5533 4 7 51 
5287 5 8 51 
5018 7 8 51 
5003 10 9 51 
4700 11 10 51 
4327 12 9 51 
4293 13 8 51 
3704 14 3 51 
3234 14 7 51 
2790 15 4 51 
2251 15 6 51 
972 16 5 51 
952 1 3 51 
918 2 2 51 
910 2 4 51 
786 3 5 51 
706 4 6 51 
650 5 7 51 
642 6 8 51 
470 7 7 51 
419 11 9 51 
6027 12 8 51 
6020 13 7 51 
5752 14 4 51 
5551 14 6 51 
5547 15 5 51 
5390 2 3 51 
5027 3 4 51 
5006 4 5 51 
4788 5 6 51 
4639 6 7 51 
4498 7 6 51 
4137 11 8 51 
3827 12 7 51 
3728 13 0 51 
3607 13 6 51 
3561 14 5 51 
3182 3 3 51 
2964 4 4 51 
2890 5 5 51 
2796 6 6 51 
1879 7 5 51 
1347 8 8 51 
1192 10 8 51 
1177 11 7 51 
861 12 0 51 
595 12 6 51 
594 13 1 51 
5978 13 5 51 
5850 3 2 51 
5771 4 3 51 
5424 5 4 51 
5160 6 5 51 
4672 7 4 51 
4205 8 7 51 
4051 9 8 51 
3668 10 7 51 
3110 11 0 51 
2771 11 6 51 
2747 12 1 51 
2629 12 5 51 
2177 13 2 51 
2081 13 4 51 
2017 3 1 51 
1335 4 2 51 
670 5 3 51 
263 6 4 51 
5711 8 6 51 
5414 9 7 51 
4794 10 0 51 
4244 10 6 51 
3006 11 1 51 
3001 11 5 51 
2989 12 2 51 
2312 12 4 51 
2225 13 3 51 
1706 3 0 51 
1484 4 1 51 
1306 5 2 51 
1130 6 3 51 
759 8 5 51 
654 9 6 51 
5716 10 1 51 
5665 10 5 51 
4120 11 2 51 
3207 11 4 51 
2338 12 3 51 
1202 4 0 51 
967 5 1 51 
5398 6 2 51 
5347 7 3 51 
5303 8 4 51 
4872 9 5 51 
4698 10 2 51 
4421 10 4 51 
2342 11 3 51 
2275 5 0 51 
2269 6 1 51 
1343 7 2 51 
1152 8 3 51 
833 9 4 51 
785 10 3 51 
5761 6 0 51 
5497 7 1 51 
5154 8 2 51 
3498 9 3 51 
3295 7 0 51 
3003 8 1 51 
2946 9 2 51 
1890 8 0 51 
1066 9 1 51 
142 9 0 51 
4309 8 1 63 
4471 7 1 63 
5481 8 2 63 
623 6 1 64 
5660 7 2 64 
321 9 4 64 
641 5 1 65 
721 6 2 64 
1370 9 5 64 
1716 11 3 64 
3047 4 1 66 
821 5 2 66 
2378 9 6 66 
2754 11 2 65 
2909 12 3 65 
5092 4 2 67 
322 5 3 67 
460 9 7 66 
487 10 6 66 
962 11 1 66 
1892 12 2 66 
4184 4 3 67 
4960 5 4 67 
1241 6 5 67 
1542 10 7 67 
2285 11 6 67 
2293 12 1 67 
5178 5 5 68 
5617 6 6 68 
531 11 7 68 
1124 12 6 68 
1206 5 6 68 
1275 6 7 68 
1473 12 7 68 
1699 13 6 68 
4652 1 3 69 
6048 2 4 69 
696 5 7 69 
864 12 8 68 
949 13 7 68 
1557 14 6 68 
1614 15 5 68 
3319 1 2 70 
3326 1 4 70 
3897 2 5 69 
4063 11 10 69 
5476 12 9 69 
5835 14 7 69 
1361 15 4 69 
2153 15 6 69 
3351 1 1 70 
4006 1 5 70 
4223 2 6 70 
4299 10 10 70 
4833 11 11 70 
5064 12 10 70 
5102 15 3 70 
1 15 7 70 
724 1 6 71 
1150 2 7 71 
1985 9 10 71 
2525 11 12 71 
2609 12 11 70 
3007 15 2 70 
3856 1 7 71 
3965 8 10 71 
5368 11 13 71 
5827 12 12 71 
5998 0 19 76 
5946 0 18 76 
5794 1 19 76 
5722 0 13 76 
5629 0 17 76 
5544 1 18 76 
5138 2 19 76 
4875 8 19 76 
4780 14 19 76 
4704 0 14 76 
4452 0 16 76 
4357 1 13 76 
4298 1 17 76 
4253 2 18 76 
4008 3 19 76 
3996 7 19 76 
3914 8 18 76 
3888 14 18 76 
3748 15 19 76 
3654 19 19 76 
3492 0 15 76 
3432 1 14 76 
3302 1 16 76 
3213 2 13 76 
3180 2 17 76 
3150 3 18 76 
3020 4 19 76 
2973 6 19 76 
2858 7 18 76 
2464 8 17 76 
2397 14 17 76 
1922 15 18 76 
1818 16 19 76 
1682 18 19 76 
1656 19 18 76 
1585 0 10 76 
1397 1 15 76 
1344 2 14 76 
1018 2 16 76 
907 3 17 76 
888 4 18 76 
608 5 19 76 
6073 6 18 76 
6002 7 17 76 
5882 8 16 76 
5845 14 16 76 
5322 15 17 76 
5293 16 18 76 
4792 17 19 76 
4736 18 18 76 
4646 19 17 76 
4450 0 11 76 
4180 1 10 76 
3156 2 15 76 
2908 3 16 76 
2838 4 17 76 
2753 5 18 76 
2610 6 17 76 
2518 7 16 76 
2318 8 15 76 
2150 14 15 76 
2082 15 16 76 
2057 16 17 76 
1530 17 18 76 
1496 18 17 76 
1406 19 16 76 
1001 0 12 76 
746 1 11 76 
741 2 10 76 
585 3 9 76 
493 3 15 76 
68 4 16 76 
6114 5 17 76 
6084 6 16 76 
6079 7 15 76 
5925 8 14 76 
5887 15 15 76 
5682 16 16 76 
5506 17 17 76 
5315 18 16 76 
5168 19 15 76 
4867 1 12 76 
4730 2 11 76 
4466 3 10 76 
4362 3 14 76 
4021 4 9 76 
3956 4 15 76 
3828 5 16 76 
3766 6 15 76 
3553 7 14 76 
3484 16 15 76 
3316 17 16 76 
3260 18 15 76 
3130 19 14 76 
2854 2 12 76 
2776 3 11 76 
2710 3 13 76 
2617 4 10 76 
2509 4 14 76 
2494 5 15 76 
2483 6 14 76 
1881 9 19 76 
1393 13 19 76 
1283 16 14 76 
427 17 15 76 
5785 18 14 76 
5741 19 13 76 
5680 3 12 76 
5440 4 11 76 
5339 4 13 76 
5335 5 14 76 
5223 9 18 76 
5179 10 19 76 
4996 12 19 76 
4834 13 18 76 
4548 16 13 76 
4437 17 14 76 
4366 18 13 76 
4257 19 12 76 
4013 4 12 76 
3971 5 13 76 
3880 9 17 76 
3838 10 18 76 
3128 11 19 76 
3120 12 18 76 
2782 13 17 76 
2343 14 14 76 
2310 17 13 76 
2078 18 12 76 
1962 19 11 76 
1713 5 12 76 
1497 6 13 76 
603 9 16 76 
350 10 17 76 
210 11 18 76 
6 12 17 76 
6022 13 16 76 
5784 14 13 76 
5644 15 14 76 
5412 17 12 76 
5395 18 11 76 
4907 19 0 76 
4905 19 4 76 
4315 19 10 76 
3874 5 11 76 
3801 6 12 76 
3778 7 13 76 
3747 9 15 76 
3657 10 16 76 
3637 11 17 76 
3563 12 16 76 
3430 13 15 76 
3252 14 12 76 
2775 15 13 76 
2314 16 12 76 
1697 17 11 76 
1456 18 0 76 
1176 18 4 76 
1100 18 10 76 
1078 19 1 76 
1076 19 5 76 
827 19 9 76 
801 0 9 76 
714 5 10 76 
406 6 11 76 
168 7 12 76 
22 8 13 76 
5826 9 14 76 
5762 10 15 76 
5606 11 16 76 
5535 12 15 76 
5411 13 14 76 
5397 14 11 76 
5240 15 12 76 
4873 16 11 76 
4447 17 0 76 
4400 17 4 76 
4251 17 10 76 
4241 18 1 76 
4197 18 5 76 
4192 18 9 76 
4149 19 2 76 
4086 19 6 76 
3746 19 8 76 
3581 0 8 76 
3446 1 9 76 
3383 5 9 76 
3381 6 10 76 
3272 7 11 76 
2900 8 12 76 
2852 9 13 76 
2489 10 14 76 
2185 11 15 76 
1948 12 14 76 
1944 13 13 76 
1817 14 10 76 
1550 15 11 76 
1486 16 0 76 
1342 16 10 76 
832 17 1 76 
521 17 5 76 
504 17 9 76 
358 18 2 76 
206 18 6 76 
115 18 8 76 
6021 19 3 76 
5855 19 7 76 
5730 0 7 76 
5717 1 8 76 
5581 2 9 76 
5490 6 9 76 
5466 7 10 76 
5278 8 11 76 
5051 9 12 76 
4904 10 13 76 
4889 11 14 76 
4768 12 13 76 
4631 13 12 76 
4610 14 9 76 
4573 15 0 76 
4546 15 10 76 
4356 16 1 76 
4136 16 9 76 
4049 17 2 76 
3489 17 6 76 
3454 17 8 76 
3354 18 3 76 
3273 18 7 76 
3166 0 0 76 
2291 0 6 76 
2244 1 7 76 
2238 2 8 76 
2181 7 9 76 
2102 8 10 76 
2023 9 11 76 
1507 10 12 76 
1451 11 13 76 
1282 12 12 76 
1077 13 11 76 
917 14 0 76 
798 15 1 76 
795 15 9 76 
617 16 2 76 
448 16 8 76 
267 17 3 76 
6107 17 7 76 
6054 0 1 76 
5770 0 5 76 
5513 1 0 76 
5433 1 6 76 
5256 2 7 76 
4703 3 8 76 
4596 8 9 76 
4354 9 10 76 
4144 10 11 76 
4123 11 12 76 
3877 12 11 76 
3702 13 10 76 
2566 14 1 76 
2039 15 2 76 
1607 15 8 76 
1404 16 3 76 
961 16 7 76 
810 0 2 76 
536 0 4 76 
503 1 1 76 
86 1 5 76 
5957 2 0 76 
5831 2 6 76 
5658 3 7 76 
5151 4 8 76 
4618 9 9 76 
4080 10 10 76 
3898 11 11 76 
3301 12 10 76 
3275 13 9 76 
3223 14 2 76 
2937 14 8 76 
1914 15 3 76 
1775 15 7 76 
1330 16 4 76 
1318 16 6 76 
1010 0 3 76 
970 1 2 76 
783 1 4 76 
174 2 1 76 
29 2 5 76 
6086 3 6 76 
6080 4 7 76 
6065 5 8 76 
5920 7 8 76 
5690 10 9 76 
5626 11 10 76 
5292 12 9 76 
5143 13 8 76 
4864 14 3 76 
4445 14 7 76 
4170 15 4 76 
3826 15 6 76 
3794 16 5 76 
3550 1 3 76 
3360 2 2 76 
3063 2 4 76 
2867 3 5 76 
2806 4 6 76 
2783 5 7 76 
2581 6 8 76 
2410 7 7 76 
2337 11 9 76 
2214 12 8 76 
1872 13 7 76 
1736 14 4 76 
1687 14 6 76 
1532 15 5 76 
326 2 3 76 
5921 3 4 76 
5193 4 5 76 
5105 5 6 76 
4379 6 7 76 
4178 7 6 76 
4173 11 8 76 
4116 12 7 76 
3962 13 0 76 
3673 13 6 76 
3669 14 5 76 
3008 3 3 76 
2924 4 4 76 
2093 5 5 76 
2053 6 6 76 
1959 7 5 76 
1917 8 8 76 
1545 10 8 76 
1534 11 7 76 
1210 12 0 76 
896 12 6 76 
806 13 1 76 
277 13 5 76 
6127 3 2 76 
5955 4 3 76 
5673 5 4 76 
5652 6 5 76 
5649 7 4 76 
4838 8 7 76 
4224 9 8 76 
3337 10 7 76 
3195 11 0 76 
3067 11 6 76 
2743 12 1 76 
1644 12 5 76 
947 13 2 76 
924 13 4 76 
631 3 1 76 
420 4 2 76 
140 5 3 76 
5731 6 4 76 
5298 8 6 76 
5295 9 7 76 
5265 10 0 76 
5114 10 6 76 
5007 11 1 76 
4627 11 5 76 
4574 12 2 76 
3825 12 4 76 
3822 13 3 76 
3160 3 0 76 
3139 4 1 76 
2535 5 2 76 
1773 6 3 76 
1438 8 5 76 
1061 9 6 76 
908 10 1 76 
4527 10 5 76 
3327 11 2 76 
1906 11 4 76 
1360 12 3 76 
490 4 0 76 
183 5 1 76 
175 6 2 76 
6062 7 3 76 
6053 8 4 76 
5330 9 5 76 
5308 10 2 76 
4613 10 4 76 
4530 11 3 76 
4427 5 0 76 
4206 6 1 76 
4135 7 2 76 
3375 8 3 76 
3322 9 4 76 
2639 10 3 76 
2205 6 0 76 
94 7 1 76 
5631 8 2 76 
5158 9 3 76 
3803 7 0 76 
2200 8 1 76 
1913 9 2 76 
1376 8 0 76 
5582 9 1 76 
4556 9 0 76 
945 8 1 88 
651 7 1 89 
3081 8 2 88 
1829 6 1 89 
2763 7 2 89 
2825 9 4 89 
1387 5 1 90 
1945 6 2 90 
2043 9 5 89 
2208 11 3 89 
3789 4 1 91 
4937 5 2 91 
394 9 6 91 
1193 11 2 90 
1880 12 3 90 
1128 4 2 92 
1166 5 3 92 
1816 9 7 91 
3392 10 6 91 
4535 11 1 91 
4967 12 2 91 
5973 4 3 92 
624 5 4 92 
715 6 5 92 
2769 10 7 92 
2997 11 6 92 
3198 12 1 92 
3601 5 5 93 
4038 6 6 93 
4179 11 7 93 
4998 12 6 93 
5446 5 6 93 
5482 6 7 93 
47 12 7 93 
895 13 6 93 
2220 1 3 94 
2598 2 4 94 
3336 5 7 94 
4347 12 8 94 
763 13 7 94 
1753 14 6 94 
2847 15 5 94 
3206 1 2 95 
4744 1 4 95 
5637 2 5 95 
214 11 10 94 
1296 12 9 94 
1766 14 7 94 
1812 15 4 94 
2919 15 6 94 
886 1 1 96 
1007 1 5 96 
1569 2 6 95 
3377 10 10 95 
3436 11 11 95 
3634 12 10 95 
3885 15 3 95 
4510 15 7 95 
4849 1 6 96 
6047 2 7 96 
