1928
5051 19 19 1 
4037 18 19 1 
3598 19 10 1 
3472 19 18 1 
3315 17 19 1 
3229 18 10 1 
3172 18 18 1 
2932 19 11 1 
2784 19 17 1 
2431 16 19 1 
2374 17 10 1 
2154 17 18 1 
2043 18 11 1 
1993 18 17 1 
1671 19 12 1 
1669 19 16 1 
1624 15 19 1 
1526 16 10 1 
1130 16 18 1 
943 17 11 1 
809 17 17 1 
574 18 12 1 
226 18 16 1 
18 19 13 1 
5232 19 15 1 
5171 14 19 1 
4962 15 10 1 
4441 15 18 1 
4010 16 11 1 
3967 16 17 1 
3775 17 12 1 
3628 17 16 1 
3239 18 13 1 
2991 18 15 1 
2801 19 14 1 
2753 13 19 1 
2569 14 18 1 
2513 15 11 1 
2422 15 17 1 
2260 16 12 1 
1976 16 16 1 
1900 17 13 1 
1899 17 15 1 
1604 18 14 1 
1482 0 19 1 
1457 12 19 1 
1381 13 18 1 
1353 14 17 1 
1310 15 12 1 
1279 15 16 1 
1147 16 13 1 
1118 16 15 1 
958 17 14 1 
714 0 14 1 
615 0 18 1 
289 1 19 1 
240 11 19 1 
5340 12 18 1 
5305 13 17 1 
5239 14 16 1 
4913 15 13 1 
4775 15 15 1 
4692 16 14 1 
4527 0 15 1 
4369 0 17 1 
4313 1 14 1 
4113 1 18 1 
4109 2 19 1 
4085 10 19 1 
4007 11 18 1 
3985 12 17 1 
3908 13 16 1 
3848 14 15 1 
3769 15 14 1 
3682 0 16 1 
3578 1 15 1 
3389 1 17 1 
3208 2 14 1 
2800 2 18 1 
2638 3 19 1 
2635 9 19 1 
2332 10 18 1 
2228 11 17 1 
1875 12 16 1 
1471 13 15 1 
1418 14 14 1 
628 19 9 1 
520 1 16 1 
458 2 15 1 
249 2 17 1 
137 3 14 1 
5197 3 18 1 
4928 4 19 1 
4728 8 19 1 
4519 9 18 1 
3989 10 17 1 
3981 11 16 1 
3599 12 15 1 
3595 13 14 1 
3557 14 13 1 
3526 18 9 1 
3176 19 0 1 
3130 19 8 1 
2539 2 16 1 
2371 3 15 1 
2303 3 17 1 
1883 4 18 1 
1849 5 19 1 
1765 7 19 1 
1619 8 18 1 
1562 9 17 1 
1307 10 16 1 
1160 11 15 1 
926 12 14 1 
912 13 13 1 
844 14 12 1 
669 17 9 1 
640 18 0 1 
510 18 8 1 
499 19 1 1 
389 19 7 1 
302 3 16 1 
252 4 17 1 
182 5 18 1 
10 6 19 1 
5291 7 18 1 
5244 8 17 1 
5179 9 16 1 
5031 10 15 1 
5011 11 14 1 
4919 12 13 1 
4781 13 12 1 
4741 14 11 1 
4565 16 9 1 
4463 17 0 1 
4435 17 8 1 
4365 18 1 1 
4250 18 7 1 
3828 19 2 1 
3673 19 6 1 
3589 4 16 1 
3503 5 17 1 
3419 6 18 1 
3410 7 17 1 
3200 8 16 1 
2853 9 15 1 
2809 10 14 1 
2614 11 13 1 
2518 12 12 1 
2313 13 11 1 
2311 14 10 1 
2237 15 9 1 
1984 16 0 1 
1911 16 8 1 
1831 17 1 1 
1188 17 7 1 
1062 18 2 1 
890 18 6 1 
772 19 3 1 
758 19 5 1 
709 0 7 1 
642 0 13 1 
616 5 16 1 
532 6 17 1 
379 7 16 1 
258 8 15 1 
5187 9 14 1 
4951 10 13 1 
4842 11 12 1 
4609 12 11 1 
3741 13 10 1 
3639 14 9 1 
3622 15 0 1 
3459 15 8 1 
3202 16 1 1 
3188 16 7 1 
2451 17 2 1 
2398 17 6 1 
2067 18 3 1 
1743 18 5 1 
1378 19 4 1 
1368 0 8 1 
1281 0 12 1 
1163 1 7 1 
695 1 13 1 
599 6 16 1 
441 7 15 1 
5332 8 14 1 
5238 9 13 1 
5113 10 12 1 
4844 11 11 1 
4786 12 10 1 
4764 13 9 1 
4592 14 0 1 
4550 14 8 1 
4520 15 1 1 
4509 15 7 1 
4460 16 2 1 
4447 16 6 1 
4436 17 3 1 
4405 17 5 1 
4328 18 4 1 
4311 0 9 1 
3691 0 11 1 
3555 1 8 1 
3455 1 12 1 
3385 2 7 1 
3225 2 13 1 
3215 4 15 1 
3054 6 15 1 
3020 7 14 1 
2740 8 13 1 
2612 9 12 1 
2390 10 11 1 
2259 11 10 1 
1576 12 9 1 
1252 13 0 1 
1018 13 8 1 
635 14 1 1 
301 14 7 1 
5266 15 2 1 
5110 15 6 1 
4934 16 3 1 
4389 16 5 1 
4380 17 4 1 
4312 0 10 1 
4121 1 9 1 
3429 1 11 1 
3416 2 8 1 
3291 2 12 1 
3187 3 7 1 
3136 3 13 1 
2864 4 14 1 
2561 5 15 1 
2527 6 14 1 
2486 7 13 1 
2265 8 12 1 
2117 9 11 1 
2077 10 10 1 
1282 11 9 1 
1177 12 0 1 
1045 12 8 1 
582 13 1 1 
491 13 7 1 
449 14 2 1 
405 14 6 1 
200 15 3 1 
80 15 5 1 
5133 16 4 1 
4894 1 10 1 
4750 2 9 1 
4474 2 11 1 
4214 3 8 1 
3756 3 12 1 
3403 4 7 1 
3235 4 13 1 
3071 5 14 1 
3016 6 13 1 
2756 7 12 1 
2428 8 11 1 
2426 9 10 1 
2410 10 9 1 
2123 11 0 1 
1854 11 8 1 
1672 12 1 1 
1618 12 7 1 
1174 13 2 1 
1136 13 6 1 
1040 14 3 1 
700 14 5 1 
558 15 4 1 
552 2 10 1 
460 3 9 1 
311 3 11 1 
306 4 8 1 
16 4 12 1 
2 5 13 1 
5337 6 12 1 
5143 7 11 1 
5050 8 10 1 
4993 9 9 1 
4686 10 0 1 
4086 10 8 1 
3713 11 1 1 
3581 11 7 1 
3448 12 2 1 
2908 12 6 1 
2657 13 3 1 
2547 13 5 1 
2538 14 4 1 
2533 3 10 1 
2456 4 9 1 
2365 4 11 1 
2235 5 12 1 
2058 6 11 1 
1898 7 10 1 
1231 8 9 1 
886 9 0 1 
750 9 8 1 
691 10 1 1 
431 10 7 1 
372 11 2 1 
36 11 6 1 
5309 12 3 1 
4898 12 5 1 
4865 13 4 1 
4703 4 10 1 
4658 5 11 1 
4571 6 10 1 
4419 7 9 1 
4416 8 0 1 
4182 8 8 1 
3906 9 1 1 
3835 9 7 1 
3809 10 2 1 
3802 10 6 1 
3737 11 3 1 
3670 11 5 1 
3632 12 4 1 
2860 5 10 1 
2838 6 9 1 
2220 7 0 1 
1947 7 8 1 
1064 8 1 1 
1015 8 7 1 
344 9 2 1 
5306 9 6 1 
5111 10 3 1 
4688 10 5 1 
4627 11 4 1 
4306 5 9 1 
4190 6 8 1 
4089 7 1 1 
3868 7 7 1 
3739 8 2 1 
2056 8 6 1 
1833 9 3 1 
1827 9 5 1 
1711 10 4 1 
1533 5 8 1 
894 6 7 1 
692 7 2 1 
189 7 6 1 
4751 8 3 1 
4689 8 5 1 
4174 9 4 1 
3895 0 6 1 
3407 5 7 1 
3316 6 6 1 
3199 7 3 1 
2967 7 5 1 
2570 8 4 1 
2448 0 5 1 
2107 1 6 1 
2073 5 6 1 
2035 6 5 1 
1027 7 4 1 
881 0 4 1 
694 1 5 1 
489 2 6 1 
117 4 6 1 
4823 5 5 1 
4668 6 4 1 
4497 0 3 1 
4264 1 4 1 
3986 2 5 1 
3709 3 6 1 
3564 4 5 1 
3247 5 4 1 
2920 6 3 1 
2589 0 2 1 
2440 1 3 1 
1332 2 4 1 
690 3 5 1 
5220 4 4 1 
4269 5 3 1 
4175 6 2 1 
4065 0 1 1 
3993 1 2 1 
3961 2 3 1 
2646 3 4 1 
2609 4 3 1 
2262 5 2 1 
5025 6 1 1 
4923 0 0 1 
4554 1 1 1 
3566 2 2 1 
3409 3 3 1 
3382 4 2 1 
3060 5 1 1 
2915 6 0 1 
2795 1 0 1 
2683 2 1 1 
2659 3 2 1 
1802 4 1 1 
745 5 0 1 
2576 2 0 1 
2573 3 1 1 
2433 4 0 1 
2246 3 0 1 
2329 3 1 12 
299 2 1 13 
1144 3 2 13 
31 4 1 13 
744 1 1 13 
1085 2 2 13 
3087 3 3 13 
3842 4 2 13 
4943 5 1 13 
490 1 2 14 
936 2 3 14 
1893 3 4 14 
3899 4 3 14 
4158 5 2 14 
1470 1 3 15 
1776 2 4 15 
1784 3 5 15 
1996 4 4 14 
2075 5 3 14 
2321 1 4 15 
5095 2 5 15 
5129 4 5 15 
1283 5 4 15 
2276 1 5 16 
2515 5 5 15 
4480 6 5 16 
19 6 6 16 
976 7 5 16 
1670 8 4 16 
3332 6 7 17 
3608 7 6 17 
3727 8 3 16 
2298 8 5 16 
2393 9 4 16 
2450 6 8 17 
2556 7 7 17 
2745 8 2 17 
3154 8 6 17 
5131 9 3 17 
214 9 5 17 
538 6 9 18 
1446 7 8 18 
1689 8 1 18 
1709 9 2 18 
2258 9 6 17 
2322 10 5 17 
3856 5 11 18 
4006 6 10 18 
4572 7 9 18 
4637 9 1 18 
365 10 6 18 
708 11 5 18 
1544 12 4 18 
2209 3 10 19 
2274 4 11 19 
2696 5 12 19 
2699 7 10 19 
2715 10 7 19 
3168 11 6 19 
3593 12 3 18 
3681 12 5 18 
3726 13 4 18 
756 2 10 20 
1453 3 9 20 
2323 3 11 20 
2748 4 12 20 
3689 5 13 20 
4535 10 8 19 
4845 11 7 19 
4960 12 2 19 
402 12 6 19 
414 13 3 19 
585 14 4 19 
1025 1 10 20 
1164 2 9 20 
1189 2 11 20 
1221 3 8 20 
1300 3 12 20 
2821 5 14 20 
3513 10 9 20 
4897 11 8 20 
5218 19 19 26 
5185 18 19 26 
5169 19 10 26 
5069 19 18 26 
4976 17 19 26 
4921 18 10 26 
4849 18 18 26 
4659 19 11 26 
4593 19 17 26 
4501 16 19 26 
4422 17 10 26 
4361 17 18 26 
4142 18 11 26 
4058 18 17 26 
4030 19 12 26 
3934 19 16 26 
3833 15 19 26 
3749 16 10 26 
3587 16 18 26 
3563 17 11 26 
3507 17 17 26 
3411 18 12 26 
3269 18 16 26 
3261 19 13 26 
3189 19 15 26 
2897 14 19 26 
2812 15 10 26 
2712 15 18 26 
2475 16 11 26 
2427 16 17 26 
2273 17 12 26 
2168 17 16 26 
1447 18 13 26 
1374 18 15 26 
923 19 14 26 
833 13 19 26 
502 14 18 26 
5311 15 11 26 
5034 15 17 26 
5024 16 12 26 
5016 16 16 26 
4961 17 13 26 
4910 17 15 26 
4763 18 14 26 
4727 0 19 26 
4651 12 19 26 
4530 13 18 26 
4402 14 17 26 
3752 15 12 26 
3398 15 16 26 
3347 16 13 26 
3329 16 15 26 
3121 17 14 26 
3096 0 14 26 
2852 0 18 26 
2507 1 19 26 
2116 11 19 26 
1930 12 18 26 
1641 13 17 26 
1068 14 16 26 
1056 15 13 26 
1051 15 15 26 
682 16 14 26 
564 0 15 26 
561 0 17 26 
485 1 14 26 
287 1 18 26 
206 2 19 26 
5178 10 19 26 
5144 11 18 26 
5038 12 17 26 
4955 13 16 26 
4852 14 15 26 
4780 15 14 26 
4647 0 16 26 
4594 1 15 26 
4589 1 17 26 
4587 2 14 26 
4414 2 18 26 
4057 3 19 26 
3988 9 19 26 
3979 10 18 26 
3687 11 17 26 
3501 12 16 26 
3479 13 15 26 
3408 14 14 26 
3308 19 9 26 
3227 1 16 26 
3001 2 15 26 
2925 2 17 26 
2652 3 14 26 
2407 3 18 26 
2372 4 19 26 
2306 8 19 26 
2242 9 18 26 
2178 10 17 26 
2109 11 16 26 
1708 12 15 26 
1384 13 14 26 
1167 14 13 26 
685 18 9 26 
527 19 0 26 
444 19 8 26 
404 2 16 26 
376 3 15 26 
135 3 17 26 
89 4 18 26 
88 5 19 26 
5150 7 19 26 
5145 8 18 26 
5061 9 17 26 
5044 10 16 26 
5028 11 15 26 
5000 12 14 26 
4914 13 13 26 
4680 14 12 26 
4533 17 9 26 
4515 18 0 26 
4331 18 8 26 
4291 19 1 26 
4273 19 7 26 
4208 3 16 26 
4027 4 17 26 
3909 5 18 26 
3878 6 19 26 
3777 7 18 26 
3401 8 17 26 
3011 9 16 26 
2851 10 15 26 
2808 11 14 26 
2790 12 13 26 
2441 13 12 26 
2207 14 11 26 
2206 16 9 26 
2131 17 0 26 
2055 17 8 26 
2019 18 1 26 
1896 18 7 26 
1807 19 2 26 
1746 19 6 26 
1531 4 16 26 
1503 5 17 26 
805 6 18 26 
563 7 17 26 
266 8 16 26 
209 9 15 26 
5321 10 14 26 
5046 11 13 26 
4964 12 12 26 
4946 13 11 26 
4837 14 10 26 
4795 15 9 26 
4625 16 0 26 
4522 16 8 26 
4373 17 1 26 
4276 17 7 26 
4228 18 2 26 
4102 18 6 26 
4092 19 3 26 
3917 19 5 26 
3885 0 7 26 
3753 0 13 26 
3660 5 16 26 
3438 6 17 26 
3236 7 16 26 
2992 8 15 26 
2815 9 14 26 
2765 10 13 26 
2716 11 12 26 
2629 12 11 26 
2610 13 10 26 
2579 14 9 26 
1855 15 0 26 
1735 15 8 26 
1730 16 1 26 
1440 16 7 26 
1351 17 2 26 
1127 17 6 26 
997 18 3 26 
921 18 5 26 
715 19 4 26 
400 0 8 26 
159 0 12 26 
4974 1 7 26 
4970 1 13 26 
4905 6 16 26 
4822 7 15 26 
4755 8 14 26 
4578 9 13 26 
4483 10 12 26 
4164 11 11 26 
3937 12 10 26 
3758 13 9 26 
3549 14 0 26 
3475 14 8 26 
2496 15 1 26 
2110 15 7 26 
1817 16 2 26 
1731 16 6 26 
1654 17 3 26 
1653 17 5 26 
1501 18 4 26 
1122 0 9 26 
774 0 11 26 
765 1 8 26 
738 1 12 26 
679 2 7 26 
99 2 13 26 
5299 4 15 26 
5245 6 15 26 
5005 7 14 26 
4893 8 13 26 
4800 9 12 26 
4649 10 11 26 
4613 11 10 26 
4598 12 9 26 
4260 13 0 26 
3970 13 8 26 
3888 14 1 26 
3706 14 7 26 
3607 15 2 26 
3515 15 6 26 
3392 16 3 26 
3383 16 5 26 
3267 17 4 26 
3255 0 10 26 
3246 1 9 26 
3181 1 11 26 
3058 2 8 26 
2443 2 12 26 
2436 3 7 26 
2081 3 13 26 
1848 4 14 26 
1659 5 15 26 
1409 6 14 26 
1356 7 13 26 
1037 8 12 26 
1032 9 11 26 
14 10 10 26 
3 11 9 26 
5193 12 0 26 
5188 12 8 26 
5079 13 1 26 
4920 13 7 26 
4877 14 2 26 
4872 14 6 26 
4785 15 3 26 
4756 15 5 26 
4429 16 4 26 
4195 1 10 26 
4093 2 9 26 
3492 2 11 26 
3280 3 8 26 
3253 3 12 26 
3129 4 7 26 
3073 4 13 26 
2986 5 14 26 
2624 6 13 26 
2499 7 12 26 
2318 8 11 26 
1949 9 10 26 
1703 10 9 26 
1481 11 0 26 
1438 11 8 26 
856 12 1 26 
827 12 7 26 
566 13 2 26 
480 13 6 26 
81 14 3 26 
30 14 5 26 
5319 15 4 26 
4682 2 10 26 
4542 3 9 26 
3900 3 11 26 
3759 4 8 26 
3645 4 12 26 
3452 5 13 26 
3348 6 12 26 
3171 7 11 26 
3056 8 10 26 
3004 9 9 26 
2650 10 0 26 
2286 10 8 26 
1810 11 1 26 
1782 11 7 26 
1667 12 2 26 
1579 12 6 26 
1557 13 3 26 
1131 13 5 26 
995 14 4 26 
929 3 10 26 
234 4 9 26 
210 4 11 26 
197 5 12 26 
5118 6 11 26 
4547 7 10 26 
4461 8 9 26 
4377 9 0 26 
3680 9 8 26 
3458 10 1 26 
3069 10 7 26 
2961 11 2 26 
2929 11 6 26 
2893 12 3 26 
2487 12 5 26 
2097 13 4 26 
2082 4 10 26 
2017 5 11 26 
1964 6 10 26 
1886 7 9 26 
360 8 0 26 
192 8 8 26 
5070 9 1 26 
5054 9 7 26 
3583 10 2 26 
3496 10 6 26 
3381 11 3 26 
2710 11 5 26 
2639 12 4 26 
2170 5 10 26 
1966 6 9 26 
1157 7 0 26 
931 7 8 26 
811 8 1 26 
571 8 7 26 
395 9 2 26 
55 9 6 26 
20 10 3 26 
6 10 5 26 
5292 11 4 26 
5153 5 9 26 
5063 6 8 26 
4824 7 1 26 
4810 7 7 26 
4765 8 2 26 
4428 8 6 26 
4426 9 3 26 
4376 9 5 26 
4044 10 4 26 
3814 5 8 26 
3762 6 7 26 
3502 7 2 26 
3078 7 6 26 
2798 8 3 26 
2530 8 5 26 
1988 9 4 26 
1757 0 6 26 
1739 5 7 26 
1616 6 6 26 
478 7 3 26 
5090 7 5 26 
4912 8 4 26 
4732 0 5 26 
4631 1 6 26 
4318 5 6 26 
3914 6 5 26 
3818 7 4 26 
3400 0 4 26 
2141 1 5 26 
1969 2 6 26 
1870 4 6 26 
1628 5 5 26 
1464 6 4 26 
1390 0 3 26 
1226 1 4 26 
1222 2 5 26 
83 3 6 26 
5281 4 5 26 
5124 5 4 26 
5030 6 3 26 
3950 0 2 26 
3787 1 3 26 
3484 2 4 26 
2698 3 5 26 
2039 4 4 26 
1477 5 3 26 
645 6 2 26 
387 0 1 26 
5338 1 2 26 
5001 2 3 26 
4297 3 4 26 
4034 4 3 26 
3083 5 2 26 
2688 6 1 26 
2603 0 0 26 
2511 1 1 26 
2478 2 2 26 
1756 3 3 26 
1747 4 2 26 
1548 5 1 26 
934 6 0 26 
834 1 0 26 
272 2 1 26 
4660 3 2 26 
3254 4 1 26 
2951 5 0 26 
2706 2 0 26 
4464 3 1 26 
4108 4 0 26 
2899 3 0 26 
4122 3 1 37 
335 2 1 39 
1095 3 2 38 
1219 4 1 38 
2551 1 1 39 
3092 2 2 39 
3519 3 3 39 
5022 4 2 39 
13 5 1 39 
232 1 2 39 
1696 2 3 39 
2464 3 4 39 
2628 4 3 39 
2781 5 2 39 
2675 1 3 40 
4789 2 4 40 
231 3 5 40 
357 4 4 40 
1013 5 3 40 
1537 1 4 41 
2525 2 5 41 
3162 4 5 40 
3317 5 4 40 
3560 1 5 41 
3763 5 5 41 
4967 6 5 41 
1546 6 6 42 
1754 7 5 41 
2198 8 4 41 
2656 6 7 42 
3355 7 6 42 
817 8 3 42 
1666 8 5 42 
2641 9 4 42 
3035 6 8 42 
3051 7 7 42 
3052 8 2 42 
3211 8 6 42 
4421 9 3 42 
215 9 5 42 
366 6 9 43 
535 7 8 43 
665 8 1 43 
2307 9 2 43 
2833 9 6 43 
3353 10 5 43 
4005 5 11 44 
4079 6 10 44 
5184 7 9 44 
5314 9 1 43 
723 10 6 43 
740 11 5 43 
791 12 4 43 
1172 3 10 45 
2653 4 11 45 
3018 5 12 45 
3351 7 10 44 
124 10 7 44 
425 11 6 44 
432 12 3 44 
819 12 5 44 
949 13 4 44 
1454 2 10 45 
1601 3 9 45 
2813 3 11 45 
2885 4 12 45 
4105 5 13 45 
308 10 8 45 
1586 11 7 45 
1846 12 2 45 
2128 12 6 45 
2545 13 3 45 
2857 14 4 45 
4243 1 10 46 
5056 2 9 46 
5282 19 19 51 
5235 18 19 51 
5192 19 10 51 
5067 19 18 51 
4883 17 19 51 
4864 18 10 51 
4814 18 18 51 
4730 19 11 51 
4712 19 17 51 
4657 16 19 51 
4423 17 10 51 
4358 17 18 51 
4251 18 11 51 
4239 18 17 51 
4118 19 12 51 
3991 19 16 51 
3952 15 19 51 
3907 16 10 51 
3898 16 18 51 
3826 17 11 51 
3643 17 17 51 
3464 18 12 51 
3252 18 16 51 
3070 19 13 51 
2913 19 15 51 
2854 14 19 51 
2761 15 10 51 
2634 15 18 51 
2070 16 11 51 
1812 16 17 51 
1511 17 12 51 
1348 17 16 51 
1293 18 13 51 
1209 18 15 51 
846 19 14 51 
768 13 19 51 
471 14 18 51 
403 15 11 51 
362 15 17 51 
5295 16 12 51 
5234 16 16 51 
4828 17 13 51 
4597 17 15 51 
4531 18 14 51 
4495 0 19 51 
4425 12 19 51 
4237 13 18 51 
4187 14 17 51 
4072 15 12 51 
3650 15 16 51 
3442 16 13 51 
3368 16 15 51 
2958 17 14 51 
2907 0 14 51 
2732 0 18 51 
2644 1 19 51 
2101 11 19 51 
2003 12 18 51 
1916 13 17 51 
1485 14 16 51 
1398 15 13 51 
1170 15 15 51 
1022 16 14 51 
515 0 15 51 
481 0 17 51 
327 1 14 51 
195 1 18 51 
107 2 19 51 
104 10 19 51 
5326 11 18 51 
5037 12 17 51 
4733 13 16 51 
4508 14 15 51 
4286 15 14 51 
3685 0 16 51 
3343 1 15 51 
3312 1 17 51 
3155 2 14 51 
3063 2 18 51 
2108 3 19 51 
1478 9 19 51 
1305 10 18 51 
888 11 17 51 
812 12 16 51 
716 13 15 51 
666 14 14 51 
518 19 9 51 
459 1 16 51 
456 2 15 51 
368 2 17 51 
350 3 14 51 
265 3 18 51 
140 4 19 51 
110 8 19 51 
5328 9 18 51 
5140 10 17 51 
4978 11 16 51 
4916 12 15 51 
4843 13 14 51 
4708 14 13 51 
4606 18 9 51 
4582 19 0 51 
4263 19 8 51 
4024 2 16 51 
3469 3 15 51 
3017 3 17 51 
2997 4 18 51 
2891 5 19 51 
2881 7 19 51 
2873 8 18 51 
2862 9 17 51 
2856 10 16 51 
2793 11 15 51 
2707 12 14 51 
2647 13 13 51 
2544 14 12 51 
2314 17 9 51 
2142 18 0 51 
2093 18 8 51 
2088 19 1 51 
1878 19 7 51 
1768 3 16 51 
1626 4 17 51 
1551 5 18 51 
1462 6 19 51 
1404 7 18 51 
1347 8 17 51 
1267 9 16 51 
1211 10 15 51 
1115 11 14 51 
981 12 13 51 
917 13 12 51 
753 14 11 51 
686 16 9 51 
418 17 0 51 
401 17 8 51 
5334 18 1 51 
5263 18 7 51 
5160 19 2 51 
5146 19 6 51 
4596 4 16 51 
4489 5 17 51 
4468 6 18 51 
4454 7 17 51 
4238 8 16 51 
4197 9 15 51 
4183 10 14 51 
4035 11 13 51 
3976 12 12 51 
3843 13 11 51 
3815 14 10 51 
3778 15 9 51 
3731 16 0 51 
3579 16 8 51 
3521 17 1 51 
3406 17 7 51 
3279 18 2 51 
2980 18 6 51 
2803 19 3 51 
2783 19 5 51 
2288 0 7 51 
1874 0 13 51 
1434 5 16 51 
1340 6 17 51 
1322 7 16 51 
1291 8 15 51 
847 9 14 51 
763 10 13 51 
427 11 12 51 
369 12 11 51 
5225 13 10 51 
4954 14 9 51 
4826 15 0 51 
4794 15 8 51 
4343 16 1 51 
4235 16 7 51 
4216 17 2 51 
4061 17 6 51 
3881 18 3 51 
3573 18 5 51 
3294 19 4 51 
3268 0 8 51 
3265 0 12 51 
3238 1 7 51 
3065 1 13 51 
2733 6 16 51 
2615 7 15 51 
2330 8 14 51 
1890 9 13 51 
1805 10 12 51 
1792 11 11 51 
1516 12 10 51 
1484 13 9 51 
1344 14 0 51 
1329 14 8 51 
1280 15 1 51 
392 15 7 51 
388 16 2 51 
310 16 6 51 
4879 17 3 51 
4825 17 5 51 
4802 18 4 51 
4792 0 9 51 
4350 0 11 51 
4129 1 8 51 
4117 1 12 51 
3674 2 7 51 
3588 2 13 51 
3359 4 15 51 
2605 6 15 51 
2423 7 14 51 
2325 8 13 51 
2312 9 12 51 
2269 10 11 51 
2148 11 10 51 
1781 12 9 51 
1673 13 0 51 
1474 13 8 51 
1466 14 1 51 
1423 14 7 51 
1336 15 2 51 
1236 15 6 51 
902 16 3 51 
663 16 5 51 
639 17 4 51 
288 0 10 51 
45 1 9 51 
5278 1 11 51 
4850 2 8 51 
4796 2 12 51 
4766 3 7 51 
4642 3 13 51 
4332 4 14 51 
4257 5 15 51 
4192 6 14 51 
4135 7 13 51 
3635 8 12 51 
2722 9 11 51 
2536 10 10 51 
2501 11 9 51 
2361 12 0 51 
2052 12 8 51 
1710 13 1 51 
1451 13 7 51 
1377 14 2 51 
1239 14 6 51 
830 15 3 51 
672 15 5 51 
631 16 4 51 
448 1 10 51 
275 2 9 51 
111 2 11 51 
5141 3 8 51 
4754 3 12 51 
4440 4 7 51 
4427 4 13 51 
3930 5 14 51 
3913 6 13 51 
3750 7 12 51 
3285 8 11 51 
2947 9 10 51 
2611 10 9 51 
2333 11 0 51 
2164 11 8 51 
1582 12 1 51 
1476 12 7 51 
1330 13 2 51 
1070 13 6 51 
870 14 3 51 
721 14 5 51 
705 15 4 51 
530 2 10 51 
529 3 9 51 
424 3 11 51 
5307 4 8 51 
5126 4 12 51 
4715 5 13 51 
4487 6 12 51 
3975 7 11 51 
3766 8 10 51 
3518 9 9 51 
3374 10 0 51 
3218 10 8 51 
3177 11 1 51 
2738 11 7 51 
2549 12 2 51 
2226 12 6 51 
2150 13 3 51 
2061 13 5 51 
1999 14 4 51 
1922 3 10 51 
1387 4 9 51 
1106 4 11 51 
594 5 12 51 
268 6 11 51 
242 7 10 51 
50 8 9 51 
5287 9 0 51 
5221 9 8 51 
5210 10 1 51 
5155 10 7 51 
4679 11 2 51 
4443 11 6 51 
4213 12 3 51 
4211 12 5 51 
4110 13 4 51 
3994 4 10 51 
3535 5 11 51 
3508 6 10 51 
3198 7 9 51 
3110 8 0 51 
3046 8 8 51 
2601 9 1 51 
2598 9 7 51 
2113 10 2 51 
1178 10 6 51 
780 11 3 51 
579 11 5 51 
447 12 4 51 
148 5 10 51 
5077 6 9 51 
4858 7 0 51 
4677 7 8 51 
4478 8 1 51 
4374 8 7 51 
4143 9 2 51 
3619 9 6 51 
3550 10 3 51 
3390 10 5 51 
3341 11 4 51 
3314 5 9 51 
3139 6 8 51 
2994 7 1 51 
2664 7 7 51 
1951 8 2 51 
1823 8 6 51 
826 9 3 51 
660 9 5 51 
519 10 4 51 
246 5 8 51 
127 6 7 51 
5213 7 2 51 
5078 7 6 51 
4521 8 3 51 
4499 8 5 51 
3836 9 4 51 
3699 0 6 51 
3306 5 7 51 
3143 6 6 51 
2523 7 3 51 
2140 7 5 51 
1806 8 4 51 
1609 0 5 51 
1486 1 6 51 
1441 5 6 51 
1125 6 5 51 
609 7 4 51 
222 0 4 51 
5186 1 5 51 
4932 2 6 51 
4815 4 6 51 
4540 5 5 51 
4445 6 4 51 
4396 0 3 51 
4314 1 4 51 
3944 2 5 51 
3794 3 6 51 
3182 4 5 51 
3135 5 4 51 
2757 6 3 51 
2173 0 2 51 
1380 1 3 51 
1295 2 4 51 
1289 3 5 51 
1016 4 4 51 
893 5 3 51 
450 6 2 51 
51 0 1 51 
23 1 2 51 
5322 2 3 51 
4430 3 4 51 
4353 4 3 51 
4055 5 2 51 
2807 6 1 51 
1072 0 0 51 
1029 1 1 51 
340 2 2 51 
5007 3 3 51 
3418 4 2 51 
2472 5 1 51 
2401 6 0 51 
2248 1 0 51 
1909 2 1 51 
1445 3 2 51 
4881 4 1 51 
4854 5 0 51 
2985 2 0 51 
2529 3 1 51 
264 4 0 51 
4498 3 0 51 
4579 3 1 62 
539 2 1 63 
2257 3 2 63 
2285 4 1 62 
2703 1 1 64 
58 2 2 64 
164 3 3 63 
1521 4 2 63 
3009 5 1 63 
4231 1 2 65 
4249 2 3 64 
4336 3 4 64 
4672 4 3 64 
4973 5 2 64 
5329 1 3 65 
377 2 4 65 
1171 3 5 65 
1297 4 4 65 
1695 5 3 65 
1761 1 4 65 
2282 2 5 65 
2497 4 5 65 
2702 5 4 65 
2876 1 5 65 
3425 5 5 65 
4663 6 5 66 
4731 6 6 66 
118 7 5 66 
798 8 4 66 
1700 6 7 67 
1989 7 6 66 
2289 8 3 66 
2305 8 5 66 
4047 9 4 66 
106 6 8 67 
309 7 7 67 
330 8 2 67 
990 8 6 67 
1228 9 3 67 
1247 9 5 67 
1880 6 9 67 
2149 7 8 67 
2229 8 1 67 
3324 9 2 67 
3611 9 6 67 
4104 10 5 67 
4147 5 11 68 
5057 6 10 68 
2671 7 9 68 
2901 9 1 68 
3021 10 6 68 
3594 11 5 68 
3919 12 4 68 
4330 3 10 69 
141 4 11 69 
157 5 12 69 
978 7 10 69 
1392 10 7 68 
1613 11 6 68 
1738 12 3 68 
1862 12 5 68 
2592 13 4 68 
2804 2 10 70 
3041 3 9 70 
3059 3 11 70 
3363 4 12 69 
4903 5 13 69 
4963 10 8 69 
56 11 7 69 
407 12 2 69 
652 12 6 69 
1071 13 3 69 
1216 14 4 69 
2528 1 10 71 
4060 2 9 71 
4315 2 11 71 
4381 3 8 70 
4836 3 12 70 
5039 5 14 70 
5128 10 9 70 
5293 11 8 70 
300 12 1 70 
521 12 7 70 
1054 13 2 70 
1359 14 3 70 
5280 19 19 76 
5205 18 19 76 
5130 19 10 76 
5060 19 18 76 
4855 17 19 76 
4562 18 10 76 
4469 18 18 76 
4066 19 11 76 
4048 19 17 76 
3666 16 19 76 
3627 17 10 76 
3486 17 18 76 
3179 18 11 76 
3174 18 17 76 
2505 19 12 76 
2438 19 16 76 
2370 15 19 76 
1982 16 10 76 
1838 16 18 76 
1508 17 11 76 
1493 17 17 76 
1424 18 12 76 
1298 18 16 76 
1273 19 13 76 
1202 19 15 76 
884 14 19 76 
239 15 10 76 
196 15 18 76 
103 16 11 76 
71 16 17 76 
21 17 12 76 
5230 17 16 76 
4846 18 13 76 
4453 18 15 76 
4296 19 14 76 
4128 13 19 76 
3996 14 18 76 
3748 15 11 76 
3633 15 17 76 
3571 16 12 76 
3495 16 16 76 
3450 17 13 76 
3003 17 15 76 
2924 18 14 76 
2695 0 19 76 
2005 12 19 76 
1904 13 18 76 
1692 14 17 76 
1691 15 12 76 
1495 15 16 76 
1483 16 13 76 
1334 16 15 76 
1285 17 14 76 
1268 0 14 76 
1124 0 18 76 
1053 1 19 76 
584 11 19 76 
378 12 18 76 
367 13 17 76 
325 14 16 76 
5114 15 13 76 
4532 15 15 76 
3973 16 14 76 
3959 0 15 76 
3922 0 17 76 
3879 1 14 76 
3494 1 18 76 
3431 2 19 76 
3342 10 19 76 
3216 11 18 76 
3145 12 17 76 
3066 13 16 76 
2825 14 15 76 
2823 15 14 76 
2384 0 16 76 
2375 1 15 76 
2202 1 17 76 
2169 2 14 76 
2143 2 18 76 
2129 3 19 76 
2089 9 19 76 
2004 10 18 76 
1605 11 17 76 
1397 12 16 76 
1158 13 15 76 
941 14 14 76 
728 19 9 76 
675 1 16 76 
638 2 15 76 
629 2 17 76 
593 3 14 76 
575 3 18 76 
382 4 19 76 
304 8 19 76 
68 9 18 76 
8 10 17 76 
5301 11 16 76 
5142 12 15 76 
5105 13 14 76 
5084 14 13 76 
4992 18 9 76 
4908 19 0 76 
4874 19 8 76 
4618 2 16 76 
4351 3 15 76 
4076 3 17 76 
3951 4 18 76 
3891 5 19 76 
3869 7 19 76 
3292 8 18 76 
3283 9 17 76 
3122 10 16 76 
3093 11 15 76 
2999 12 14 76 
2990 13 13 76 
2870 14 12 76 
2546 17 9 76 
2467 18 0 76 
1572 18 8 76 
1393 19 1 76 
913 19 7 76 
5101 3 16 76 
4968 4 17 76 
4926 5 18 76 
4653 6 19 76 
4040 7 18 76 
3978 8 17 76 
3817 9 16 76 
3659 10 15 76 
3543 11 14 76 
3531 12 13 76 
3509 13 12 76 
3311 14 11 76 
3178 16 9 76 
3149 17 0 76 
3057 17 8 76 
2762 18 1 76 
2725 18 7 76 
2626 19 2 76 
2608 19 6 76 
2588 4 16 76 
1622 5 17 76 
1472 6 18 76 
1061 7 17 76 
657 8 16 76 
467 9 15 76 
5247 10 14 76 
4999 11 13 76 
4537 12 12 76 
4514 13 11 76 
4511 14 10 76 
4493 15 9 76 
3971 16 0 76 
3784 16 8 76 
3751 17 1 76 
3537 17 7 76 
3251 18 2 76 
3217 18 6 76 
3159 19 3 76 
3067 19 5 76 
3049 0 7 76 
2894 0 13 76 
2828 5 16 76 
2336 6 17 76 
2090 7 16 76 
1794 8 15 76 
1770 9 14 76 
1742 10 13 76 
1599 11 12 76 
1232 12 11 76 
1010 13 10 76 
1001 14 9 76 
810 15 0 76 
218 15 8 76 
216 16 1 76 
105 16 7 76 
101 17 2 76 
4977 17 6 76 
4776 18 3 76 
4149 18 5 76 
4012 19 4 76 
3910 0 8 76 
3834 0 12 76 
3678 1 7 76 
3647 1 13 76 
3539 6 16 76 
3482 7 15 76 
3378 8 14 76 
3320 9 13 76 
3240 10 12 76 
3032 11 11 76 
2835 12 10 76 
2212 13 9 76 
2042 14 0 76 
2011 14 8 76 
1294 15 1 76 
1117 15 7 76 
1105 16 2 76 
967 16 6 76 
900 17 3 76 
461 17 5 76 
225 18 4 76 
208 0 9 76 
5262 0 11 76 
4772 1 8 76 
4735 1 12 76 
4577 2 7 76 
4488 2 13 76 
3893 4 15 76 
3738 6 15 76 
3671 7 14 76 
3613 8 13 76 
3318 9 12 76 
3022 10 11 76 
2880 11 10 76 
2669 12 9 76 
2424 13 0 76 
2241 13 8 76 
2053 14 1 76 
1983 14 7 76 
1901 15 2 76 
1547 15 6 76 
1331 16 3 76 
1205 16 5 76 
1038 17 4 76 
711 0 10 76 
598 1 9 76 
577 1 11 76 
551 2 8 76 
295 2 12 76 
213 3 7 76 
5316 3 13 76 
5257 4 14 76 
5019 5 15 76 
4888 6 14 76 
4811 7 13 76 
4546 8 12 76 
4375 9 11 76 
4267 10 10 76 
3901 11 9 76 
3765 12 0 76 
3605 12 8 76 
3493 13 1 76 
3376 13 7 76 
3237 14 2 76 
3026 14 6 76 
2976 15 3 76 
2942 15 5 76 
2692 16 4 76 
2396 1 10 76 
1790 2 9 76 
1769 2 11 76 
1721 3 8 76 
1608 3 12 76 
1583 4 7 76 
1513 4 13 76 
1479 5 14 76 
1203 6 13 76 
1138 7 12 76 
960 8 11 76 
911 9 10 76 
829 10 9 76 
789 11 0 76 
212 11 8 76 
4797 12 1 76 
4779 12 7 76 
4739 13 2 76 
4704 13 6 76 
4570 14 3 76 
4568 14 5 76 
4219 15 4 76 
4150 2 10 76 
4088 3 9 76 
3921 3 11 76 
3166 4 8 76 
3080 4 12 76 
2916 5 13 76 
2849 6 12 76 
2564 7 11 76 
2495 8 10 76 
2399 9 9 76 
2389 10 0 76 
2133 10 8 76 
2066 11 1 76 
1540 11 7 76 
1372 12 2 76 
1090 12 6 76 
119 13 3 76 
5211 13 5 76 
5203 14 4 76 
4838 3 10 76 
4722 4 9 76 
3708 4 11 76 
3457 5 12 76 
3010 6 11 76 
2936 7 10 76 
2714 8 9 76 
2263 9 0 76 
2144 9 8 76 
2025 10 1 76 
821 10 7 76 
633 11 2 76 
487 11 6 76 
176 12 3 76 
5267 12 5 76 
5260 13 4 76 
4952 4 10 76 
4862 5 11 76 
4654 6 10 76 
4115 7 9 76 
4080 8 0 76 
4067 8 8 76 
3533 9 1 76 
3298 9 7 76 
3277 10 2 76 
3192 10 6 76 
3074 11 3 76 
2836 11 5 76 
2805 12 4 76 
2726 5 10 76 
2666 6 9 76 
2452 7 0 76 
2417 7 8 76 
2210 8 1 76 
1545 8 7 76 
1536 9 2 76 
1436 9 6 76 
1385 10 3 76 
1333 10 5 76 
838 11 4 76 
374 5 9 76 
4917 6 8 76 
4603 7 1 76 
4558 7 7 76 
4033 8 2 76 
3955 8 6 76 
3712 9 3 76 
3288 9 5 76 
3030 10 4 76 
2975 5 8 76 
2597 6 7 76 
2514 7 2 76 
2342 7 6 76 
2271 8 3 76 
1842 8 5 76 
907 9 4 76 
476 0 6 76 
165 5 7 76 
41 6 6 76 
5102 7 3 76 
4701 7 5 76 
4355 8 4 76 
4069 0 5 76 
3880 1 6 76 
3733 5 6 76 
3652 6 5 76 
3529 7 4 76 
3512 0 4 76 
3031 1 5 76 
2987 2 6 76 
2680 4 6 76 
2590 5 5 76 
2434 6 4 76 
2349 0 3 76 
2193 1 4 76 
1152 2 5 76 
988 3 6 76 
4798 4 5 76 
4687 5 4 76 
4656 6 3 76 
4576 0 2 76 
4525 1 3 76 
3875 2 4 76 
3757 3 5 76 
3719 4 4 76 
3463 5 3 76 
2377 6 2 76 
2345 0 1 76 
2060 1 2 76 
1997 2 3 76 
1465 3 4 76 
1342 4 3 76 
1309 5 2 76 
1058 6 1 76 
1012 0 0 76 
989 1 1 76 
343 2 2 76 
4611 3 3 76 
4171 4 2 76 
3630 5 1 76 
3248 6 0 76 
2872 1 0 76 
2847 2 1 76 
2394 3 2 76 
737 4 1 76 
158 5 0 76 
2126 2 0 76 
2022 3 1 76 
1933 4 0 76 
1303 3 0 76 
2367 3 1 87 
2000 2 1 88 
2111 3 2 88 
3780 4 1 88 
2797 1 1 89 
3644 2 2 89 
60 3 3 88 
98 4 2 88 
260 5 1 88 
505 1 2 89 
909 2 3 89 
1035 3 4 89 
2519 4 3 89 
3637 5 2 89 
4223 1 3 89 
4262 2 4 89 
5302 3 5 89 
44 4 4 89 
904 5 3 89 
2470 1 4 90 
1530 2 5 90 
2071 4 5 89 
2391 5 4 89 
2488 1 5 90 
4124 5 5 90 
318 6 5 90 
437 6 6 91 
969 7 5 90 
1192 8 4 90 
3837 6 7 91 
4173 7 6 91 
4671 8 3 91 
9 8 5 91 
29 9 4 91 
146 6 8 91 
644 7 7 91 
1069 8 2 91 
1108 8 6 91 
1594 9 3 91 
2244 9 5 91 
4439 6 9 92 
4945 7 8 92 
1086 8 1 92 
1965 9 2 92 
2595 9 6 92 
2954 10 5 92 
3286 5 11 92 
4308 6 10 92 
4379 7 9 92 
5008 9 1 92 
5215 10 6 92 
70 11 5 92 
1389 12 4 92 
1705 3 10 93 
2284 4 11 93 
2869 5 12 93 
3108 7 10 93 
3656 10 7 93 
3806 11 6 93 
3807 12 3 93 
4761 12 5 92 
4882 13 4 92 
4911 2 10 94 
4 3 9 94 
149 3 11 94 
678 4 12 94 
848 5 13 94 
1005 10 8 94 
1596 11 7 94 
1725 12 2 94 
2578 12 6 94 
2940 13 3 94 
3445 14 4 93 
4090 1 10 95 
4472 2 9 95 
4524 2 11 95 
536 3 8 95 
984 3 12 95 
1151 5 14 95 
2115 10 9 95 
2811 11 8 95 
2911 12 1 94 
3933 12 7 94 
4068 13 2 94 
4549 14 3 94 
4646 1 9 96 
4744 1 11 96 
