1983
5635 19 19 1 
5325 18 19 1 
5034 19 18 1 
4886 17 19 1 
4822 18 18 1 
4679 19 17 1 
4228 0 9 1 
4171 0 19 1 
4055 16 19 1 
3812 17 18 1 
3677 18 17 1 
3655 19 16 1 
3535 0 10 1 
3470 0 18 1 
3409 1 9 1 
3108 1 19 1 
3066 15 19 1 
2849 16 18 1 
2760 17 17 1 
2576 18 16 1 
2567 19 15 1 
2445 0 11 1 
2123 0 17 1 
2108 1 10 1 
2045 1 18 1 
1881 2 9 1 
1851 2 19 1 
1257 14 19 1 
1241 15 18 1 
1189 16 17 1 
441 17 16 1 
357 18 15 1 
244 19 14 1 
108 0 12 1 
5 0 16 1 
5620 1 11 1 
5602 1 17 1 
5563 2 10 1 
5504 2 18 1 
5400 3 9 1 
5357 3 19 1 
5326 13 19 1 
5235 14 18 1 
5199 15 17 1 
5181 16 16 1 
4912 17 15 1 
4775 18 14 1 
4607 19 13 1 
4395 0 13 1 
4350 0 15 1 
4151 1 12 1 
4088 1 16 1 
3989 2 11 1 
3687 2 17 1 
3621 3 10 1 
3345 3 18 1 
3312 4 9 1 
3264 4 19 1 
3022 12 19 1 
2919 13 18 1 
2570 14 17 1 
2535 15 16 1 
2515 16 15 1 
2253 17 14 1 
2248 18 13 1 
2173 0 14 1 
1939 1 13 1 
1776 1 15 1 
1600 2 12 1 
1359 2 16 1 
1300 3 11 1 
1023 3 17 1 
725 4 10 1 
701 4 18 1 
652 5 19 1 
486 11 19 1 
449 12 18 1 
152 13 17 1 
5561 14 16 1 
5115 15 15 1 
4918 16 14 1 
4820 17 13 1 
4759 1 14 1 
4718 2 13 1 
4684 2 15 1 
4393 3 12 1 
4176 3 16 1 
4103 4 11 1 
3877 4 17 1 
3289 5 18 1 
3126 6 19 1 
3118 10 19 1 
2826 11 18 1 
2770 12 17 1 
2563 13 16 1 
2478 14 15 1 
2426 15 14 1 
2382 16 13 1 
2141 0 0 1 
1860 2 14 1 
1810 3 13 1 
1647 3 15 1 
1527 4 12 1 
1526 4 16 1 
1495 5 17 1 
617 6 18 1 
397 7 19 1 
301 9 19 1 
264 10 18 1 
5622 11 17 1 
5598 12 16 1 
5446 13 15 1 
5428 14 14 1 
5257 15 13 1 
5117 0 1 1 
5059 1 0 1 
5041 3 14 1 
4907 4 13 1 
4781 4 15 1 
4717 5 16 1 
4592 6 17 1 
4356 7 18 1 
4111 8 19 1 
4066 9 18 1 
3913 10 17 1 
3660 11 16 1 
3392 12 15 1 
2393 13 14 1 
2270 14 13 1 
2059 0 2 1 
2029 1 1 1 
1894 2 0 1 
1771 4 14 1 
1723 5 15 1 
1191 6 16 1 
1145 7 17 1 
1009 8 18 1 
882 9 17 1 
839 10 16 1 
199 11 15 1 
110 12 14 1 
92 13 13 1 
5650 14 12 1 
5065 0 3 1 
4926 1 2 1 
4917 2 1 1 
4235 3 0 1 
4215 5 14 1 
4157 6 15 1 
4129 7 16 1 
3718 8 17 1 
2779 9 16 1 
2625 10 15 1 
2205 11 14 1 
2113 12 13 1 
1836 13 12 1 
1443 0 4 1 
1347 0 8 1 
1310 1 3 1 
1261 2 2 1 
1019 3 1 1 
953 4 0 1 
623 5 13 1 
501 6 14 1 
394 7 15 1 
375 8 16 1 
73 9 15 1 
72 10 14 1 
28 11 13 1 
5440 12 12 1 
5244 0 5 1 
5193 0 7 1 
5109 1 4 1 
4842 1 8 1 
4796 2 3 1 
4229 3 2 1 
4016 4 1 1 
3860 5 0 1 
3688 5 12 1 
3600 6 13 1 
2609 7 14 1 
2575 8 15 1 
2293 9 14 1 
2183 10 13 1 
2024 11 12 1 
1900 19 12 1 
1705 0 6 1 
1584 1 5 1 
1553 1 7 1 
1419 2 4 1 
1376 2 8 1 
734 3 3 1 
631 4 2 1 
628 5 1 1 
594 5 11 1 
513 6 0 1 
226 6 12 1 
220 7 13 1 
177 8 14 1 
117 9 13 1 
49 10 12 1 
5465 18 12 1 
5269 19 11 1 
5079 1 6 1 
5051 2 5 1 
4937 2 7 1 
4413 3 4 1 
4288 3 8 1 
4124 4 3 1 
4078 5 2 1 
3870 5 10 1 
3857 6 1 1 
3803 6 11 1 
3695 7 0 1 
3652 7 12 1 
3631 8 13 1 
3510 9 12 1 
3375 17 12 1 
3054 18 11 1 
2982 19 10 1 
2745 2 6 1 
2532 3 5 1 
1980 3 7 1 
1592 4 4 1 
1250 4 8 1 
993 5 3 1 
989 5 9 1 
751 6 2 1 
643 6 10 1 
427 7 1 1 
396 7 11 1 
280 8 12 1 
271 16 12 1 
109 17 11 1 
5587 18 10 1 
5480 19 9 1 
5376 3 6 1 
5364 4 5 1 
5324 4 7 1 
5221 5 4 1 
5089 5 8 1 
4745 6 3 1 
4595 6 9 1 
4421 7 2 1 
4417 7 10 1 
4210 8 11 1 
4178 15 12 1 
3983 16 11 1 
3952 17 10 1 
3897 18 9 1 
3730 19 8 1 
3310 4 6 1 
3247 5 5 1 
3092 5 7 1 
2974 6 4 1 
2831 6 8 1 
2400 7 3 1 
2092 7 9 1 
2038 8 10 1 
973 9 11 1 
740 15 11 1 
544 16 10 1 
29 17 9 1 
5531 18 8 1 
5522 19 7 1 
5045 5 6 1 
4848 6 5 1 
4774 6 7 1 
4654 7 4 1 
4635 7 8 1 
4614 8 9 1 
4594 9 10 1 
4495 10 11 1 
4233 14 11 1 
4135 15 10 1 
4023 16 9 1 
3866 17 8 1 
3704 18 7 1 
2846 19 6 1 
2556 6 6 1 
2314 7 5 1 
2278 7 7 1 
2222 8 8 1 
1444 9 9 1 
1322 10 10 1 
1249 11 11 1 
200 13 11 1 
5461 14 10 1 
5317 15 9 1 
4714 16 8 1 
4655 17 7 1 
4643 18 6 1 
4620 19 5 1 
4085 7 6 1 
4044 8 5 1 
4033 8 7 1 
3837 9 8 1 
3572 10 9 1 
2726 11 10 1 
2720 12 11 1 
2235 13 10 1 
2056 14 9 1 
2001 15 8 1 
1864 16 7 1 
1720 17 6 1 
1608 18 5 1 
977 19 4 1 
716 8 6 1 
589 9 5 1 
241 9 7 1 
163 10 8 1 
5329 11 9 1 
5086 12 10 1 
4777 13 9 1 
4304 14 8 1 
3868 15 7 1 
3854 16 6 1 
3639 17 5 1 
3453 18 4 1 
3159 19 3 1 
3114 9 6 1 
3063 10 5 1 
3011 10 7 1 
2961 11 8 1 
2640 12 9 1 
2025 13 8 1 
1981 14 7 1 
1674 15 6 1 
1576 16 5 1 
879 17 4 1 
859 18 3 1 
335 19 2 1 
79 8 4 1 
5353 10 6 1 
5053 11 5 1 
4948 11 7 1 
4938 12 8 1 
4581 13 7 1 
3902 14 6 1 
3775 15 5 1 
3720 16 4 1 
3563 17 3 1 
3448 18 2 1 
3213 19 1 1 
2948 8 3 1 
2417 9 4 1 
1827 11 6 1 
1500 12 7 1 
273 13 6 1 
141 14 5 1 
114 15 4 1 
78 16 3 1 
5301 17 2 1 
5161 18 1 1 
4862 19 0 1 
4760 8 2 1 
4497 9 3 1 
4468 10 4 1 
4324 12 6 1 
4169 13 5 1 
4104 14 4 1 
3565 15 3 1 
3549 16 2 1 
3061 17 1 1 
2888 18 0 1 
2703 8 1 1 
937 9 2 1 
383 10 3 1 
33 11 4 1 
5652 12 5 1 
5623 13 4 1 
5601 14 3 1 
5599 15 2 1 
4498 16 1 1 
3862 17 0 1 
3701 8 0 1 
3658 9 1 1 
3121 10 2 1 
2971 11 3 1 
2005 12 4 1 
1580 13 3 1 
916 14 2 1 
491 15 1 1 
5527 16 0 1 
4765 9 0 1 
4369 10 1 1 
3675 11 2 1 
3423 12 3 1 
2936 13 2 1 
2448 14 1 1 
2073 15 0 1 
1603 10 0 1 
1331 11 1 1 
378 12 2 1 
272 13 1 1 
270 14 0 1 
5414 11 0 1 
5331 12 1 1 
514 13 0 1 
5457 12 0 1 
2319 12 1 13 
2784 11 1 14 
798 12 2 14 
2491 13 1 14 
3191 10 1 14 
134 11 2 14 
2298 12 3 14 
2439 13 2 14 
3581 14 1 14 
4187 9 1 15 
5158 10 2 15 
1342 11 3 15 
1399 13 3 15 
2034 14 2 15 
2087 15 1 15 
3750 9 2 16 
4289 10 3 16 
4609 13 4 15 
5453 14 3 15 
156 15 2 15 
871 16 1 15 
1040 9 3 16 
1994 13 5 16 
2297 14 4 16 
2574 15 3 16 
2864 16 2 16 
2884 17 1 16 
2957 12 7 17 
3009 13 6 17 
4160 14 5 17 
836 15 4 17 
1097 16 3 17 
1540 17 2 16 
1621 18 1 16 
3373 10 6 17 
3757 11 7 17 
3855 12 8 17 
4379 13 7 17 
5042 14 6 17 
5434 15 5 17 
173 16 4 17 
323 17 3 17 
1722 18 2 17 
2509 9 6 18 
2829 10 7 18 
2950 11 8 18 
3443 12 9 18 
4291 13 8 18 
4612 14 7 18 
4676 15 6 18 
165 16 5 18 
207 17 4 18 
265 18 3 18 
517 8 6 19 
659 9 7 19 
1067 10 8 19 
1343 11 9 18 
1514 12 10 18 
1617 13 9 18 
2341 14 8 18 
2512 15 7 18 
3183 16 6 18 
3459 17 5 18 
3522 18 4 18 
4531 7 6 19 
64 8 7 19 
259 9 8 19 
574 10 9 19 
614 11 10 19 
2225 13 10 19 
3181 14 9 19 
3228 15 8 19 
3468 16 7 19 
3682 17 6 19 
3785 18 5 19 
4623 6 6 20 
4858 7 7 20 
755 8 8 20 
861 9 9 20 
1198 10 10 20 
1221 14 10 19 
1479 15 9 19 
1486 16 8 19 
1787 17 7 19 
2026 18 6 19 
2288 5 6 20 
2604 6 5 20 
2811 6 7 20 
2894 7 8 20 
3861 8 9 20 
4164 9 10 20 
4343 15 10 20 
5607 19 19 26 
5017 18 19 26 
4988 19 18 26 
4983 17 19 26 
4854 18 18 26 
4523 19 17 26 
4491 0 9 26 
4437 0 19 26 
4298 16 19 26 
3820 17 18 26 
3811 18 17 26 
3739 19 16 26 
3601 0 10 26 
3164 0 18 26 
2998 1 9 26 
2540 1 19 26 
2322 15 19 26 
2105 16 18 26 
1996 17 17 26 
1951 18 16 26 
1583 19 15 26 
1239 0 11 26 
698 0 17 26 
580 1 10 26 
372 1 18 26 
118 2 9 26 
5647 2 19 26 
5609 14 19 26 
5365 15 18 26 
5100 16 17 26 
5036 17 16 26 
4981 18 15 26 
4677 19 14 26 
4335 0 12 26 
4030 0 16 26 
3970 1 11 26 
3878 1 17 26 
3651 2 10 26 
3420 2 18 26 
3303 3 9 26 
3106 3 19 26 
2930 13 19 26 
2536 14 18 26 
2499 15 17 26 
2424 16 16 26 
2283 17 15 26 
2258 18 14 26 
2159 19 13 26 
1778 0 13 26 
1754 0 15 26 
1425 1 12 26 
1403 1 16 26 
1348 2 11 26 
1225 2 17 26 
981 3 10 26 
963 3 18 26 
920 4 9 26 
805 4 19 26 
434 12 19 26 
319 13 18 26 
307 14 17 26 
249 15 16 26 
158 16 15 26 
139 17 14 26 
98 18 13 26 
47 0 14 26 
5422 1 13 26 
5234 1 15 26 
5168 2 12 26 
4924 2 16 26 
4716 3 11 26 
4681 3 17 26 
4540 4 10 26 
4496 4 18 26 
4480 5 19 26 
4374 11 19 26 
4087 12 18 26 
4012 13 17 26 
3934 14 16 26 
3843 15 15 26 
3797 16 14 26 
3759 17 13 26 
3680 1 14 26 
3552 2 13 26 
3524 2 15 26 
3432 3 12 26 
3267 3 16 26 
3012 4 11 26 
2997 4 17 26 
2737 5 18 26 
2635 6 19 26 
2571 10 19 26 
2308 11 18 26 
2167 12 17 26 
2152 13 16 26 
2129 14 15 26 
2061 15 14 26 
1934 16 13 26 
1691 0 0 26 
1420 2 14 26 
1305 3 13 26 
914 3 15 26 
888 4 12 26 
650 4 16 26 
5614 5 17 26 
5592 6 18 26 
5570 7 19 26 
5452 9 19 26 
5309 10 18 26 
5258 11 17 26 
4779 12 16 26 
4729 13 15 26 
4710 14 14 26 
4633 15 13 26 
4239 0 1 26 
4136 1 0 26 
3835 3 14 26 
3791 4 13 26 
3761 4 15 26 
3186 5 16 26 
2984 6 17 26 
2924 7 18 26 
2827 8 19 26 
2479 9 18 26 
2346 10 17 26 
2320 11 16 26 
2074 12 15 26 
2012 13 14 26 
1920 14 13 26 
1844 0 2 26 
1730 1 1 26 
1712 2 0 26 
1426 4 14 26 
1318 5 15 26 
1229 6 16 26 
1209 7 17 26 
988 8 18 26 
980 9 17 26 
783 10 16 26 
728 11 15 26 
242 12 14 26 
91 13 13 26 
5640 14 12 26 
5542 0 3 26 
5384 1 2 26 
5163 2 1 26 
4574 3 0 26 
4544 5 14 26 
4507 6 15 26 
4467 7 16 26 
4461 8 17 26 
4443 9 16 26 
4089 10 15 26 
3885 11 14 26 
3623 12 13 26 
3330 13 12 26 
3252 0 4 26 
3016 0 8 26 
2713 1 3 26 
2541 2 2 26 
2318 3 1 26 
2116 4 0 26 
2089 5 13 26 
1962 6 14 26 
1812 7 15 26 
1594 8 16 26 
1524 9 15 26 
1271 10 14 26 
1146 11 13 26 
944 12 12 26 
808 0 5 26 
782 0 7 26 
764 1 4 26 
553 1 8 26 
144 2 3 26 
5308 3 2 26 
5247 4 1 26 
5006 5 0 26 
4905 5 12 26 
4902 6 13 26 
4750 7 14 26 
4704 8 15 26 
4606 9 14 26 
4226 10 13 26 
4213 11 12 26 
3987 19 12 26 
3899 0 6 26 
3735 1 5 26 
3683 1 7 26 
3596 2 4 26 
3496 2 8 26 
3456 3 3 26 
2507 4 2 26 
2453 5 1 26 
2164 5 11 26 
1923 6 0 26 
1919 6 12 26 
1865 7 13 26 
1835 8 14 26 
1666 9 13 26 
1316 10 12 26 
1115 18 12 26 
601 19 11 26 
538 1 6 26 
447 2 5 26 
339 2 7 26 
302 3 4 26 
291 3 8 26 
5569 4 3 26 
5513 5 2 26 
5224 5 10 26 
4979 6 1 26 
4919 6 11 26 
4910 7 0 26 
4897 7 12 26 
4818 8 13 26 
4812 9 12 26 
4811 17 12 26 
4807 18 11 26 
4761 19 10 26 
4454 2 6 26 
4208 3 5 26 
4128 3 7 26 
3249 4 4 26 
3175 4 8 26 
3100 5 3 26 
3098 5 9 26 
2928 6 2 26 
2904 6 10 26 
2757 7 1 26 
2678 7 11 26 
2379 8 12 26 
1843 16 12 26 
1521 17 11 26 
1402 18 10 26 
1388 19 9 26 
1301 3 6 26 
1275 4 5 26 
892 4 7 26 
438 5 4 26 
385 5 8 26 
364 6 3 26 
102 6 9 26 
5619 7 2 26 
5477 7 10 26 
5371 8 11 26 
5013 15 12 26 
4648 16 11 26 
4280 17 10 26 
3607 18 9 26 
3185 19 8 26 
3157 4 6 26 
2776 5 5 26 
2755 5 7 26 
2705 6 4 26 
2409 6 8 26 
2328 7 3 26 
2279 7 9 26 
2146 8 10 26 
2041 9 11 26 
1964 15 11 26 
1248 16 10 26 
1093 17 9 26 
1047 18 8 26 
851 19 7 26 
816 5 6 26 
616 6 5 26 
189 6 7 26 
182 7 4 26 
5642 7 8 26 
5555 8 9 26 
5197 9 10 26 
5155 10 11 26 
4973 14 11 26 
4869 15 10 26 
4329 16 9 26 
4225 17 8 26 
3727 18 7 26 
3712 19 6 26 
3333 6 6 26 
2666 7 5 26 
2153 7 7 26 
2126 8 8 26 
2112 9 9 26 
1671 10 10 26 
1478 11 11 26 
1467 13 11 26 
1430 14 10 26 
1265 15 9 26 
998 16 8 26 
700 17 7 26 
696 18 6 26 
645 19 5 26 
342 7 6 26 
90 8 5 26 
5511 8 7 26 
5318 9 8 26 
5191 10 9 26 
5128 11 10 26 
5000 12 11 26 
3767 13 10 26 
3744 14 9 26 
3475 15 8 26 
3413 16 7 26 
2804 17 6 26 
2680 18 5 26 
2450 19 4 26 
1935 8 6 26 
1664 9 5 26 
676 9 7 26 
520 10 8 26 
333 11 9 26 
5639 12 10 26 
5613 13 9 26 
5532 14 8 26 
5423 15 7 26 
5302 16 6 26 
4980 17 5 26 
4959 18 4 26 
4166 19 3 26 
3786 9 6 26 
3784 10 5 26 
3102 10 7 26 
3053 11 8 26 
2457 12 9 26 
2244 13 8 26 
1970 14 7 26 
1519 15 6 26 
1407 16 5 26 
797 17 4 26 
774 18 3 26 
379 19 2 26 
5539 8 4 26 
5516 10 6 26 
5346 11 5 26 
5307 11 7 26 
4391 12 8 26 
4354 13 7 26 
3661 14 6 26 
3354 15 5 26 
3348 16 4 26 
3145 17 3 26 
3111 18 2 26 
3001 19 1 26 
2890 8 3 26 
2704 9 4 26 
2670 11 6 26 
2432 12 7 26 
2265 13 6 26 
1630 14 5 26 
1396 15 4 26 
690 16 3 26 
331 17 2 26 
196 18 1 26 
81 19 0 26 
38 8 2 26 
5080 9 3 26 
4986 10 4 26 
4976 12 6 26 
4890 13 5 26 
4824 14 4 26 
4672 15 3 26 
4409 16 2 26 
3179 17 1 26 
3023 18 0 26 
2053 8 1 26 
1793 9 2 26 
1582 10 3 26 
634 11 4 26 
358 12 5 26 
248 13 4 26 
172 14 3 26 
86 15 2 26 
4303 16 1 26 
3782 17 0 26 
3441 8 0 26 
2995 9 1 26 
2268 10 2 26 
2176 11 3 26 
1317 12 4 26 
1060 13 3 26 
918 14 2 26 
444 15 1 26 
4448 16 0 26 
4428 9 0 26 
3391 10 1 26 
2698 11 2 26 
2438 12 3 26 
2256 13 2 26 
2156 14 1 26 
1811 15 0 26 
961 10 0 26 
338 11 1 26 
308 12 2 26 
4955 13 1 26 
4627 14 0 26 
3192 11 0 26 
3128 12 1 26 
1948 13 0 26 
305 12 0 26 
3560 12 1 38 
113 11 1 39 
1212 12 2 39 
4315 13 1 38 
4527 10 1 39 
393 11 2 39 
1346 12 3 39 
1895 13 2 39 
2839 14 1 39 
2863 9 1 40 
4982 10 2 40 
314 11 3 40 
367 13 3 40 
1446 14 2 40 
2941 15 1 40 
4083 9 2 41 
4868 10 3 41 
638 13 4 41 
672 14 3 41 
1770 15 2 41 
1904 16 1 40 
1983 9 3 41 
3093 13 5 41 
3174 14 4 41 
3766 15 3 41 
3955 16 2 41 
4022 17 1 41 
5245 12 7 42 
157 13 6 42 
386 14 5 42 
1013 15 4 42 
2415 16 3 42 
2508 17 2 42 
2721 18 1 42 
2893 10 6 42 
2973 11 7 42 
4429 12 8 42 
4506 13 7 42 
4600 14 6 42 
4641 15 5 42 
4871 16 4 42 
421 17 3 42 
656 18 2 42 
1058 9 6 43 
1220 10 7 43 
1607 11 8 43 
4694 12 9 43 
4700 13 8 43 
4799 14 7 43 
466 15 6 43 
741 16 5 43 
853 17 4 43 
1109 18 3 43 
1413 8 6 44 
1688 9 7 44 
1721 10 8 44 
2060 11 9 44 
2552 12 10 43 
3592 13 9 43 
4076 14 8 43 
4188 15 7 43 
4727 16 6 43 
4879 17 5 43 
146 18 4 43 
1081 7 6 45 
2592 8 7 44 
2652 9 8 44 
3219 10 9 44 
3290 11 10 44 
3355 13 10 44 
3528 14 9 44 
3817 15 8 44 
4077 16 7 44 
4134 17 6 44 
4364 18 5 44 
5449 6 6 45 
1442 7 7 45 
1557 8 8 45 
1779 9 9 45 
2166 10 10 45 
2289 14 10 45 
2356 15 9 45 
2741 16 8 45 
3064 17 7 45 
3440 18 6 45 
3449 5 6 46 
4123 6 5 46 
4768 6 7 46 
4878 7 8 45 
5166 8 9 45 
5479 19 19 51 
5474 18 19 51 
5469 19 18 51 
5261 17 19 51 
5165 18 18 51 
4914 19 17 51 
4683 0 9 51 
4447 0 19 51 
3833 16 19 51 
3790 17 18 51 
3433 18 17 51 
3370 19 16 51 
3231 0 10 51 
3037 0 18 51 
3007 1 9 51 
2999 1 19 51 
2951 15 19 51 
2921 16 18 51 
2920 17 17 51 
2795 18 16 51 
2791 19 15 51 
2140 0 11 51 
2118 0 17 51 
1986 1 10 51 
1872 1 18 51 
1852 2 9 51 
1794 2 19 51 
1708 14 19 51 
1230 15 18 51 
974 16 17 51 
850 17 16 51 
542 18 15 51 
448 19 14 51 
245 0 12 51 
162 0 16 51 
66 1 11 51 
5638 1 17 51 
5343 2 10 51 
5342 2 18 51 
4964 3 9 51 
4732 3 19 51 
4584 13 19 51 
4520 14 18 51 
4517 15 17 51 
3801 16 16 51 
3644 17 15 51 
3209 18 14 51 
3153 19 13 51 
2768 0 13 51 
2725 0 15 51 
2494 1 12 51 
2467 1 16 51 
2401 2 11 51 
2394 2 17 51 
2143 3 10 51 
2062 3 18 51 
1769 4 9 51 
1457 4 19 51 
1412 12 19 51 
1400 13 18 51 
1374 14 17 51 
1156 15 16 51 
1079 16 15 51 
582 17 14 51 
526 18 13 51 
498 0 14 51 
309 1 13 51 
115 1 15 51 
34 2 12 51 
5558 2 16 51 
5313 3 11 51 
5268 3 17 51 
5266 4 10 51 
5093 4 18 51 
5062 5 19 51 
4284 11 19 51 
4216 12 18 51 
3703 13 17 51 
3557 14 16 51 
3474 15 15 51 
3223 16 14 51 
3079 17 13 51 
2975 1 14 51 
2970 2 13 51 
2952 2 15 51 
2906 3 12 51 
2694 3 16 51 
2610 4 11 51 
2545 4 17 51 
2476 5 18 51 
2345 6 19 51 
2215 10 19 51 
2150 11 18 51 
2149 12 17 51 
2145 13 16 51 
2094 14 15 51 
1878 15 14 51 
1697 16 13 51 
1684 0 0 51 
1537 2 14 51 
1039 3 13 51 
832 3 15 51 
306 4 12 51 
269 4 16 51 
104 5 17 51 
5655 6 18 51 
5372 7 19 51 
5026 9 19 51 
4954 10 18 51 
4851 11 17 51 
4747 12 16 51 
4616 13 15 51 
4339 14 14 51 
4006 15 13 51 
3846 0 1 51 
3218 1 0 51 
3207 3 14 51 
3143 4 13 51 
2990 4 15 51 
2979 5 16 51 
2304 6 17 51 
2274 7 18 51 
1806 8 19 51 
1653 9 18 51 
1646 10 17 51 
1279 11 16 51 
1188 12 15 51 
1055 13 14 51 
984 14 13 51 
880 0 2 51 
42 1 1 51 
5392 2 0 51 
5319 4 14 51 
5134 5 15 51 
5106 6 16 51 
5027 7 17 51 
4939 8 18 51 
4755 9 17 51 
4510 10 16 51 
4274 11 15 51 
4065 12 14 51 
3740 13 13 51 
3575 14 12 51 
3529 0 3 51 
3478 1 2 51 
2716 2 1 51 
2547 3 0 51 
2538 5 14 51 
2292 6 15 51 
1775 7 16 51 
1774 8 17 51 
1520 9 16 51 
1492 10 15 51 
1465 11 14 51 
1169 12 13 51 
1076 13 12 51 
904 0 4 51 
823 0 8 51 
767 1 3 51 
5584 2 2 51 
5538 3 1 51 
5496 4 0 51 
5425 5 13 51 
5340 6 14 51 
5185 7 15 51 
5020 8 16 51 
4613 9 15 51 
4566 10 14 51 
3958 11 13 51 
3912 12 12 51 
3774 0 5 51 
3711 0 7 51 
3599 1 4 51 
3566 1 8 51 
3349 2 3 51 
3339 3 2 51 
3285 4 1 51 
3204 5 0 51 
3176 5 12 51 
3162 6 13 51 
2004 7 14 51 
1577 8 15 51 
1507 9 14 51 
1417 10 13 51 
1394 11 12 51 
1350 19 12 51 
1273 0 6 51 
1242 1 5 51 
1135 1 7 51 
1049 2 4 51 
938 2 8 51 
487 3 3 51 
431 4 2 51 
274 5 1 51 
74 5 11 51 
5510 6 0 51 
5454 6 12 51 
5215 7 13 51 
4898 8 14 51 
4776 9 13 51 
3923 10 12 51 
3841 18 12 51 
3674 19 11 51 
3649 1 6 51 
3617 2 5 51 
3547 2 7 51 
3486 3 4 51 
3298 3 8 51 
3269 4 3 51 
2599 5 2 51 
2241 5 10 51 
1149 6 1 51 
1148 6 11 51 
1072 7 0 51 
827 7 12 51 
469 8 13 51 
216 9 12 51 
154 17 12 51 
89 18 11 51 
5626 19 10 51 
5605 2 6 51 
5375 3 5 51 
5336 3 7 51 
4713 4 4 51 
4533 4 8 51 
4501 5 3 51 
4272 5 9 51 
4270 6 2 51 
3957 6 10 51 
3924 7 1 51 
3873 7 11 51 
3619 8 12 51 
3473 16 12 51 
3384 17 11 51 
3376 18 10 51 
3260 19 9 51 
3254 3 6 51 
3004 4 5 51 
2239 4 7 51 
2181 5 4 51 
1859 5 8 51 
1624 6 3 51 
1454 6 9 51 
955 7 2 51 
722 7 10 51 
687 8 11 51 
679 15 12 51 
485 16 11 51 
26 17 10 51 
5653 18 9 51 
5077 19 8 51 
4932 4 6 51 
4455 5 5 51 
4212 5 7 51 
3499 6 4 51 
3490 6 8 51 
3057 7 3 51 
2732 7 9 51 
2730 8 10 51 
2689 9 11 51 
2677 15 11 51 
2513 16 10 51 
2452 17 9 51 
2236 18 8 51 
1921 19 7 51 
1818 5 6 51 
1099 6 5 51 
833 6 7 51 
691 7 4 51 
658 7 8 51 
462 8 9 51 
5579 9 10 51 
5470 10 11 51 
5047 14 11 51 
4946 15 10 51 
4703 16 9 51 
4534 17 8 51 
4143 18 7 51 
4038 19 6 51 
3416 6 6 51 
3216 7 5 51 
2307 7 7 51 
1803 8 8 51 
769 9 9 51 
212 10 10 51 
21 11 11 51 
5071 13 11 51 
4921 14 10 51 
4892 15 9 51 
4841 16 8 51 
4344 17 7 51 
4202 18 6 51 
3702 19 5 51 
3672 7 6 51 
3608 8 5 51 
3292 8 7 51 
2144 9 8 51 
1998 10 9 51 
1969 11 10 51 
1768 12 11 51 
1001 13 10 51 
733 14 9 51 
566 15 8 51 
437 16 7 51 
5520 17 6 51 
5259 18 5 51 
5130 19 4 51 
4835 8 6 51 
4578 9 5 51 
4519 9 7 51 
4435 10 8 51 
4283 11 9 51 
4241 12 10 51 
4049 13 9 51 
3900 14 8 51 
3694 15 7 51 
3415 16 6 51 
3295 17 5 51 
2927 18 4 51 
2838 19 3 51 
2835 9 6 51 
2365 10 5 51 
2127 10 7 51 
1451 11 8 51 
1195 12 9 51 
1178 13 8 51 
1130 14 7 51 
889 15 6 51 
868 16 5 51 
777 17 4 51 
752 18 3 51 
564 19 2 51 
490 8 4 51 
442 10 6 51 
5207 11 5 51 
4485 11 7 51 
2654 12 8 51 
2369 13 7 51 
2134 14 6 51 
1899 15 5 51 
1829 16 4 51 
1658 17 3 51 
1469 18 2 51 
1153 19 1 51 
403 8 3 51 
176 9 4 51 
5593 11 6 51 
5571 12 7 51 
5066 13 6 51 
4894 14 5 51 
4830 15 4 51 
4763 16 3 51 
4347 17 2 51 
4146 18 1 51 
3984 19 0 51 
3917 8 2 51 
3830 9 3 51 
3802 10 4 51 
3105 12 6 51 
2790 13 5 51 
2775 14 4 51 
2573 15 3 51 
2456 16 2 51 
2325 17 1 51 
1706 18 0 51 
1287 8 1 51 
678 9 2 51 
666 10 3 51 
632 11 4 51 
55 12 5 51 
5443 13 4 51 
4767 14 3 51 
4184 15 2 51 
3591 16 1 51 
3395 17 0 51 
3361 8 0 51 
2495 9 1 51 
1797 10 2 51 
1291 11 3 51 
1259 12 4 51 
418 13 3 51 
5271 14 2 51 
5090 15 1 51 
4947 16 0 51 
4638 9 0 51 
3966 10 1 51 
3197 11 2 51 
2752 12 3 51 
2719 13 2 51 
2619 14 1 51 
1956 15 0 51 
1268 10 0 51 
912 11 1 51 
902 12 2 51 
100 13 1 51 
4789 14 0 51 
4172 11 0 51 
2869 12 1 51 
2643 13 0 51 
1089 12 0 51 
5052 12 1 62 
1626 11 1 63 
2902 12 2 63 
3357 13 1 63 
3579 10 1 63 
4253 11 2 63 
4722 12 3 63 
1227 13 2 63 
1475 14 1 63 
2099 9 1 64 
5493 10 2 64 
547 11 3 64 
1645 13 3 64 
2057 14 2 63 
2263 15 1 63 
2286 9 2 65 
3190 10 3 65 
4906 13 4 64 
5206 14 3 64 
436 15 2 64 
590 16 1 64 
640 9 3 65 
806 13 5 65 
1456 14 4 65 
1498 15 3 65 
1572 16 2 65 
1764 17 1 65 
2580 12 7 65 
2886 13 6 65 
3040 14 5 65 
4686 15 4 65 
147 16 3 65 
1240 17 2 65 
2151 18 1 65 
3163 10 6 67 
3251 11 7 66 
4806 12 8 66 
5625 13 7 66 
39 14 6 66 
112 15 5 66 
312 16 4 66 
455 17 3 66 
1884 18 2 66 
2613 9 6 67 
2964 10 7 67 
3266 11 8 67 
3555 12 9 67 
3589 13 8 67 
493 14 7 67 
754 15 6 67 
1235 16 5 67 
1355 17 4 67 
1945 18 3 67 
1963 8 6 67 
2109 9 7 67 
2579 10 8 67 
2734 11 9 67 
3546 12 10 67 
4247 13 9 67 
4425 14 8 67 
4537 15 7 67 
4753 16 6 67 
5096 17 5 67 
5492 18 4 67 
598 7 6 68 
727 8 7 68 
867 9 8 68 
2472 10 9 68 
2665 11 10 68 
2958 13 10 68 
3517 14 9 68 
4816 15 8 68 
5190 16 7 68 
56 17 6 67 
187 18 5 67 
1070 6 6 69 
1254 7 7 69 
1332 8 8 69 
1665 9 9 69 
1765 10 10 69 
2429 14 10 68 
2514 15 9 68 
2616 16 8 68 
3029 17 7 68 
4476 18 6 68 
4698 5 6 70 
924 6 5 70 
1459 6 7 70 
1727 7 8 70 
1930 8 9 70 
1943 9 10 69 
2706 15 10 69 
3604 16 9 69 
3838 17 8 69 
4232 18 7 69 
4380 4 6 70 
4401 5 5 70 
4873 5 7 70 
5603 19 19 76 
5600 18 19 76 
5502 19 18 76 
5216 17 19 76 
5037 18 18 76 
4804 19 17 76 
4658 0 9 76 
4653 0 19 76 
4159 16 19 76 
4031 17 18 76 
3914 18 17 76 
3856 19 16 76 
3699 0 10 76 
3670 0 18 76 
3628 1 9 76 
3622 1 19 76 
3616 15 19 76 
2880 16 18 76 
2659 17 17 76 
2280 18 16 76 
2264 19 15 76 
2046 0 11 76 
2015 0 17 76 
1954 1 10 76 
1805 1 18 76 
1437 2 9 76 
1414 2 19 76 
1203 14 19 76 
1201 15 18 76 
799 16 17 76 
649 17 16 76 
531 18 15 76 
321 19 14 76 
190 0 12 76 
125 0 16 76 
5491 1 11 76 
5394 1 17 76 
5121 2 10 76 
4969 2 18 76 
4885 3 9 76 
4863 3 19 76 
4840 13 19 76 
4762 14 18 76 
4734 15 17 76 
4619 16 16 76 
4488 17 15 76 
4478 18 14 76 
4320 19 13 76 
4311 0 13 76 
3979 0 15 76 
3903 1 12 76 
3500 1 16 76 
3338 2 11 76 
3155 2 17 76 
2897 3 10 76 
2655 3 18 76 
2527 4 9 76 
2311 4 19 76 
2111 12 19 76 
1695 13 18 76 
1615 14 17 76 
1502 15 16 76 
1485 16 15 76 
1088 17 14 76 
605 18 13 76 
446 0 14 76 
336 1 13 76 
185 1 15 76 
5436 2 12 76 
5300 2 16 76 
5293 3 11 76 
5024 3 17 76 
4968 4 10 76 
4888 4 18 76 
4697 5 19 76 
4666 11 19 76 
4636 12 18 76 
4604 13 17 76 
4453 14 16 76 
4036 15 15 76 
3773 16 14 76 
3753 17 13 76 
3434 1 14 76 
3351 2 13 76 
3166 2 15 76 
3014 3 12 76 
2976 3 16 76 
2875 4 11 76 
2551 4 17 76 
2427 5 18 76 
1473 6 19 76 
1323 10 19 76 
852 11 18 76 
702 12 17 76 
686 13 16 76 
680 14 15 76 
399 15 14 76 
17 16 13 76 
5413 0 0 76 
5255 2 14 76 
5210 3 13 76 
4826 3 15 76 
4598 4 12 76 
4585 4 16 76 
4546 5 17 76 
4367 6 18 76 
4317 7 19 76 
4196 9 19 76 
4154 10 18 76 
3613 11 17 76 
3603 12 16 76 
3135 13 15 76 
3055 14 14 76 
2877 15 13 76 
2821 0 1 76 
2729 1 0 76 
2455 3 14 76 
2377 4 13 76 
2361 4 15 76 
2306 5 16 76 
2064 6 17 76 
2028 7 18 76 
1979 8 19 76 
1534 9 18 76 
1328 10 17 76 
1043 11 16 76 
746 12 15 76 
560 13 14 76 
559 14 13 76 
460 0 2 76 
414 1 1 76 
238 2 0 76 
5581 4 14 76 
5359 5 15 76 
4783 6 16 76 
4675 7 17 76 
4337 8 18 76 
4297 9 17 76 
4203 10 16 76 
3839 11 15 76 
3624 12 14 76 
3411 13 13 76 
3388 14 12 76 
3365 0 3 76 
3198 1 2 76 
3049 2 1 76 
2992 3 0 76 
2858 5 14 76 
2675 6 15 76 
2647 7 16 76 
2471 8 17 76 
2197 9 16 76 
2036 10 15 76 
1910 11 14 76 
1887 12 13 76 
1791 13 12 76 
1435 0 4 76 
763 0 8 76 
523 1 3 76 
453 2 2 76 
175 3 1 76 
1 4 0 76 
5212 5 13 76 
5118 6 14 76 
5102 7 15 76 
4994 8 16 76 
4974 9 15 76 
4650 10 14 76 
4625 11 13 76 
4518 12 12 76 
4450 0 5 76 
3858 0 7 76 
3442 1 4 76 
3235 1 8 76 
2788 2 3 76 
2537 3 2 76 
2008 4 1 76 
1958 5 0 76 
1384 5 12 76 
1361 6 13 76 
1199 7 14 76 
1171 8 15 76 
1094 9 14 76 
1065 10 13 76 
1033 11 12 76 
869 19 12 76 
717 0 6 76 
648 1 5 76 
568 1 7 76 
324 2 4 76 
80 2 8 76 
5589 3 3 76 
5484 4 2 76 
5315 5 1 76 
4819 5 11 76 
4377 6 0 76 
3908 6 12 76 
3863 7 13 76 
3832 8 14 76 
3733 9 13 76 
3498 10 12 76 
3278 18 12 76 
3243 19 11 76 
3077 1 6 76 
3028 2 5 76 
2650 2 7 76 
2510 3 4 76 
2506 3 8 76 
2370 4 3 76 
2284 5 2 76 
2233 5 10 76 
2228 6 1 76 
2103 6 11 76 
1901 7 0 76 
1871 7 12 76 
1781 8 13 76 
1739 9 12 76 
1668 17 12 76 
1622 18 11 76 
1558 19 10 76 
1264 2 6 76 
814 3 5 76 
408 3 7 76 
390 4 4 76 
381 4 8 76 
5296 5 3 76 
5153 5 9 76 
5074 6 2 76 
4956 6 10 76 
4867 7 1 76 
4632 7 11 76 
4601 8 12 76 
4538 16 12 76 
3792 17 11 76 
3707 18 10 76 
3534 19 9 76 
3530 3 6 76 
3344 4 5 76 
3187 4 7 76 
3180 5 4 76 
3165 5 8 76 
3141 6 3 76 
3030 6 9 76 
2518 7 2 76 
2009 7 10 76 
1760 8 11 76 
1222 15 12 76 
956 16 11 76 
921 17 10 76 
898 18 9 76 
897 19 8 76 
591 4 6 76 
468 5 5 76 
5636 5 7 76 
5540 6 4 76 
5327 6 8 76 
4810 7 3 76 
4706 7 9 76 
4682 8 10 76 
4611 9 11 76 
4378 15 11 76 
4130 16 10 76 
4090 17 9 76 
3933 18 8 76 
3681 19 7 76 
3630 5 6 76 
3610 6 5 76 
3314 6 7 76 
3074 7 4 76 
2058 7 8 76 
1636 8 9 76 
1056 9 10 76 
1002 10 11 76 
873 14 11 76 
762 15 10 76 
551 16 9 76 
52 17 8 76 
5595 18 7 76 
5572 19 6 76 
5367 6 6 76 
5016 7 5 76 
4837 7 7 76 
4743 8 8 76 
4591 9 9 76 
4342 10 10 76 
3871 11 11 76 
3851 13 11 76 
3746 14 10 76 
3306 15 9 76 
2714 16 8 76 
2709 17 7 76 
2517 18 6 76 
2349 19 5 76 
2330 7 6 76 
1966 8 5 76 
1742 8 7 76 
1296 9 8 76 
1208 10 9 76 
629 11 10 76 
5596 12 11 76 
5217 13 10 76 
4177 14 9 76 
3554 15 8 76 
3485 16 7 76 
3318 17 6 76 
2966 18 5 76 
2746 19 4 76 
2724 8 6 76 
2569 9 5 76 
2447 9 7 76 
2200 10 8 76 
1927 11 9 76 
1538 12 10 76 
1251 13 9 76 
1110 14 8 76 
1005 15 7 76 
952 16 6 76 
5541 17 5 76 
5092 18 4 76 
5039 19 3 76 
4567 9 6 76 
4394 10 5 76 
4290 10 7 76 
4256 11 8 76 
4194 12 9 76 
4137 13 8 76 
3770 14 7 76 
3573 15 6 76 
3464 16 5 76 
2931 17 4 76 
2731 18 3 76 
2582 19 2 76 
1846 8 4 76 
1421 10 6 76 
1329 11 5 76 
1172 11 7 76 
476 12 8 76 
195 13 7 76 
5237 14 6 76 
4545 15 5 76 
4205 16 4 76 
4145 17 3 76 
4075 18 2 76 
3808 19 1 76 
3738 8 3 76 
3640 9 4 76 
3253 11 6 76 
3042 12 7 76 
3041 13 6 76 
2991 14 5 76 
2883 15 4 76 
2407 16 3 76 
2269 17 2 76 
2254 18 1 76 
2077 19 0 76 
1659 8 2 76 
1604 9 3 76 
830 10 4 76 
499 12 6 76 
459 13 5 76 
4850 14 4 76 
3583 15 3 76 
3195 16 2 76 
3182 17 1 76 
2980 18 0 76 
2911 8 1 76 
2802 9 2 76 
1429 10 3 76 
262 11 4 76 
5577 12 5 76 
5238 13 4 76 
4808 14 3 76 
4464 15 2 76 
3911 16 1 76 
3567 17 0 76 
2881 8 0 76 
2820 9 1 76 
2614 10 2 76 
1857 11 3 76 
1292 12 4 76 
1158 13 3 76 
940 14 2 76 
693 15 1 76 
183 16 0 76 
5379 9 0 76 
4989 10 1 76 
4669 11 2 76 
4219 12 3 76 
3302 13 2 76 
3284 14 1 76 
2929 15 0 76 
2891 10 0 76 
2814 11 1 76 
1569 12 2 76 
736 13 1 76 
352 14 0 76 
5646 11 0 76 
4069 12 1 76 
3690 13 0 76 
1997 12 0 76 
2807 12 1 87 
2482 11 1 88 
2701 12 2 88 
2808 13 1 88 
653 10 1 88 
771 11 2 88 
794 12 3 88 
1037 13 2 88 
2673 14 1 88 
2686 9 1 89 
3722 10 2 89 
3800 11 3 89 
1556 13 3 89 
1641 14 2 89 
2443 15 1 89 
3299 9 2 90 
5180 10 3 90 
5350 13 4 89 
5395 14 3 89 
407 15 2 89 
644 16 1 89 
3793 9 3 91 
3827 13 5 91 
5277 14 4 90 
5292 15 3 90 
8 16 2 90 
267 17 1 90 
1260 12 7 91 
1345 13 6 91 
1667 14 5 91 
1809 15 4 91 
1936 16 3 91 
1978 17 2 91 
2185 18 1 91 
3052 10 6 92 
3398 11 7 92 
3483 12 8 92 
3894 13 7 92 
4259 14 6 91 
4525 15 5 91 
4792 16 4 91 
5087 17 3 91 
168 18 2 91 
779 9 6 92 
1123 10 7 92 
1282 11 8 92 
3454 12 9 92 
3568 13 8 92 
5011 14 7 92 
5068 15 6 92 
174 16 5 92 
1286 17 4 92 
2220 18 3 92 
2672 8 6 93 
2959 9 7 93 
2960 10 8 93 
2993 11 9 93 
3831 12 10 93 
3884 13 9 93 
450 14 8 93 
654 15 7 93 
1069 16 6 93 
1132 17 5 92 
1692 18 4 92 
1759 7 6 94 
1772 8 7 94 
1862 9 8 94 
2403 10 9 94 
3194 11 10 94 
3533 13 10 93 
3988 14 9 93 
4091 15 8 93 
4891 16 7 93 
5320 17 6 93 
5548 18 5 93 
275 6 6 94 
604 7 7 94 
875 8 8 94 
1593 9 9 94 
1606 10 10 94 
1834 14 10 94 
1933 15 9 94 
2553 16 8 94 
2867 17 7 94 
3233 18 6 94 
3956 5 6 95 
4433 6 5 95 
4984 6 7 95 
5377 7 8 95 
15 8 9 95 
596 9 10 95 
854 15 10 95 
1165 16 9 95 
2842 17 8 95 
3193 18 7 94 
3422 4 6 96 
4250 5 5 96 
4348 5 7 95 
4603 6 4 95 
4690 6 8 95 
4828 7 9 95 
5209 8 10 95 
5501 16 10 95 
