1662
3666 14 19 1 
3653 14 18 1 
3467 15 19 1 
3149 19 19 1 
3136 11 8 1 
3133 11 12 1 
3111 15 18 1 
3092 16 19 1 
3040 18 19 1 
3022 19 18 1 
2871 11 9 1 
2829 11 11 1 
2705 12 8 1 
2618 12 12 1 
2493 16 18 1 
2425 17 19 1 
2365 18 18 1 
2163 11 10 1 
1959 12 9 1 
1873 12 11 1 
1844 13 8 1 
1805 13 12 1 
1785 16 17 1 
1184 17 18 1 
1113 12 10 1 
1042 13 9 1 
934 13 11 1 
914 14 8 1 
885 14 12 1 
735 15 15 1 
653 16 16 1 
600 17 17 1 
319 19 17 1 
244 13 10 1 
242 14 9 1 
227 14 11 1 
3802 15 8 1 
3702 16 15 1 
3543 17 16 1 
3487 18 17 1 
3447 19 8 1 
3363 19 16 1 
3202 14 10 1 
3073 15 9 1 
2983 15 11 1 
2967 16 8 1 
2780 17 15 1 
2710 18 8 1 
2684 18 16 1 
2549 19 9 1 
2430 19 15 1 
2401 15 10 1 
2036 16 9 1 
2013 16 11 1 
1872 17 8 1 
1809 18 9 1 
1565 18 15 1 
1533 19 10 1 
1331 19 14 1 
1245 16 10 1 
1236 17 9 1 
1226 18 10 1 
1204 18 14 1 
1112 19 11 1 
1048 19 13 1 
924 17 10 1 
864 18 11 1 
862 18 13 1 
754 19 12 1 
632 17 11 1 
513 18 12 1 
316 17 12 1 
64 17 14 1 
3644 16 12 1 
3616 16 14 1 
3614 17 13 1 
3287 15 12 1 
3186 16 13 1 
2948 15 13 1 
2838 15 17 1 
2821 14 13 1 
2644 14 17 1 
2606 15 14 1 
2578 15 16 1 
2495 6 16 1 
2466 11 13 1 
2380 13 13 1 
2179 14 14 1 
1909 14 16 1 
1906 5 16 1 
1806 6 17 1 
1742 6 19 1 
1631 11 14 1 
1619 12 13 1 
1571 13 14 1 
1512 14 15 1 
1344 5 17 1 
1328 5 19 1 
1182 6 18 1 
311 7 19 1 
195 12 14 1 
42 13 15 1 
3842 13 19 1 
3792 4 17 1 
3523 4 19 1 
3414 5 18 1 
3412 7 18 1 
3248 8 19 1 
3156 12 15 1 
2934 12 19 1 
2574 13 16 1 
2498 13 18 1 
2402 3 17 1 
1491 3 19 1 
1451 4 18 1 
1357 7 17 1 
1318 8 18 1 
1235 9 19 1 
1232 11 19 1 
655 12 16 1 
176 12 18 1 
75 13 17 1 
29 0 19 1 
3777 2 19 1 
3671 3 18 1 
3662 8 17 1 
3639 9 18 1 
3424 10 19 1 
3390 11 18 1 
3304 12 17 1 
3087 0 18 1 
3018 1 19 1 
2812 2 18 1 
2779 9 17 1 
2004 10 18 1 
1962 11 17 1 
1938 0 17 1 
1937 1 18 1 
1918 9 16 1 
1886 10 17 1 
1862 11 16 1 
1434 0 12 1 
1429 0 16 1 
1315 1 17 1 
1142 10 16 1 
1091 11 15 1 
1043 0 13 1 
970 0 15 1 
952 1 12 1 
852 1 16 1 
769 2 17 1 
693 10 11 1 
516 10 15 1 
130 0 14 1 
123 1 13 1 
3821 1 15 1 
3747 2 12 1 
3709 2 16 1 
3621 8 16 1 
3605 9 11 1 
3550 9 15 1 
3417 10 12 1 
3247 10 14 1 
2396 1 14 1 
2029 2 13 1 
2020 2 15 1 
1991 3 16 1 
1966 7 10 1 
1941 7 16 1 
1860 8 11 1 
1812 8 15 1 
1549 9 12 1 
1408 9 14 1 
1231 10 13 1 
1195 2 14 1 
1054 3 15 1 
912 4 16 1 
813 7 11 1 
475 7 15 1 
248 8 12 1 
187 8 14 1 
106 9 13 1 
9 0 11 1 
3851 3 14 1 
3576 4 15 1 
3549 6 15 1 
3240 7 12 1 
3221 7 14 1 
2959 8 13 1 
2823 0 10 1 
2777 1 11 1 
2621 3 11 1 
2302 3 13 1 
2278 4 14 1 
2191 5 15 1 
1931 6 14 1 
1617 7 13 1 
1604 10 10 1 
1510 0 9 1 
1143 1 10 1 
777 2 11 1 
750 3 10 1 
288 3 12 1 
236 4 9 1 
3816 4 13 1 
3787 5 14 1 
3676 6 13 1 
3358 9 10 1 
3054 10 9 1 
2968 0 8 1 
2896 1 9 1 
2875 2 10 1 
2819 3 9 1 
2737 4 12 1 
2689 5 13 1 
2688 6 12 1 
2505 8 10 1 
2421 9 9 1 
2397 10 8 1 
2255 0 7 1 
2114 1 8 1 
1500 2 9 1 
1125 4 11 1 
1075 5 12 1 
961 6 11 1 
745 8 9 1 
551 9 8 1 
549 1 7 1 
481 2 8 1 
199 4 10 1 
51 5 11 1 
3691 6 10 1 
3542 7 9 1 
3295 8 8 1 
3266 2 7 1 
3217 3 8 1 
3142 5 10 1 
3124 6 9 1 
3071 7 4 1 
2557 7 8 1 
2168 3 7 1 
1880 4 8 1 
1820 5 9 1 
1516 6 4 1 
1321 6 8 1 
1278 7 5 1 
1150 7 7 1 
1095 4 7 1 
892 5 8 1 
700 6 5 1 
484 6 7 1 
432 7 6 1 
341 5 7 1 
332 6 6 1 
3793 5 4 1 
3091 5 6 1 
3065 4 0 1 
2775 4 4 1 
2663 4 6 1 
2639 5 5 1 
2405 3 0 1 
2395 3 6 1 
2354 4 1 1 
2256 4 5 1 
2229 0 0 1 
2174 0 6 1 
2162 2 0 1 
2096 2 6 1 
1775 3 1 1 
1750 3 5 1 
1700 0 1 1 
1610 0 5 1 
1394 1 0 1 
1355 1 6 1 
1183 2 1 1 
1164 2 5 1 
1159 0 2 1 
440 0 4 1 
193 1 1 1 
122 1 5 1 
3714 2 2 1 
3577 0 3 1 
3531 1 2 1 
3441 1 4 1 
3326 1 3 1 
3005 2 4 1 
2711 2 3 1 
2510 3 4 1 
2455 3 3 1 
2443 3 2 1 
2417 4 3 1 
1813 4 2 1 
1555 5 3 1 
1464 5 0 1 
1420 5 2 1 
1263 6 3 1 
1202 5 1 1 
1045 6 0 1 
1020 6 2 1 
884 7 3 1 
635 6 1 1 
576 7 0 1 
300 7 2 1 
35 7 1 1 
14 8 0 1 
3824 8 1 1 
3803 8 7 1 
3790 9 0 1 
3395 12 7 1 
3393 8 2 1 
3286 8 6 1 
3026 9 1 1 
2738 9 7 1 
2665 11 7 1 
2314 12 6 1 
2033 8 3 1 
1956 8 5 1 
1733 9 2 1 
1724 9 6 1 
1663 10 7 1 
1308 11 6 1 
1097 12 5 1 
979 8 4 1 
902 9 3 1 
785 9 5 1 
732 10 0 1 
644 10 6 1 
583 11 5 1 
347 9 4 1 
291 10 1 1 
40 10 5 1 
3826 11 0 1 
3819 10 2 1 
3637 10 4 1 
3603 11 1 1 
3596 12 0 1 
3520 13 7 1 
3272 19 5 1 
2857 19 7 1 
2765 10 3 1 
2551 11 2 1 
2206 11 4 1 
2025 12 1 1 
1766 13 0 1 
1470 13 6 1 
1458 14 7 1 
1214 18 5 1 
1005 18 7 1 
889 19 6 1 
519 11 3 1 
324 12 2 1 
3858 12 4 1 
3712 13 1 1 
2997 13 5 1 
2960 14 0 1 
2553 14 6 1 
2474 15 7 1 
2311 17 5 1 
1613 17 7 1 
1531 18 6 1 
1493 12 3 1 
1314 13 2 1 
1046 13 4 1 
638 14 1 1 
558 14 5 1 
134 15 0 1 
3624 15 6 1 
3450 16 7 1 
3435 17 6 1 
3413 13 3 1 
3318 14 2 1 
3041 14 4 1 
2481 15 1 1 
2475 15 5 1 
2103 16 6 1 
1467 14 3 1 
1283 15 2 1 
2545 15 4 1 
2356 16 5 1 
2196 19 4 1 
1288 15 3 1 
928 16 4 1 
478 18 4 1 
448 19 3 1 
3760 16 3 1 
3669 17 4 1 
2528 18 3 1 
2187 19 2 1 
1022 16 2 1 
303 17 3 1 
280 18 2 1 
3729 19 1 1 
3672 16 1 1 
3613 17 2 1 
2745 18 1 1 
2679 19 0 1 
2281 16 0 1 
2043 17 1 1 
1808 18 0 1 
1798 17 0 1 
362 17 3 12 
719 18 3 12 
2091 14 3 14 
363 15 6 14 
251 14 6 15 
568 18 6 15 
3582 11 6 17 
1587 6 1 18 
2145 6 2 18 
886 1 1 19 
842 5 11 21 
1623 1 8 21 
2117 9 9 21 
2646 3 15 23 
2669 8 12 23 
3857 14 19 26 
3565 14 18 26 
3374 15 19 26 
3294 19 19 26 
3207 11 8 26 
3199 11 12 26 
3169 15 18 26 
3063 16 19 26 
2910 18 19 26 
2897 19 18 26 
2882 11 9 26 
2724 11 11 26 
2573 12 8 26 
2559 12 12 26 
2392 16 18 26 
2370 17 19 26 
2334 18 18 26 
2332 11 10 26 
2261 12 9 26 
2249 12 11 26 
2200 13 8 26 
1889 13 12 26 
1838 16 17 26 
1586 17 18 26 
1544 12 10 26 
1457 13 9 26 
1347 13 11 26 
1082 14 8 26 
998 14 12 26 
543 15 15 26 
511 16 16 26 
433 17 17 26 
413 19 17 26 
406 13 10 26 
374 14 9 26 
286 14 11 26 
32 15 8 26 
3185 16 15 26 
3174 17 16 26 
3146 18 17 26 
3036 19 8 26 
2996 19 16 26 
2762 14 10 26 
2678 15 9 26 
2532 15 11 26 
2142 16 8 26 
2137 17 15 26 
2113 18 8 26 
1942 18 16 26 
1929 19 9 26 
1781 19 15 26 
1706 15 10 26 
1454 16 9 26 
1442 16 11 26 
1404 17 8 26 
1205 18 9 26 
1137 18 15 26 
994 19 10 26 
705 19 14 26 
597 16 10 26 
559 17 9 26 
412 18 10 26 
346 18 14 26 
142 19 11 26 
3655 19 13 26 
3462 17 10 26 
3190 18 11 26 
3080 18 13 26 
2978 19 12 26 
2890 17 11 26 
2002 18 12 26 
1943 17 12 26 
1887 17 14 26 
1881 16 12 26 
1561 16 14 26 
1528 17 13 26 
1466 15 12 26 
1416 16 13 26 
1399 15 13 26 
1124 15 17 26 
976 14 13 26 
798 14 17 26 
579 15 14 26 
445 15 16 26 
421 6 16 26 
143 11 13 26 
3562 13 13 26 
3493 14 14 26 
3396 14 16 26 
3242 5 16 26 
3208 6 17 26 
3076 6 19 26 
2974 11 14 26 
2971 12 13 26 
2921 13 14 26 
2772 14 15 26 
2744 5 17 26 
2734 5 19 26 
2484 6 18 26 
2323 7 19 26 
2264 12 14 26 
2115 13 15 26 
1745 13 19 26 
1713 4 17 26 
1682 4 19 26 
1517 5 18 26 
1299 7 18 26 
1275 8 19 26 
1055 12 15 26 
740 12 19 26 
669 13 16 26 
661 13 18 26 
375 3 17 26 
90 3 19 26 
1 4 18 26 
3835 7 17 26 
3647 8 18 26 
3366 9 19 26 
3333 11 19 26 
3230 12 16 26 
3204 12 18 26 
3082 13 17 26 
2986 0 19 26 
2963 2 19 26 
2962 3 18 26 
2954 8 17 26 
2476 9 18 26 
2419 10 19 26 
2346 11 18 26 
2212 12 17 26 
1996 0 18 26 
1837 1 19 26 
1729 2 18 26 
1348 9 17 26 
1305 10 18 26 
1158 11 17 26 
1023 0 17 26 
898 1 18 26 
859 9 16 26 
839 10 17 26 
471 11 16 26 
355 0 12 26 
337 0 16 26 
196 1 17 26 
3796 10 16 26 
3719 11 15 26 
3597 0 13 26 
3003 0 15 26 
2933 1 12 26 
2694 1 16 26 
2609 2 17 26 
2047 10 11 26 
1721 10 15 26 
1428 0 14 26 
1341 1 13 26 
1141 1 15 26 
1065 2 12 26 
985 2 16 26 
772 8 16 26 
569 9 11 26 
233 9 15 26 
197 10 12 26 
3853 10 14 26 
3736 1 14 26 
3628 2 13 26 
3561 2 15 26 
3560 3 16 26 
3254 7 10 26 
2905 7 16 26 
2834 8 11 26 
2808 8 15 26 
2789 9 12 26 
2516 9 14 26 
2457 10 13 26 
2413 2 14 26 
2106 3 15 26 
2065 4 16 26 
1992 7 11 26 
1932 7 15 26 
1919 8 12 26 
1757 8 14 26 
1730 9 13 26 
1690 0 11 26 
1634 3 14 26 
1564 4 15 26 
1468 6 15 26 
1459 7 12 26 
1284 7 14 26 
896 8 13 26 
810 0 10 26 
800 1 11 26 
749 3 11 26 
726 3 13 26 
621 4 14 26 
451 5 15 26 
404 6 14 26 
379 7 13 26 
282 10 10 26 
153 0 9 26 
3852 1 10 26 
3650 2 11 26 
3517 3 10 26 
3455 3 12 26 
3411 4 9 26 
3154 4 13 26 
3086 5 14 26 
2769 6 13 26 
2614 9 10 26 
2586 10 9 26 
2454 0 8 26 
2428 1 9 26 
2355 2 10 26 
2340 3 9 26 
1949 4 12 26 
1492 5 13 26 
1479 6 12 26 
1477 8 10 26 
1469 9 9 26 
1390 10 8 26 
1087 0 7 26 
981 1 8 26 
946 2 9 26 
931 4 11 26 
897 5 12 26 
722 6 11 26 
467 8 9 26 
198 9 8 26 
194 1 7 26 
3753 2 8 26 
3718 4 10 26 
3532 5 11 26 
3528 6 10 26 
3494 7 9 26 
3489 8 8 26 
3350 2 7 26 
3271 3 8 26 
3168 5 10 26 
3157 6 9 26 
2767 7 4 26 
2732 7 8 26 
2453 3 7 26 
2328 4 8 26 
2138 5 9 26 
2000 6 4 26 
1585 6 8 26 
1228 7 5 26 
863 7 7 26 
501 4 7 26 
438 5 8 26 
3646 6 5 26 
3437 6 7 26 
3384 7 6 26 
3181 5 7 26 
3090 6 6 26 
3010 5 4 26 
2982 5 6 26 
2793 4 0 26 
2376 4 4 26 
2330 4 6 26 
2286 5 5 26 
2275 3 0 26 
2236 3 6 26 
2094 4 1 26 
1839 4 5 26 
1795 0 0 26 
1461 0 6 26 
1280 2 0 26 
1063 2 6 26 
716 3 1 26 
509 3 5 26 
400 0 1 26 
270 0 5 26 
240 1 0 26 
3818 1 6 26 
3795 2 1 26 
3688 2 5 26 
3651 0 2 26 
3445 0 4 26 
3389 1 1 26 
3220 1 5 26 
3128 2 2 26 
2534 0 3 26 
2223 1 2 26 
2178 1 4 26 
2055 1 3 26 
2046 2 4 26 
2042 2 3 26 
1891 3 4 26 
1843 3 3 26 
1762 3 2 26 
1740 4 3 26 
1605 4 2 26 
1484 5 3 26 
967 5 0 26 
760 5 2 26 
654 6 3 26 
603 5 1 26 
577 6 0 26 
465 6 2 26 
308 7 3 26 
60 6 1 26 
11 7 0 26 
3867 7 2 26 
3814 7 1 26 
3485 8 0 26 
3409 8 1 26 
3340 8 7 26 
3172 9 0 26 
2599 12 7 26 
2508 8 2 26 
2124 8 6 26 
1983 9 1 26 
1669 9 7 26 
1576 11 7 26 
1540 12 6 26 
1379 8 3 26 
1176 8 5 26 
682 9 2 26 
614 9 6 26 
588 10 7 26 
327 11 6 26 
15 12 5 26 
3710 8 4 26 
3539 9 3 26 
3209 9 5 26 
3108 10 0 26 
3106 10 6 26 
2860 11 5 26 
2815 9 4 26 
2503 10 1 26 
2497 10 5 26 
2333 11 0 26 
2141 10 2 26 
2045 10 4 26 
1815 11 1 26 
1794 12 0 26 
1627 13 7 26 
1427 19 5 26 
1426 19 7 26 
1171 10 3 26 
1025 11 2 26 
1004 11 4 26 
936 12 1 26 
764 13 0 26 
694 13 6 26 
663 14 7 26 
537 18 5 26 
204 18 7 26 
95 19 6 26 
3846 11 3 26 
3740 12 2 26 
3427 12 4 26 
3300 13 1 26 
3245 13 5 26 
3033 14 0 26 
2985 14 6 26 
2858 15 7 26 
2650 17 5 26 
2507 17 7 26 
2083 18 6 26 
1616 12 3 26 
1320 13 2 26 
1069 13 4 26 
427 14 1 26 
252 14 5 26 
103 15 0 26 
86 15 6 26 
66 16 7 26 
7 17 6 26 
3661 13 3 26 
2511 14 2 26 
1832 14 4 26 
1761 15 1 26 
1715 15 5 26 
1633 16 6 26 
1410 14 3 26 
848 15 2 26 
3845 15 4 26 
3262 16 5 26 
2719 19 4 26 
2298 15 3 26 
2269 16 4 26 
2068 18 4 26 
1591 19 3 26 
1066 16 3 26 
854 17 4 26 
20 18 3 26 
3229 19 2 26 
3046 16 2 26 
1879 17 3 26 
1611 18 2 26 
526 19 1 26 
497 16 1 26 
312 17 2 26 
53 18 1 26 
2680 19 0 26 
2140 16 0 26 
3619 17 1 26 
3241 18 0 26 
3122 17 0 26 
1799 17 3 37 
1626 18 3 38 
65 14 3 39 
2290 15 6 40 
3545 14 6 40 
1287 18 6 40 
2979 11 6 42 
3012 6 1 43 
1008 6 2 43 
2630 1 1 43 
1135 5 11 45 
1665 1 8 46 
1624 9 9 46 
1828 3 15 47 
3507 8 12 47 
154 1 14 47 
1044 9 12 47 
3839 14 19 51 
3744 14 18 51 
3707 15 19 51 
3657 19 19 51 
3471 11 8 51 
3219 11 12 51 
3213 15 18 51 
3201 16 19 51 
3074 18 19 51 
3059 19 18 51 
2992 11 9 51 
2944 11 11 51 
2859 12 8 51 
2832 12 12 51 
2799 16 18 51 
2739 17 19 51 
2422 18 18 51 
2306 11 10 51 
2273 12 9 51 
2260 12 11 51 
2097 13 8 51 
1833 13 12 51 
1824 16 17 51 
1822 17 18 51 
1746 12 10 51 
1581 13 9 51 
1323 13 11 51 
1312 14 8 51 
1127 14 12 51 
690 15 15 51 
678 16 16 51 
589 17 17 51 
422 19 17 51 
237 13 10 51 
3799 14 9 51 
3735 14 11 51 
3704 15 8 51 
3699 16 15 51 
3693 17 16 51 
3590 18 17 51 
3551 19 8 51 
3460 19 16 51 
3330 14 10 51 
3210 15 9 51 
3104 15 11 51 
3023 16 8 51 
2747 17 15 51 
2736 18 8 51 
2436 18 16 51 
2416 19 9 51 
2147 19 15 51 
1993 15 10 51 
1789 16 9 51 
1788 16 11 51 
1606 17 8 51 
1598 18 9 51 
1447 18 15 51 
1411 19 10 51 
1359 19 14 51 
1221 16 10 51 
1029 17 9 51 
975 18 10 51 
955 18 14 51 
919 19 11 51 
917 19 13 51 
815 17 10 51 
581 18 11 51 
399 18 13 51 
383 19 12 51 
283 17 11 51 
235 18 12 51 
183 17 12 51 
3365 17 14 51 
3268 16 12 51 
3000 16 14 51 
2932 17 13 51 
2902 15 12 51 
2854 16 13 51 
2633 15 13 51 
2469 15 17 51 
2342 14 13 51 
2300 14 17 51 
2234 15 14 51 
2197 15 16 51 
2086 6 16 51 
1763 11 13 51 
1744 13 13 51 
1717 14 14 51 
1607 14 16 51 
1300 5 16 51 
1257 6 17 51 
672 6 19 51 
434 11 14 51 
402 12 13 51 
354 13 14 51 
215 14 15 51 
43 5 17 51 
3786 5 19 51 
3733 6 18 51 
3697 7 19 51 
3665 12 14 51 
3566 13 15 51 
3343 13 19 51 
3129 4 17 51 
3038 4 19 51 
2656 5 18 51 
2571 7 18 51 
2250 8 19 51 
2195 12 15 51 
2170 12 19 51 
2066 13 16 51 
2040 13 18 51 
1859 3 17 51 
1684 3 19 51 
1100 4 18 51 
1067 7 17 51 
780 8 18 51 
624 9 19 51 
575 11 19 51 
512 12 16 51 
392 12 18 51 
173 13 17 51 
6 0 19 51 
3017 2 19 51 
2870 3 18 51 
2855 8 17 51 
2675 9 18 51 
2441 10 19 51 
2349 11 18 51 
2288 12 17 51 
1908 0 18 51 
1764 1 19 51 
1671 2 18 51 
1349 9 17 51 
1282 10 18 51 
1271 11 17 51 
1213 0 17 51 
1031 1 18 51 
1030 9 16 51 
977 10 17 51 
974 11 16 51 
920 0 12 51 
868 0 16 51 
591 1 17 51 
531 10 16 51 
442 11 15 51 
405 0 13 51 
297 0 15 51 
266 1 12 51 
3681 1 16 51 
3607 2 17 51 
3490 10 11 51 
3338 10 15 51 
3336 0 14 51 
2984 1 13 51 
2841 1 15 51 
2788 2 12 51 
2529 2 16 51 
2524 8 16 51 
2448 9 11 51 
2360 9 15 51 
2259 10 12 51 
2139 10 14 51 
2133 1 14 51 
2079 2 13 51 
1866 2 15 51 
1511 3 16 51 
1430 7 10 51 
1388 7 16 51 
1309 8 11 51 
1153 8 15 51 
1146 9 12 51 
1076 9 14 51 
983 10 13 51 
926 2 14 51 
909 3 15 51 
857 4 16 51 
846 7 11 51 
608 7 15 51 
571 8 12 51 
466 8 14 51 
328 9 13 51 
246 0 11 51 
3784 3 14 51 
3715 4 15 51 
3571 6 15 51 
3454 7 12 51 
3438 7 14 51 
2973 8 13 51 
2899 0 10 51 
2873 1 11 51 
2582 3 11 51 
2572 3 13 51 
2208 4 14 51 
2131 5 15 51 
1727 6 14 51 
1509 7 13 51 
1108 10 10 51 
1107 0 9 51 
992 1 10 51 
660 2 11 51 
602 3 10 51 
462 3 12 51 
435 4 9 51 
72 4 13 51 
3840 5 14 51 
3762 6 13 51 
3752 9 10 51 
3630 10 9 51 
3598 0 8 51 
3464 1 9 51 
2976 2 10 51 
2847 3 9 51 
1922 4 12 51 
1903 5 13 51 
1780 6 12 51 
1768 8 10 51 
1731 9 9 51 
1556 10 8 51 
1405 0 7 51 
1386 1 8 51 
1358 2 9 51 
1292 4 11 51 
1256 5 12 51 
1167 6 11 51 
1120 8 9 51 
799 9 8 51 
744 1 7 51 
630 2 8 51 
556 4 10 51 
447 5 11 51 
158 6 10 51 
3518 7 9 51 
2946 8 8 51 
2913 2 7 51 
2770 3 8 51 
2717 5 10 51 
2434 6 9 51 
2267 7 4 51 
2136 7 8 51 
2100 3 7 51 
2032 4 8 51 
1753 5 9 51 
1354 6 4 51 
1188 6 8 51 
1051 7 5 51 
824 7 7 51 
786 4 7 51 
620 5 8 51 
420 6 5 51 
305 6 7 51 
3608 7 6 51 
3510 5 7 51 
3440 6 6 51 
3331 5 4 51 
3305 5 6 51 
3008 4 0 51 
3006 4 4 51 
2845 4 6 51 
2807 5 5 51 
2667 3 0 51 
2593 3 6 51 
2462 4 1 51 
2423 4 5 51 
2180 0 0 51 
2081 0 6 51 
1907 2 0 51 
1670 2 6 51 
1659 3 1 51 
1577 3 5 51 
1246 0 1 51 
802 0 5 51 
699 1 0 51 
625 1 6 51 
527 2 1 51 
168 2 5 51 
133 0 2 51 
3780 0 4 51 
3594 1 1 51 
3442 1 5 51 
3232 2 2 51 
2704 0 3 51 
2670 1 2 51 
2541 1 4 51 
2440 1 3 51 
2319 2 4 51 
1641 2 3 51 
1638 3 4 51 
1615 3 3 51 
1462 3 2 51 
1418 4 3 51 
1052 4 2 51 
995 5 3 51 
807 5 0 51 
542 5 2 51 
529 6 3 51 
450 5 1 51 
424 6 0 51 
94 6 2 51 
3178 7 3 51 
3150 6 1 51 
2527 7 0 51 
2502 7 2 51 
2418 7 1 51 
2347 8 0 51 
2285 8 1 51 
2280 8 7 51 
2207 9 0 51 
1818 12 7 51 
1735 8 2 51 
1685 8 6 51 
1070 9 1 51 
942 9 7 51 
938 11 7 51 
696 12 6 51 
668 8 3 51 
314 8 5 51 
261 9 2 51 
3397 9 6 51 
3132 10 7 51 
3068 11 6 51 
2494 12 5 51 
2160 8 4 51 
1917 9 3 51 
1559 9 5 51 
1558 10 0 51 
1522 10 6 51 
1129 11 5 51 
903 9 4 51 
714 10 1 51 
572 10 5 51 
161 11 0 51 
119 10 2 51 
3782 10 4 51 
3615 11 1 51 
3538 12 0 51 
3355 13 7 51 
3344 19 5 51 
3113 19 7 51 
2404 10 3 51 
1978 11 2 51 
1857 11 4 51 
1810 12 1 51 
1769 13 0 51 
1765 13 6 51 
1704 14 7 51 
1372 18 5 51 
746 18 7 51 
132 19 6 51 
3351 11 3 51 
3249 12 2 51 
3088 12 4 51 
3050 13 1 51 
2961 13 5 51 
2698 14 0 51 
2563 14 6 51 
2426 15 7 51 
1934 17 5 51 
1488 17 7 51 
1334 18 6 51 
1266 12 3 51 
957 13 2 51 
828 13 4 51 
767 14 1 51 
712 14 5 51 
414 15 0 51 
387 15 6 51 
372 16 7 51 
3533 17 6 51 
3143 13 3 51 
2452 14 2 51 
1771 14 4 51 
1650 15 1 51 
1513 15 5 51 
1281 16 6 51 
837 14 3 51 
623 15 2 51 
88 15 4 51 
85 16 5 51 
3808 19 4 51 
3807 15 3 51 
2991 16 4 51 
2969 18 4 51 
2931 19 3 51 
2818 16 3 51 
2816 17 4 51 
2749 18 3 51 
2701 19 2 51 
2313 16 2 51 
2277 17 3 51 
2214 18 2 51 
2105 19 1 51 
1779 16 1 51 
3544 17 2 51 
2447 18 1 51 
2012 19 0 51 
498 16 0 51 
98 17 1 51 
2673 18 0 51 
557 17 0 51 
373 17 3 62 
483 18 3 62 
1629 14 3 63 
933 15 6 64 
2099 14 6 64 
2798 18 6 64 
454 11 6 66 
1128 6 1 67 
783 6 2 68 
1568 1 1 68 
1894 5 11 71 
2293 1 8 71 
3422 9 9 71 
3599 3 15 73 
1215 8 12 73 
1976 1 14 73 
3552 9 12 73 
3745 14 19 76 
3622 14 18 76 
3557 15 19 76 
3484 19 19 76 
3478 11 8 76 
3101 11 12 76 
2938 15 18 76 
2728 16 19 76 
2619 18 19 76 
2601 19 18 76 
2431 11 9 76 
2322 11 11 76 
2203 12 8 76 
2182 12 12 76 
2022 16 18 76 
1869 17 19 76 
1834 18 18 76 
1787 11 10 76 
1783 12 9 76 
1656 12 11 76 
1310 13 8 76 
1209 13 12 76 
795 16 17 76 
756 17 18 76 
561 12 10 76 
407 13 9 76 
377 13 11 76 
293 14 8 76 
36 14 12 76 
3850 15 15 76 
3529 16 16 76 
3415 17 17 76 
3398 19 17 76 
3383 13 10 76 
3382 14 9 76 
3335 14 11 76 
3279 15 8 76 
3047 16 15 76 
2868 17 16 76 
2848 18 17 76 
2692 19 8 76 
2647 19 16 76 
2538 14 10 76 
2464 15 9 76 
2377 15 11 76 
2247 16 8 76 
2122 17 15 76 
1701 18 8 76 
1687 18 16 76 
1657 19 9 76 
1350 19 15 76 
1154 15 10 76 
880 16 9 76 
751 16 11 76 
411 17 8 76 
296 18 9 76 
281 18 15 76 
262 19 10 76 
259 19 14 76 
186 16 10 76 
157 17 9 76 
3680 18 10 76 
3652 18 14 76 
3345 19 11 76 
3275 19 13 76 
3044 17 10 76 
2953 18 11 76 
2937 18 13 76 
2849 19 12 76 
2629 17 11 76 
2363 18 12 76 
2307 17 12 76 
2116 17 14 76 
2062 16 12 76 
2007 16 14 76 
1979 17 13 76 
1953 15 12 76 
1901 16 13 76 
1895 15 13 76 
1712 15 17 76 
1703 14 13 76 
1600 14 17 76 
1539 15 14 76 
1295 15 16 76 
1222 6 16 76 
1217 11 13 76 
1111 13 13 76 
1027 14 14 76 
841 14 16 76 
782 5 16 76 
596 6 17 76 
485 6 19 76 
109 11 14 76 
3778 12 13 76 
3325 13 14 76 
3222 14 15 76 
2830 5 17 76 
2655 5 19 76 
2635 6 18 76 
2628 7 19 76 
2620 12 14 76 
2471 13 15 76 
2166 13 19 76 
1847 4 17 76 
1840 4 19 76 
1691 5 18 76 
1683 7 18 76 
1678 8 19 76 
1590 12 15 76 
1303 12 19 76 
1206 13 16 76 
1194 13 18 76 
927 3 17 76 
788 3 19 76 
731 4 18 76 
524 7 17 76 
470 8 18 76 
410 9 19 76 
388 11 19 76 
257 12 16 76 
243 12 18 76 
3448 13 17 76 
3315 0 19 76 
3288 2 19 76 
3089 3 18 76 
3042 8 17 76 
2904 9 18 76 
2894 10 19 76 
2887 11 18 76 
2766 12 17 76 
2489 0 18 76 
2312 1 19 76 
2271 2 18 76 
2085 9 17 76 
1807 10 18 76 
1751 11 17 76 
1594 0 17 76 
1519 1 18 76 
1401 9 16 76 
1374 10 17 76 
1170 11 16 76 
1131 0 12 76 
1047 0 16 76 
971 1 17 76 
872 10 16 76 
870 11 15 76 
812 0 13 76 
615 0 15 76 
310 1 12 76 
49 1 16 76 
3863 2 17 76 
3723 10 11 76 
3627 10 15 76 
3553 0 14 76 
3379 1 13 76 
3372 1 15 76 
3371 2 12 76 
3255 2 16 76 
3163 8 16 76 
3049 9 11 76 
2923 9 15 76 
2863 10 12 76 
2796 10 14 76 
2757 1 14 76 
2672 2 13 76 
2666 2 15 76 
2522 3 16 76 
2344 7 10 76 
2324 7 16 76 
2228 8 11 76 
1597 8 15 76 
1537 9 12 76 
1530 9 14 76 
1117 10 13 76 
634 2 14 76 
578 3 15 76 
437 4 16 76 
302 7 11 76 
107 7 15 76 
5 8 12 76 
3774 8 14 76 
3593 9 13 76 
3458 0 11 76 
3147 3 14 76 
3144 4 15 76 
2943 6 15 76 
2915 7 12 76 
2911 7 14 76 
2898 8 13 76 
2895 0 10 76 
2683 1 11 76 
2351 3 11 76 
2056 3 13 76 
1955 4 14 76 
1905 5 15 76 
1899 6 14 76 
1666 7 13 76 
1387 10 10 76 
1364 0 9 76 
1351 1 10 76 
1251 2 11 76 
1212 3 10 76 
951 3 12 76 
834 4 9 76 
806 4 13 76 
794 5 14 76 
757 6 13 76 
741 9 10 76 
580 10 9 76 
508 0 8 76 
254 1 9 76 
12 2 10 76 
3537 3 9 76 
3525 4 12 76 
3368 5 13 76 
3109 6 12 76 
2958 8 10 76 
2814 9 9 76 
2760 10 8 76 
2686 0 7 76 
2677 1 8 76 
2612 2 9 76 
2499 4 11 76 
2460 5 12 76 
2412 6 11 76 
2308 8 9 76 
2058 9 8 76 
2030 1 7 76 
1417 2 8 76 
1189 4 10 76 
999 5 11 76 
843 6 10 76 
659 7 9 76 
396 8 8 76 
382 2 7 76 
340 3 8 76 
62 5 10 76 
3444 6 9 76 
3237 7 4 76 
3140 7 8 76 
2885 3 7 76 
2864 4 8 76 
2824 5 9 76 
2643 6 4 76 
2581 6 8 76 
2565 7 5 76 
2143 7 7 76 
2090 4 7 76 
1861 5 8 76 
1739 6 5 76 
1578 6 7 76 
1499 7 6 76 
1377 5 7 76 
962 6 6 76 
873 5 4 76 
847 5 6 76 
737 4 0 76 
285 4 4 76 
220 4 6 76 
192 5 5 76 
3629 3 0 76 
3391 3 6 76 
3367 4 1 76 
3218 4 5 76 
2817 0 0 76 
2501 0 6 76 
2458 2 0 76 
2362 2 6 76 
2318 3 1 76 
2034 3 5 76 
1863 0 1 76 
1652 0 5 76 
1637 1 0 76 
1525 1 6 76 
860 2 1 76 
444 2 5 76 
229 0 2 76 
99 0 4 76 
3806 1 1 76 
3636 1 5 76 
3468 2 2 76 
3416 0 3 76 
3114 1 2 76 
2912 1 4 76 
2776 1 3 76 
2727 2 4 76 
2661 2 3 76 
2561 3 4 76 
2461 3 3 76 
2304 3 2 76 
2248 4 3 76 
2243 4 2 76 
2231 5 3 76 
1734 5 0 76 
1658 5 2 76 
1400 6 3 76 
941 5 1 76 
239 6 0 76 
91 6 2 76 
3805 7 3 76 
3716 6 1 76 
3547 7 0 76 
3496 7 2 76 
3451 7 1 76 
3278 8 0 76 
3097 8 1 76 
3078 8 7 76 
3051 9 0 76 
2919 12 7 76 
2831 8 2 76 
2785 8 6 76 
2219 9 1 76 
1947 9 7 76 
1836 11 7 76 
1755 12 6 76 
1720 8 3 76 
1550 8 5 76 
1398 9 2 76 
1224 9 6 76 
1185 10 7 76 
878 11 6 76 
804 12 5 76 
3751 8 4 76 
3721 9 3 76 
3602 9 5 76 
3530 10 0 76 
2977 10 6 76 
2552 11 5 76 
2486 9 4 76 
2398 10 1 76 
2254 10 5 76 
2253 11 0 76 
2071 10 2 76 
2015 10 4 76 
1971 11 1 76 
1897 12 0 76 
1707 13 7 76 
1393 19 5 76 
1174 19 7 76 
1156 10 3 76 
809 11 2 76 
457 11 4 76 
397 12 1 76 
326 13 0 76 
321 13 6 76 
271 14 7 76 
56 18 5 76 
24 18 7 76 
3829 19 6 76 
3794 11 3 76 
2487 12 2 76 
2019 12 4 76 
1928 13 1 76 
1677 13 5 76 
1524 14 0 76 
1053 14 6 76 
988 15 7 76 
533 17 5 76 
112 17 7 76 
26 18 6 76 
3700 12 3 76 
3145 13 2 76 
3029 13 4 76 
3027 14 1 76 
2884 14 5 76 
2676 15 0 76 
2616 15 6 76 
2343 16 7 76 
1972 17 6 76 
1910 13 3 76 
1777 14 2 76 
1543 14 4 76 
758 15 1 76 
523 15 5 76 
256 16 6 76 
191 14 3 76 
3734 15 2 76 
3377 15 4 76 
3015 16 5 76 
2291 19 4 76 
2239 15 3 76 
2232 16 4 76 
2049 18 4 76 
1661 19 3 76 
1436 16 3 76 
3856 17 4 76 
3195 18 3 76 
2706 19 2 76 
2018 16 2 76 
367 17 3 76 
3764 18 2 76 
3732 19 1 76 
3192 16 1 76 
3162 17 2 76 
2806 18 1 76 
1583 19 0 76 
160 16 0 76 
128 17 1 76 
3515 18 0 76 
2856 17 0 76 
1240 17 3 87 
3303 18 3 87 
459 14 3 89 
906 15 6 89 
1476 14 6 90 
1825 18 6 90 
2587 11 6 92 
1121 6 1 92 
2525 6 2 93 
2514 1 1 93 
742 5 11 96 
861 1 8 96 
1079 9 9 96 
