1841
4569 19 0 1 
4474 18 0 1 
4024 19 1 1 
3964 17 0 1 
3919 18 1 1 
3852 19 2 1 
3844 16 0 1 
3678 17 1 1 
3639 18 2 1 
3209 19 3 1 
2854 11 0 1 
2432 15 0 1 
2398 16 1 1 
2225 17 2 1 
2115 18 3 1 
1960 19 4 1 
1745 11 1 1 
1700 12 0 1 
1615 14 0 1 
1576 15 1 1 
1564 16 2 1 
1449 17 3 1 
1311 18 4 1 
1088 11 2 1 
947 12 1 1 
763 13 0 1 
694 14 1 1 
511 15 2 1 
443 16 3 1 
202 17 4 1 
4604 11 3 1 
4587 12 2 1 
4443 13 1 1 
4404 14 2 1 
4180 15 3 1 
3899 16 4 1 
3853 19 5 1 
3641 19 9 1 
3598 11 4 1 
3281 12 3 1 
3275 13 2 1 
2927 14 3 1 
2788 15 4 1 
2779 18 5 1 
2532 18 9 1 
2353 19 6 1 
2317 19 8 1 
2157 11 5 1 
2058 12 4 1 
1711 13 3 1 
1435 14 4 1 
1231 17 5 1 
1053 17 9 1 
907 18 6 1 
716 18 8 1 
673 19 7 1 
569 11 6 1 
513 12 5 1 
341 13 4 1 
177 16 5 1 
171 16 9 1 
133 17 6 1 
4570 17 8 1 
4369 18 7 1 
4352 11 7 1 
4300 12 6 1 
4276 13 5 1 
4205 15 5 1 
3836 15 9 1 
3757 16 6 1 
3507 16 8 1 
3321 17 7 1 
3137 11 8 1 
2971 12 7 1 
2813 13 6 1 
2804 14 5 1 
2614 15 6 1 
1728 15 8 1 
1570 16 7 1 
1531 10 10 1 
1529 11 9 1 
1259 12 8 1 
997 13 7 1 
831 14 6 1 
770 15 7 1 
529 10 11 1 
521 11 10 1 
452 12 9 1 
442 13 8 1 
281 14 7 1 
261 10 12 1 
4639 11 11 1 
4559 12 10 1 
4550 13 9 1 
4326 14 8 1 
4077 19 19 1 
3859 11 12 1 
3789 12 11 1 
3766 13 10 1 
3706 14 9 1 
3616 18 19 1 
2949 19 10 1 
2922 19 18 1 
2773 12 12 1 
2753 13 11 1 
2459 14 10 1 
2129 17 19 1 
2004 18 10 1 
1914 18 18 1 
1853 19 11 1 
1648 19 17 1 
1601 12 19 1 
1377 13 12 1 
1368 14 11 1 
1171 15 10 1 
1122 16 19 1 
1087 17 10 1 
942 17 18 1 
872 18 11 1 
871 18 17 1 
859 19 12 1 
793 19 16 1 
751 12 18 1 
701 13 19 1 
665 14 12 1 
648 15 11 1 
577 15 19 1 
503 16 10 1 
482 16 18 1 
4593 17 11 1 
4335 17 17 1 
4201 18 12 1 
4188 18 16 1 
4144 19 13 1 
4139 19 15 1 
4127 12 17 1 
3840 13 18 1 
3805 14 19 1 
3652 15 12 1 
3550 15 18 1 
3383 16 11 1 
3037 16 17 1 
2729 17 12 1 
2164 17 16 1 
2082 18 13 1 
1781 18 15 1 
1673 19 14 1 
1175 12 16 1 
996 13 17 1 
891 14 18 1 
833 15 17 1 
773 16 12 1 
635 16 16 1 
616 17 13 1 
412 17 15 1 
83 18 14 1 
25 13 16 1 
4382 14 17 1 
4019 15 16 1 
3924 16 13 1 
3849 16 15 1 
3679 17 14 1 
3602 7 19 1 
3450 11 19 1 
3439 14 16 1 
3343 15 15 1 
3169 16 14 1 
2954 0 19 1 
2776 6 19 1 
2587 7 16 1 
2584 7 18 1 
2573 10 19 1 
2446 11 18 1 
2426 14 15 1 
2419 15 14 1 
2417 0 18 1 
2368 1 19 1 
2156 5 19 1 
1944 6 16 1 
1692 6 18 1 
1535 7 17 1 
1257 9 19 1 
1099 10 18 1 
1044 11 17 1 
960 13 15 1 
951 14 14 1 
934 15 13 1 
926 0 17 1 
854 1 18 1 
322 2 19 1 
295 4 19 1 
4327 5 18 1 
4124 6 17 1 
3626 8 19 1 
3460 9 18 1 
3372 10 17 1 
3189 11 16 1 
3123 12 15 1 
3110 13 14 1 
2996 14 13 1 
2958 0 16 1 
2918 1 17 1 
2832 2 18 1 
2704 3 19 1 
2702 4 18 1 
2692 5 17 1 
2675 8 18 1 
2570 9 17 1 
2287 10 16 1 
2178 11 15 1 
1936 12 14 1 
1655 13 13 1 
1199 0 15 1 
1174 1 16 1 
969 2 17 1 
925 3 18 1 
780 4 17 1 
602 8 17 1 
336 9 16 1 
228 10 15 1 
198 11 14 1 
192 12 13 1 
173 0 14 1 
4458 1 15 1 
4441 2 16 1 
4324 3 17 1 
4174 8 16 1 
3942 9 15 1 
3781 10 14 1 
3777 11 13 1 
3294 0 13 1 
3271 1 14 1 
3211 2 15 1 
2926 3 16 1 
2797 8 15 1 
2760 9 14 1 
2710 10 13 1 
2649 0 12 1 
2575 1 13 1 
2448 2 14 1 
2194 3 15 1 
2036 4 16 1 
1967 7 15 1 
1762 8 14 1 
1757 9 13 1 
1488 0 11 1 
1466 1 12 1 
643 2 13 1 
588 3 14 1 
406 4 15 1 
316 5 16 1 
114 6 15 1 
4581 7 14 1 
4576 8 13 1 
4220 0 10 1 
4175 1 11 1 
4102 2 12 1 
3636 3 13 1 
3565 4 14 1 
3491 5 15 1 
3190 6 14 1 
3132 7 13 1 
2879 0 5 1 
2642 0 9 1 
2059 1 10 1 
1972 2 11 1 
1775 3 12 1 
1678 4 13 1 
1469 5 14 1 
1064 6 13 1 
895 9 12 1 
456 0 6 1 
272 0 8 1 
138 1 5 1 
24 1 9 1 
4532 2 10 1 
4455 3 11 1 
4432 4 12 1 
4346 5 13 1 
4169 8 12 1 
4163 9 11 1 
3990 0 7 1 
3705 1 6 1 
3374 1 8 1 
3264 2 5 1 
2939 2 9 1 
2750 3 10 1 
2687 4 11 1 
2563 5 12 1 
2429 7 12 1 
1658 8 11 1 
1119 9 10 1 
923 1 7 1 
797 2 6 1 
735 2 8 1 
183 3 5 1 
4523 3 9 1 
4502 4 10 1 
4321 5 11 1 
4293 6 12 1 
3988 7 11 1 
3693 8 10 1 
3546 2 7 1 
3154 3 6 1 
2968 3 8 1 
2752 4 9 1 
2555 5 10 1 
2381 6 11 1 
1505 7 10 1 
1420 3 7 1 
1327 4 6 1 
1301 4 8 1 
1092 5 9 1 
559 6 10 1 
445 4 7 1 
84 5 6 1 
56 5 8 1 
4442 6 9 1 
4292 10 9 1 
4103 5 7 1 
3883 6 8 1 
3654 7 9 1 
2881 9 9 1 
2685 10 8 1 
2416 6 7 1 
2060 7 8 1 
1749 8 9 1 
1714 9 8 1 
1554 10 7 1 
1180 7 7 1 
1176 8 8 1 
1032 9 7 1 
847 10 6 1 
732 8 7 1 
730 9 6 1 
516 10 5 1 
342 8 6 1 
275 9 5 1 
111 10 4 1 
4322 7 6 1 
4069 8 5 1 
4063 9 4 1 
3495 10 3 1 
3399 0 4 1 
3198 6 6 1 
3159 7 5 1 
3156 8 4 1 
3005 9 3 1 
2667 10 2 1 
2634 0 3 1 
2165 1 4 1 
2005 4 5 1 
1852 6 5 1 
1764 7 4 1 
1754 8 3 1 
1732 9 2 1 
1454 10 1 1 
1061 0 2 1 
995 1 3 1 
882 2 4 1 
356 5 5 1 
320 6 4 1 
31 7 3 1 
4165 8 2 1 
3937 9 1 1 
2937 10 0 1 
2799 0 1 1 
2084 1 2 1 
1808 2 3 1 
1676 3 4 1 
1616 5 4 1 
1443 6 3 1 
1242 7 2 1 
1123 8 1 1 
726 9 0 1 
20 0 0 1 
4185 1 1 1 
4153 2 2 1 
2535 3 3 1 
2374 4 4 1 
1876 5 3 1 
1546 6 2 1 
1483 7 1 1 
1473 8 0 1 
1345 1 0 1 
346 2 1 1 
207 3 2 1 
3929 4 3 1 
3821 5 2 1 
3568 6 1 1 
159 7 0 1 
4612 2 0 1 
4407 3 1 1 
4343 4 2 1 
3870 5 1 1 
3642 6 0 1 
3518 3 0 1 
2142 4 1 1 
3566 5 0 1 
3197 4 0 1 
1889 4 1 12 
1271 3 1 12 
2852 5 1 12 
283 2 1 14 
3455 3 2 14 
3494 6 1 13 
4533 1 1 14 
113 2 2 14 
273 3 3 14 
1172 6 2 14 
1766 7 1 14 
3994 1 2 15 
117 2 3 15 
586 6 3 15 
943 7 2 15 
1548 8 1 15 
1930 1 3 16 
3621 6 4 16 
4147 8 2 15 
4398 9 1 15 
1022 9 2 16 
1042 7 5 16 
1818 8 5 16 
2636 9 5 17 
2761 9 6 17 
3063 8 8 17 
3224 9 7 17 
3276 7 8 17 
4267 9 8 17 
450 6 8 17 
811 4 7 18 
3960 5 8 18 
4658 4 8 18 
736 5 9 18 
912 4 9 18 
1675 5 10 18 
1768 6 11 18 
3272 1 7 19 
3658 2 6 19 
998 4 10 18 
2511 5 11 18 
3235 7 11 18 
3289 1 6 19 
4039 1 8 19 
4230 4 11 19 
32 8 11 19 
372 1 9 20 
1027 4 12 19 
1190 3 12 20 
1552 4 13 20 
1779 5 14 20 
3287 2 12 20 
3435 3 13 20 
430 4 14 20 
652 6 14 20 
1458 1 12 21 
2335 2 13 21 
2388 4 15 21 
2420 7 14 20 
4303 1 13 21 
4596 19 0 26 
4592 18 0 26 
4336 19 1 26 
4284 17 0 26 
4244 18 1 26 
3695 19 2 26 
3528 16 0 26 
3373 17 1 26 
3283 18 2 26 
3225 19 3 26 
3192 11 0 26 
3042 15 0 26 
2859 16 1 26 
2823 17 2 26 
2572 18 3 26 
2539 19 4 26 
2365 11 1 26 
1832 12 0 26 
1668 14 0 26 
1653 15 1 26 
1604 16 2 26 
1596 17 3 26 
1398 18 4 26 
1389 11 2 26 
1376 12 1 26 
1340 13 0 26 
1202 14 1 26 
1079 15 2 26 
867 16 3 26 
758 17 4 26 
670 11 3 26 
603 12 2 26 
395 13 1 26 
282 14 2 26 
187 15 3 26 
161 16 4 26 
61 19 5 26 
4547 19 9 26 
4373 11 4 26 
4356 12 3 26 
4259 13 2 26 
4148 14 3 26 
4104 15 4 26 
3534 18 5 26 
3466 18 9 26 
3262 19 6 26 
2818 19 8 26 
2785 11 5 26 
2622 12 4 26 
2591 13 3 26 
2464 14 4 26 
2331 17 5 26 
2232 17 9 26 
2210 18 6 26 
2131 18 8 26 
1938 19 7 26 
1915 11 6 26 
1895 12 5 26 
1845 13 4 26 
1722 16 5 26 
1623 16 9 26 
1578 17 6 26 
1424 17 8 26 
1312 18 7 26 
1151 11 7 26 
753 12 6 26 
742 13 5 26 
255 15 5 26 
212 15 9 26 
7 16 6 26 
4615 16 8 26 
4562 17 7 26 
4181 11 8 26 
3982 12 7 26 
3545 13 6 26 
3355 14 5 26 
3340 15 6 26 
2808 15 8 26 
2793 16 7 26 
2650 10 10 26 
2612 11 9 26 
2579 12 8 26 
2577 13 7 26 
1696 14 6 26 
1516 15 7 26 
1256 10 11 26 
952 11 10 26 
903 12 9 26 
790 13 8 26 
737 14 7 26 
687 10 12 26 
546 11 11 26 
338 12 10 26 
222 13 9 26 
132 14 8 26 
4631 19 19 26 
4626 11 12 26 
4422 12 11 26 
4372 13 10 26 
4241 14 9 26 
4236 18 19 26 
4214 19 10 26 
3940 19 18 26 
3903 12 12 26 
3559 13 11 26 
3506 14 10 26 
3458 17 19 26 
3253 18 10 26 
3130 18 18 26 
2848 19 11 26 
2698 19 17 26 
2457 12 19 26 
2042 13 12 26 
2025 14 11 26 
1306 15 10 26 
585 16 19 26 
579 17 10 26 
397 17 18 26 
382 18 11 26 
266 18 17 26 
4511 19 12 26 
4282 19 16 26 
4135 12 18 26 
4112 13 19 26 
3911 14 12 26 
3808 15 11 26 
3779 15 19 26 
3337 16 10 26 
3312 16 18 26 
3251 17 11 26 
3127 17 17 26 
3103 18 12 26 
2892 18 16 26 
2861 19 13 26 
2849 19 15 26 
2787 12 17 26 
2746 13 18 26 
2597 14 19 26 
2308 15 12 26 
2151 15 18 26 
2123 16 11 26 
1812 16 17 26 
1796 17 12 26 
1608 17 16 26 
1201 18 13 26 
1128 18 15 26 
1077 19 14 26 
1066 12 16 26 
898 13 17 26 
795 14 18 26 
721 15 17 26 
514 16 12 26 
463 16 16 26 
4583 17 13 26 
3588 17 15 26 
3535 18 14 26 
3416 13 16 26 
3401 14 17 26 
3265 15 16 26 
2961 16 13 26 
2921 16 15 26 
2806 17 14 26 
2719 7 19 26 
2624 11 19 26 
2482 14 16 26 
2311 15 15 26 
2229 16 14 26 
2050 0 19 26 
1908 6 19 26 
1810 7 16 26 
1774 7 18 26 
1621 10 19 26 
1362 11 18 26 
1285 14 15 26 
1230 15 14 26 
964 0 18 26 
885 1 19 26 
798 5 19 26 
681 6 16 26 
355 6 18 26 
215 7 17 26 
141 9 19 26 
136 10 18 26 
4552 11 17 26 
4451 13 15 26 
3867 14 14 26 
3615 15 13 26 
3375 0 17 26 
3304 1 18 26 
3227 2 19 26 
3172 4 19 26 
2871 5 18 26 
2811 6 17 26 
2736 8 19 26 
2256 9 18 26 
2172 10 17 26 
2029 11 16 26 
1890 12 15 26 
1595 13 14 26 
1594 14 13 26 
1492 0 16 26 
1211 1 17 26 
1140 2 18 26 
1036 3 19 26 
563 4 18 26 
485 5 17 26 
4514 8 18 26 
4406 9 17 26 
4378 10 16 26 
3968 11 15 26 
3967 12 14 26 
3935 13 13 26 
3861 0 15 26 
3803 1 16 26 
3683 2 17 26 
3580 3 18 26 
3484 4 17 26 
3480 8 17 26 
3377 9 16 26 
3230 10 15 26 
3140 11 14 26 
3086 12 13 26 
3007 0 14 26 
2568 1 15 26 
2375 2 16 26 
2324 3 17 26 
2189 8 16 26 
2117 9 15 26 
1949 10 14 26 
1833 11 13 26 
1586 0 13 26 
1442 1 14 26 
1349 2 15 26 
1007 3 16 26 
505 8 15 26 
437 9 14 26 
279 10 13 26 
213 0 12 26 
152 1 13 26 
64 2 14 26 
4616 3 15 26 
4509 4 16 26 
4194 7 15 26 
4113 8 14 26 
4093 9 13 26 
4007 0 11 26 
4005 1 12 26 
3953 2 13 26 
3358 3 14 26 
3338 4 15 26 
3091 5 16 26 
2545 6 15 26 
2512 7 14 26 
2222 8 13 26 
2192 0 10 26 
1698 1 11 26 
1649 2 12 26 
1635 3 13 26 
1574 4 14 26 
1524 5 15 26 
1011 6 14 26 
994 7 13 26 
818 0 5 26 
710 0 9 26 
565 1 10 26 
230 2 11 26 
86 3 12 26 
53 4 13 26 
23 5 14 26 
4642 6 13 26 
4480 9 12 26 
4453 0 6 26 
4446 0 8 26 
4288 1 5 26 
3918 1 9 26 
3729 2 10 26 
3486 3 11 26 
3333 4 12 26 
2893 5 13 26 
2562 8 12 26 
2114 9 11 26 
1933 0 7 26 
1870 1 6 26 
1723 1 8 26 
1544 2 5 26 
1444 2 9 26 
531 3 10 26 
234 4 11 26 
210 5 12 26 
199 7 12 26 
4546 8 11 26 
4125 9 10 26 
4060 1 7 26 
4048 2 6 26 
4038 2 8 26 
4008 3 5 26 
3787 3 9 26 
3571 4 10 26 
3471 5 11 26 
3008 6 12 26 
2942 7 11 26 
2495 8 10 26 
2195 2 7 26 
2072 3 6 26 
1959 3 8 26 
1927 4 9 26 
1638 5 10 26 
1515 6 11 26 
1395 7 10 26 
1347 3 7 26 
1246 4 6 26 
1184 4 8 26 
936 5 9 26 
393 6 10 26 
4389 4 7 26 
3974 5 6 26 
3957 5 8 26 
3871 6 9 26 
3572 10 9 26 
3345 5 7 26 
3320 6 8 26 
2770 7 9 26 
2561 9 9 26 
2389 10 8 26 
1656 6 7 26 
1590 7 8 26 
1316 8 9 26 
1251 9 8 26 
526 10 7 26 
520 7 7 26 
304 8 8 26 
277 9 7 26 
149 10 6 26 
97 8 7 26 
4650 9 6 26 
3635 10 5 26 
3220 8 6 26 
3064 9 5 26 
3014 10 4 26 
2796 7 6 26 
2691 8 5 26 
1626 9 4 26 
1565 10 3 26 
1266 0 4 26 
1208 6 6 26 
1147 7 5 26 
1047 8 4 26 
519 9 3 26 
164 10 2 26 
107 0 3 26 
4599 1 4 26 
4478 4 5 26 
4281 6 5 26 
3791 7 4 26 
3409 8 3 26 
3370 9 2 26 
3181 10 1 26 
3057 0 2 26 
3017 1 3 26 
2831 2 4 26 
2578 5 5 26 
2501 6 4 26 
1824 7 3 26 
1710 8 2 26 
1694 9 1 26 
1223 10 0 26 
664 0 1 26 
340 1 2 26 
71 2 3 26 
4064 3 4 26 
3737 5 4 26 
3402 6 3 26 
3241 7 2 26 
3166 8 1 26 
2856 9 0 26 
2273 0 0 26 
2246 1 1 26 
2197 2 2 26 
2079 3 3 26 
2066 4 4 26 
1974 5 3 26 
1233 6 2 26 
543 7 1 26 
480 8 0 26 
343 1 0 26 
287 2 1 26 
2268 3 2 26 
1756 4 3 26 
221 5 2 26 
51 6 1 26 
4536 7 0 26 
3459 2 0 26 
2745 3 1 26 
2203 4 2 26 
1717 5 1 26 
1699 6 0 26 
1031 3 0 26 
946 4 1 26 
703 5 0 26 
1706 4 0 26 
248 4 1 37 
2855 3 1 37 
533 5 1 37 
877 2 1 39 
1778 3 2 38 
208 6 1 38 
622 1 1 39 
1480 2 2 39 
1602 3 3 39 
1772 6 2 39 
2174 7 1 39 
1033 1 2 40 
2045 2 3 40 
2847 6 3 39 
3715 7 2 39 
4662 8 1 39 
2118 1 3 40 
2249 6 4 40 
2423 8 2 40 
2663 9 1 40 
3044 9 2 40 
3713 7 5 41 
470 8 5 41 
496 9 5 41 
756 9 6 41 
1177 8 8 42 
567 9 7 42 
1103 7 8 42 
2120 9 8 42 
2868 6 8 42 
3284 4 7 42 
3369 5 8 42 
1741 4 8 43 
1792 5 9 43 
1980 4 9 43 
4089 5 10 43 
4333 6 11 43 
399 1 7 43 
594 2 6 43 
1798 4 10 43 
1825 5 11 43 
2478 7 11 43 
330 1 6 44 
959 1 8 44 
1239 4 11 44 
1498 8 11 43 
1571 1 9 44 
1932 4 12 44 
2207 3 12 45 
2334 4 13 45 
2998 5 14 45 
3512 2 12 45 
3701 3 13 45 
193 4 14 45 
576 6 14 45 
1116 1 12 45 
1314 2 13 45 
1985 4 15 45 
2112 7 14 45 
2450 1 13 46 
2483 8 14 45 
2827 9 14 46 
3609 2 16 46 
4421 19 0 51 
4287 18 0 51 
3637 19 1 51 
3313 17 0 51 
3233 18 1 51 
2978 19 2 51 
2798 16 0 51 
2737 17 1 51 
2716 18 2 51 
2669 19 3 51 
2526 11 0 51 
2346 15 0 51 
2221 16 1 51 
2113 17 2 51 
2078 18 3 51 
1248 19 4 51 
1118 11 1 51 
349 12 0 51 
168 14 0 51 
4590 15 1 51 
4589 16 2 51 
4524 17 3 51 
4452 18 4 51 
4397 11 2 51 
4370 12 1 51 
4177 13 0 51 
4173 14 1 51 
3825 15 2 51 
3655 16 3 51 
3628 17 4 51 
3591 11 3 51 
3097 12 2 51 
2632 13 1 51 
2606 14 2 51 
2494 15 3 51 
2371 16 4 51 
2351 19 5 51 
2100 19 9 51 
2038 11 4 51 
1902 12 3 51 
1875 13 2 51 
1864 14 3 51 
1760 15 4 51 
1755 18 5 51 
1704 18 9 51 
1672 19 6 51 
1665 19 8 51 
1652 11 5 51 
1134 12 4 51 
1133 13 3 51 
767 14 4 51 
447 17 5 51 
440 17 9 51 
429 18 6 51 
286 18 8 51 
269 19 7 51 
112 11 6 51 
55 12 5 51 
15 13 4 51 
4654 16 5 51 
4518 16 9 51 
4489 17 6 51 
4471 17 8 51 
4377 18 7 51 
4323 11 7 51 
4157 12 6 51 
4075 13 5 51 
4037 15 5 51 
3999 15 9 51 
3900 16 6 51 
3816 16 8 51 
3755 17 7 51 
3540 11 8 51 
3532 12 7 51 
3438 13 6 51 
3240 14 5 51 
2901 15 6 51 
2690 15 8 51 
2648 16 7 51 
2412 10 10 51 
2280 11 9 51 
2166 12 8 51 
2122 13 7 51 
2028 14 6 51 
2011 15 7 51 
1632 10 11 51 
1561 11 10 51 
1487 12 9 51 
1294 13 8 51 
1207 14 7 51 
1109 10 12 51 
863 11 11 51 
853 12 10 51 
487 13 9 51 
477 14 8 51 
453 19 19 51 
426 11 12 51 
401 12 11 51 
9 13 10 51 
4278 14 9 51 
4083 18 19 51 
4010 19 10 51 
3698 19 18 51 
3564 12 12 51 
3519 13 11 51 
3515 14 10 51 
3482 17 19 51 
3456 18 10 51 
3441 18 18 51 
3420 19 11 51 
3415 19 17 51 
3368 12 19 51 
3177 13 12 51 
3069 14 11 51 
2765 15 10 51 
2754 16 19 51 
2466 17 10 51 
2363 17 18 51 
2336 18 11 51 
2245 18 17 51 
2191 19 12 51 
2133 19 16 51 
2014 12 18 51 
2012 13 19 51 
1928 14 12 51 
1893 15 11 51 
1670 15 19 51 
1346 16 10 51 
1342 16 18 51 
1341 17 11 51 
957 17 17 51 
857 18 12 51 
816 18 16 51 
650 19 13 51 
556 19 15 51 
306 12 17 51 
278 13 18 51 
265 14 19 51 
101 15 12 51 
93 15 18 51 
4548 16 11 51 
4540 16 17 51 
4348 17 12 51 
4299 17 16 51 
4279 18 13 51 
4017 18 15 51 
3817 19 14 51 
3650 12 16 51 
3586 13 17 51 
3547 14 18 51 
2902 15 17 51 
2673 16 12 51 
2537 16 16 51 
2319 17 13 51 
2309 17 15 51 
2305 18 14 51 
2274 13 16 51 
2132 14 17 51 
1954 15 16 51 
1791 16 13 51 
1697 16 15 51 
1671 17 14 51 
1572 7 19 51 
848 11 19 51 
828 14 16 51 
610 15 15 51 
317 16 14 51 
4659 0 19 51 
4522 6 19 51 
4498 7 16 51 
4388 7 18 51 
4117 10 19 51 
3843 11 18 51 
3807 14 15 51 
3487 15 14 51 
3454 0 18 51 
3414 1 19 51 
3200 5 19 51 
3120 6 16 51 
2877 6 18 51 
2571 7 17 51 
2285 9 19 51 
2158 10 18 51 
1929 11 17 51 
1838 13 15 51 
1660 14 14 51 
1569 15 13 51 
1453 0 17 51 
1287 1 18 51 
1161 2 19 51 
1139 4 19 51 
479 5 18 51 
370 6 17 51 
354 8 19 51 
218 9 18 51 
185 10 17 51 
176 11 16 51 
4530 12 15 51 
4401 13 14 51 
4291 14 13 51 
4155 0 16 51 
4122 1 17 51 
4092 2 18 51 
3996 3 19 51 
3851 4 18 51 
3778 5 17 51 
3743 8 18 51 
3720 9 17 51 
3492 10 16 51 
3357 11 15 51 
3339 12 14 51 
2989 13 13 51 
2944 0 15 51 
2637 1 16 51 
2382 2 17 51 
2040 3 18 51 
1842 4 17 51 
1788 8 17 51 
1767 9 16 51 
1503 10 15 51 
1387 11 14 51 
1333 12 13 51 
855 0 14 51 
435 1 15 51 
376 2 16 51 
124 3 17 51 
16 8 16 51 
4274 9 15 51 
4129 10 14 51 
3969 11 13 51 
3624 0 13 51 
3499 1 14 51 
3411 2 15 51 
3389 3 16 51 
3135 8 15 51 
3047 9 14 51 
2438 10 13 51 
2196 0 12 51 
2094 1 13 51 
1702 2 14 51 
1669 3 15 51 
1478 4 16 51 
1323 7 15 51 
1185 8 14 51 
1154 9 13 51 
630 0 11 51 
552 1 12 51 
201 2 13 51 
122 3 14 51 
65 4 15 51 
4462 5 16 51 
4255 6 15 51 
4231 7 14 51 
4114 8 13 51 
3855 0 10 51 
3841 1 11 51 
3711 2 12 51 
3118 3 13 51 
3100 4 14 51 
3048 5 15 51 
2899 6 14 51 
2734 7 13 51 
2600 0 5 51 
2507 0 9 51 
2296 1 10 51 
2228 2 11 51 
1850 3 12 51 
1695 4 13 51 
1351 5 14 51 
1273 6 13 51 
1097 9 12 51 
706 0 6 51 
702 0 8 51 
608 1 5 51 
578 1 9 51 
532 2 10 51 
402 3 11 51 
391 4 12 51 
253 5 13 51 
184 8 12 51 
4227 9 11 51 
3915 0 7 51 
3718 1 6 51 
3627 1 8 51 
3613 2 5 51 
3395 2 9 51 
3356 3 10 51 
2984 4 11 51 
2873 5 12 51 
2281 7 12 51 
2109 8 11 51 
2057 9 10 51 
1549 1 7 51 
1068 2 6 51 
845 2 8 51 
384 3 5 51 
352 3 9 51 
4582 4 10 51 
4545 5 11 51 
4525 6 12 51 
4429 7 11 51 
4095 8 10 51 
3926 2 7 51 
3811 3 6 51 
3735 3 8 51 
3600 4 9 51 
3162 5 10 51 
2875 6 11 51 
2180 7 10 51 
1905 3 7 51 
1881 4 6 51 
486 4 8 51 
170 5 9 51 
4434 6 10 51 
4417 4 7 51 
4086 5 6 51 
4085 5 8 51 
3062 6 9 51 
3043 10 9 51 
2826 5 7 51 
2758 6 8 51 
1882 7 9 51 
1605 9 9 51 
1321 10 8 51 
1260 6 7 51 
1173 7 8 51 
824 8 9 51 
324 9 8 51 
251 10 7 51 
229 7 7 51 
181 8 8 51 
48 9 7 51 
4368 10 6 51 
4338 8 7 51 
4178 9 6 51 
4052 10 5 51 
3756 8 6 51 
3029 9 5 51 
2782 10 4 51 
2534 7 6 51 
2372 8 5 51 
2234 9 4 51 
2227 10 3 51 
1396 0 4 51 
1307 6 6 51 
19 7 5 51 
4558 8 4 51 
3833 9 3 51 
3617 10 2 51 
3136 0 3 51 
3061 1 4 51 
2583 4 5 51 
1937 6 5 51 
1560 7 4 51 
1491 8 3 51 
970 9 2 51 
748 10 1 51 
146 0 2 51 
4663 1 3 51 
4394 2 4 51 
4263 5 5 51 
4229 6 4 51 
3744 7 3 51 
3708 8 2 51 
3523 9 1 51 
3367 10 0 51 
3280 0 1 51 
3152 1 2 51 
3066 2 3 51 
1943 3 4 51 
1073 5 4 51 
632 6 3 51 
4399 7 2 51 
3727 8 1 51 
3675 9 0 51 
3165 0 0 51 
2330 1 1 51 
2291 2 2 51 
2250 3 3 51 
2049 4 4 51 
1977 5 3 51 
1770 6 2 51 
1679 7 1 51 
1584 8 0 51 
1076 1 0 51 
374 2 1 51 
4479 3 2 51 
4381 4 3 51 
3828 5 2 51 
2404 6 1 51 
1814 7 0 51 
1598 2 0 51 
1279 3 1 51 
1213 4 2 51 
815 5 1 51 
476 6 0 51 
2155 3 0 51 
2154 4 1 51 
467 5 0 51 
4137 4 0 51 
1559 4 1 61 
3684 3 1 62 
522 5 1 62 
143 2 1 63 
259 3 2 62 
719 6 1 62 
967 1 1 63 
2206 2 2 63 
2721 3 3 63 
3046 6 2 63 
3193 7 1 63 
169 1 2 64 
331 2 3 64 
1189 6 3 64 
1204 7 2 63 
1334 8 1 63 
2055 1 3 64 
4482 6 4 64 
850 8 2 64 
884 9 1 64 
1055 9 2 65 
3513 7 5 66 
3914 8 5 66 
587 9 5 66 
2627 9 6 66 
4053 8 8 67 
244 9 7 67 
296 7 8 67 
783 9 8 67 
930 6 8 67 
1276 4 7 67 
2489 5 8 67 
4123 4 8 68 
123 5 9 68 
142 4 9 68 
1295 5 10 68 
2095 6 11 68 
2474 1 7 69 
4141 2 6 69 
4212 4 10 68 
4272 5 11 68 
4448 7 11 68 
104 1 6 69 
1129 1 8 69 
1751 4 11 69 
268 8 11 69 
3530 1 9 70 
3896 4 12 70 
4208 3 12 70 
679 4 13 70 
1872 5 14 70 
1969 2 12 70 
2738 3 13 70 
3072 4 14 70 
3109 6 14 70 
3452 1 12 71 
4087 2 13 71 
4340 4 15 71 
4609 19 0 76 
4271 18 0 76 
4179 19 1 76 
4170 17 0 76 
4070 18 1 76 
4003 19 2 76 
3946 16 0 76 
3815 17 1 76 
3717 18 2 76 
3689 19 3 76 
3674 11 0 76 
3463 15 0 76 
3380 16 1 76 
3329 17 2 76 
3305 18 3 76 
3252 19 4 76 
3195 11 1 76 
3180 12 0 76 
3117 14 0 76 
3079 15 1 76 
2722 16 2 76 
2585 17 3 76 
2499 18 4 76 
2452 11 2 76 
2188 12 1 76 
2080 13 0 76 
2023 14 1 76 
1942 15 2 76 
1931 16 3 76 
1924 17 4 76 
1910 11 3 76 
1898 12 2 76 
1736 13 1 76 
1592 14 2 76 
1496 15 3 76 
1459 16 4 76 
1291 19 5 76 
240 19 9 76 
4513 11 4 76 
4506 12 3 76 
4497 13 2 76 
4349 14 3 76 
4309 15 4 76 
3884 18 5 76 
3782 18 9 76 
3759 19 6 76 
3739 19 8 76 
3673 11 5 76 
3622 12 4 76 
3555 13 3 76 
3129 14 4 76 
2864 17 5 76 
2651 17 9 76 
2449 18 6 76 
2428 18 8 76 
2329 19 7 76 
2316 11 6 76 
2247 12 5 76 
2088 13 4 76 
1997 16 5 76 
1918 16 9 76 
1867 17 6 76 
1827 17 8 76 
1538 18 7 76 
1521 11 7 76 
1138 12 6 76 
1094 13 5 76 
1085 15 5 76 
883 15 9 76 
805 16 6 76 
792 16 8 76 
727 17 7 76 
637 11 8 76 
634 12 7 76 
538 13 6 76 
509 14 5 76 
77 15 6 76 
4341 15 8 76 
4285 16 7 76 
4206 10 10 76 
3838 11 9 76 
3464 12 8 76 
3344 13 7 76 
2821 14 6 76 
2613 15 7 76 
2290 10 11 76 
2242 11 10 76 
1730 12 9 76 
1667 13 8 76 
1551 14 7 76 
1477 10 12 76 
1407 11 11 76 
1404 12 10 76 
1348 13 9 76 
1227 14 8 76 
1219 19 19 76 
866 11 12 76 
625 12 11 76 
4481 13 10 76 
3997 14 9 76 
3920 18 19 76 
3599 19 10 76 
3504 19 18 76 
3478 12 12 76 
3472 13 11 76 
3443 14 10 76 
3430 17 19 76 
3318 18 10 76 
3141 18 18 76 
3080 19 11 76 
3035 19 17 76 
2890 12 19 76 
2695 13 12 76 
2393 14 11 76 
2370 15 10 76 
2237 16 19 76 
1873 17 10 76 
1355 17 18 76 
879 18 11 76 
849 18 17 76 
668 19 12 76 
606 19 16 76 
599 12 18 76 
472 13 19 76 
403 14 12 76 
155 15 11 76 
68 15 19 76 
27 16 10 76 
5 16 18 76 
4638 17 11 76 
4606 17 17 76 
4493 18 12 76 
4280 18 16 76 
4264 19 13 76 
4242 19 15 76 
4226 12 17 76 
4067 13 18 76 
3970 14 19 76 
3307 15 12 76 
3218 15 18 76 
3144 16 11 76 
3143 16 17 76 
2970 17 12 76 
2940 17 16 76 
2671 18 13 76 
2384 18 15 76 
2051 19 14 76 
1971 12 16 76 
1964 13 17 76 
1758 14 18 76 
1319 15 17 76 
1195 16 12 76 
1112 16 16 76 
1017 17 13 76 
909 17 15 76 
418 18 14 76 
239 13 16 76 
13 14 17 76 
4607 15 16 76 
4507 16 13 76 
4311 16 15 76 
4290 17 14 76 
4247 7 19 76 
3663 11 19 76 
3646 14 16 76 
3529 15 15 76 
3508 16 14 76 
3498 0 19 76 
3260 6 19 76 
3184 7 16 76 
2959 7 18 76 
2945 10 19 76 
2910 11 18 76 
2783 14 15 76 
2498 15 14 76 
2421 0 18 76 
2185 1 19 76 
2056 5 19 76 
1841 6 16 76 
1651 6 18 76 
1385 7 17 76 
901 9 19 76 
604 10 18 76 
506 11 17 76 
305 13 15 76 
270 14 14 76 
92 15 13 76 
4472 0 17 76 
4251 1 18 76 
4189 2 19 76 
4186 4 19 76 
4033 5 18 76 
4029 6 17 76 
3860 8 19 76 
3760 9 18 76 
3758 10 17 76 
3700 11 16 76 
3219 12 15 76 
2952 13 14 76 
2660 14 13 76 
2641 0 16 76 
2481 1 17 76 
2383 2 18 76 
2061 3 19 76 
1994 4 18 76 
1815 5 17 76 
1790 8 18 76 
1659 9 17 76 
1630 10 16 76 
1493 11 15 76 
1479 12 14 76 
1430 13 13 76 
1392 0 15 76 
1106 1 16 76 
1089 2 17 76 
938 3 18 76 
924 4 17 76 
801 8 17 76 
774 9 16 76 
752 10 15 76 
151 11 14 76 
4666 12 13 76 
4295 0 14 76 
3905 1 15 76 
3873 2 16 76 
3827 3 17 76 
3191 8 16 76 
3186 9 15 76 
3112 10 14 76 
2965 11 13 76 
2768 0 13 76 
2712 1 14 76 
2676 2 15 76 
2493 3 16 76 
2458 8 15 76 
2410 9 14 76 
2407 10 13 76 
2275 0 12 76 
2169 1 13 76 
2074 2 14 76 
1989 3 15 76 
1625 4 16 76 
1600 7 15 76 
1209 8 14 76 
1121 9 13 76 
1101 0 11 76 
789 1 12 76 
775 2 13 76 
720 3 14 76 
524 4 15 76 
518 5 16 76 
365 6 15 76 
100 7 14 76 
46 8 13 76 
42 0 10 76 
4625 1 11 76 
4621 2 12 76 
4577 3 13 76 
4059 4 14 76 
3625 5 15 76 
3608 6 14 76 
3516 7 13 76 
3392 0 5 76 
3098 0 9 76 
2981 1 10 76 
2733 2 11 76 
2518 3 12 76 
2034 4 13 76 
1557 5 14 76 
1045 6 13 76 
568 9 12 76 
292 0 6 76 
284 0 8 76 
209 1 5 76 
191 1 9 76 
58 2 10 76 
4339 3 11 76 
4081 4 12 76 
3857 5 13 76 
3490 8 12 76 
3261 9 11 76 
3206 0 7 76 
3205 1 6 76 
3149 1 8 76 
3025 2 5 76 
2992 2 9 76 
2828 3 10 76 
2800 4 11 76 
2655 5 12 76 
2424 7 12 76 
1991 8 11 76 
1897 9 10 76 
1816 1 7 76 
1611 2 6 76 
1603 2 8 76 
1532 3 5 76 
1146 3 9 76 
950 4 10 76 
707 5 11 76 
3862 6 12 76 
3574 7 11 76 
3520 8 10 76 
3045 2 7 76 
2915 3 6 76 
2872 3 8 76 
2829 4 9 76 
2254 5 10 76 
2090 6 11 76 
1839 7 10 76 
1836 3 7 76 
1020 4 6 76 
944 4 8 76 
249 5 9 76 
206 6 10 76 
4588 4 7 76 
4384 5 6 76 
4168 5 8 76 
4026 6 9 76 
3956 10 9 76 
3379 5 7 76 
3290 6 8 76 
3145 7 9 76 
2730 9 9 76 
2520 10 8 76 
2352 6 7 76 
2085 7 8 76 
1976 8 9 76 
1900 9 8 76 
1558 10 7 76 
1197 7 7 76 
1194 8 8 76 
983 9 7 76 
971 10 6 76 
808 8 7 76 
247 9 6 76 
36 10 5 76 
4668 8 6 76 
4551 9 5 76 
4204 10 4 76 
3889 7 6 76 
3784 8 5 76 
3740 9 4 76 
3481 10 3 76 
3341 0 4 76 
3215 6 6 76 
3076 7 5 76 
2344 8 4 76 
2276 9 3 76 
1968 10 2 76 
1821 0 3 76 
1427 1 4 76 
905 4 5 76 
629 6 5 76 
404 7 4 76 
220 8 3 76 
4475 9 2 76 
4364 10 1 76 
4228 0 2 76 
4051 1 3 76 
3295 2 4 76 
2565 5 5 76 
2558 6 4 76 
2536 7 3 76 
2018 8 2 76 
1926 9 1 76 
1628 10 0 76 
1519 0 1 76 
550 1 2 76 
267 2 3 76 
237 3 4 76 
82 5 4 76 
4301 6 3 76 
3912 7 2 76 
3677 8 1 76 
3485 9 0 76 
3412 0 0 76 
3299 1 1 76 
2302 2 2 76 
1948 3 3 76 
1003 4 4 76 
189 5 3 76 
4623 6 2 76 
4391 7 1 76 
4316 8 0 76 
3752 1 0 76 
2181 2 1 76 
1996 3 2 76 
1701 4 3 76 
1370 5 2 76 
1216 6 1 76 
1004 7 0 76 
459 2 0 76 
3686 3 1 76 
2744 4 2 76 
2356 5 1 76 
766 6 0 76 
3248 3 0 76 
2883 4 1 76 
2248 5 0 76 
1939 4 0 76 
235 4 1 86 
483 3 1 87 
617 5 1 87 
2439 2 1 88 
2451 3 2 88 
754 6 1 88 
1467 1 1 89 
1313 2 2 89 
2386 3 3 89 
4528 6 2 88 
491 7 1 88 
2950 1 2 90 
3922 2 3 90 
4018 6 3 89 
762 7 2 89 
1182 8 1 89 
1517 1 3 90 
1858 6 4 90 
2443 8 2 90 
2567 9 1 90 
2706 9 2 90 
3764 7 5 91 
4449 8 5 91 
96 9 5 91 
106 9 6 92 
1431 8 8 92 
1999 9 7 92 
3231 7 8 92 
3417 9 8 92 
3576 6 8 92 
3682 4 7 92 
116 5 8 92 
557 4 8 93 
1860 5 9 93 
18 4 9 93 
776 5 10 93 
3131 6 11 93 
3866 1 7 94 
1008 2 6 94 
1150 4 10 94 
1713 5 11 94 
1981 7 11 93 
2341 1 6 94 
2522 1 8 94 
3050 4 11 94 
3256 8 11 94 
47 1 9 95 
103 4 12 94 
1803 3 12 95 
2046 4 13 95 
2294 5 14 95 
2844 2 12 95 
3210 3 13 95 
3221 4 14 95 
3561 6 14 95 
1962 1 12 96 
3259 2 13 96 
3696 4 15 96 
3745 7 14 96 
3965 1 13 96 
