1904
6309 19 19 1 
6209 0 19 1 
6033 18 19 1 
5496 19 18 1 
5303 0 18 1 
5296 1 19 1 
5170 9 19 1 
4603 17 19 1 
4422 18 18 1 
4380 19 17 1 
4332 0 17 1 
4164 1 18 1 
4093 2 19 1 
3816 8 19 1 
3775 9 18 1 
3430 16 19 1 
3127 17 18 1 
2926 18 17 1 
2912 19 16 1 
2784 0 16 1 
2750 1 17 1 
2724 2 18 1 
2681 3 19 1 
2674 7 19 1 
2543 8 18 1 
2539 9 17 1 
2451 15 19 1 
2428 16 18 1 
2266 17 17 1 
2210 18 16 1 
1941 19 15 1 
1809 0 7 1 
1748 0 15 1 
1531 1 16 1 
1270 2 17 1 
937 3 18 1 
928 4 19 1 
800 6 19 1 
415 7 18 1 
390 8 17 1 
6316 9 16 1 
6227 14 19 1 
6198 15 18 1 
6029 16 17 1 
5965 17 16 1 
5900 18 15 1 
5817 19 14 1 
5748 0 0 1 
5576 0 8 1 
5307 0 14 1 
5229 1 7 1 
5193 1 15 1 
4999 2 16 1 
4567 3 17 1 
4461 4 18 1 
4280 5 19 1 
4200 6 18 1 
4199 7 17 1 
4157 8 16 1 
4155 9 15 1 
4078 13 19 1 
3858 14 18 1 
3792 15 17 1 
3502 16 16 1 
3273 17 15 1 
3065 18 14 1 
2907 0 1 1 
2498 0 9 1 
2492 0 13 1 
2092 1 0 1 
1206 1 8 1 
506 1 14 1 
417 2 7 1 
400 2 15 1 
319 3 16 1 
291 4 17 1 
24 5 18 1 
6060 6 17 1 
5782 7 16 1 
5520 8 15 1 
5453 12 19 1 
5256 13 18 1 
5228 14 17 1 
5006 15 16 1 
4486 16 15 1 
4354 17 14 1 
4094 0 2 1 
3987 0 10 1 
3558 0 12 1 
3247 1 1 1 
3198 1 9 1 
3158 1 13 1 
3074 2 0 1 
2927 2 8 1 
2472 2 14 1 
2470 3 7 1 
2445 3 15 1 
2363 4 16 1 
2332 5 17 1 
2089 6 16 1 
1899 7 15 1 
1053 11 19 1 
963 12 18 1 
878 13 17 1 
91 14 16 1 
51 15 15 1 
6201 16 14 1 
5195 0 3 1 
4994 0 11 1 
4718 1 2 1 
4593 1 10 1 
4398 1 12 1 
4019 2 1 1 
3825 2 9 1 
3817 2 13 1 
3454 3 0 1 
3442 3 8 1 
3431 3 14 1 
3334 4 7 1 
3152 4 15 1 
2894 5 16 1 
2311 6 15 1 
2201 10 19 1 
2170 11 18 1 
2163 12 17 1 
1614 13 16 1 
1504 14 15 1 
1202 15 14 1 
923 0 4 1 
836 1 3 1 
650 1 11 1 
632 2 2 1 
532 2 10 1 
463 2 12 1 
416 3 1 1 
109 3 9 1 
2 3 13 1 
6226 4 0 1 
6214 4 8 1 
6151 4 14 1 
6032 5 15 1 
5361 10 18 1 
5272 11 17 1 
5249 12 16 1 
5066 13 15 1 
4698 14 14 1 
4558 0 5 1 
4453 1 4 1 
3672 2 3 1 
3616 2 11 1 
3493 3 2 1 
3338 3 10 1 
2980 3 12 1 
2744 4 1 1 
2578 4 9 1 
2253 4 13 1 
2057 5 0 1 
2043 5 14 1 
2038 10 17 1 
1660 11 16 1 
1536 12 15 1 
1453 13 14 1 
1130 0 6 1 
1029 1 5 1 
1014 2 4 1 
987 3 3 1 
500 3 11 1 
254 4 2 1 
164 4 10 1 
76 4 12 1 
43 5 1 1 
5927 5 13 1 
5880 6 0 1 
5732 6 14 1 
5675 10 16 1 
5080 11 15 1 
5068 12 14 1 
4293 13 13 1 
4160 1 6 1 
4104 2 5 1 
4025 3 4 1 
3991 4 3 1 
3855 4 11 1 
3608 5 2 1 
2906 5 12 1 
2777 6 1 1 
2561 6 13 1 
2037 7 0 1 
1802 7 14 1 
1007 10 15 1 
799 11 14 1 
777 12 13 1 
425 13 12 1 
54 2 6 1 
9 3 5 1 
6196 4 4 1 
6014 5 3 1 
5754 5 7 1 
5525 5 11 1 
5470 6 2 1 
5366 6 12 1 
4416 7 1 1 
4261 7 13 1 
4259 8 0 1 
4121 8 14 1 
3691 10 14 1 
3633 11 13 1 
3546 12 12 1 
3479 13 11 1 
3450 3 6 1 
3444 4 5 1 
3424 5 4 1 
3135 5 8 1 
3070 5 10 1 
2996 6 3 1 
2967 6 7 1 
2921 6 11 1 
2917 7 2 1 
2827 7 12 1 
2818 8 1 1 
2806 8 13 1 
2730 9 0 1 
2727 9 14 1 
2542 10 13 1 
2195 11 12 1 
1719 12 11 1 
1557 4 6 1 
1402 5 5 1 
1352 5 9 1 
1318 6 4 1 
712 6 8 1 
373 6 10 1 
318 7 3 1 
6045 7 7 1 
6038 7 11 1 
6019 8 2 1 
5744 8 12 1 
5451 9 1 1 
5182 9 13 1 
4876 10 0 1 
4783 10 12 1 
4627 11 11 1 
4614 5 6 1 
4574 6 5 1 
4502 6 9 1 
3109 7 4 1 
2954 7 8 1 
2756 7 10 1 
2493 8 3 1 
2393 8 11 1 
2289 9 2 1 
1813 9 12 1 
1702 10 1 1 
1663 10 11 1 
1573 6 6 1 
1319 7 5 1 
1084 7 9 1 
955 8 4 1 
597 8 10 1 
499 9 3 1 
374 9 11 1 
365 10 2 1 
161 19 13 1 
55 7 6 1 
7 8 5 1 
6213 8 9 1 
5990 9 4 1 
5989 9 10 1 
5969 10 3 1 
5426 18 13 1 
5342 19 12 1 
5274 8 6 1 
5212 8 8 1 
5015 9 5 1 
4436 9 9 1 
4205 10 4 1 
4024 10 10 1 
3829 17 13 1 
3555 18 12 1 
3448 19 11 1 
3060 8 7 1 
2559 9 6 1 
2443 9 8 1 
2414 10 5 1 
1717 10 9 1 
1694 11 10 1 
1406 14 13 1 
1338 16 13 1 
1115 17 12 1 
887 18 11 1 
615 19 10 1 
113 9 7 1 
6317 10 6 1 
5684 10 8 1 
5246 11 9 1 
4658 12 10 1 
4609 14 12 1 
4498 15 13 1 
4254 16 12 1 
4170 17 11 1 
3722 18 10 1 
3693 19 9 1 
3002 10 7 1 
2874 11 8 1 
2761 12 9 1 
2267 13 10 1 
2239 14 11 1 
2062 15 12 1 
1951 16 11 1 
1102 17 10 1 
771 18 9 1 
117 19 8 1 
23 11 7 1 
18 12 8 1 
6184 13 9 1 
6165 14 10 1 
6130 15 11 1 
5947 16 10 1 
5558 17 9 1 
5443 18 8 1 
5077 19 7 1 
5021 12 7 1 
4198 13 8 1 
3684 14 9 1 
3232 15 10 1 
3191 16 9 1 
3092 17 8 1 
2780 18 7 1 
2676 19 6 1 
2604 13 7 1 
2440 14 8 1 
2382 15 9 1 
2155 16 8 1 
1839 17 7 1 
1603 18 6 1 
1560 19 5 1 
952 11 6 1 
556 14 7 1 
462 15 8 1 
6086 16 7 1 
5642 17 6 1 
5539 18 5 1 
4960 19 4 1 
4927 11 5 1 
4771 12 6 1 
4672 15 7 1 
4287 16 6 1 
3193 17 5 1 
2798 18 4 1 
2763 19 3 1 
2177 11 4 1 
2120 12 5 1 
1309 13 6 1 
1141 15 6 1 
1028 16 5 1 
825 17 4 1 
654 18 3 1 
314 19 2 1 
6210 11 3 1 
6183 12 4 1 
5827 13 5 1 
5425 14 6 1 
4991 15 5 1 
4670 16 4 1 
4437 17 3 1 
4031 18 2 1 
3738 19 1 1 
1274 11 2 1 
982 12 3 1 
784 13 4 1 
567 14 5 1 
350 15 4 1 
6199 16 3 1 
4616 17 2 1 
4540 18 1 1 
4080 19 0 1 
3834 11 1 1 
3686 12 2 1 
3589 13 3 1 
2748 14 4 1 
2094 15 3 1 
1925 16 2 1 
1093 17 1 1 
1070 18 0 1 
296 11 0 1 
6058 12 1 1 
5734 13 2 1 
5725 14 3 1 
5176 15 2 1 
4951 16 1 1 
4494 17 0 1 
3973 12 0 1 
2591 13 1 1 
2408 14 2 1 
183 15 1 1 
6000 16 0 1 
5191 13 0 1 
4822 14 1 1 
2495 15 0 1 
883 14 0 1 
1002 14 1 13 
5221 13 1 14 
3553 14 2 14 
3762 15 1 14 
5677 12 1 14 
1092 13 2 14 
3489 14 3 14 
4703 15 2 14 
5317 16 1 14 
880 12 2 15 
1396 13 3 15 
3194 14 4 15 
3528 16 2 15 
3600 17 1 15 
875 12 3 16 
1139 13 4 16 
4432 14 5 16 
4997 17 2 15 
5049 18 1 15 
910 12 4 16 
1437 13 5 16 
1558 15 5 16 
1637 18 2 16 
1750 12 5 17 
3876 16 5 17 
5463 16 6 17 
129 17 5 17 
455 15 8 18 
2341 16 7 17 
3080 17 6 17 
3440 18 5 17 
3631 14 8 18 
4761 15 9 18 
734 16 8 18 
1638 17 7 18 
1811 18 6 18 
2252 13 8 18 
2315 15 10 18 
2455 16 9 18 
2700 17 8 18 
3164 18 7 18 
3740 12 8 19 
3851 15 11 18 
4659 16 10 18 
6057 17 9 18 
6067 18 8 18 
794 11 8 19 
1077 12 9 19 
1961 15 12 19 
2040 16 11 19 
2849 17 10 19 
3852 18 9 19 
322 9 7 20 
1547 10 8 19 
1935 11 9 19 
3007 16 12 19 
3645 17 11 19 
3727 18 10 19 
4472 9 6 20 
4760 9 8 20 
4941 10 9 20 
5392 17 12 20 
6328 18 11 20 
486 9 5 20 
595 9 9 20 
1087 18 12 20 
1933 8 5 21 
2237 9 4 20 
2857 7 5 21 
3110 8 4 21 
5889 19 19 26 
5662 0 19 26 
5628 18 19 26 
5627 19 18 26 
5320 0 18 26 
5297 1 19 26 
5286 9 19 26 
5233 17 19 26 
5169 18 18 26 
4885 19 17 26 
4772 0 17 26 
4490 1 18 26 
4391 2 19 26 
3758 8 19 26 
3748 9 18 26 
3700 16 19 26 
3588 17 18 26 
3416 18 17 26 
3370 19 16 26 
3209 0 16 26 
3118 1 17 26 
2606 2 18 26 
2525 3 19 26 
2521 7 19 26 
2517 8 18 26 
2388 9 17 26 
2293 15 19 26 
1772 16 18 26 
1770 17 17 26 
1689 18 16 26 
1674 19 15 26 
1589 0 7 26 
1304 0 15 26 
1146 1 16 26 
944 2 17 26 
908 3 18 26 
873 4 19 26 
804 6 19 26 
767 7 18 26 
351 8 17 26 
308 9 16 26 
168 14 19 26 
105 15 18 26 
30 16 17 26 
6276 17 16 26 
6158 18 15 26 
6092 19 14 26 
6074 0 0 26 
5892 0 8 26 
5821 0 14 26 
5795 1 7 26 
5647 1 15 26 
5311 2 16 26 
4998 3 17 26 
4935 4 18 26 
4931 5 19 26 
4831 6 18 26 
4240 7 17 26 
4215 8 16 26 
4148 9 15 26 
3957 13 19 26 
3637 14 18 26 
3510 15 17 26 
3476 16 16 26 
3473 17 15 26 
3217 18 14 26 
3010 0 1 26 
2899 0 9 26 
2790 0 13 26 
2702 1 0 26 
2416 1 8 26 
1644 1 14 26 
1622 2 7 26 
1620 2 15 26 
1534 3 16 26 
1192 4 17 26 
763 5 18 26 
302 6 17 26 
6333 7 16 26 
5843 8 15 26 
5814 12 19 26 
5729 13 18 26 
5587 14 17 26 
5357 15 16 26 
5334 16 15 26 
5290 17 14 26 
5123 0 2 26 
5090 0 10 26 
4691 0 12 26 
4618 1 1 26 
4430 1 9 26 
4408 1 13 26 
3485 2 0 26 
3366 2 8 26 
3277 2 14 26 
3251 3 7 26 
3087 3 15 26 
3014 4 16 26 
2999 5 17 26 
2667 6 16 26 
2036 7 15 26 
1971 11 19 26 
1907 12 18 26 
1749 13 17 26 
1656 14 16 26 
1532 15 15 26 
1154 16 14 26 
991 0 3 26 
769 0 11 26 
693 1 2 26 
580 1 10 26 
349 1 12 26 
150 2 1 26 
6322 2 9 26 
6283 2 13 26 
6225 3 0 26 
6052 3 8 26 
5981 3 14 26 
5537 4 7 26 
5396 4 15 26 
5231 5 16 26 
5174 6 15 26 
5070 10 19 26 
4709 11 18 26 
4697 12 17 26 
4194 13 16 26 
3880 14 15 26 
3462 15 14 26 
2947 0 4 26 
2886 1 3 26 
2723 1 11 26 
2607 2 2 26 
2304 2 10 26 
1633 2 12 26 
1619 3 1 26 
1353 3 9 26 
970 3 13 26 
903 4 0 26 
747 4 8 26 
746 4 14 26 
618 5 15 26 
569 10 18 26 
258 11 17 26 
222 12 16 26 
112 13 15 26 
6208 14 14 26 
6143 0 5 26 
5753 1 4 26 
5178 2 3 26 
4086 2 11 26 
4066 3 2 26 
3262 3 10 26 
3257 3 12 26 
3186 4 1 26 
2726 4 9 26 
2524 4 13 26 
2438 5 0 26 
2077 5 14 26 
2072 10 17 26 
1954 11 16 26 
1763 12 15 26 
1686 13 14 26 
1640 0 6 26 
1258 1 5 26 
1221 2 4 26 
1119 3 3 26 
1051 3 11 26 
930 4 2 26 
678 4 10 26 
396 4 12 26 
370 5 1 26 
6093 5 13 26 
6035 6 0 26 
6012 6 14 26 
5834 10 16 26 
5595 11 15 26 
5544 12 14 26 
5522 13 13 26 
5461 1 6 26 
5384 2 5 26 
5260 3 4 26 
5203 4 3 26 
4786 4 11 26 
4577 5 2 26 
4573 5 12 26 
4284 6 1 26 
4271 6 13 26 
4130 7 0 26 
3918 7 14 26 
3706 10 15 26 
3609 11 14 26 
3507 12 13 26 
3429 13 12 26 
2943 2 6 26 
2808 3 5 26 
2801 4 4 26 
2718 5 3 26 
2611 5 7 26 
2552 5 11 26 
2531 6 2 26 
2422 6 12 26 
2402 7 1 26 
1847 7 13 26 
1780 8 0 26 
1439 8 14 26 
1303 10 14 26 
493 11 13 26 
5244 12 12 26 
5067 13 11 26 
5050 3 6 26 
5044 4 5 26 
4836 5 4 26 
4541 5 8 26 
4338 5 10 26 
4151 6 3 26 
4101 6 7 26 
4069 6 11 26 
3906 7 2 26 
3789 7 12 26 
3649 8 1 26 
3617 8 13 26 
3575 9 0 26 
3276 9 14 26 
3082 10 13 26 
3037 11 12 26 
2919 12 11 26 
2804 4 6 26 
2671 5 5 26 
2618 5 9 26 
2601 6 4 26 
2323 6 8 26 
2278 6 10 26 
1988 7 3 26 
1895 7 7 26 
1771 7 11 26 
1730 8 2 26 
1490 8 12 26 
1405 9 1 26 
1253 9 13 26 
1167 10 0 26 
890 10 12 26 
776 11 11 26 
565 5 6 26 
475 6 5 26 
426 6 9 26 
301 7 4 26 
5977 7 8 26 
5269 7 10 26 
5033 8 3 26 
4897 8 11 26 
4419 9 2 26 
4335 9 12 26 
4252 10 1 26 
4229 10 11 26 
4220 6 6 26 
3806 7 5 26 
3148 7 9 26 
3061 8 4 26 
2860 8 10 26 
2633 9 3 26 
2570 9 11 26 
2538 10 2 26 
2244 19 13 26 
2185 7 6 26 
2132 8 5 26 
1973 8 9 26 
1854 9 4 26 
1010 9 10 26 
781 10 3 26 
761 18 13 26 
754 19 12 26 
705 8 6 26 
577 8 8 26 
468 9 5 26 
448 9 9 26 
347 10 4 26 
270 10 10 26 
5896 17 13 26 
5418 18 12 26 
5403 19 11 26 
5145 8 7 26 
4913 9 6 26 
4507 9 8 26 
4237 10 5 26 
4172 10 9 26 
3821 11 10 26 
3721 14 13 26 
3576 16 13 26 
3367 17 12 26 
2964 18 11 26 
2626 19 10 26 
2225 9 7 26 
2182 10 6 26 
2178 10 8 26 
2114 11 9 26 
2076 12 10 26 
2069 14 12 26 
1981 15 13 26 
1690 16 12 26 
1682 17 11 26 
973 18 10 26 
827 19 9 26 
550 10 7 26 
409 11 8 26 
335 12 9 26 
6137 13 10 26 
5918 14 11 26 
5830 15 12 26 
5480 16 11 26 
5402 17 10 26 
5036 18 9 26 
4648 19 8 26 
4588 11 7 26 
4302 12 8 26 
3023 13 9 26 
2540 14 10 26 
2026 15 11 26 
1976 16 10 26 
1776 17 9 26 
1679 18 8 26 
1647 19 7 26 
1481 12 7 26 
1387 13 8 26 
898 14 9 26 
599 15 10 26 
437 16 9 26 
216 17 8 26 
6251 18 7 26 
5971 19 6 26 
5703 13 7 26 
5148 14 8 26 
4863 15 9 26 
4643 16 8 26 
4589 17 7 26 
4505 18 6 26 
4089 19 5 26 
3934 11 6 26 
3862 14 7 26 
3764 15 8 26 
3562 16 7 26 
3495 17 6 26 
3083 18 5 26 
2650 19 4 26 
2569 11 5 26 
1918 12 6 26 
1452 15 7 26 
402 16 6 26 
345 17 5 26 
48 18 4 26 
5831 19 3 26 
5582 11 4 26 
5013 12 5 26 
4216 13 6 26 
3614 15 6 26 
3407 16 5 26 
3332 17 4 26 
2317 18 3 26 
1724 19 2 26 
1569 11 3 26 
1568 12 4 26 
1553 13 5 26 
1506 14 6 26 
1486 15 5 26 
1111 16 4 26 
6253 17 3 26 
5264 18 2 26 
4959 19 1 26 
4638 11 2 26 
4628 12 3 26 
4509 13 4 26 
3360 14 5 26 
3228 15 4 26 
3145 16 3 26 
3036 17 2 26 
2952 18 1 26 
2875 19 0 26 
2494 11 1 26 
1346 12 2 26 
791 13 3 26 
86 14 4 26 
5319 15 3 26 
5003 16 2 26 
4723 17 1 26 
4231 18 0 26 
4028 11 0 26 
3717 12 1 26 
3509 13 2 26 
1874 14 3 26 
617 15 2 26 
5779 16 1 26 
5552 17 0 26 
5517 12 0 26 
5020 13 1 26 
4813 14 2 26 
3315 15 1 26 
2240 16 0 26 
1993 13 0 26 
1887 14 1 26 
637 15 0 26 
5957 14 0 26 
4639 14 1 39 
1960 13 1 39 
2124 14 2 39 
575 15 1 39 
5777 12 1 40 
27 13 2 40 
230 14 3 40 
1499 15 2 40 
2774 16 1 39 
3765 12 2 41 
403 13 3 41 
757 14 4 41 
927 16 2 40 
4376 17 1 40 
45 12 3 41 
520 13 4 41 
1992 14 5 41 
2994 17 2 41 
3606 18 1 41 
3754 12 4 42 
4183 13 5 42 
4596 15 5 42 
4752 18 2 41 
5593 12 5 42 
151 16 5 42 
966 16 6 43 
3206 17 5 43 
4824 15 8 43 
5572 16 7 43 
5644 17 6 43 
249 18 5 43 
1114 14 8 43 
1138 15 9 43 
2534 16 8 43 
2659 17 7 43 
3345 18 6 43 
3914 13 8 44 
3965 15 10 44 
510 16 9 44 
600 17 8 44 
868 18 7 43 
1163 12 8 44 
1473 15 11 44 
1858 16 10 44 
2044 17 9 44 
2367 18 8 44 
2770 11 8 45 
3382 12 9 45 
5181 15 12 44 
5341 16 11 44 
5751 17 10 44 
143 18 9 44 
242 9 7 45 
1774 10 8 45 
2101 11 9 45 
3301 16 12 45 
3331 17 11 45 
4933 18 10 45 
5629 9 6 45 
5920 9 8 45 
31 10 9 45 
140 17 12 45 
233 18 11 45 
766 9 5 46 
1027 9 9 46 
1824 18 12 45 
2010 8 5 46 
3640 9 4 46 
4344 7 5 46 
4810 8 4 46 
5140 8 10 46 
5380 9 3 46 
6212 6 5 47 
6059 19 19 51 
5844 0 19 51 
5824 18 19 51 
5769 19 18 51 
5330 0 18 51 
5309 1 19 51 
5280 9 19 51 
5116 17 19 51 
5037 18 18 51 
4904 19 17 51 
4862 0 17 51 
4801 1 18 51 
4758 2 19 51 
4286 8 19 51 
4223 9 18 51 
3986 16 19 51 
3958 17 18 51 
3831 18 17 51 
3635 19 16 51 
3526 0 16 51 
3523 1 17 51 
3123 2 18 51 
2911 3 19 51 
2836 7 19 51 
2680 8 18 51 
2645 9 17 51 
2553 15 19 51 
2279 16 18 51 
2276 17 17 51 
1474 18 16 51 
1241 19 15 51 
1235 0 7 51 
1207 0 15 51 
1013 1 16 51 
802 2 17 51 
512 3 18 51 
107 4 19 51 
6245 6 19 51 
6182 7 18 51 
6156 8 17 51 
6024 9 16 51 
5910 14 19 51 
5905 15 18 51 
5786 16 17 51 
5776 17 16 51 
5302 18 15 51 
5205 19 14 51 
4655 0 0 51 
4645 0 8 51 
4595 0 14 51 
4251 1 7 51 
3516 1 15 51 
2792 2 16 51 
2742 3 17 51 
2378 4 18 51 
2109 5 19 51 
2039 6 18 51 
1693 7 17 51 
1189 8 16 51 
1039 9 15 51 
810 13 19 51 
790 14 18 51 
651 15 17 51 
588 16 16 51 
6269 17 15 51 
6170 18 14 51 
6141 0 1 51 
6107 0 9 51 
6094 0 13 51 
5798 1 0 51 
5746 1 8 51 
5618 1 14 51 
5388 2 7 51 
5377 2 15 51 
5087 3 16 51 
5075 4 17 51 
4710 5 18 51 
4649 6 17 51 
4439 7 16 51 
4087 8 15 51 
4050 12 19 51 
3482 13 18 51 
3480 14 17 51 
3384 15 16 51 
3253 16 15 51 
2840 17 14 51 
2833 0 2 51 
2778 0 10 51 
2467 0 12 51 
2427 1 1 51 
2362 1 9 51 
2257 1 13 51 
2140 2 0 51 
1812 2 8 51 
1699 2 14 51 
1600 3 7 51 
1549 3 15 51 
1359 4 16 51 
1220 5 17 51 
1045 6 16 51 
1036 7 15 51 
889 11 19 51 
841 12 18 51 
223 13 17 51 
146 14 16 51 
111 15 15 51 
75 16 14 51 
41 0 3 51 
6280 0 11 51 
6064 1 2 51 
5992 1 10 51 
5764 1 12 51 
5390 2 1 51 
5298 2 9 51 
5152 2 13 51 
4989 3 0 51 
4968 3 8 51 
4707 3 14 51 
4700 4 7 51 
4637 4 15 51 
4560 5 16 51 
4144 6 15 51 
3920 10 19 51 
3869 11 18 51 
3688 12 17 51 
3652 13 16 51 
3595 14 15 51 
3453 15 14 51 
3283 0 4 51 
2985 1 3 51 
2757 1 11 51 
2605 2 2 51 
1741 2 10 51 
1691 2 12 51 
1626 3 1 51 
1263 3 9 51 
1034 3 13 51 
576 4 0 51 
392 4 8 51 
266 4 14 51 
22 5 15 51 
5998 10 18 51 
5883 11 17 51 
5858 12 16 51 
5494 13 15 51 
5433 14 14 51 
5321 0 5 51 
5232 1 4 51 
5132 2 3 51 
4779 2 11 51 
4680 3 2 51 
4195 3 10 51 
4109 3 12 51 
3446 4 1 51 
3376 4 9 51 
3243 4 13 51 
2829 5 0 51 
2787 5 14 51 
2586 10 17 51 
2404 11 16 51 
2400 12 15 51 
2375 13 14 51 
2307 0 6 51 
1900 1 5 51 
1890 2 4 51 
1052 3 3 51 
977 3 11 51 
689 4 2 51 
472 4 10 51 
194 4 12 51 
186 5 1 51 
6056 5 13 51 
5887 6 0 51 
5668 6 14 51 
5493 10 16 51 
5455 11 15 51 
5187 12 14 51 
5172 13 13 51 
5072 1 6 51 
5028 2 5 51 
4920 3 4 51 
4912 4 3 51 
4704 4 11 51 
4015 5 2 51 
3942 5 12 51 
3704 6 1 51 
3702 6 13 51 
3624 7 0 51 
2507 7 14 51 
2287 10 15 51 
2048 11 14 51 
1760 12 13 51 
1457 13 12 51 
1089 2 6 51 
1015 3 5 51 
934 4 4 51 
6181 5 3 51 
6175 5 7 51 
6030 5 11 51 
5985 6 2 51 
5837 6 12 51 
5578 7 1 51 
5353 7 13 51 
5197 8 0 51 
5047 8 14 51 
4559 10 14 51 
3904 11 13 51 
3822 12 12 51 
3650 13 11 51 
3638 3 6 51 
3428 4 5 51 
3396 5 4 51 
3336 5 8 51 
3295 5 10 51 
3041 6 3 51 
3033 6 7 51 
3012 6 11 51 
2619 7 2 51 
2336 7 12 51 
2254 8 1 51 
2233 8 13 51 
2086 9 0 51 
1836 9 14 51 
1828 10 13 51 
1728 11 12 51 
1419 12 11 51 
744 4 6 51 
541 5 5 51 
393 5 9 51 
6297 6 4 51 
5882 6 8 51 
5486 6 10 51 
5209 7 3 51 
5022 7 7 51 
4512 7 11 51 
4401 8 2 51 
4389 8 12 51 
4063 9 1 51 
3409 9 13 51 
2929 10 0 51 
2473 10 12 51 
2087 11 11 51 
1365 5 6 51 
956 6 5 51 
905 6 9 51 
818 7 4 51 
573 7 8 51 
488 7 10 51 
121 8 3 51 
6138 8 11 51 
5813 9 2 51 
5805 9 12 51 
5738 10 1 51 
5657 10 11 51 
5653 6 6 51 
5350 7 5 51 
4956 7 9 51 
4785 8 4 51 
4452 8 10 51 
4390 9 3 51 
4345 9 11 51 
4298 10 2 51 
4009 19 13 51 
4007 7 6 51 
3925 8 5 51 
3086 8 9 51 
2998 9 4 51 
2791 9 10 51 
2754 10 3 51 
2511 18 13 51 
2361 19 12 51 
2216 8 6 51 
2141 8 8 51 
2016 9 5 51 
1997 9 9 51 
1739 10 4 51 
1664 10 10 51 
607 17 13 51 
241 18 12 51 
6095 19 11 51 
6002 8 7 51 
5698 9 6 51 
5363 9 8 51 
5200 10 5 51 
5038 10 9 51 
4654 11 10 51 
3894 14 13 51 
3842 16 13 51 
3830 17 12 51 
2558 18 11 51 
2478 19 10 51 
1651 9 7 51 
1575 10 6 51 
737 10 8 51 
44 11 9 51 
6169 12 10 51 
5865 14 12 51 
5815 15 13 51 
5749 16 12 51 
5640 17 11 51 
5460 18 10 51 
5262 19 9 51 
4906 10 7 51 
4773 11 8 51 
4666 12 9 51 
4515 13 10 51 
4168 14 11 51 
3670 15 12 51 
3455 16 11 51 
3447 17 10 51 
3427 18 9 51 
3349 19 8 51 
3254 11 7 51 
3204 12 8 51 
3192 13 9 51 
2977 14 10 51 
2880 15 11 51 
2772 16 10 51 
2593 17 9 51 
2151 18 8 51 
1912 19 7 51 
1720 12 7 51 
1563 13 8 51 
1300 14 9 51 
1246 15 10 51 
1172 16 9 51 
914 17 8 51 
837 18 7 51 
300 19 6 51 
6294 13 7 51 
6091 14 8 51 
5100 15 9 51 
4926 16 8 51 
4483 17 7 51 
4245 18 6 51 
4243 19 5 51 
4105 11 6 51 
3369 14 7 51 
3342 15 8 51 
3008 16 7 51 
2103 17 6 51 
1545 18 5 51 
1279 19 4 51 
806 11 5 51 
286 12 6 51 
4 15 7 51 
6102 16 6 51 
6083 17 5 51 
6022 18 4 51 
5809 19 3 51 
5689 11 4 51 
4930 12 5 51 
4857 13 6 51 
4745 15 6 51 
4549 16 5 51 
4377 17 4 51 
4272 18 3 51 
3599 19 2 51 
3313 11 3 51 
2868 12 4 51 
1227 13 5 51 
1188 14 6 51 
461 15 5 51 
93 16 4 51 
6263 17 3 51 
6134 18 2 51 
5091 19 1 51 
4821 11 2 51 
4734 12 3 51 
4653 13 4 51 
4566 14 5 51 
4317 15 4 51 
3810 16 3 51 
3667 17 2 51 
2413 18 1 51 
2376 19 0 51 
1678 11 1 51 
1105 12 2 51 
470 13 3 51 
408 14 4 51 
124 15 3 51 
6207 16 2 51 
5986 17 1 51 
5039 18 0 51 
4173 11 0 51 
4073 12 1 51 
3533 13 2 51 
3381 14 3 51 
1665 15 2 51 
1438 16 1 51 
5445 17 0 51 
5435 12 0 51 
4605 13 1 51 
4478 14 2 51 
3011 15 1 51 
1277 16 0 51 
1198 13 0 51 
826 14 1 51 
369 15 0 51 
5189 14 0 51 
3156 14 1 63 
3252 13 1 63 
605 14 2 63 
2381 15 1 63 
71 12 1 64 
517 13 2 64 
1731 14 3 64 
4522 15 2 64 
1205 16 1 64 
3143 12 2 65 
3724 13 3 65 
5958 14 4 65 
136 16 2 64 
894 17 1 64 
1822 12 3 65 
2630 13 4 65 
2654 14 5 65 
3556 17 2 65 
3867 18 1 65 
4010 12 4 66 
4555 13 5 66 
5398 15 5 66 
328 18 2 65 
727 12 5 66 
912 16 5 66 
2431 16 6 66 
3047 17 5 66 
4526 15 8 67 
5153 16 7 67 
5694 17 6 67 
6329 18 5 67 
623 14 8 67 
2001 15 9 67 
3819 16 8 67 
4017 17 7 67 
4077 18 6 67 
5208 13 8 68 
5532 15 10 68 
1168 16 9 68 
2497 17 8 68 
2564 18 7 68 
2602 12 8 68 
3059 15 11 68 
3642 16 10 68 
5829 17 9 68 
6167 18 8 68 
394 11 8 68 
1769 12 9 68 
1821 15 12 68 
1926 16 11 68 
2865 17 10 68 
4065 18 9 68 
4324 9 7 69 
4942 10 8 69 
5031 11 9 69 
5143 16 12 68 
5872 17 11 68 
6061 18 10 68 
6110 9 6 69 
74 9 8 69 
142 10 9 69 
531 17 12 69 
592 18 11 69 
839 9 5 70 
1250 9 9 70 
1584 18 12 70 
2458 8 5 70 
3539 9 4 70 
3814 7 5 70 
4325 8 4 70 
6250 8 10 70 
243 9 3 70 
1571 6 5 71 
2620 6 9 71 
3244 7 4 71 
3505 7 10 71 
3736 8 3 71 
4186 8 11 70 
5871 9 2 70 
6133 19 19 76 
6084 0 19 76 
5899 18 19 76 
5630 19 18 76 
5559 0 18 76 
5385 1 19 76 
5348 9 19 76 
5239 17 19 76 
5151 18 18 76 
5134 19 17 76 
4838 0 17 76 
4322 1 18 76 
4158 2 19 76 
3927 8 19 76 
3843 9 18 76 
3741 16 19 76 
3636 17 18 76 
3035 18 17 76 
2717 19 16 76 
2460 0 16 76 
2430 1 17 76 
2152 2 18 76 
2074 3 19 76 
1894 7 19 76 
1853 8 18 76 
1744 9 17 76 
1612 15 19 76 
1488 16 18 76 
1465 17 17 76 
1376 18 16 76 
1363 19 15 76 
1068 0 7 76 
1040 0 15 76 
994 1 16 76 
925 2 17 76 
788 3 18 76 
768 4 19 76 
648 6 19 76 
503 7 18 76 
484 8 17 76 
5592 9 16 76 
5579 14 19 76 
5139 15 18 76 
5086 16 17 76 
4696 17 16 76 
4622 18 15 76 
4169 19 14 76 
3970 0 0 76 
3677 0 8 76 
3368 0 14 76 
3350 1 7 76 
3341 1 15 76 
3290 2 16 76 
3166 3 17 76 
3144 4 18 76 
2810 5 19 76 
2739 6 18 76 
2512 7 17 76 
2439 8 16 76 
2389 9 15 76 
1758 13 19 76 
1680 14 18 76 
1662 15 17 76 
1265 16 16 76 
1260 17 15 76 
1155 18 14 76 
953 0 1 76 
941 0 9 76 
626 0 13 76 
505 1 0 76 
383 1 8 76 
292 1 14 76 
155 2 7 76 
57 2 15 76 
6191 3 16 76 
5709 4 17 76 
5472 5 18 76 
5362 6 17 76 
5284 7 16 76 
5138 8 15 76 
4608 12 19 76 
4314 13 18 76 
4188 14 17 76 
3953 15 16 76 
3411 16 15 76 
3397 17 14 76 
3063 0 2 76 
2283 0 10 76 
2009 0 12 76 
1658 1 1 76 
1559 1 9 76 
1301 1 13 76 
149 2 0 76 
52 2 8 76 
6117 2 14 76 
6111 3 7 76 
5663 3 15 76 
5466 4 16 76 
5421 5 17 76 
5155 6 16 76 
4705 7 15 76 
4671 11 19 76 
4227 12 18 76 
4064 13 17 76 
4035 14 16 76 
3959 15 15 76 
3913 16 14 76 
3773 0 3 76 
3739 0 11 76 
3719 1 2 76 
3379 1 10 76 
3307 1 12 76 
3208 2 1 76 
3034 2 9 76 
2866 2 13 76 
2740 3 0 76 
2572 3 8 76 
2337 3 14 76 
2331 4 7 76 
1754 4 15 76 
1740 5 16 76 
1596 6 15 76 
1187 10 19 76 
1148 11 18 76 
701 12 17 76 
700 13 16 76 
441 14 15 76 
178 15 14 76 
97 0 4 76 
5982 1 3 76 
5828 1 11 76 
5758 2 2 76 
5705 2 10 76 
5660 2 12 76 
5043 3 1 76 
4839 3 9 76 
4434 3 13 76 
4382 4 0 76 
4363 4 8 76 
4154 4 14 76 
3963 5 15 76 
3844 10 18 76 
3791 11 17 76 
3343 12 16 76 
3020 13 15 76 
2986 14 14 76 
2981 0 5 76 
2976 1 4 76 
2897 2 3 76 
2426 2 11 76 
1957 3 2 76 
1797 3 10 76 
1722 3 12 76 
1701 4 1 76 
1178 4 9 76 
1080 4 13 76 
1022 5 0 76 
1005 5 14 76 
745 10 17 76 
530 11 16 76 
405 12 15 76 
334 13 14 76 
323 0 6 76 
203 1 5 76 
176 2 4 76 
110 3 3 76 
6149 3 11 76 
6072 4 2 76 
5948 4 10 76 
5881 4 12 76 
5620 5 1 76 
5546 5 13 76 
5227 6 0 76 
5198 6 14 76 
5131 10 16 76 
4798 11 15 76 
4580 12 14 76 
4565 13 13 76 
4533 1 6 76 
4423 2 5 76 
4016 3 4 76 
3400 4 3 76 
3099 4 11 76 
3001 5 2 76 
2961 5 12 76 
2771 6 1 76 
2769 6 13 76 
2653 7 0 76 
2484 7 14 76 
2248 10 15 76 
2088 11 14 76 
2078 12 13 76 
2055 13 12 76 
2020 2 6 76 
1857 3 5 76 
1819 4 4 76 
1747 5 3 76 
1451 5 7 76 
1386 5 11 76 
1226 6 2 76 
1161 6 12 76 
979 7 1 76 
657 7 13 76 
602 8 0 76 
476 8 14 76 
6282 10 14 76 
6159 11 13 76 
5972 12 12 76 
5964 13 11 76 
5796 3 6 76 
5680 4 5 76 
5600 5 4 76 
5534 5 8 76 
5359 5 10 76 
5289 6 3 76 
4687 6 7 76 
4030 6 11 76 
3896 7 2 76 
3785 7 12 76 
3404 8 1 76 
3042 8 13 76 
2963 9 0 76 
2513 9 14 76 
2354 10 13 76 
1896 11 12 76 
1807 12 11 76 
1800 4 6 76 
853 5 5 76 
609 5 9 76 
6321 6 4 76 
5912 6 8 76 
5726 6 10 76 
5484 7 3 76 
5294 7 7 76 
5279 7 11 76 
5119 8 2 76 
4924 8 12 76 
4329 9 1 76 
4224 9 13 76 
4004 10 0 76 
4003 10 12 76 
3848 11 11 76 
2752 5 6 76 
2397 6 5 76 
2359 6 9 76 
2243 7 4 76 
2107 7 8 76 
1796 7 10 76 
1737 8 3 76 
1578 8 11 76 
1222 9 2 76 
1042 9 12 76 
457 10 1 76 
456 10 11 76 
148 6 6 76 
10 7 5 76 
6300 7 9 76 
5999 8 4 76 
5345 8 10 76 
4664 9 3 76 
4208 9 11 76 
4167 10 2 76 
3873 19 13 76 
3734 7 6 76 
3137 8 5 76 
3028 8 9 76 
2935 9 4 76 
2799 9 10 76 
2707 10 3 76 
2690 18 13 76 
2631 19 12 76 
2224 8 6 76 
2054 8 8 76 
2017 9 5 76 
2007 9 9 76 
1482 10 4 76 
1284 10 10 76 
1150 17 13 76 
1073 18 12 76 
582 19 11 76 
574 8 7 76 
545 9 6 76 
478 9 8 76 
444 10 5 76 
167 10 9 76 
5585 11 10 76 
5575 14 13 76 
5054 16 13 76 
4647 17 12 76 
4383 18 11 76 
3976 19 10 76 
3763 9 7 76 
3743 10 6 76 
3597 10 8 76 
3415 11 9 76 
3358 12 10 76 
2773 14 12 76 
2682 15 13 76 
2510 16 12 76 
2277 17 11 76 
1917 18 10 76 
1803 19 9 76 
1672 10 7 76 
1472 11 8 76 
1445 12 9 76 
1065 13 10 76 
896 14 11 76 
624 15 12 76 
535 16 11 76 
436 17 10 76 
6325 18 9 76 
6248 19 8 76 
6221 11 7 76 
5762 12 8 76 
5536 13 9 76 
5504 14 10 76 
4706 15 11 76 
3231 16 10 76 
3218 17 9 76 
3138 18 8 76 
3091 19 7 76 
3030 12 7 76 
2942 13 8 76 
2864 14 9 76 
2767 15 10 76 
2305 16 9 76 
2215 17 8 76 
2096 18 7 76 
1666 19 6 76 
856 13 7 76 
736 14 8 76 
713 15 9 76 
566 16 8 76 
6244 17 7 76 
6011 18 6 76 
5766 19 5 76 
5696 11 6 76 
5016 14 7 76 
4919 15 8 76 
4646 16 7 76 
4074 17 6 76 
4047 18 5 76 
4006 19 4 76 
3630 11 5 76 
3233 12 6 76 
3196 15 7 76 
2933 16 6 76 
2813 17 5 76 
2691 18 4 76 
2447 19 3 76 
2190 11 4 76 
1356 12 5 76 
1012 13 6 76 
380 15 6 76 
6320 16 5 76 
6274 17 4 76 
6164 18 3 76 
5804 19 2 76 
4790 11 3 76 
4308 12 4 76 
3989 13 5 76 
3317 14 6 76 
2638 15 5 76 
2412 16 4 76 
1583 17 3 76 
1354 18 2 76 
1059 19 1 76 
1049 11 2 76 
1026 12 3 76 
423 13 4 76 
6119 14 5 76 
6063 15 4 76 
5360 16 3 76 
5071 17 2 76 
4656 18 1 76 
4360 19 0 76 
4301 11 1 76 
3911 12 2 76 
3658 13 3 76 
3324 14 4 76 
3268 15 3 76 
3068 16 2 76 
2259 17 1 76 
1428 18 0 76 
584 11 0 76 
267 12 1 76 
6219 13 2 76 
5550 14 3 76 
5401 15 2 76 
4443 16 1 76 
4359 17 0 76 
4241 12 0 76 
3359 13 1 76 
2814 14 2 76 
2373 15 1 76 
2172 16 0 76 
1144 13 0 76 
5793 14 1 76 
5713 15 0 76 
2059 14 0 76 
1 14 1 88 
2106 13 1 89 
5376 14 2 89 
213 15 1 89 
4255 12 1 90 
5619 13 2 89 
5646 14 3 89 
5737 15 2 89 
5994 16 1 89 
310 12 2 90 
364 13 3 90 
543 14 4 90 
1290 16 2 90 
1969 17 1 90 
3752 12 3 91 
1718 13 4 91 
2913 14 5 90 
3219 17 2 90 
3267 18 1 90 
4283 12 4 91 
5115 13 5 91 
283 15 5 91 
329 18 2 91 
3655 12 5 92 
3757 16 5 91 
4187 16 6 92 
4278 17 5 92 
4556 15 8 92 
4799 16 7 92 
5240 17 6 92 
5841 18 5 92 
5908 14 8 93 
1904 15 9 93 
2603 16 8 93 
2800 17 7 92 
3696 18 6 92 
4441 13 8 93 
4976 15 10 93 
5671 16 9 93 
6258 17 8 93 
6301 18 7 93 
11 12 8 93 
219 15 11 93 
663 16 10 93 
974 17 9 93 
1358 18 8 93 
2838 11 8 94 
5613 12 9 94 
6218 15 12 94 
6243 16 11 94 
324 17 10 94 
1351 18 9 93 
1753 9 7 94 
1869 10 8 94 
2598 11 9 94 
2896 16 12 94 
3535 17 11 94 
4304 18 10 94 
560 9 6 95 
1441 9 8 95 
2173 10 9 95 
2622 17 12 94 
3027 18 11 94 
3044 9 5 95 
3095 9 9 95 
3960 18 12 95 
4530 8 5 95 
5126 9 4 95 
64 7 5 96 
489 8 4 95 
538 8 10 95 
867 9 3 95 
1098 6 5 96 
1335 6 9 96 
1611 7 4 96 
2928 7 10 96 
3355 8 3 96 
4367 8 11 96 
4685 9 2 96 
4879 9 12 96 
5109 5 5 97 
6204 6 4 96 
