1989
5440 0 19 1 
4941 10 19 1 
4919 0 18 1 
4917 1 19 1 
4592 9 19 1 
4550 10 18 1 
4548 0 17 1 
4350 1 18 1 
4287 2 19 1 
4164 8 19 1 
4098 9 18 1 
4062 10 17 1 
3870 0 16 1 
3637 1 17 1 
3376 2 18 1 
2949 3 19 1 
2790 7 19 1 
2491 8 18 1 
2351 9 17 1 
2317 10 16 1 
2295 0 15 1 
2057 1 16 1 
918 2 17 1 
559 3 18 1 
180 4 19 1 
79 6 19 1 
5324 7 18 1 
5059 8 17 1 
5023 9 16 1 
4483 10 15 1 
4417 0 14 1 
4235 1 15 1 
3794 2 16 1 
3554 3 17 1 
3531 4 18 1 
2986 5 19 1 
2871 6 18 1 
2840 7 17 1 
2783 8 16 1 
2781 9 15 1 
2714 0 13 1 
2582 1 14 1 
2339 2 15 1 
2090 3 16 1 
1876 4 17 1 
1764 5 18 1 
1726 6 17 1 
1612 7 16 1 
1514 8 15 1 
1459 0 12 1 
1309 1 13 1 
1285 2 14 1 
1168 3 15 1 
806 4 16 1 
522 5 17 1 
314 6 16 1 
309 7 15 1 
242 0 11 1 
241 1 12 1 
5382 2 13 1 
5291 3 14 1 
5075 4 15 1 
4335 5 16 1 
4286 6 15 1 
3819 0 10 1 
3674 1 11 1 
3615 2 12 1 
3406 3 13 1 
3402 4 14 1 
3400 5 15 1 
3084 19 19 1 
3057 0 9 1 
3025 1 10 1 
2879 2 11 1 
2761 3 12 1 
2626 4 13 1 
2455 5 14 1 
2412 18 19 1 
1955 19 18 1 
1650 0 8 1 
1630 1 9 1 
1558 2 10 1 
1306 3 11 1 
997 4 12 1 
807 5 13 1 
490 6 14 1 
365 11 19 1 
5403 17 19 1 
5378 18 18 1 
5369 19 17 1 
5302 1 8 1 
5110 2 9 1 
5036 3 10 1 
4937 4 11 1 
4386 5 12 1 
4302 6 13 1 
4250 7 14 1 
4227 11 18 1 
4167 12 19 1 
3934 16 19 1 
3895 17 18 1 
3753 18 17 1 
3685 19 16 1 
3527 2 8 1 
3347 3 9 1 
3216 4 10 1 
3117 5 11 1 
3064 6 12 1 
3035 7 13 1 
2948 8 14 1 
2943 10 14 1 
2928 11 17 1 
2747 12 18 1 
2615 13 19 1 
2494 15 19 1 
2401 16 18 1 
2178 17 17 1 
2149 18 16 1 
1902 19 15 1 
1801 3 8 1 
1108 4 9 1 
1041 5 10 1 
463 6 11 1 
5220 7 12 1 
5199 8 13 1 
5065 9 14 1 
5021 10 13 1 
4693 11 16 1 
4676 12 17 1 
4642 13 18 1 
4626 14 19 1 
4281 15 18 1 
4085 16 17 1 
4003 17 16 1 
3985 18 15 1 
3983 19 14 1 
3751 4 8 1 
3712 5 9 1 
3697 6 10 1 
3494 7 11 1 
3393 8 12 1 
3299 9 13 1 
2733 10 12 1 
2715 11 15 1 
2609 12 16 1 
2349 13 17 1 
1936 14 18 1 
1927 15 17 1 
1729 16 16 1 
1555 17 15 1 
1262 18 14 1 
879 19 13 1 
802 5 8 1 
444 6 9 1 
433 7 10 1 
354 8 11 1 
283 9 12 1 
189 10 11 1 
151 11 14 1 
4837 12 15 1 
4745 13 16 1 
4659 14 17 1 
4311 15 16 1 
4199 16 15 1 
4198 17 14 1 
4180 18 13 1 
4166 19 12 1 
4151 6 8 1 
3909 7 9 1 
3865 8 10 1 
3830 9 11 1 
3469 11 13 1 
3399 12 14 1 
3280 13 15 1 
2945 14 16 1 
2902 15 15 1 
2421 16 14 1 
2376 17 13 1 
2338 18 12 1 
2065 19 11 1 
1895 7 8 1 
1572 8 9 1 
1499 9 10 1 
1408 11 12 1 
1341 12 13 1 
1291 13 14 1 
1266 14 15 1 
1256 15 14 1 
1252 16 13 1 
833 17 12 1 
747 18 11 1 
591 19 10 1 
509 8 8 1 
409 9 9 1 
289 10 10 1 
278 11 11 1 
5366 12 12 1 
5244 13 13 1 
5034 14 14 1 
4868 15 13 1 
4558 16 12 1 
4399 17 11 1 
4325 18 10 1 
4093 19 9 1 
3885 9 8 1 
3800 10 9 1 
3757 11 10 1 
3665 12 11 1 
3375 13 12 1 
2536 14 13 1 
2468 15 12 1 
2399 16 11 1 
2242 17 10 1 
1959 18 9 1 
1831 19 8 1 
1659 10 8 1 
1481 11 9 1 
1472 12 10 1 
840 13 11 1 
780 14 12 1 
776 15 11 1 
207 16 10 1 
124 17 9 1 
70 18 8 1 
5177 19 7 1 
5129 11 8 1 
5125 12 9 1 
4952 13 10 1 
4485 14 11 1 
3846 15 10 1 
3651 16 9 1 
3224 17 8 1 
3222 18 7 1 
3116 19 6 1 
2700 12 8 1 
2454 13 9 1 
1832 14 10 1 
1728 15 9 1 
1704 16 8 1 
1267 17 7 1 
1023 18 6 1 
639 19 5 1 
625 13 8 1 
588 14 9 1 
582 15 8 1 
571 16 7 1 
469 17 6 1 
231 18 5 1 
225 19 4 1 
65 14 8 1 
5265 15 7 1 
5000 16 6 1 
4637 17 5 1 
4613 18 4 1 
4358 19 3 1 
4266 0 7 1 
4189 14 7 1 
3720 15 6 1 
3677 16 5 1 
3492 17 4 1 
3387 18 3 1 
3270 19 2 1 
3248 0 6 1 
3210 1 7 1 
3188 13 7 1 
3078 14 6 1 
2937 15 5 1 
2908 16 4 1 
2474 17 3 1 
2333 18 2 1 
2106 19 1 1 
1629 0 5 1 
1608 1 6 1 
1178 2 7 1 
995 12 7 1 
435 13 6 1 
5230 14 5 1 
4579 15 4 1 
4178 16 3 1 
4156 17 2 1 
3374 18 1 1 
3298 19 0 1 
2367 0 4 1 
2347 1 5 1 
2216 2 6 1 
2206 3 7 1 
1934 11 7 1 
1914 12 6 1 
1807 13 5 1 
1656 14 4 1 
1231 15 3 1 
966 16 2 1 
854 17 1 1 
756 18 0 1 
499 0 3 1 
491 1 4 1 
403 2 5 1 
374 3 6 1 
5175 4 7 1 
5139 10 7 1 
4929 11 6 1 
4915 12 5 1 
4731 13 4 1 
4451 14 3 1 
3950 15 2 1 
3939 16 1 1 
3269 17 0 1 
3217 0 2 1 
2625 1 3 1 
2313 2 4 1 
2204 3 5 1 
2076 4 6 1 
1909 5 7 1 
1879 9 7 1 
1771 10 6 1 
1261 11 5 1 
1233 12 4 1 
1228 13 3 1 
1030 14 2 1 
247 15 1 1 
5323 16 0 1 
4991 0 1 1 
4872 1 2 1 
4729 2 3 1 
4491 3 4 1 
4252 4 5 1 
3730 5 6 1 
3465 6 7 1 
3209 8 7 1 
2984 9 6 1 
2960 10 5 1 
2741 11 4 1 
2664 12 3 1 
2087 13 2 1 
1924 14 1 1 
1814 15 0 1 
1724 0 0 1 
1348 1 1 1 
1161 2 2 1 
1045 3 3 1 
1001 4 4 1 
884 5 5 1 
722 6 6 1 
474 7 7 1 
5445 8 6 1 
4698 9 5 1 
4630 10 4 1 
4084 11 3 1 
4020 12 2 1 
3698 13 1 1 
3606 14 0 1 
3574 1 0 1 
3555 2 1 1 
3441 3 2 1 
2513 4 3 1 
2107 5 4 1 
1922 6 5 1 
1548 7 6 1 
877 8 5 1 
372 9 4 1 
5448 10 3 1 
5281 11 2 1 
4614 12 1 1 
4295 13 0 1 
4176 2 0 1 
4082 3 1 1 
3504 4 2 1 
3244 5 3 1 
3165 6 4 1 
3158 7 5 1 
2254 8 4 1 
1820 9 3 1 
1492 10 2 1 
1140 11 1 1 
585 12 0 1 
513 3 0 1 
460 4 1 1 
5279 5 2 1 
4864 6 3 1 
4835 7 4 1 
4600 8 3 1 
3990 9 2 1 
3174 10 1 1 
2497 11 0 1 
1136 4 0 1 
389 5 1 1 
274 6 2 1 
5301 7 3 1 
5243 8 2 1 
4588 9 1 1 
4500 10 0 1 
3687 5 0 1 
2778 6 1 1 
2535 7 2 1 
2442 8 1 1 
1198 9 0 1 
5093 6 0 1 
2595 7 1 1 
1617 8 0 1 
1491 7 0 1 
952 7 1 12 
4654 6 1 13 
387 7 2 13 
2428 8 1 13 
1758 5 1 14 
4576 6 2 14 
4811 7 3 13 
5149 8 2 13 
694 9 1 13 
2002 4 1 15 
2891 5 2 14 
3145 6 3 14 
3192 7 4 14 
4284 8 3 14 
4521 9 2 14 
5171 10 1 14 
123 3 1 15 
449 4 2 15 
728 5 3 15 
1137 6 4 15 
1693 7 5 15 
154 8 4 15 
905 9 3 15 
1065 10 2 15 
1625 11 1 15 
3815 2 1 16 
4334 3 2 16 
350 4 3 16 
795 5 4 16 
1238 6 5 16 
1530 7 6 16 
1570 8 5 16 
1930 9 4 16 
2062 10 3 15 
2140 11 2 15 
2198 12 1 15 
2423 1 1 17 
3529 2 2 17 
3575 3 3 17 
3647 4 4 17 
4124 5 5 17 
4624 6 6 17 
4710 8 6 16 
4720 9 5 16 
5064 10 4 16 
308 11 3 16 
686 12 2 16 
692 13 1 16 
736 1 2 17 
1294 2 3 17 
1416 3 4 17 
1672 4 5 17 
1768 5 6 17 
3648 9 6 17 
3672 10 5 17 
3835 11 4 17 
3952 12 3 17 
4113 13 2 17 
4161 14 1 17 
4172 1 3 18 
5188 2 4 18 
229 3 5 18 
1592 4 6 18 
2210 10 6 18 
3212 11 5 18 
3560 12 4 18 
4044 13 3 18 
4209 14 2 18 
4233 15 1 18 
5303 1 4 19 
5384 2 5 19 
1158 3 6 19 
1316 11 6 18 
1333 12 5 18 
1358 13 4 18 
1382 14 3 18 
1419 15 2 18 
1622 16 1 18 
1829 1 5 19 
2073 2 6 19 
2293 12 6 19 
2374 13 5 19 
3007 14 4 19 
3072 15 3 19 
3667 16 2 19 
4504 17 1 19 
4799 1 6 20 
214 13 6 20 
1388 14 5 19 
1596 15 4 19 
1602 16 3 19 
1666 17 2 19 
1734 18 1 19 
1985 14 6 20 
2378 15 5 20 
2665 16 4 20 
2803 17 3 20 
3203 18 2 20 
3568 15 6 20 
3592 16 5 20 
3849 17 4 20 
4831 18 3 20 
5437 0 19 26 
5238 10 19 26 
4832 0 18 26 
4765 1 19 26 
4535 9 19 26 
4424 10 18 26 
4319 0 17 26 
4127 1 18 26 
4043 2 19 26 
3774 8 19 26 
3729 9 18 26 
3724 10 17 26 
3550 0 16 26 
2995 1 17 26 
2824 2 18 26 
2694 3 19 26 
2499 7 19 26 
2275 8 18 26 
2079 9 17 26 
2039 10 16 26 
1970 0 15 26 
1675 1 16 26 
1455 2 17 26 
1417 3 18 26 
1349 4 19 26 
1157 6 19 26 
889 7 18 26 
719 8 17 26 
564 9 16 26 
484 10 15 26 
379 0 14 26 
358 1 15 26 
258 2 16 26 
202 3 17 26 
164 4 18 26 
121 5 19 26 
84 6 18 26 
5367 7 17 26 
5176 8 16 26 
5118 9 15 26 
5102 0 13 26 
5086 1 14 26 
5007 2 15 26 
4908 3 16 26 
4794 4 17 26 
4750 5 18 26 
4493 6 17 26 
4120 7 16 26 
4107 8 15 26 
4087 0 12 26 
4074 1 13 26 
3938 2 14 26 
3904 3 15 26 
3901 4 16 26 
3594 5 17 26 
3591 6 16 26 
3263 7 15 26 
3180 0 11 26 
2865 1 12 26 
2829 2 13 26 
2777 3 14 26 
2757 4 15 26 
2656 5 16 26 
2427 6 15 26 
2397 0 10 26 
2030 1 11 26 
2023 2 12 26 
1941 3 13 26 
1903 4 14 26 
1747 5 15 26 
1689 19 19 26 
1441 0 9 26 
1201 1 10 26 
908 2 11 26 
883 3 12 26 
674 4 13 26 
616 5 14 26 
487 18 19 26 
385 19 18 26 
233 0 8 26 
5351 1 9 26 
5101 2 10 26 
4967 3 11 26 
4342 4 12 26 
4114 5 13 26 
4002 6 14 26 
3951 11 19 26 
3889 17 19 26 
3747 18 18 26 
3735 19 17 26 
3417 1 8 26 
3164 2 9 26 
2947 3 10 26 
2680 4 11 26 
2616 5 12 26 
2409 6 13 26 
2024 7 14 26 
2017 11 18 26 
1939 12 19 26 
1658 16 19 26 
1633 17 18 26 
1613 18 17 26 
1560 19 16 26 
1506 2 8 26 
1456 3 9 26 
1338 4 10 26 
1078 5 11 26 
813 6 12 26 
610 7 13 26 
96 8 14 26 
5374 10 14 26 
5111 11 17 26 
4882 12 18 26 
4867 13 19 26 
4159 15 19 26 
3638 16 18 26 
3612 17 17 26 
3577 18 16 26 
3317 19 15 26 
3197 3 8 26 
3131 4 9 26 
3012 5 10 26 
2923 6 11 26 
2905 7 12 26 
2519 8 13 26 
2505 9 14 26 
2393 10 13 26 
2365 11 16 26 
2191 12 17 26 
2190 13 18 26 
2151 14 19 26 
2136 15 18 26 
2108 16 17 26 
1950 17 16 26 
1948 18 15 26 
1094 19 14 26 
846 4 8 26 
337 5 9 26 
61 6 10 26 
5090 7 11 26 
4966 8 12 26 
4887 9 13 26 
4812 10 12 26 
4489 11 15 26 
4456 12 16 26 
4347 13 17 26 
3926 14 18 26 
3744 15 17 26 
3717 16 16 26 
3666 17 15 26 
3657 18 14 26 
3251 19 13 26 
3233 5 8 26 
3202 6 9 26 
2614 7 10 26 
2573 8 11 26 
2335 9 12 26 
2270 10 11 26 
2244 11 14 26 
2133 12 15 26 
2067 13 16 26 
2059 14 17 26 
1846 15 16 26 
1469 16 15 26 
1237 17 14 26 
1011 18 13 26 
957 19 12 26 
940 6 8 26 
931 7 9 26 
156 8 10 26 
146 9 11 26 
5443 11 13 26 
5360 12 14 26 
5085 13 15 26 
5019 14 16 26 
4898 15 15 26 
4647 16 14 26 
4289 17 13 26 
4226 18 12 26 
3699 19 11 26 
3642 7 8 26 
3610 8 9 26 
3500 9 10 26 
3173 11 12 26 
3006 12 13 26 
2849 13 14 26 
2669 14 15 26 
2524 15 14 26 
2256 16 13 26 
2223 17 12 26 
2212 18 11 26 
2139 19 10 26 
2129 8 8 26 
1968 9 9 26 
1835 10 10 26 
1830 11 11 26 
1745 12 12 26 
1577 13 13 26 
1529 14 14 26 
1426 15 13 26 
1409 16 12 26 
1315 17 11 26 
1223 18 10 26 
999 19 9 26 
913 9 8 26 
618 10 9 26 
598 11 10 26 
560 12 11 26 
9 13 12 26 
5277 14 13 26 
5115 15 12 26 
5027 16 11 26 
4631 17 10 26 
4404 18 9 26 
3994 19 8 26 
3752 10 8 26 
3682 11 9 26 
3673 12 10 26 
3357 13 11 26 
3278 14 12 26 
3015 15 11 26 
2946 16 10 26 
2877 17 9 26 
2622 18 8 26 
2539 19 7 26 
2476 11 8 26 
2404 12 9 26 
2337 13 10 26 
2119 14 11 26 
1710 15 10 26 
1695 16 9 26 
1598 17 8 26 
1246 18 7 26 
973 19 6 26 
904 12 8 26 
753 13 9 26 
436 14 10 26 
5381 15 9 26 
5253 16 8 26 
5119 17 7 26 
4945 18 6 26 
4717 19 5 26 
4636 13 8 26 
4553 14 9 26 
4514 15 8 26 
4038 16 7 26 
3890 17 6 26 
3436 18 5 26 
3392 19 4 26 
3333 14 8 26 
2574 15 7 26 
2330 16 6 26 
2096 17 5 26 
2088 18 4 26 
2055 19 3 26 
2003 0 7 26 
1740 14 7 26 
1708 15 6 26 
1436 16 5 26 
1327 17 4 26 
1318 18 3 26 
902 19 2 26 
681 0 6 26 
535 1 7 26 
5097 13 7 26 
4860 14 6 26 
4398 15 5 26 
4374 16 4 26 
4255 17 3 26 
4193 18 2 26 
4146 19 1 26 
3513 0 5 26 
3350 1 6 26 
3324 2 7 26 
3323 12 7 26 
3318 13 6 26 
2906 14 5 26 
2681 15 4 26 
2666 16 3 26 
2635 17 2 26 
2410 18 1 26 
1926 19 0 26 
1854 0 4 26 
1584 1 5 26 
1398 2 6 26 
1339 3 7 26 
1056 11 7 26 
742 12 6 26 
600 13 5 26 
5441 14 4 26 
5124 15 3 26 
4853 16 2 26 
4758 17 1 26 
4536 18 0 26 
4202 0 3 26 
4096 1 4 26 
3973 2 5 26 
3832 3 6 26 
3775 4 7 26 
3339 10 7 26 
3303 11 6 26 
3146 12 5 26 
3120 13 4 26 
2997 14 3 26 
2831 15 2 26 
2773 16 1 26 
2449 17 0 26 
2285 0 2 26 
2032 1 3 26 
1703 2 4 26 
1540 3 5 26 
1462 4 6 26 
1077 5 7 26 
651 9 7 26 
263 10 6 26 
177 11 5 26 
5442 12 4 26 
4739 13 3 26 
4575 14 2 26 
4077 15 1 26 
3971 16 0 26 
3321 0 1 26 
3177 1 2 26 
3044 2 3 26 
2172 3 4 26 
2153 4 5 26 
2099 5 6 26 
1265 6 7 26 
1248 8 7 26 
935 9 6 26 
899 10 5 26 
670 11 4 26 
631 12 3 26 
569 13 2 26 
526 14 1 26 
517 15 0 26 
197 0 0 26 
5394 1 1 26 
5333 2 2 26 
5327 3 3 26 
4609 4 4 26 
3649 5 5 26 
3518 6 6 26 
3255 7 7 26 
2430 8 6 26 
1732 9 5 26 
1600 10 4 26 
1505 11 3 26 
847 12 2 26 
267 13 1 26 
5435 14 0 26 
5136 1 0 26 
4567 2 1 26 
4444 3 2 26 
3937 4 3 26 
3930 5 4 26 
3780 6 5 26 
3741 7 6 26 
3296 8 5 26 
3275 9 4 26 
2962 10 3 26 
2699 11 2 26 
2363 12 1 26 
2286 13 0 26 
2274 2 0 26 
2074 3 1 26 
1495 4 2 26 
1195 5 3 26 
770 6 4 26 
5452 7 5 26 
4747 8 4 26 
4741 9 3 26 
4459 10 2 26 
4426 11 1 26 
4047 12 0 26 
3302 3 0 26 
2389 4 1 26 
2305 5 2 26 
2272 6 3 26 
1755 7 4 26 
1664 8 3 26 
1564 9 2 26 
1002 10 1 26 
4719 11 0 26 
4612 4 0 26 
3981 5 1 26 
2555 6 2 26 
1954 7 3 26 
699 8 2 26 
5113 9 1 26 
4735 10 0 26 
3722 5 0 26 
3378 6 1 26 
3190 7 2 26 
2953 8 1 26 
2692 9 0 26 
2383 6 0 26 
2125 7 1 26 
1466 8 0 26 
2762 7 0 26 
457 7 1 38 
2966 6 1 38 
2386 7 2 38 
3401 8 1 38 
3503 5 1 39 
3683 6 2 39 
483 7 3 39 
360 8 2 39 
2200 9 1 38 
3234 4 1 40 
4956 5 2 40 
785 6 3 40 
1215 7 4 40 
1239 8 3 40 
1779 9 2 40 
3327 10 1 40 
984 3 1 41 
1118 4 2 41 
1986 5 3 41 
2594 6 4 41 
3533 7 5 40 
3618 8 4 40 
3852 9 3 40 
4220 10 2 40 
4449 11 1 40 
4577 2 1 41 
907 3 2 41 
1066 4 3 41 
1448 5 4 41 
1711 6 5 41 
1815 7 6 41 
2015 8 5 41 
3315 9 4 41 
4031 10 3 41 
4283 11 2 41 
4498 12 1 41 
5120 1 1 42 
462 2 2 42 
537 3 3 42 
684 4 4 42 
932 5 5 42 
1390 6 6 42 
2654 8 6 42 
3309 9 5 42 
3 10 4 42 
120 11 3 42 
645 12 2 42 
1364 13 1 42 
1458 1 2 43 
2122 2 3 43 
2180 3 4 43 
2426 4 5 43 
3932 5 6 43 
4505 9 6 43 
4730 10 5 43 
4924 11 4 43 
5098 12 3 43 
5353 13 2 43 
264 14 1 43 
612 1 3 44 
685 2 4 44 
1575 3 5 44 
2362 4 6 44 
2452 10 6 44 
2623 11 5 44 
2925 12 4 43 
2981 13 3 43 
3407 14 2 43 
4055 15 1 43 
4370 1 4 44 
4589 2 5 44 
5069 3 6 44 
5213 11 6 44 
5255 12 5 44 
27 13 4 44 
253 14 3 44 
429 15 2 44 
456 16 1 44 
508 1 5 45 
1946 2 6 45 
2193 12 6 45 
2936 13 5 45 
3189 14 4 44 
3587 15 3 44 
3653 16 2 44 
4382 17 1 44 
4428 1 6 45 
4526 13 6 45 
4892 14 5 45 
5096 15 4 45 
5158 16 3 45 
5377 17 2 45 
5415 18 1 45 
5404 0 19 51 
5334 10 19 51 
5305 0 18 51 
5276 1 19 51 
5077 9 19 51 
4827 10 18 51 
4616 0 17 51 
3987 1 18 51 
3845 2 19 51 
3579 8 19 51 
3448 9 18 51 
3288 10 17 51 
3119 0 16 51 
2805 1 17 51 
2728 2 18 51 
2691 3 19 51 
2682 7 19 51 
2613 8 18 51 
2590 9 17 51 
2552 10 16 51 
2381 0 15 51 
2360 1 16 51 
2027 2 17 51 
1688 3 18 51 
1370 4 19 51 
1145 6 19 51 
597 7 18 51 
300 8 17 51 
228 9 16 51 
122 10 15 51 
5270 0 14 51 
5181 1 15 51 
5163 2 16 51 
5112 3 17 51 
5088 4 18 51 
5042 5 19 51 
5004 6 18 51 
4769 7 17 51 
4662 8 16 51 
4405 9 15 51 
4392 0 13 51 
4377 1 14 51 
4333 2 15 51 
4143 3 16 51 
4058 4 17 51 
4025 5 18 51 
4017 6 17 51 
3949 7 16 51 
3944 8 15 51 
3880 0 12 51 
3868 1 13 51 
3549 2 14 51 
3462 3 15 51 
2975 4 16 51 
2944 5 17 51 
1536 6 16 51 
1520 7 15 51 
1415 0 11 51 
1278 1 12 51 
967 2 13 51 
947 3 14 51 
909 4 15 51 
720 5 16 51 
5426 6 15 51 
5402 0 10 51 
5358 1 11 51 
5347 2 12 51 
5337 3 13 51 
4970 4 14 51 
4529 5 15 51 
3810 19 19 51 
3600 0 9 51 
3286 1 10 51 
3279 2 11 51 
2987 3 12 51 
2893 4 13 51 
2843 5 14 51 
2772 18 19 51 
2676 19 18 51 
2395 0 8 51 
2308 1 9 51 
2202 2 10 51 
2049 3 11 51 
2038 4 12 51 
1973 5 13 51 
1882 6 14 51 
1861 11 19 51 
1276 17 19 51 
1124 18 18 51 
778 19 17 51 
703 1 8 51 
558 2 9 51 
155 3 10 51 
38 4 11 51 
5434 5 12 51 
5212 6 13 51 
5207 7 14 51 
5032 11 18 51 
4988 12 19 51 
4913 16 19 51 
4556 17 18 51 
4407 18 17 51 
4406 19 16 51 
4247 2 8 51 
4165 3 9 51 
4007 4 10 51 
3897 5 11 51 
3796 6 12 51 
3762 7 13 51 
3499 8 14 51 
2837 10 14 51 
2713 11 17 51 
2583 12 18 51 
2331 13 19 51 
2320 15 19 51 
2316 16 18 51 
2007 17 17 51 
1969 18 16 51 
1908 19 15 51 
1799 3 8 51 
1312 4 9 51 
1185 5 10 51 
1159 6 11 51 
1101 7 12 51 
1082 8 13 51 
896 9 14 51 
797 10 13 51 
712 11 16 51 
648 12 17 51 
538 13 18 51 
406 14 19 51 
398 15 18 51 
272 16 17 51 
268 17 16 51 
5274 18 15 51 
4895 19 14 51 
4851 4 8 51 
4448 5 9 51 
4378 6 10 51 
4163 7 11 51 
4059 8 12 51 
3893 9 13 51 
3805 10 12 51 
3704 11 15 51 
3397 12 16 51 
3127 13 17 51 
2711 14 18 51 
2580 15 17 51 
2530 16 16 51 
2302 17 15 51 
2029 18 14 51 
1812 19 13 51 
1795 5 8 51 
1784 6 9 51 
1782 7 10 51 
1657 8 11 51 
1621 9 12 51 
1567 10 11 51 
987 11 14 51 
976 12 15 51 
636 13 16 51 
575 14 17 51 
213 15 16 51 
167 16 15 51 
119 17 14 51 
45 18 13 51 
41 19 12 51 
5401 6 8 51 
5355 7 9 51 
5271 8 10 51 
5147 9 11 51 
4980 11 13 51 
4902 12 14 51 
4823 13 15 51 
4573 14 16 51 
4522 15 15 51 
4447 16 14 51 
4278 17 13 51 
4229 18 12 51 
4157 19 11 51 
4109 7 8 51 
3620 8 9 51 
3582 9 10 51 
3071 11 12 51 
2763 12 13 51 
2709 13 14 51 
2344 14 15 51 
2340 15 14 51 
1803 16 13 51 
1722 17 12 51 
1475 18 11 51 
1222 19 10 51 
1034 8 8 51 
837 9 9 51 
764 10 10 51 
711 11 11 51 
431 12 12 51 
334 13 13 51 
305 14 14 51 
205 15 13 51 
111 16 12 51 
54 17 11 51 
4997 18 10 51 
4875 19 9 51 
4590 9 8 51 
4574 10 9 51 
4559 11 10 51 
4244 12 11 51 
4231 13 12 51 
4213 14 13 51 
4128 15 12 51 
3989 16 11 51 
3958 17 10 51 
3928 18 9 51 
3894 19 8 51 
3624 10 8 51 
3617 11 9 51 
3178 12 10 51 
2620 13 11 51 
2540 14 12 51 
2518 15 11 51 
2371 16 10 51 
2141 17 9 51 
1152 18 8 51 
1080 19 7 51 
820 11 8 51 
811 12 9 51 
751 13 10 51 
663 14 11 51 
654 15 10 51 
606 16 9 51 
519 17 8 51 
321 18 7 51 
5114 19 6 51 
4752 12 8 51 
4196 13 9 51 
4171 14 10 51 
4162 15 9 51 
3841 16 8 51 
3829 17 7 51 
3784 18 6 51 
3562 19 5 51 
3377 13 8 51 
3346 14 9 51 
3124 15 8 51 
3022 16 7 51 
2851 17 6 51 
2400 18 5 51 
1793 19 4 51 
1430 14 8 51 
1394 15 7 51 
239 16 6 51 
102 17 5 51 
99 18 4 51 
5357 19 3 51 
5183 0 7 51 
5040 14 7 51 
4569 15 6 51 
4477 16 5 51 
4463 17 4 51 
4430 18 3 51 
4421 19 2 51 
4332 0 6 51 
4280 1 7 51 
4013 13 7 51 
3966 14 6 51 
3900 15 5 51 
3873 16 4 51 
3814 17 3 51 
3811 18 2 51 
3547 19 1 51 
3314 0 5 51 
3160 1 6 51 
3052 2 7 51 
3034 12 7 51 
2924 13 6 51 
2899 14 5 51 
2737 15 4 51 
2617 16 3 51 
2577 17 2 51 
2562 18 1 51 
2118 19 0 51 
1482 0 4 51 
1451 1 5 51 
1439 2 6 51 
1084 3 7 51 
1043 11 7 51 
1021 12 6 51 
827 13 5 51 
482 14 4 51 
394 15 3 51 
90 16 2 51 
5073 17 1 51 
5046 18 0 51 
4849 0 3 51 
4742 1 4 51 
4666 2 5 51 
4414 3 6 51 
4083 4 7 51 
2951 10 7 51 
2942 11 6 51 
2779 12 5 51 
2422 13 4 51 
1170 14 3 51 
5078 15 2 51 
5017 16 1 51 
4951 17 0 51 
4784 0 2 51 
4476 1 3 51 
4457 2 4 51 
4431 3 5 51 
4373 4 6 51 
4091 5 7 51 
3856 9 7 51 
3486 10 6 51 
3297 11 5 51 
2990 12 4 51 
2866 13 3 51 
1554 14 2 51 
1330 15 1 51 
790 16 0 51 
745 0 1 51 
656 1 2 51 
148 2 3 51 
80 3 4 51 
5418 4 5 51 
5254 5 6 51 
5214 6 7 51 
4708 8 7 51 
4185 9 6 51 
4030 10 5 51 
3763 11 4 51 
3668 12 3 51 
3485 13 2 51 
3166 14 1 51 
2262 15 0 51 
2110 0 0 51 
1933 1 1 51 
1188 2 2 51 
743 3 3 51 
4934 4 4 51 
4429 5 5 51 
4092 6 6 51 
4012 7 7 51 
3530 8 6 51 
3287 9 5 51 
2554 10 4 51 
2097 11 3 51 
1753 12 2 51 
1694 13 1 51 
1679 14 0 51 
996 1 0 51 
867 2 1 51 
343 3 2 51 
341 4 3 51 
157 5 4 51 
5411 6 5 51 
5246 7 6 51 
5209 8 5 51 
5197 9 4 51 
4641 10 3 51 
4518 11 2 51 
3728 12 1 51 
3156 13 0 51 
2417 2 0 51 
1477 3 1 51 
1249 4 2 51 
1104 5 3 51 
609 6 4 51 
255 7 5 51 
179 8 4 51 
31 9 3 51 
5314 10 2 51 
5264 11 1 51 
5241 12 0 51 
4679 3 0 51 
4640 4 1 51 
4586 5 2 51 
4216 6 3 51 
3917 7 4 51 
3887 8 3 51 
3468 9 2 51 
3425 10 1 51 
3308 11 0 51 
3037 4 0 51 
1173 5 1 51 
1096 6 2 51 
112 7 3 51 
3538 8 2 51 
3525 9 1 51 
2629 10 0 51 
5447 5 0 51 
5400 6 1 51 
5349 7 2 51 
3999 8 1 51 
1777 9 0 51 
1380 6 0 51 
715 7 1 51 
478 8 0 51 
388 7 0 51 
1395 7 1 62 
3241 6 1 62 
3861 7 2 62 
926 8 1 62 
2085 5 1 64 
3358 6 2 64 
3878 7 3 64 
3988 8 2 63 
1590 9 1 63 
2482 4 1 64 
2861 5 2 64 
87 6 3 64 
527 7 4 64 
737 8 3 64 
740 9 2 64 
890 10 1 64 
4695 3 1 65 
4881 4 2 65 
4926 5 3 65 
117 6 4 65 
430 7 5 65 
821 8 4 65 
998 9 3 65 
1074 10 2 64 
1217 11 1 64 
1696 2 1 66 
1925 3 2 66 
3453 4 3 66 
4262 5 4 66 
5144 6 5 65 
5248 7 6 65 
100 8 5 65 
290 9 4 65 
1653 10 3 65 
1749 11 2 65 
2743 12 1 65 
2983 1 1 67 
3905 2 2 67 
4499 3 3 67 
970 4 4 66 
1187 5 5 66 
1433 6 6 66 
1470 8 6 66 
2385 9 5 66 
3020 10 4 66 
3206 11 3 66 
3316 12 2 66 
3844 13 1 66 
4418 1 2 68 
5365 2 3 68 
73 3 4 68 
222 4 5 67 
382 5 6 67 
1162 9 6 67 
1319 10 5 67 
1921 11 4 67 
2415 12 3 67 
3438 13 2 67 
3636 14 1 67 
3822 1 3 68 
4155 2 4 68 
4605 3 5 68 
18 4 6 68 
106 10 6 68 
130 11 5 68 
485 12 4 68 
822 13 3 68 
927 14 2 68 
1987 15 1 68 
2972 1 4 69 
3313 2 5 69 
3721 3 6 69 
3910 11 6 69 
3986 12 5 69 
4088 13 4 69 
5152 14 3 69 
126 15 2 68 
494 16 1 68 
754 1 5 70 
1994 2 6 70 
2269 12 6 70 
3195 13 5 70 
3993 14 4 70 
4242 15 3 70 
4591 16 2 70 
5043 17 1 69 
169 1 6 70 
1085 13 6 70 
1674 14 5 70 
1964 15 4 70 
2599 16 3 70 
3556 17 2 70 
3659 18 1 70 
5453 0 19 76 
5439 10 19 76 
5336 0 18 76 
5287 1 19 76 
5037 9 19 76 
4996 10 18 76 
4825 0 17 76 
4813 1 18 76 
4768 2 19 76 
4413 8 19 76 
4294 9 18 76 
3915 10 17 76 
3891 0 16 76 
3882 1 17 76 
3820 2 18 76 
3563 3 19 76 
3482 7 19 76 
3477 8 18 76 
3196 9 17 76 
3104 10 16 76 
2632 0 15 76 
2549 1 16 76 
2322 2 17 76 
2298 3 18 76 
2297 4 19 76 
2189 6 19 76 
1917 7 18 76 
1697 8 17 76 
1595 9 16 76 
1331 10 15 76 
1282 0 14 76 
1210 1 15 76 
1091 2 16 76 
993 3 17 76 
945 4 18 76 
220 5 19 76 
201 6 18 76 
5388 7 17 76 
5141 8 16 76 
4865 9 15 76 
4814 0 13 76 
4767 1 14 76 
4677 2 15 76 
4337 3 16 76 
4336 4 17 76 
4142 5 18 76 
3847 6 17 76 
3660 7 16 76 
3655 8 15 76 
3625 0 12 76 
3427 1 13 76 
3356 2 14 76 
3320 3 15 76 
3141 4 16 76 
3138 5 17 76 
3074 6 16 76 
3059 7 15 76 
2789 0 11 76 
2782 1 12 76 
2642 2 13 76 
2610 3 14 76 
2605 4 15 76 
2567 5 16 76 
2405 6 15 76 
2237 0 10 76 
2234 1 11 76 
2218 2 12 76 
2048 3 13 76 
2008 4 14 76 
1989 5 15 76 
1859 19 19 76 
1774 0 9 76 
1676 1 10 76 
1638 2 11 76 
1446 3 12 76 
630 4 13 76 
621 5 14 76 
434 18 19 76 
371 19 18 76 
5372 0 8 76 
5300 1 9 76 
5189 2 10 76 
5048 3 11 76 
5047 4 12 76 
4818 5 13 76 
4699 6 14 76 
4653 11 19 76 
4564 17 19 76 
4557 18 18 76 
4523 19 17 76 
4503 1 8 76 
4380 2 9 76 
4372 3 10 76 
4152 4 11 76 
4011 5 12 76 
3632 6 13 76 
3623 7 14 76 
3332 11 18 76 
3305 12 19 76 
3260 16 19 76 
3219 17 18 76 
2967 18 17 76 
2842 19 16 76 
2550 2 8 76 
2493 3 9 76 
2480 4 10 76 
2112 5 11 76 
2101 6 12 76 
1848 7 13 76 
1601 8 14 76 
1493 10 14 76 
554 11 17 76 
149 12 18 76 
49 13 19 76 
5416 15 19 76 
5396 16 18 76 
5387 17 17 76 
5328 18 16 76 
4766 19 15 76 
4672 3 8 76 
4584 4 9 76 
4363 5 10 76 
4257 6 11 76 
4205 7 12 76 
3834 8 13 76 
3566 9 14 76 
3147 10 13 76 
3066 11 16 76 
2459 12 17 76 
2342 13 18 76 
2309 14 19 76 
2209 15 18 76 
2183 16 17 76 
2160 17 16 76 
1770 18 15 76 
634 19 14 76 
453 4 8 76 
376 5 9 76 
333 6 10 76 
217 7 11 76 
72 8 12 76 
5385 9 13 76 
5258 10 12 76 
5218 11 15 76 
5103 12 16 76 
5094 13 17 76 
4779 14 18 76 
4725 15 17 76 
4481 16 16 76 
4349 17 15 76 
4094 18 14 76 
3799 19 13 76 
3231 5 8 76 
3002 6 9 76 
2919 7 10 76 
2742 8 11 76 
2507 9 12 76 
2084 10 11 76 
1913 11 14 76 
1748 12 15 76 
1606 13 16 76 
1100 14 17 76 
1035 15 16 76 
975 16 15 76 
972 17 14 76 
960 18 13 76 
808 19 12 76 
392 6 8 76 
386 7 9 76 
364 8 10 76 
322 9 11 76 
5285 11 13 76 
4987 12 14 76 
4942 13 15 76 
4910 14 16 76 
4706 15 15 76 
4670 16 14 76 
4638 17 13 76 
4524 18 12 76 
4487 19 11 76 
3979 7 8 76 
3824 8 9 76 
3611 9 10 76 
3584 11 12 76 
3512 12 13 76 
3495 13 14 76 
3328 14 15 76 
3130 15 14 76 
3113 16 13 76 
2809 17 12 76 
2484 18 11 76 
2447 19 10 76 
2446 8 8 76 
1893 9 9 76 
1385 10 10 76 
1081 11 11 76 
1008 12 12 76 
749 13 13 76 
739 14 14 76 
593 15 13 76 
544 16 12 76 
5056 17 11 76 
4989 18 10 76 
4757 19 9 76 
4598 9 8 76 
4106 10 9 76 
3630 11 10 76 
3552 12 11 76 
3403 13 12 76 
3250 14 13 76 
3139 15 12 76 
3051 16 11 76 
2920 17 10 76 
2080 18 9 76 
1957 19 8 76 
1918 10 8 76 
1892 11 9 76 
1463 12 10 76 
1334 13 11 76 
1218 14 12 76 
1020 15 11 76 
758 16 10 76 
550 17 9 76 
297 18 8 76 
135 19 7 76 
5417 11 8 76 
5251 12 9 76 
5216 13 10 76 
5160 14 11 76 
4974 15 10 76 
4711 16 9 76 
4648 17 8 76 
4067 18 7 76 
4024 19 6 76 
3629 12 8 76 
3463 13 9 76 
3014 14 10 76 
2922 15 9 76 
2830 16 8 76 
2786 17 7 76 
2431 18 6 76 
1960 19 5 76 
1586 13 8 76 
1498 14 9 76 
325 15 8 76 
118 16 7 76 
5409 17 6 76 
5356 18 5 76 
4552 19 4 76 
3967 14 8 76 
3789 15 7 76 
3731 16 6 76 
3444 17 5 76 
3373 18 4 76 
3281 19 3 76 
3159 0 7 76 
3083 14 7 76 
1999 15 6 76 
1912 16 5 76 
1792 17 4 76 
1452 18 3 76 
759 19 2 76 
584 0 6 76 
525 1 7 76 
204 13 7 76 
133 14 6 76 
5192 15 5 76 
5138 16 4 76 
5092 17 3 76 
5005 18 2 76 
4834 19 1 76 
4702 0 5 76 
4692 1 6 76 
4560 2 7 76 
4440 12 7 76 
4341 13 6 76 
4246 14 5 76 
3671 15 4 76 
3515 16 3 76 
3077 17 2 76 
3061 18 1 76 
2976 19 0 76 
2579 0 4 76 
2477 1 5 76 
2458 2 6 76 
2433 3 7 76 
2391 11 7 76 
2380 12 6 76 
2250 13 5 76 
2077 14 4 76 
1850 15 3 76 
1802 16 2 76 
1778 17 1 76 
1392 18 0 76 
1379 0 3 76 
1279 1 4 76 
1221 2 5 76 
1192 3 6 76 
74 4 7 76 
25 10 7 76 
5373 11 6 76 
5200 12 5 76 
5168 13 4 76 
4471 14 3 76 
4304 15 2 76 
4256 16 1 76 
4014 17 0 76 
3476 0 2 76 
3225 1 3 76 
3208 2 4 76 
1235 3 5 76 
1072 4 6 76 
714 5 7 76 
687 9 7 76 
615 10 6 76 
523 11 5 76 
378 12 4 76 
227 13 3 76 
194 14 2 76 
125 15 1 76 
95 16 0 76 
11 0 1 76 
5242 1 2 76 
5072 2 3 76 
4764 3 4 76 
4547 4 5 76 
4468 5 6 76 
4403 6 7 76 
4282 8 7 76 
4129 9 6 76 
3929 10 5 76 
3858 11 4 76 
3151 12 3 76 
3058 13 2 76 
2921 14 1 76 
2740 15 0 76 
2565 0 0 76 
2492 1 1 76 
2486 2 2 76 
2436 3 3 76 
2273 4 4 76 
1287 5 5 76 
543 6 6 76 
423 7 7 76 
273 8 6 76 
254 9 5 76 
212 10 4 76 
4701 11 3 76 
3708 12 2 76 
3635 13 1 76 
3349 14 0 76 
3271 1 0 76 
3121 2 1 76 
3069 3 2 76 
2500 4 3 76 
1998 5 4 76 
1274 6 5 76 
1264 7 6 76 
1203 8 5 76 
1144 9 4 76 
862 10 3 76 
762 11 2 76 
4538 12 1 76 
4473 13 0 76 
3813 2 0 76 
3312 3 1 76 
2910 4 2 76 
2319 5 3 76 
2165 6 4 76 
1965 7 5 76 
1673 8 4 76 
1485 9 3 76 
1105 10 2 76 
812 11 1 76 
427 12 0 76 
348 3 0 76 
5182 4 1 76 
4949 5 2 76 
4356 6 3 76 
4259 7 4 76 
3488 8 3 76 
3106 9 2 76 
2537 10 1 76 
2394 11 0 76 
93 4 0 76 
5161 5 1 76 
5016 6 2 76 
4912 7 3 76 
3953 8 2 76 
3855 9 1 76 
3773 10 0 76 
3536 5 0 76 
3491 6 1 76 
1067 7 2 76 
400 8 1 76 
190 9 0 76 
91 6 0 76 
5137 7 1 76 
3300 8 0 76 
2760 7 0 76 
2233 7 1 87 
3769 6 1 88 
773 7 2 88 
937 8 1 88 
3207 5 1 88 
4800 6 2 88 
592 7 3 88 
710 8 2 88 
925 9 1 88 
2846 4 1 89 
4324 5 2 89 
4770 6 3 89 
260 7 4 89 
1335 8 3 89 
1743 9 2 89 
3456 10 1 89 
1615 3 1 90 
2725 4 2 90 
2869 5 3 90 
4465 6 4 90 
5187 7 5 90 
549 8 4 90 
608 9 3 90 
2719 10 2 90 
3342 11 1 90 
3801 2 1 91 
4494 3 2 91 
2341 4 3 91 
2727 5 4 91 
3325 6 5 91 
252 7 6 91 
892 8 5 91 
1050 9 4 91 
1114 10 3 91 
1826 11 2 91 
1865 12 1 90 
1889 1 1 92 
2276 2 2 92 
4075 3 3 92 
4086 4 4 92 
4089 5 5 92 
5100 6 6 92 
5156 8 6 92 
5208 9 5 92 
5239 10 4 92 
5295 11 3 91 
5428 12 2 91 
439 13 1 91 
586 1 2 92 
2551 2 3 92 
4204 3 4 92 
4795 4 5 92 
5089 5 6 92 
5343 9 6 92 
223 10 5 92 
285 11 4 92 
599 12 3 92 
1172 13 2 92 
1281 14 1 92 
1660 1 3 93 
2291 2 4 93 
2310 3 5 93 
2418 4 6 93 
2793 10 6 93 
3040 11 5 93 
3081 12 4 93 
3268 13 3 93 
4195 14 2 93 
4322 15 1 93 
4625 1 4 94 
52 2 5 94 
552 3 6 94 
580 11 6 93 
1199 12 5 93 
1891 13 4 93 
2621 14 3 93 
3005 15 2 93 
3086 16 1 93 
3362 1 5 94 
3369 2 6 94 
4467 12 6 94 
4479 13 5 94 
4972 14 4 94 
339 15 3 94 
495 16 2 94 
635 17 1 94 
1123 1 6 94 
1200 13 6 94 
2159 14 5 94 
2636 15 4 94 
2696 16 3 94 
2903 17 2 94 
3220 18 1 94 
3956 14 6 95 
4015 15 5 94 
4396 16 4 94 
4554 17 3 94 
4690 18 2 94 
4803 15 6 95 
4954 16 5 95 
5135 17 4 95 
