1657
4300 11 19 1 
4067 6 19 1 
3833 10 19 1 
3807 11 18 1 
3759 6 18 1 
3645 7 19 1 
3605 9 19 1 
3579 10 18 1 
3351 11 13 1 
3310 11 17 1 
2955 6 17 1 
2902 7 18 1 
2767 8 19 1 
2761 9 18 1 
2745 10 13 1 
2695 10 17 1 
2587 11 14 1 
1048 11 16 1 
567 7 17 1 
154 8 18 1 
4693 9 17 1 
4642 10 14 1 
4628 10 16 1 
4556 11 15 1 
4431 8 17 1 
4100 9 16 1 
3704 10 15 1 
3586 12 19 1 
3429 8 16 1 
3235 9 13 1 
3101 9 15 1 
3043 12 18 1 
3012 13 19 1 
2974 15 13 1 
2792 7 16 1 
2753 8 13 1 
2569 8 15 1 
2315 9 14 1 
2225 12 13 1 
2135 12 17 1 
1915 13 18 1 
1815 14 13 1 
1587 14 19 1 
1349 15 14 1 
721 7 13 1 
614 7 15 1 
540 8 14 1 
536 12 14 1 
358 12 16 1 
303 13 13 1 
45 13 17 1 
4767 14 14 1 
4627 14 18 1 
4533 15 19 1 
4123 19 19 1 
3982 0 19 1 
3956 6 13 1 
3840 7 14 1 
3726 12 15 1 
3463 13 14 1 
3206 13 16 1 
3001 14 17 1 
2541 15 18 1 
2530 16 19 1 
2497 18 19 1 
2179 19 18 1 
2032 0 18 1 
1925 1 19 1 
1892 5 19 1 
1611 6 14 1 
1407 13 15 1 
1329 14 16 1 
1110 15 17 1 
858 16 18 1 
856 17 19 1 
852 18 18 1 
488 19 17 1 
343 0 17 1 
204 1 18 1 
4662 2 19 1 
4529 4 19 1 
4517 5 14 1 
4505 5 18 1 
4195 6 15 1 
4043 14 15 1 
3934 15 16 1 
3528 16 17 1 
3383 17 18 1 
3318 18 17 1 
3214 19 16 1 
2766 0 16 1 
2621 1 17 1 
2149 2 18 1 
1941 3 19 1 
1912 4 14 1 
1818 4 18 1 
1700 5 15 1 
1619 5 17 1 
1511 6 16 1 
1410 15 15 1 
1265 16 16 1 
1256 17 17 1 
1094 18 16 1 
1065 19 7 1 
821 19 15 1 
779 0 5 1 
248 0 15 1 
139 1 16 1 
22 2 5 1 
4666 2 17 1 
4635 3 18 1 
4581 4 15 1 
4579 4 17 1 
4469 5 16 1 
4462 16 15 1 
4401 17 16 1 
4291 18 7 1 
4236 18 15 1 
3948 19 8 1 
3881 19 14 1 
3826 0 6 1 
3684 0 14 1 
3630 1 5 1 
3599 1 15 1 
3440 2 6 1 
3238 2 16 1 
3192 3 17 1 
3051 4 16 1 
2951 17 15 1 
2893 18 8 1 
2892 18 14 1 
2736 19 9 1 
2204 19 13 1 
2041 0 7 1 
1906 0 11 1 
1845 0 13 1 
1715 1 6 1 
1712 1 14 1 
1629 2 7 1 
1362 2 15 1 
1337 3 16 1 
1020 17 14 1 
1002 18 9 1 
823 18 13 1 
805 19 10 1 
702 19 12 1 
692 0 8 1 
145 0 10 1 
106 0 12 1 
4685 1 7 1 
4509 1 11 1 
4458 1 13 1 
4435 2 14 1 
4056 3 5 1 
3787 3 15 1 
3519 16 14 1 
3474 17 9 1 
3365 17 13 1 
3239 18 10 1 
3081 18 12 1 
3015 19 11 1 
2965 0 9 1 
2790 1 8 1 
2728 1 10 1 
2711 1 12 1 
2531 2 11 1 
2490 2 13 1 
2408 3 6 1 
2205 3 14 1 
1763 4 5 1 
1580 16 9 1 
1426 16 13 1 
1351 17 10 1 
1140 17 12 1 
531 18 11 1 
429 1 9 1 
428 2 8 1 
291 2 10 1 
276 2 12 1 
4507 3 7 1 
4326 3 13 1 
4295 4 6 1 
4191 16 6 1 
4185 16 10 1 
3997 16 12 1 
3802 17 7 1 
3662 17 11 1 
3502 2 9 1 
3358 3 8 1 
3336 3 12 1 
3087 4 7 1 
2929 4 13 1 
2520 5 4 1 
2164 15 6 1 
1916 15 12 1 
1689 16 7 1 
1187 16 11 1 
1169 17 8 1 
969 0 4 1 
686 3 9 1 
616 3 11 1 
600 4 4 1 
444 4 8 1 
223 4 12 1 
27 5 3 1 
4768 5 13 1 
4649 10 12 1 
4631 14 6 1 
4626 14 12 1 
4557 15 7 1 
4441 15 11 1 
4419 16 8 1 
4301 0 3 1 
4276 1 4 1 
4092 3 4 1 
3894 3 10 1 
3850 4 3 1 
3846 4 9 1 
3715 4 11 1 
3431 5 12 1 
3079 10 11 1 
2984 11 12 1 
2976 13 12 1 
2858 14 7 1 
2601 14 11 1 
2400 15 8 1 
2168 15 10 1 
1540 0 0 1 
1197 0 2 1 
1047 1 3 1 
983 2 4 1 
934 3 3 1 
645 4 10 1 
359 5 9 1 
185 5 11 1 
65 6 12 1 
4255 11 11 1 
4244 12 12 1 
4197 13 11 1 
3869 14 8 1 
3788 14 10 1 
3480 15 9 1 
3163 0 1 1 
3140 1 0 1 
3139 1 2 1 
3024 2 3 1 
2979 3 2 1 
2967 5 10 1 
2778 6 11 1 
2349 7 12 1 
2294 12 11 1 
2159 13 8 1 
2126 13 10 1 
1806 14 9 1 
1676 15 0 1 
1576 19 0 1 
1342 19 4 1 
1095 19 6 1 
939 1 1 1 
840 2 0 1 
684 2 2 1 
680 6 10 1 
659 7 11 1 
638 8 12 1 
322 10 10 1 
38 12 8 1 
25 12 10 1 
4699 13 9 1 
4420 15 1 1 
4218 16 0 1 
4077 18 0 1 
4000 18 4 1 
3958 18 6 1 
3836 19 1 1 
3730 19 3 1 
3672 19 5 1 
3553 2 1 1 
3544 3 0 1 
3330 5 8 1 
2939 6 9 1 
2825 7 10 1 
2361 8 11 1 
2309 9 12 1 
1518 10 9 1 
1136 11 10 1 
1076 12 9 1 
1074 16 1 1 
1068 17 0 1 
952 17 6 1 
889 18 1 1 
736 18 3 1 
655 18 5 1 
425 19 2 1 
4743 3 1 1 
4386 4 0 1 
4294 5 7 1 
4263 6 8 1 
4152 7 9 1 
4146 8 10 1 
3695 9 11 1 
3468 10 8 1 
3398 11 9 1 
3131 17 1 1 
2940 17 5 1 
2930 18 2 1 
2501 4 1 1 
2194 5 0 1 
2074 5 6 1 
2037 6 7 1 
1810 7 8 1 
1621 8 9 1 
1612 9 10 1 
1202 10 7 1 
1181 11 8 1 
1180 15 2 1 
647 16 5 1 
140 17 2 1 
4687 17 4 1 
4585 4 2 1 
4551 5 1 1 
4361 5 5 1 
4053 6 0 1 
3983 6 6 1 
3858 7 7 1 
3744 8 8 1 
3204 9 9 1 
3196 11 7 1 
3128 13 7 1 
2903 14 0 1 
1028 15 5 1 
730 16 2 1 
494 16 4 1 
288 17 3 1 
275 5 2 1 
82 6 1 1 
10 6 5 1 
4712 7 0 1 
4535 7 6 1 
4497 8 7 1 
4327 9 0 1 
4061 9 8 1 
3848 11 6 1 
3613 12 7 1 
3541 13 0 1 
3320 13 6 1 
2914 14 1 1 
2676 14 5 1 
1984 15 4 1 
1077 16 3 1 
124 6 2 1 
4737 6 4 1 
4531 7 1 1 
3810 7 5 1 
3710 8 0 1 
3529 8 6 1 
3290 9 1 1 
3244 9 7 1 
3116 12 6 1 
2836 13 1 1 
2157 13 5 1 
2058 14 2 1 
1404 14 4 1 
1310 15 3 1 
1295 6 3 1 
982 7 2 1 
46 7 4 1 
4735 8 1 1 
4720 8 5 1 
4522 9 6 1 
4500 12 5 1 
4332 13 2 1 
3890 13 4 1 
3686 14 3 1 
3481 7 3 1 
2911 8 2 1 
2529 8 4 1 
2457 9 5 1 
2358 10 6 1 
2322 11 5 1 
1346 12 4 1 
224 13 3 1 
4200 8 3 1 
3797 9 4 1 
3400 10 5 1 
3337 11 4 1 
3334 12 3 1 
3305 9 3 1 
3246 10 4 1 
3104 11 3 1 
2801 9 2 1 
2733 10 3 1 
2505 10 2 1 
2030 10 1 1 
350 11 2 1 
4205 10 0 1 
3516 11 1 1 
2722 12 2 1 
2546 11 0 1 
2281 12 1 1 
525 12 0 1 
361 11 1 12 
345 11 4 13 
679 7 3 14 
740 12 4 14 
4398 8 6 15 
824 8 7 16 
3499 5 1 17 
3835 16 4 17 
4502 18 1 19 
2846 1 1 20 
3277 6 11 20 
2009 4 10 21 
2241 15 7 21 
1105 1 9 23 
2107 1 10 23 
4749 11 19 26 
4311 6 19 26 
4196 10 19 26 
4099 11 18 26 
4082 6 18 26 
4049 7 19 26 
3998 9 19 26 
3817 10 18 26 
3702 11 13 26 
3578 11 17 26 
3263 6 17 26 
3154 7 18 26 
2998 8 19 26 
2857 9 18 26 
2677 10 13 26 
2626 10 17 26 
2414 11 14 26 
2183 11 16 26 
2156 7 17 26 
2137 8 18 26 
2090 9 17 26 
2027 10 14 26 
1982 10 16 26 
1900 11 15 26 
1843 8 17 26 
1682 9 16 26 
1670 10 15 26 
1648 12 19 26 
1456 8 16 26 
1198 9 13 26 
1167 9 15 26 
1164 12 18 26 
1141 13 19 26 
932 15 13 26 
820 7 16 26 
694 8 13 26 
625 8 15 26 
279 9 14 26 
174 12 13 26 
4563 12 17 26 
4488 13 18 26 
4281 14 13 26 
4275 14 19 26 
4238 15 14 26 
4033 7 13 26 
3737 7 15 26 
3545 8 14 26 
3532 12 14 26 
3469 12 16 26 
3284 13 13 26 
3013 13 17 26 
2920 14 14 26 
2823 14 18 26 
2806 15 19 26 
2777 19 19 26 
2589 0 19 26 
2447 6 13 26 
2227 7 14 26 
2125 12 15 26 
1731 13 14 26 
1592 13 16 26 
1267 14 17 26 
783 15 18 26 
767 16 19 26 
374 18 19 26 
99 19 18 26 
92 0 18 26 
42 1 19 26 
4126 5 19 26 
3784 6 14 26 
3728 13 15 26 
3705 14 16 26 
3681 15 17 26 
3211 16 18 26 
2724 17 19 26 
2427 18 18 26 
2363 19 17 26 
2344 0 17 26 
2161 1 18 26 
2102 2 19 26 
1914 4 19 26 
1622 5 14 26 
1499 5 18 26 
1409 6 15 26 
1353 14 15 26 
777 15 16 26 
763 16 17 26 
699 17 18 26 
511 18 17 26 
314 19 16 26 
266 0 16 26 
175 1 17 26 
169 2 18 26 
4753 3 19 26 
4742 4 14 26 
4483 4 18 26 
4217 5 15 26 
4175 5 17 26 
4104 6 16 26 
4017 15 15 26 
3892 16 16 26 
3885 17 17 26 
3626 18 16 26 
3314 19 7 26 
3107 19 15 26 
2740 0 5 26 
2379 0 15 26 
2206 1 16 26 
2038 2 5 26 
1986 2 17 26 
1909 3 18 26 
1765 4 15 26 
1649 4 17 26 
1493 5 16 26 
1355 16 15 26 
846 17 16 26 
482 18 7 26 
411 18 15 26 
17 19 8 26 
16 19 14 26 
4390 0 6 26 
4312 0 14 26 
4062 1 5 26 
3814 1 15 26 
3736 2 6 26 
3590 2 16 26 
3306 3 17 26 
3190 4 16 26 
2956 17 15 26 
2888 18 8 26 
2779 18 14 26 
2303 19 9 26 
2143 19 13 26 
2131 0 7 26 
2093 0 11 26 
2071 0 13 26 
2013 1 6 26 
1848 1 14 26 
1711 2 7 26 
1536 2 15 26 
1496 3 16 26 
1477 17 14 26 
1391 18 9 26 
1019 18 13 26 
481 19 10 26 
460 19 12 26 
277 0 8 26 
273 0 10 26 
95 0 12 26 
90 1 7 26 
67 1 11 26 
4772 1 13 26 
4766 2 14 26 
4171 3 5 26 
3795 3 15 26 
3628 16 14 26 
3435 17 9 26 
3412 17 13 26 
3292 18 10 26 
3253 18 12 26 
2915 19 11 26 
2904 0 9 26 
2741 1 8 26 
2653 1 10 26 
2460 1 12 26 
2094 2 11 26 
2020 2 13 26 
1988 3 6 26 
1978 3 14 26 
1667 4 5 26 
1623 16 9 26 
1556 16 13 26 
1469 17 10 26 
1356 17 12 26 
1234 18 11 26 
834 1 9 26 
539 2 8 26 
318 2 10 26 
247 2 12 26 
199 3 7 26 
190 3 13 26 
125 4 6 26 
26 16 6 26 
4734 16 10 26 
4686 16 12 26 
4619 17 7 26 
4541 17 11 26 
4418 2 9 26 
4363 3 8 26 
4292 3 12 26 
3843 4 7 26 
3793 4 13 26 
3521 5 4 26 
3119 15 6 26 
2820 15 12 26 
2508 16 7 26 
2467 16 11 26 
2181 17 8 26 
2129 0 4 26 
2017 3 9 26 
1841 3 11 26 
1800 4 4 26 
1616 4 8 26 
1509 4 12 26 
1419 5 3 26 
1393 5 13 26 
1158 10 12 26 
830 14 6 26 
367 14 12 26 
4684 15 7 26 
4616 15 11 26 
4434 16 8 26 
4280 0 3 26 
4257 1 4 26 
4173 3 4 26 
4096 3 10 26 
3884 4 3 26 
3703 4 9 26 
3003 4 11 26 
2734 5 12 26 
2694 10 11 26 
2304 11 12 26 
1929 13 12 26 
1849 14 7 26 
1747 14 11 26 
1641 15 8 26 
1581 15 10 26 
1559 0 0 26 
750 0 2 26 
4678 1 3 26 
4595 2 4 26 
4438 3 3 26 
4412 4 10 26 
4355 5 9 26 
4318 5 11 26 
4144 6 12 26 
3798 11 11 26 
3725 12 12 26 
3718 13 11 26 
3712 14 8 26 
3562 14 10 26 
3492 15 9 26 
3457 0 1 26 
3170 1 0 26 
3023 1 2 26 
2620 2 3 26 
2606 3 2 26 
2433 5 10 26 
2151 6 11 26 
2148 7 12 26 
2029 12 11 26 
1807 13 8 26 
1417 13 10 26 
1336 14 9 26 
1228 15 0 26 
1102 19 0 26 
1052 19 4 26 
941 19 6 26 
566 1 1 26 
379 2 0 26 
342 2 2 26 
307 6 10 26 
282 7 11 26 
57 8 12 26 
4622 10 10 26 
4495 12 8 26 
4400 12 10 26 
4325 13 9 26 
3940 15 1 26 
3906 16 0 26 
3327 18 0 26 
3199 18 4 26 
2928 18 6 26 
2840 19 1 26 
2678 19 3 26 
2661 19 5 26 
2481 2 1 26 
2458 3 0 26 
2442 5 8 26 
2170 6 9 26 
2091 7 10 26 
1962 8 11 26 
1904 9 12 26 
1692 10 9 26 
1567 11 10 26 
1400 12 9 26 
1373 16 1 26 
1022 17 0 26 
811 17 6 26 
802 18 1 26 
301 18 3 26 
119 18 5 26 
4739 19 2 26 
4594 3 1 26 
4515 4 0 26 
4343 5 7 26 
4001 6 8 26 
3561 7 9 26 
3475 8 10 26 
3142 9 11 26 
3118 10 8 26 
3055 11 9 26 
2975 17 1 26 
2891 17 5 26 
2640 18 2 26 
2474 4 1 26 
2314 5 0 26 
2228 5 6 26 
1846 6 7 26 
1790 7 8 26 
1690 8 9 26 
1669 9 10 26 
1644 10 7 26 
1472 11 8 26 
1309 15 2 26 
1123 16 5 26 
962 17 2 26 
631 17 4 26 
543 4 2 26 
464 5 1 26 
309 5 5 26 
4770 6 0 26 
4707 6 6 26 
4229 7 7 26 
3873 8 8 26 
3373 9 9 26 
3274 11 7 26 
3273 13 7 26 
2415 14 0 26 
1600 15 5 26 
1033 16 2 26 
826 16 4 26 
519 17 3 26 
4723 5 2 26 
4711 6 1 26 
4613 6 5 26 
4520 7 0 26 
4430 7 6 26 
4167 8 7 26 
3870 9 0 26 
3811 9 8 26 
3075 11 6 26 
2964 12 7 26 
2822 13 0 26 
2404 13 6 26 
2332 14 1 26 
2300 14 5 26 
2240 15 4 26 
2215 16 3 26 
2105 6 2 26 
2025 6 4 26 
1757 7 1 26 
1657 7 5 26 
997 8 0 26 
457 8 6 26 
4700 9 1 26 
4545 9 7 26 
4345 12 6 26 
4075 13 1 26 
4021 13 5 26 
3887 14 2 26 
3646 14 4 26 
3633 15 3 26 
3237 6 3 26 
2933 7 2 26 
2843 7 4 26 
2742 8 1 26 
2367 8 5 26 
1771 9 6 26 
518 12 5 26 
440 13 2 26 
4683 13 4 26 
4356 14 3 26 
3796 7 3 26 
2633 8 2 26 
2412 8 4 26 
1440 9 5 26 
1298 10 6 26 
669 11 5 26 
632 12 4 26 
225 13 3 26 
4610 8 3 26 
4490 9 4 26 
3598 10 5 26 
2878 11 4 26 
2568 12 3 26 
1839 9 3 26 
1651 10 4 26 
4184 11 3 26 
3460 9 2 26 
3357 10 3 26 
3017 10 2 26 
2916 10 1 26 
2103 11 2 26 
2023 10 0 26 
1275 11 1 26 
466 12 2 26 
4609 11 0 26 
3416 12 1 26 
2679 12 0 26 
1804 11 1 37 
2841 11 4 38 
4623 7 3 39 
1836 12 4 39 
3198 8 6 41 
70 8 7 41 
2819 5 1 43 
790 16 4 42 
1479 18 1 44 
4241 1 1 45 
817 6 11 45 
859 4 10 45 
4212 15 7 46 
863 1 9 48 
4762 11 19 51 
4748 6 19 51 
4732 10 19 51 
4695 11 18 51 
4589 6 18 51 
4449 7 19 51 
3996 9 19 51 
3739 10 18 51 
3576 11 13 51 
3036 11 17 51 
2999 6 17 51 
2670 7 18 51 
2611 8 19 51 
2465 9 18 51 
2371 10 13 51 
2329 10 17 51 
2255 11 14 51 
2130 11 16 51 
1659 7 17 51 
1530 8 18 51 
1480 9 17 51 
1421 10 14 51 
1366 10 16 51 
1117 11 15 51 
947 8 17 51 
758 9 16 51 
406 10 15 51 
403 12 19 51 
384 8 16 51 
68 9 13 51 
36 9 15 51 
4125 12 18 51 
4111 13 19 51 
3991 15 13 51 
3968 7 16 51 
3687 8 13 51 
3673 8 15 51 
3459 9 14 51 
3331 12 13 51 
3182 12 17 51 
3137 13 18 51 
2973 14 13 51 
2468 14 19 51 
2191 15 14 51 
2003 7 13 51 
1940 7 15 51 
1932 8 14 51 
1617 12 14 51 
990 12 16 51 
563 13 13 51 
4503 13 17 51 
4410 14 14 51 
4387 14 18 51 
4379 15 19 51 
4364 19 19 51 
4271 0 19 51 
4162 6 13 51 
4058 7 14 51 
3706 12 15 51 
3546 13 14 51 
2879 13 16 51 
2842 14 17 51 
2755 15 18 51 
2658 16 19 51 
2401 18 19 51 
2221 19 18 51 
2160 0 18 51 
2127 1 19 51 
1952 5 19 51 
1907 6 14 51 
1750 13 15 51 
1357 14 16 51 
1118 15 17 51 
1099 16 18 51 
1066 17 19 51 
1025 18 18 51 
980 19 17 51 
872 0 17 51 
666 1 18 51 
639 2 19 51 
596 4 19 51 
393 5 14 51 
4680 5 18 51 
4351 6 15 51 
4069 14 15 51 
3954 15 16 51 
3845 16 17 51 
3799 17 18 51 
3609 18 17 51 
3515 19 16 51 
3488 0 16 51 
3302 1 17 51 
3195 2 18 51 
2997 3 19 51 
2961 4 14 51 
2834 4 18 51 
2743 5 15 51 
2706 5 17 51 
2635 6 16 51 
2446 15 15 51 
2417 16 16 51 
2092 17 17 51 
2012 18 16 51 
1877 19 7 51 
1824 19 15 51 
1780 0 5 51 
1645 0 15 51 
1555 1 16 51 
1434 2 5 51 
1425 2 17 51 
1335 3 18 51 
1134 4 15 51 
788 4 17 51 
465 5 16 51 
4603 16 15 51 
4582 17 16 51 
4571 18 7 51 
4278 18 15 51 
4119 19 8 51 
4013 19 14 51 
3738 0 6 51 
3735 0 14 51 
2503 1 5 51 
2435 1 15 51 
2381 2 6 51 
2268 2 16 51 
2165 3 17 51 
2147 4 16 51 
1945 17 15 51 
1706 18 8 51 
1620 18 14 51 
1483 19 9 51 
1321 19 13 51 
1121 0 7 51 
1106 0 11 51 
1031 0 13 51 
922 1 6 51 
911 1 14 51 
845 2 7 51 
693 2 15 51 
621 3 16 51 
415 17 14 51 
177 18 9 51 
4481 18 13 51 
4107 19 10 51 
4089 19 12 51 
4014 0 8 51 
3479 0 10 51 
3438 0 12 51 
3247 1 7 51 
3197 1 11 51 
3010 1 13 51 
2996 2 14 51 
2672 3 5 51 
2582 3 15 51 
2452 16 14 51 
2393 17 9 51 
2306 17 13 51 
2282 18 10 51 
2208 18 12 51 
2132 19 11 51 
2083 0 9 51 
2073 1 8 51 
1865 1 10 51 
1231 1 12 51 
1133 2 11 51 
1098 2 13 51 
1087 3 6 51 
838 3 14 51 
602 4 5 51 
570 16 9 51 
520 16 13 51 
496 17 10 51 
4526 17 12 51 
4525 18 11 51 
4516 1 9 51 
4160 2 8 51 
3985 2 10 51 
3971 2 12 51 
3872 3 7 51 
3722 3 13 51 
3448 4 6 51 
3444 16 6 51 
3413 16 10 51 
3326 16 12 51 
2775 17 7 51 
2604 17 11 51 
2484 2 9 51 
1989 3 8 51 
1803 3 12 51 
1652 4 7 51 
1392 4 13 51 
937 5 4 51 
847 15 6 51 
598 15 12 51 
497 16 7 51 
461 16 11 51 
198 17 8 51 
4465 0 4 51 
4397 3 9 51 
4201 3 11 51 
4137 4 4 51 
4048 4 8 51 
3665 4 12 51 
3554 5 3 51 
3370 5 13 51 
3346 10 12 51 
3209 14 6 51 
2813 14 12 51 
2781 15 7 51 
2563 15 11 51 
2562 16 8 51 
2513 0 3 51 
2473 1 4 51 
2343 3 4 51 
2172 3 10 51 
2056 4 3 51 
1958 4 9 51 
1880 4 11 51 
1809 5 12 51 
1784 10 11 51 
1749 11 12 51 
1729 13 12 51 
1710 14 7 51 
1688 14 11 51 
1461 15 8 51 
1147 15 10 51 
1143 0 0 51 
712 0 2 51 
688 1 3 51 
448 2 4 51 
430 3 3 51 
4597 4 10 51 
4186 5 9 51 
4028 5 11 51 
3911 6 12 51 
3830 11 11 51 
3030 12 12 51 
2581 13 11 51 
2462 14 8 51 
2389 14 10 51 
2196 15 9 51 
2113 0 1 51 
1975 1 0 51 
1949 1 2 51 
1760 2 3 51 
1704 3 2 51 
1614 5 10 51 
1607 6 11 51 
1571 7 12 51 
1311 12 11 51 
864 13 8 51 
848 13 10 51 
810 14 9 51 
733 15 0 51 
691 19 0 51 
560 19 4 51 
535 19 6 51 
458 1 1 51 
435 2 0 51 
349 2 2 51 
341 6 10 51 
278 7 11 51 
155 8 12 51 
4601 10 10 51 
4542 12 8 51 
4413 12 10 51 
4348 13 9 51 
4317 15 1 51 
3849 16 0 51 
3497 18 0 51 
3188 18 4 51 
2849 18 6 51 
2747 19 1 51 
2645 19 3 51 
2428 19 5 51 
1745 2 1 51 
1701 3 0 51 
1385 5 8 51 
1161 6 9 51 
1126 7 10 51 
1092 8 11 51 
697 9 12 51 
678 10 9 51 
652 11 10 51 
510 12 9 51 
401 16 1 51 
333 17 0 51 
187 17 6 51 
4721 18 1 51 
4643 18 3 51 
4158 18 5 51 
4091 19 2 51 
4010 3 1 51 
3369 4 0 51 
3241 5 7 51 
2885 6 8 51 
2814 7 9 51 
2799 8 10 51 
2394 9 11 51 
1448 10 8 51 
1183 11 9 51 
1010 17 1 51 
981 17 5 51 
844 18 2 51 
794 4 1 51 
580 5 0 51 
29 5 6 51 
4718 6 7 51 
4440 7 8 51 
4378 8 9 51 
4207 9 10 51 
3852 10 7 51 
3639 11 8 51 
3380 15 2 51 
3038 16 5 51 
2898 17 2 51 
2865 17 4 51 
2536 4 2 51 
2407 5 1 51 
1454 5 5 51 
1170 6 0 51 
1083 6 6 51 
664 7 7 51 
360 8 8 51 
340 9 9 51 
172 11 7 51 
4286 13 7 51 
4258 14 0 51 
3652 15 5 51 
3643 16 2 51 
3449 16 4 51 
3147 17 3 51 
3112 5 2 51 
2884 6 1 51 
2883 6 5 51 
2835 7 0 51 
2771 7 6 51 
2594 8 7 51 
2516 9 0 51 
2313 9 8 51 
2185 11 6 51 
1816 12 7 51 
1326 13 0 51 
711 13 6 51 
500 14 1 51 
197 14 5 51 
4252 15 4 51 
4247 16 3 51 
4046 6 2 51 
3452 6 4 51 
3231 7 1 51 
3185 7 5 51 
3110 8 0 51 
2438 8 6 51 
2011 9 1 51 
1584 9 7 51 
1057 12 6 51 
955 13 1 51 
417 13 5 51 
306 14 2 51 
4703 14 4 51 
3816 15 3 51 
3472 6 3 51 
2649 7 2 51 
2585 7 4 51 
2574 8 1 51 
2470 8 5 51 
2320 9 6 51 
1863 12 5 51 
1794 13 2 51 
1516 13 4 51 
791 14 3 51 
716 7 3 51 
582 8 2 51 
4738 8 4 51 
4190 9 5 51 
3969 10 6 51 
3324 11 5 51 
3111 12 4 51 
3057 13 3 51 
3028 8 3 51 
2326 9 4 51 
1851 10 5 51 
1850 11 4 51 
1838 12 3 51 
1812 9 3 51 
1764 10 4 51 
293 11 3 51 
4085 9 2 51 
3690 10 3 51 
3014 10 2 51 
2985 10 1 51 
2273 11 2 51 
1673 10 0 51 
1451 11 1 51 
1260 12 2 51 
4034 11 0 51 
1875 12 1 51 
1604 12 0 51 
1262 11 1 62 
4103 11 4 63 
1582 7 3 64 
2519 12 4 63 
2698 8 6 65 
1568 8 7 66 
1060 5 1 67 
1137 16 4 66 
818 18 1 68 
2347 1 1 70 
1515 6 11 70 
4658 4 10 70 
2054 15 7 71 
1742 1 9 72 
4549 11 19 76 
4461 6 19 76 
4192 10 19 76 
4163 11 18 76 
4157 6 18 76 
3941 7 19 76 
3606 9 19 76 
3325 10 18 76 
3319 11 13 76 
3287 11 17 76 
3096 6 17 76 
2986 7 18 76 
2623 8 19 76 
2426 9 18 76 
2416 10 13 76 
2352 10 17 76 
2289 11 14 76 
2109 11 16 76 
2097 7 17 76 
2026 8 18 76 
1519 9 17 76 
1457 10 14 76 
1398 10 16 76 
1223 11 15 76 
907 8 17 76 
764 9 16 76 
754 10 15 76 
657 12 19 76 
634 8 16 76 
581 9 13 76 
489 9 15 76 
298 12 18 76 
149 13 19 76 
4602 15 13 76 
4428 7 16 76 
4198 8 13 76 
3746 8 15 76 
3573 9 14 76 
3557 12 13 76 
3156 12 17 76 
3153 13 18 76 
3152 14 13 76 
3002 14 19 76 
2669 15 14 76 
2290 7 13 76 
2278 7 15 76 
2210 8 14 76 
2063 12 14 76 
1961 12 16 76 
1821 13 13 76 
1795 13 17 76 
1792 14 14 76 
1679 14 18 76 
1565 15 19 76 
1439 19 19 76 
1135 0 19 76 
925 6 13 76 
878 7 14 76 
775 12 15 76 
110 13 14 76 
44 13 16 76 
33 14 17 76 
4754 15 18 76 
4308 16 19 76 
4132 18 19 76 
4038 19 18 76 
4035 0 18 76 
3904 1 19 76 
3847 5 19 76 
3751 6 14 76 
3372 13 15 76 
3074 14 16 76 
2889 15 17 76 
2772 16 18 76 
2549 17 19 76 
2431 18 18 76 
2396 19 17 76 
2280 0 17 76 
1972 1 18 76 
1947 2 19 76 
1437 4 19 76 
1390 5 14 76 
1359 5 18 76 
1302 6 15 76 
959 14 15 76 
477 15 16 76 
232 16 17 76 
210 17 18 76 
150 18 17 76 
4510 19 16 76 
4506 0 16 76 
4359 1 17 76 
4310 2 18 76 
4284 3 19 76 
4148 4 14 76 
4078 4 18 76 
4032 5 15 76 
4027 5 17 76 
3924 6 16 76 
3397 15 15 76 
3298 16 16 76 
3262 17 17 76 
3222 18 16 76 
3045 19 7 76 
2966 19 15 76 
2907 0 5 76 
2816 0 15 76 
2727 1 16 76 
2525 2 5 76 
2136 2 17 76 
1954 3 18 76 
1725 4 15 76 
1343 4 17 76 
1253 5 16 76 
1081 16 15 76 
728 17 16 76 
554 18 7 76 
302 18 15 76 
262 19 8 76 
246 19 14 76 
47 0 6 76 
4673 0 14 76 
4593 1 5 76 
4508 1 15 76 
4425 2 6 76 
4372 2 16 76 
4336 3 17 76 
4246 4 16 76 
4199 17 15 76 
4156 18 8 76 
4074 18 14 76 
3973 19 9 76 
3899 19 13 76 
3895 0 7 76 
3345 0 11 76 
3164 0 13 76 
3088 1 6 76 
3008 1 14 76 
2794 2 7 76 
2674 2 15 76 
2456 3 16 76 
2333 17 14 76 
2295 18 9 76 
2214 18 13 76 
1920 19 10 76 
1835 19 12 76 
1787 0 8 76 
1730 0 10 76 
1597 0 12 76 
1449 1 7 76 
1008 1 11 76 
921 1 13 76 
822 2 14 76 
662 3 5 76 
545 3 15 76 
414 16 14 76 
334 17 9 76 
234 17 13 76 
121 18 10 76 
3966 18 12 76 
3922 19 11 76 
3879 0 9 76 
3818 1 8 76 
3723 1 10 76 
3637 1 12 76 
3368 2 11 76 
3349 2 13 76 
2749 3 6 76 
2731 3 14 76 
2340 4 5 76 
2284 16 9 76 
2150 16 13 76 
1996 17 10 76 
1966 17 12 76 
1288 18 11 76 
1273 1 9 76 
1211 2 8 76 
1191 2 10 76 
1080 2 12 76 
706 3 7 76 
624 3 13 76 
607 4 6 76 
603 16 6 76 
292 16 10 76 
4629 16 12 76 
4543 17 7 76 
4124 17 11 76 
4118 2 9 76 
4113 3 8 76 
3976 3 12 76 
3611 4 7 76 
3585 4 13 76 
3496 5 4 76 
3491 15 6 76 
3329 15 12 76 
3233 16 7 76 
3056 16 11 76 
3020 17 8 76 
2882 0 4 76 
2873 3 9 76 
2868 3 11 76 
2785 4 4 76 
2688 4 8 76 
2613 4 12 76 
2155 5 3 76 
2144 5 13 76 
2139 10 12 76 
2072 14 6 76 
1953 14 12 76 
1671 15 7 76 
1291 15 11 76 
1146 16 8 76 
1084 0 3 76 
988 1 4 76 
930 3 4 76 
903 3 10 76 
885 4 3 76 
849 4 9 76 
727 4 11 76 
637 5 12 76 
469 10 11 76 
115 11 12 76 
4747 13 12 76 
4615 14 7 76 
4492 14 11 76 
4451 15 8 76 
3789 15 10 76 
3507 0 0 76 
3067 0 2 76 
2921 1 3 76 
2561 2 4 76 
2532 3 3 76 
2486 4 10 76 
2391 5 9 76 
2084 5 11 76 
1733 6 12 76 
1411 11 11 76 
1370 12 12 76 
1272 13 11 76 
1237 14 8 76 
1200 14 10 76 
1042 15 9 76 
808 0 1 76 
591 1 0 76 
263 1 2 76 
142 2 3 76 
4745 3 2 76 
4274 5 10 76 
4248 6 11 76 
4225 7 12 76 
4121 12 11 76 
4044 13 8 76 
3464 13 10 76 
3408 14 9 76 
2949 15 0 76 
2762 19 0 76 
2642 19 4 76 
2617 19 6 76 
2552 1 1 76 
2173 2 0 76 
2060 2 2 76 
1971 6 10 76 
1922 7 11 76 
1913 8 12 76 
1897 10 10 76 
1811 12 8 76 
1194 12 10 76 
798 13 9 76 
747 15 1 76 
377 16 0 76 
237 18 0 76 
160 18 4 76 
51 18 6 76 
4769 19 1 76 
4675 19 3 76 
4457 19 5 76 
4264 2 1 76 
4030 3 0 76 
4018 5 8 76 
3819 6 9 76 
3657 7 10 76 
3350 8 11 76 
3254 9 12 76 
3187 10 9 76 
3071 11 10 76 
3034 12 9 76 
2870 16 1 76 
2859 17 0 76 
2754 17 6 76 
2547 18 1 76 
2288 18 3 76 
2065 18 5 76 
1625 19 2 76 
1544 3 1 76 
1250 4 0 76 
1174 5 7 76 
455 6 8 76 
4573 7 9 76 
4471 8 10 76 
3776 9 11 76 
3766 10 8 76 
3653 11 9 76 
3390 17 1 76 
2827 17 5 76 
2752 18 2 76 
2709 4 1 76 
2686 5 0 76 
2675 5 6 76 
2610 6 7 76 
2588 7 8 76 
2354 8 9 76 
2264 9 10 76 
1883 10 7 76 
1017 11 8 76 
908 15 2 76 
330 16 5 76 
4729 17 2 76 
4580 17 4 76 
4564 4 2 76 
4540 5 1 76 
4159 5 5 76 
3905 6 0 76 
3048 6 6 76 
2696 7 7 76 
2201 8 8 76 
1873 9 9 76 
1447 11 7 76 
1396 13 7 76 
1039 14 0 76 
883 15 5 76 
661 16 2 76 
364 16 4 76 
4382 17 3 76 
4226 5 2 76 
4073 6 1 76 
3727 6 5 76 
3477 7 0 76 
2828 7 6 76 
2811 8 7 76 
2810 9 0 76 
2388 9 8 76 
2372 11 6 76 
2311 12 7 76 
2270 13 0 76 
2141 13 6 76 
2108 14 1 76 
1887 14 5 76 
1885 15 4 76 
1870 16 3 76 
1840 6 2 76 
1176 6 4 76 
700 7 1 76 
653 7 5 76 
462 8 0 76 
114 8 6 76 
4637 9 1 76 
4334 9 7 76 
3417 12 6 76 
3212 13 1 76 
2970 13 5 76 
2950 14 2 76 
2463 14 4 76 
2230 15 3 76 
2087 6 3 76 
1856 7 2 76 
1655 7 4 76 
1512 8 1 76 
1199 8 5 76 
622 9 6 76 
4395 12 5 76 
4394 13 2 76 
3347 13 4 76 
3046 14 3 76 
3006 7 3 76 
2894 8 2 76 
2784 8 4 76 
2735 9 5 76 
2723 10 6 76 
2609 11 5 76 
2521 12 4 76 
2104 13 3 76 
1601 8 3 76 
1401 9 4 76 
1201 10 5 76 
940 11 4 76 
449 12 3 76 
370 9 3 76 
362 10 4 76 
284 11 3 76 
28 9 2 76 
4538 10 3 76 
4031 10 2 76 
2119 10 1 76 
674 11 2 76 
3086 10 0 76 
2720 11 1 76 
2689 12 2 76 
2271 11 0 76 
3743 12 1 76 
1639 12 0 76 
162 11 1 87 
2441 11 4 89 
3861 7 3 89 
4652 12 4 89 
3749 8 6 91 
4659 8 7 91 
1664 5 1 92 
1797 16 4 92 
2398 18 1 94 
2189 1 1 95 
2616 6 11 95 
3382 4 10 96 
1650 15 7 97 
2272 1 9 98 
