1871
5725 0 19 1 
5541 0 18 1 
5473 1 19 1 
5378 0 9 1 
5301 0 17 1 
5219 1 18 1 
5169 2 19 1 
5031 0 10 1 
4958 0 16 1 
4923 1 9 1 
4861 1 17 1 
4812 2 18 1 
4713 3 19 1 
4536 0 11 1 
4517 0 15 1 
4196 1 10 1 
4137 1 16 1 
3997 2 9 1 
3898 2 17 1 
3816 3 18 1 
3413 4 19 1 
2860 0 12 1 
2754 0 14 1 
2179 1 11 1 
2029 1 15 1 
2010 2 10 1 
1851 2 16 1 
1746 3 9 1 
1243 3 17 1 
1095 4 18 1 
896 5 19 1 
742 0 13 1 
656 1 12 1 
469 1 14 1 
415 2 11 1 
324 2 15 1 
261 3 10 1 
29 3 16 1 
5751 4 9 1 
5666 4 17 1 
5580 5 18 1 
5360 6 19 1 
5244 1 13 1 
5128 2 12 1 
4852 2 14 1 
4256 3 11 1 
4215 3 15 1 
4161 4 10 1 
3645 4 16 1 
3556 5 9 1 
3385 5 17 1 
3375 6 18 1 
2511 7 19 1 
2364 9 9 1 
2344 2 13 1 
2090 3 12 1 
1943 3 14 1 
1914 4 11 1 
1334 4 15 1 
1281 5 10 1 
1226 5 16 1 
1166 6 9 1 
1140 6 17 1 
991 7 18 1 
552 8 9 1 
57 8 19 1 
20 9 10 1 
18 3 13 1 
5377 4 12 1 
5230 4 14 1 
4691 5 11 1 
4338 5 15 1 
4303 6 10 1 
4200 6 16 1 
3513 7 9 1 
3500 7 17 1 
3450 8 10 1 
3194 8 18 1 
3137 9 11 1 
2900 9 19 1 
2654 4 13 1 
2574 5 12 1 
2402 5 14 1 
2365 6 11 1 
2269 6 15 1 
2228 7 10 1 
2113 7 16 1 
1374 8 11 1 
1252 8 17 1 
1130 9 12 1 
1085 9 18 1 
912 10 19 1 
641 5 13 1 
5694 6 12 1 
5615 6 14 1 
5402 7 11 1 
5396 7 15 1 
5093 8 12 1 
4946 8 16 1 
4927 9 17 1 
4687 10 18 1 
4581 11 19 1 
4533 19 19 1 
4515 6 13 1 
4471 7 12 1 
4269 7 14 1 
4069 8 15 1 
3963 9 16 1 
3950 10 17 1 
3938 11 18 1 
3860 12 19 1 
3686 18 19 1 
3288 19 18 1 
3145 7 13 1 
2592 8 14 1 
2354 9 15 1 
2064 10 16 1 
1953 11 17 1 
1945 12 18 1 
1920 13 19 1 
1752 17 19 1 
1732 18 18 1 
1313 19 17 1 
805 8 13 1 
203 9 14 1 
121 10 15 1 
5609 11 16 1 
5399 12 17 1 
5374 13 18 1 
5353 14 19 1 
5308 16 19 1 
5305 17 18 1 
5265 18 17 1 
4993 19 16 1 
4989 9 13 1 
4951 10 14 1 
4942 11 15 1 
4791 12 16 1 
4584 13 17 1 
4559 14 18 1 
4510 15 19 1 
4049 16 18 1 
3982 17 17 1 
3822 18 16 1 
3772 19 15 1 
3751 10 13 1 
3740 11 14 1 
3494 12 15 1 
2963 13 16 1 
2631 14 17 1 
2465 15 18 1 
2177 16 17 1 
1855 17 16 1 
1467 18 15 1 
1228 19 14 1 
996 10 12 1 
975 11 13 1 
791 12 14 1 
686 13 15 1 
677 14 16 1 
478 15 17 1 
137 16 16 1 
5563 17 15 1 
5485 18 14 1 
5384 19 13 1 
5104 10 11 1 
5012 11 12 1 
4926 12 13 1 
4535 13 14 1 
4237 14 15 1 
4058 15 16 1 
3942 16 15 1 
3859 17 14 1 
3558 18 13 1 
3350 19 12 1 
2950 10 10 1 
2922 11 11 1 
2485 12 12 1 
2161 13 13 1 
2021 14 14 1 
1789 15 15 1 
1745 16 14 1 
1593 17 13 1 
1458 18 12 1 
947 19 11 1 
910 11 10 1 
5656 12 11 1 
5576 13 12 1 
5437 14 13 1 
5381 15 14 1 
5291 16 13 1 
5123 17 12 1 
4768 18 11 1 
4718 19 10 1 
4443 12 10 1 
4361 13 11 1 
4242 14 12 1 
4206 15 13 1 
4111 16 12 1 
4082 17 11 1 
4013 18 10 1 
3939 19 9 1 
3583 13 10 1 
3517 14 11 1 
3482 15 12 1 
3213 16 11 1 
2964 17 10 1 
2937 18 9 1 
2767 19 4 1 
2463 19 8 1 
2233 14 10 1 
1444 15 11 1 
1394 16 10 1 
1390 17 9 1 
1372 18 4 1 
1287 18 8 1 
982 19 5 1 
764 19 7 1 
653 15 10 1 
505 16 9 1 
504 17 4 1 
458 17 8 1 
307 18 5 1 
277 18 7 1 
63 19 0 1 
5400 19 6 1 
4735 0 4 1 
4263 0 8 1 
3842 8 8 1 
3813 15 9 1 
3624 16 8 1 
3472 17 5 1 
3215 17 7 1 
3039 18 0 1 
2945 18 6 1 
2369 19 1 1 
2075 0 5 1 
2054 0 7 1 
1779 1 4 1 
1609 1 8 1 
1558 8 7 1 
609 9 8 1 
540 10 9 1 
44 14 9 1 
5729 15 8 1 
5492 16 7 1 
4650 17 0 1 
4613 17 6 1 
4221 18 1 1 
4122 19 2 1 
3896 0 6 1 
3872 1 5 1 
3831 1 7 1 
3788 2 4 1 
3171 2 8 1 
3057 8 6 1 
2833 9 7 1 
2578 10 8 1 
2301 11 9 1 
2295 13 9 1 
2067 14 8 1 
2052 15 7 1 
1803 16 0 1 
1537 16 6 1 
1525 17 1 1 
1201 18 2 1 
1163 19 3 1 
578 1 6 1 
169 2 5 1 
163 2 7 1 
5624 3 8 1 
5555 7 8 1 
5237 9 6 1 
4664 10 7 1 
4601 11 8 1 
4567 12 9 1 
3653 13 8 1 
3512 14 7 1 
3314 15 0 1 
3301 15 6 1 
3284 16 1 1 
2942 16 5 1 
2848 17 2 1 
2766 18 3 1 
2665 2 6 1 
2616 3 7 1 
2580 4 8 1 
2445 6 8 1 
2356 7 7 1 
1809 10 6 1 
1748 11 7 1 
1518 12 8 1 
1509 13 7 1 
1464 14 0 1 
1275 14 6 1 
1137 15 1 1 
784 15 5 1 
730 16 2 1 
557 16 4 1 
517 17 3 1 
5738 0 3 1 
5545 3 6 1 
5388 4 7 1 
4674 5 8 1 
4425 6 7 1 
4188 7 6 1 
3650 11 6 1 
3070 12 7 1 
2806 13 0 1 
2658 13 6 1 
2084 14 1 1 
2069 14 5 1 
1812 15 2 1 
1527 15 4 1 
1300 16 3 1 
645 0 2 1 
154 1 3 1 
144 3 5 1 
5711 4 6 1 
5650 5 7 1 
5459 6 6 1 
5455 7 5 1 
5385 12 0 1 
5281 12 6 1 
5158 13 1 1 
4972 13 5 1 
4547 14 2 1 
4539 14 4 1 
4275 15 3 1 
4257 0 1 1 
4083 1 2 1 
4034 2 3 1 
3491 3 4 1 
3029 4 5 1 
3022 5 6 1 
2781 6 5 1 
2605 7 4 1 
2101 11 0 1 
1788 12 1 1 
1771 12 5 1 
472 13 2 1 
325 13 4 1 
222 14 3 1 
108 0 0 1 
50 1 1 1 
5720 2 2 1 
5136 3 3 1 
5099 4 4 1 
4599 5 5 1 
4541 6 4 1 
4125 10 0 1 
4109 11 1 1 
3952 11 5 1 
3830 12 2 1 
3805 12 4 1 
3325 13 3 1 
3321 1 0 1 
3082 2 1 1 
2958 3 2 1 
2533 4 3 1 
2416 5 4 1 
2380 10 1 1 
2187 10 5 1 
1860 11 2 1 
1237 11 4 1 
1197 12 3 1 
962 2 0 1 
953 3 1 1 
489 4 2 1 
5097 5 3 1 
5049 9 5 1 
4325 10 2 1 
3875 10 4 1 
3727 11 3 1 
3577 3 0 1 
3462 4 1 1 
3393 5 2 1 
2695 6 3 1 
2415 8 5 1 
1233 9 4 1 
1181 10 3 1 
4113 4 0 1 
3882 5 1 1 
3609 6 2 1 
3368 7 3 1 
1765 8 4 1 
1618 9 3 1 
863 5 0 1 
5405 6 1 1 
5082 7 2 1 
5025 8 3 1 
4854 9 2 1 
4637 6 0 1 
4553 7 1 1 
4409 8 2 1 
3524 9 1 1 
91 7 0 1 
4059 8 1 1 
3690 9 0 1 
3683 8 0 1 
5224 8 1 12 
1357 7 1 13 
402 8 2 13 
3731 6 1 13 
2321 7 2 13 
3148 5 1 14 
5160 6 2 14 
161 4 1 15 
1030 5 2 15 
3980 9 4 15 
485 3 1 16 
1132 4 2 16 
1329 10 4 15 
1586 11 3 15 
1697 2 1 16 
1876 3 2 16 
4891 4 3 16 
5279 11 2 16 
76 11 4 16 
234 12 3 16 
1062 1 1 17 
2363 2 2 16 
3074 4 4 16 
509 5 5 16 
583 11 1 16 
782 12 2 16 
824 12 4 16 
1949 1 2 17 
2207 5 6 17 
3344 6 5 17 
3433 12 1 17 
3552 13 2 17 
3981 5 7 17 
4770 6 6 17 
5076 13 1 17 
5561 13 5 17 
5654 14 2 17 
1485 4 7 18 
1867 6 7 18 
2536 12 7 18 
2709 13 6 18 
2734 14 1 18 
2752 14 5 18 
4406 15 2 18 
257 3 7 19 
999 11 7 19 
1853 12 8 19 
2243 13 7 19 
3174 14 6 19 
3449 15 1 19 
4359 16 2 19 
839 1 6 20 
862 2 7 20 
1266 10 7 19 
2019 11 8 19 
3018 13 8 19 
3035 16 1 19 
4660 17 2 19 
4665 1 5 20 
5042 1 7 20 
5422 9 7 20 
5623 17 1 20 
1251 18 2 20 
1451 16 7 20 
1696 18 1 20 
3758 16 8 21 
4482 17 7 21 
4762 18 6 21 
5715 0 19 26 
5668 0 18 26 
5667 1 19 26 
5292 0 9 26 
5100 0 17 26 
5040 1 18 26 
5011 2 19 26 
4895 0 10 26 
4893 0 16 26 
4635 1 9 26 
4290 1 17 26 
4130 2 18 26 
4095 3 19 26 
3855 0 11 26 
3836 0 15 26 
3620 1 10 26 
3569 1 16 26 
3542 2 9 26 
3487 2 17 26 
3432 3 18 26 
3372 4 19 26 
3370 0 12 26 
3330 0 14 26 
3311 1 11 26 
3294 1 15 26 
3269 2 10 26 
3266 2 16 26 
3248 3 9 26 
3244 3 17 26 
3093 4 18 26 
3036 5 19 26 
3012 0 13 26 
2596 1 12 26 
2575 1 14 26 
2542 2 11 26 
2521 2 15 26 
2274 3 10 26 
2264 3 16 26 
2049 4 9 26 
1947 4 17 26 
1937 5 18 26 
1805 6 19 26 
1636 1 13 26 
1562 2 12 26 
1332 2 14 26 
1259 3 11 26 
1025 3 15 26 
823 4 10 26 
804 4 16 26 
454 5 9 26 
287 5 17 26 
225 6 18 26 
13 7 19 26 
5700 9 9 26 
5675 2 13 26 
5674 3 12 26 
5566 3 14 26 
5554 4 11 26 
5528 4 15 26 
4910 5 10 26 
4654 5 16 26 
4509 6 9 26 
4294 6 17 26 
3978 7 18 26 
3977 8 9 26 
3954 8 19 26 
3887 9 10 26 
2994 3 13 26 
2978 4 12 26 
2846 4 14 26 
2843 5 11 26 
2608 5 15 26 
2300 6 10 26 
2168 6 16 26 
2144 7 9 26 
1868 7 17 26 
1581 8 10 26 
1480 8 18 26 
1439 9 11 26 
1435 9 19 26 
927 4 13 26 
761 5 12 26 
627 5 14 26 
357 6 11 26 
230 6 15 26 
68 7 10 26 
5498 7 16 26 
5366 8 11 26 
5176 8 17 26 
5167 9 12 26 
5164 9 18 26 
4578 10 19 26 
4576 5 13 26 
4538 6 12 26 
4492 6 14 26 
4081 7 11 26 
3885 7 15 26 
3719 8 12 26 
3166 8 16 26 
3037 9 17 26 
2997 10 18 26 
2952 11 19 26 
2941 19 19 26 
2826 6 13 26 
2771 7 12 26 
2629 7 14 26 
2484 8 15 26 
2461 9 16 26 
2097 10 17 26 
1897 11 18 26 
1443 12 19 26 
1326 18 19 26 
1144 19 18 26 
840 7 13 26 
827 8 14 26 
515 9 15 26 
430 10 16 26 
351 11 17 26 
336 12 18 26 
115 13 19 26 
5727 17 19 26 
5467 18 18 26 
5198 19 17 26 
5178 8 13 26 
5048 9 14 26 
4273 10 15 26 
4212 11 16 26 
4128 12 17 26 
4052 13 18 26 
4012 14 19 26 
3884 16 19 26 
3738 17 18 26 
3682 18 17 26 
3212 19 16 26 
3047 9 13 26 
2404 10 14 26 
1968 11 15 26 
1701 12 16 26 
1631 13 17 26 
1392 14 18 26 
1150 15 19 26 
551 16 18 26 
269 17 17 26 
252 18 16 26 
5640 19 15 26 
4877 10 13 26 
4702 11 14 26 
4522 12 15 26 
4472 13 16 26 
4334 14 17 26 
4250 15 18 26 
4228 16 17 26 
4204 17 16 26 
4138 18 15 26 
4114 19 14 26 
3611 10 12 26 
3600 11 13 26 
3599 12 14 26 
3411 13 15 26 
3324 14 16 26 
2755 15 17 26 
2560 16 16 26 
2457 17 15 26 
2326 18 14 26 
2107 19 13 26 
1988 10 11 26 
1254 11 12 26 
699 12 13 26 
626 13 14 26 
554 14 15 26 
549 15 16 26 
496 16 15 26 
460 17 14 26 
315 18 13 26 
229 19 12 26 
5 10 10 26 
2 11 11 26 
5660 12 12 26 
5452 13 13 26 
5319 14 14 26 
5253 15 15 26 
5071 16 14 26 
4491 17 13 26 
4348 18 12 26 
4089 19 11 26 
3814 11 10 26 
3749 12 11 26 
3679 13 12 26 
3603 14 13 26 
3387 15 14 26 
3299 16 13 26 
3289 17 12 26 
3270 18 11 26 
2977 19 10 26 
2836 12 10 26 
2713 13 11 26 
2551 14 12 26 
1918 15 13 26 
1890 16 12 26 
1218 17 11 26 
866 18 10 26 
817 19 9 26 
801 13 10 26 
290 14 11 26 
100 15 12 26 
5644 16 11 26 
5310 17 10 26 
5250 18 9 26 
5122 19 4 26 
5044 19 8 26 
4800 14 10 26 
4763 15 11 26 
4617 16 10 26 
4414 17 9 26 
4353 18 4 26 
4286 18 8 26 
3803 19 5 26 
3782 19 7 26 
3588 15 10 26 
3492 16 9 26 
3409 17 4 26 
3193 17 8 26 
2854 18 5 26 
2775 18 7 26 
2452 19 0 26 
2330 19 6 26 
2299 0 4 26 
2265 0 8 26 
2136 8 8 26 
1624 15 9 26 
459 16 8 26 
388 17 5 26 
268 17 7 26 
265 18 0 26 
46 18 6 26 
5621 19 1 26 
5469 0 5 26 
5468 0 7 26 
5354 1 4 26 
5131 1 8 26 
5129 8 7 26 
4998 9 8 26 
4904 10 9 26 
4730 14 9 26 
4648 15 8 26 
4624 16 7 26 
4328 17 0 26 
3951 17 6 26 
3419 18 1 26 
3376 19 2 26 
3268 0 6 26 
2681 1 5 26 
2248 1 7 26 
1899 2 4 26 
1798 2 8 26 
1693 8 6 26 
1566 9 7 26 
1521 10 8 26 
661 11 9 26 
499 13 9 26 
435 14 8 26 
371 15 7 26 
27 16 0 26 
5710 16 6 26 
5614 17 1 26 
5502 18 2 26 
4925 19 3 26 
4716 1 6 26 
4695 2 5 26 
4641 2 7 26 
4310 3 8 26 
4036 7 8 26 
3317 9 6 26 
2378 10 7 26 
2189 11 8 26 
1240 12 9 26 
1207 13 8 26 
1094 14 7 26 
830 15 0 26 
779 15 6 26 
348 16 1 26 
296 16 5 26 
5124 17 2 26 
5061 18 3 26 
4336 2 6 26 
4229 3 7 26 
3955 4 8 26 
3926 6 8 26 
3627 7 7 26 
3540 10 6 26 
3152 11 7 26 
3054 12 8 26 
2784 13 7 26 
2538 14 0 26 
2191 14 6 26 
2068 15 1 26 
2024 15 5 26 
1938 16 2 26 
1847 16 4 26 
1741 17 3 26 
1384 0 3 26 
1364 3 6 26 
1076 4 7 26 
918 5 8 26 
873 6 7 26 
845 7 6 26 
543 11 6 26 
202 12 7 26 
78 13 0 26 
5254 13 6 26 
4662 14 1 26 
4530 14 5 26 
4502 15 2 26 
4350 15 4 26 
4301 16 3 26 
4236 0 2 26 
4093 1 3 26 
4066 3 5 26 
4005 4 6 26 
3729 5 7 26 
3648 6 6 26 
3607 7 5 26 
3327 12 0 26 
3326 12 6 26 
3290 13 1 26 
3058 13 5 26 
2965 14 2 26 
1813 14 4 26 
1710 15 3 26 
1429 0 1 26 
1054 1 2 26 
841 2 3 26 
611 3 4 26 
518 4 5 26 
456 5 6 26 
385 6 5 26 
297 7 4 26 
256 11 0 26 
110 12 1 26 
5652 12 5 26 
5627 13 2 26 
4857 13 4 26 
4647 14 3 26 
4201 0 0 26 
4199 1 1 26 
3389 2 2 26 
3068 3 3 26 
2809 4 4 26 
2443 5 5 26 
2385 6 4 26 
2146 10 0 26 
1151 11 1 26 
1148 11 5 26 
749 12 2 26 
636 12 4 26 
310 13 3 26 
4997 1 0 26 
4573 2 1 26 
4419 3 2 26 
3660 4 3 26 
3069 5 4 26 
2882 10 1 26 
2163 10 5 26 
2116 11 2 26 
750 11 4 26 
647 12 3 26 
4780 2 0 26 
4458 3 1 26 
4283 4 2 26 
4261 5 3 26 
3818 9 5 26 
3536 10 2 26 
3227 10 4 26 
2590 11 3 26 
1724 3 0 26 
1612 4 1 26 
1580 5 2 26 
1552 6 3 26 
1319 8 5 26 
663 9 4 26 
544 10 3 26 
5487 4 0 26 
5303 5 1 26 
4249 6 2 26 
4179 7 3 26 
3862 8 4 26 
3617 9 3 26 
3328 5 0 26 
3104 6 1 26 
2070 7 2 26 
976 8 3 26 
23 9 2 26 
5201 6 0 26 
4950 7 1 26 
4586 8 2 26 
4158 9 1 26 
5370 7 0 26 
4092 8 1 26 
3815 9 0 26 
3638 8 0 26 
37 8 1 37 
528 7 1 38 
2823 8 2 38 
917 6 1 39 
3615 7 2 39 
3713 5 1 39 
3856 6 2 39 
5050 4 1 40 
1348 5 2 40 
2747 9 4 40 
241 3 1 40 
319 4 2 40 
952 10 4 40 
1134 11 3 40 
2270 2 1 41 
2693 3 2 41 
3105 4 3 41 
5594 11 2 41 
1816 11 4 41 
2317 12 3 41 
2642 1 1 42 
3455 2 2 42 
3642 4 4 42 
155 5 5 42 
521 11 1 42 
897 12 2 42 
971 12 4 42 
2496 1 2 43 
5146 5 6 43 
19 6 5 43 
281 12 1 43 
621 13 2 42 
774 5 7 43 
1359 6 6 43 
1780 13 1 43 
2027 13 5 43 
2171 14 2 43 
3708 4 7 44 
5703 6 7 44 
299 12 7 44 
476 13 6 43 
652 14 1 43 
1959 14 5 43 
2184 15 2 43 
3002 3 7 44 
3242 11 7 44 
3548 12 8 44 
4185 13 7 44 
4605 14 6 44 
5298 15 1 44 
346 16 2 44 
756 1 6 45 
1038 2 7 45 
1870 10 7 45 
3120 11 8 45 
3207 13 8 45 
3827 16 1 45 
4027 17 2 44 
8 1 5 46 
126 1 7 46 
1114 9 7 46 
1256 17 1 45 
1312 18 2 45 
1983 16 7 46 
2425 18 1 46 
5285 16 8 47 
5337 0 19 51 
5313 0 18 51 
5218 1 19 51 
5173 0 9 51 
5141 0 17 51 
5080 1 18 51 
5021 2 19 51 
4999 0 10 51 
4778 0 16 51 
4733 1 9 51 
4724 1 17 51 
4157 2 18 51 
4016 3 19 51 
3999 0 11 51 
3990 0 15 51 
3771 1 10 51 
3724 1 16 51 
3621 2 9 51 
3510 2 17 51 
3481 3 18 51 
3435 4 19 51 
3423 0 12 51 
3316 0 14 51 
3281 1 11 51 
2987 1 15 51 
2923 2 10 51 
2593 2 16 51 
2587 3 9 51 
2231 3 17 51 
2047 4 18 51 
1930 5 19 51 
1369 0 13 51 
1307 1 12 51 
1293 1 14 51 
1273 2 11 51 
1057 2 15 51 
682 3 10 51 
424 3 16 51 
164 4 9 51 
102 4 17 51 
5728 5 18 51 
5612 6 19 51 
5562 1 13 51 
5466 2 12 51 
5454 2 14 51 
5205 3 11 51 
5135 3 15 51 
5018 4 10 51 
4810 4 16 51 
4787 5 9 51 
4741 5 17 51 
4701 6 18 51 
4649 7 19 51 
4589 9 9 51 
4399 2 13 51 
4378 3 12 51 
4151 3 14 51 
4084 4 11 51 
3869 4 15 51 
3501 5 10 51 
3474 5 16 51 
3448 6 9 51 
3412 6 17 51 
3339 7 18 51 
3157 8 9 51 
3116 8 19 51 
2996 9 10 51 
2746 3 13 51 
2371 4 12 51 
2257 4 14 51 
2212 5 11 51 
2210 5 15 51 
2118 6 10 51 
2048 6 16 51 
1826 7 9 51 
1727 7 17 51 
1716 8 10 51 
1602 8 18 51 
1418 9 11 51 
1393 9 19 51 
1205 4 13 51 
179 5 12 51 
125 5 14 51 
3 6 11 51 
5610 6 15 51 
5255 7 10 51 
5206 7 16 51 
5107 8 11 51 
4988 8 17 51 
4921 9 12 51 
4882 9 18 51 
4856 10 19 51 
4775 5 13 51 
4767 6 12 51 
4523 6 14 51 
4519 7 11 51 
4208 7 15 51 
4166 8 12 51 
3853 8 16 51 
3516 9 17 51 
3437 10 18 51 
3098 11 19 51 
2887 19 19 51 
2573 6 13 51 
1877 7 12 51 
831 7 14 51 
709 8 15 51 
396 9 16 51 
342 10 17 51 
117 11 18 51 
21 12 19 51 
5524 18 19 51 
5288 19 18 51 
5284 7 13 51 
5210 8 14 51 
5185 9 15 51 
5137 10 16 51 
5037 11 17 51 
5005 12 18 51 
4764 13 19 51 
4689 17 19 51 
4597 18 18 51 
4417 19 17 51 
4364 8 13 51 
4048 9 14 51 
3415 10 15 51 
3340 11 16 51 
3211 12 17 51 
2919 13 18 51 
2830 14 19 51 
2774 16 19 51 
2732 17 18 51 
2702 18 17 51 
2613 19 16 51 
2524 9 13 51 
2225 10 14 51 
2022 11 15 51 
1861 12 16 51 
1775 13 17 51 
1625 14 18 51 
1587 15 19 51 
1511 16 18 51 
1403 17 17 51 
1298 18 16 51 
920 19 15 51 
758 10 13 51 
425 11 14 51 
375 12 15 51 
5643 13 16 51 
5428 14 17 51 
4945 15 18 51 
4899 16 17 51 
4678 17 16 51 
4545 18 15 51 
4514 19 14 51 
4480 10 12 51 
4429 11 13 51 
4253 12 14 51 
3874 13 15 51 
3514 14 16 51 
3456 15 17 51 
3353 16 16 51 
3279 17 15 51 
3146 18 14 51 
3025 19 13 51 
2849 10 11 51 
2351 11 12 51 
1991 12 13 51 
1505 13 14 51 
1236 14 15 51 
1184 15 16 51 
1072 16 15 51 
986 17 14 51 
869 18 13 51 
787 19 12 51 
690 10 10 51 
625 11 11 51 
486 12 12 51 
404 13 13 51 
38 14 14 51 
5724 15 15 51 
5681 16 14 51 
5327 17 13 51 
5234 18 12 51 
5183 19 11 51 
4936 11 10 51 
4886 12 11 51 
4797 13 12 51 
4765 14 13 51 
4608 15 14 51 
4469 16 13 51 
4384 17 12 51 
4299 18 11 51 
4133 19 10 51 
3991 12 10 51 
3812 13 11 51 
3718 14 12 51 
3695 15 13 51 
3241 16 12 51 
3044 17 11 51 
3011 18 10 51 
2744 19 9 51 
2527 13 10 51 
2053 14 11 51 
1758 15 12 51 
1721 16 11 51 
1709 17 10 51 
1673 18 9 51 
1244 19 4 51 
1011 19 8 51 
861 14 10 51 
757 15 11 51 
712 16 10 51 
421 17 9 51 
352 18 4 51 
270 18 8 51 
90 19 5 51 
5569 19 7 51 
5531 15 10 51 
5290 16 9 51 
5181 17 4 51 
5051 17 8 51 
4898 18 5 51 
4489 18 7 51 
3858 19 0 51 
3760 19 6 51 
3667 0 4 51 
3568 0 8 51 
2742 8 8 51 
2230 15 9 51 
2214 16 8 51 
2000 17 5 51 
1961 17 7 51 
1905 18 0 51 
1841 18 6 51 
1526 19 1 51 
1434 0 5 51 
1309 0 7 51 
1272 1 4 51 
1059 1 8 51 
933 8 7 51 
501 9 8 51 
306 10 9 51 
5196 14 9 51 
5067 15 8 51 
5033 16 7 51 
5028 17 0 51 
4987 17 6 51 
4955 18 1 51 
4459 19 2 51 
3783 0 6 51 
3626 1 5 51 
3518 1 7 51 
3067 2 4 51 
2549 2 8 51 
2338 8 6 51 
2092 9 7 51 
1592 10 8 51 
1569 11 9 51 
1493 13 9 51 
1283 14 8 51 
1265 15 7 51 
884 16 0 51 
255 16 6 51 
208 17 1 51 
158 18 2 51 
5159 19 3 51 
5157 1 6 51 
5003 2 5 51 
4803 2 7 51 
4424 3 8 51 
4411 7 8 51 
4266 9 6 51 
4238 10 7 51 
3454 11 8 51 
3379 12 9 51 
3052 13 8 51 
2800 14 7 51 
2668 15 0 51 
2597 15 6 51 
2316 16 1 51 
2079 16 5 51 
1495 17 2 51 
1426 18 3 51 
1412 2 6 51 
1247 3 7 51 
5684 4 8 51 
5191 6 8 51 
5119 7 7 51 
5054 10 6 51 
4575 11 7 51 
4333 12 8 51 
4178 13 7 51 
4004 14 0 51 
3975 14 6 51 
3754 15 1 51 
3509 15 5 51 
3256 16 2 51 
3090 16 4 51 
2934 17 3 51 
2242 0 3 51 
2209 3 6 51 
2178 4 7 51 
1999 5 8 51 
1530 6 7 51 
1477 7 6 51 
1353 11 6 51 
949 12 7 51 
685 13 0 51 
660 13 6 51 
5595 14 1 51 
5372 14 5 51 
5088 15 2 51 
4896 15 4 51 
4830 16 3 51 
4772 0 2 51 
4441 1 3 51 
3998 3 5 51 
3780 4 6 51 
3547 5 7 51 
3530 6 6 51 
3477 7 5 51 
3304 12 0 51 
3292 12 6 51 
2812 13 1 51 
2710 13 5 51 
2630 14 2 51 
2554 14 4 51 
2372 15 3 51 
1045 0 1 51 
765 1 2 51 
659 2 3 51 
635 3 4 51 
5427 4 5 51 
4969 5 6 51 
4959 6 5 51 
4897 7 4 51 
4743 11 0 51 
4298 12 1 51 
4031 12 5 51 
3796 13 2 51 
3525 13 4 51 
3341 14 3 51 
3287 0 0 51 
2905 1 1 51 
2691 2 2 51 
2240 3 3 51 
1119 4 4 51 
631 5 5 51 
419 6 4 51 
335 10 0 51 
303 11 1 51 
5740 11 5 51 
5636 12 2 51 
5517 12 4 51 
5491 13 3 51 
5132 1 0 51 
5026 2 1 51 
4885 3 2 51 
4860 4 3 51 
4513 5 4 51 
4477 10 1 51 
4285 10 5 51 
3383 11 2 51 
2918 11 4 51 
2550 12 3 51 
993 2 0 51 
693 3 1 51 
387 4 2 51 
327 5 3 51 
5556 9 5 51 
5215 10 2 51 
4982 10 4 51 
4918 11 3 51 
4460 3 0 51 
4189 4 1 51 
3877 5 2 51 
3828 6 3 51 
2255 8 5 51 
883 9 4 51 
570 10 3 51 
5004 4 0 51 
4063 5 1 51 
3587 6 2 51 
2917 7 3 51 
2149 8 4 51 
704 9 3 51 
483 5 0 51 
5513 6 1 51 
5510 7 2 51 
5147 8 3 51 
4996 9 2 51 
4235 6 0 51 
4001 7 1 51 
3820 8 2 51 
2980 9 1 51 
2286 7 0 51 
1198 8 1 51 
5315 9 0 51 
5211 8 0 51 
243 8 1 63 
569 7 1 63 
1217 8 2 63 
1568 6 1 63 
1674 7 2 63 
4265 5 1 64 
39 6 2 64 
4032 4 1 65 
4105 5 2 65 
769 9 4 65 
729 3 1 66 
1343 4 2 66 
4700 10 4 65 
199 11 3 65 
725 2 1 66 
1302 3 2 66 
1310 4 3 66 
2094 11 2 66 
3496 11 4 66 
3945 12 3 66 
5085 1 1 67 
5739 2 2 67 
186 4 4 67 
562 5 5 67 
657 11 1 67 
1041 12 2 66 
1324 12 4 66 
1544 1 2 68 
1640 5 6 67 
1887 6 5 67 
2661 12 1 67 
3446 13 2 67 
2646 5 7 68 
2728 6 6 68 
5696 13 1 68 
5731 13 5 68 
101 14 2 68 
410 4 7 69 
963 6 7 69 
1512 12 7 69 
1776 13 6 69 
1844 14 1 68 
3041 14 5 68 
3158 15 2 68 
4442 3 7 70 
4790 11 7 69 
132 12 8 69 
201 13 7 69 
354 14 6 69 
507 15 1 69 
2329 16 2 69 
2370 1 6 70 
2700 2 7 70 
3007 10 7 70 
4061 11 8 70 
4231 13 8 70 
4639 16 1 70 
4964 17 2 70 
5035 1 5 71 
5401 1 7 71 
135 9 7 71 
539 17 1 71 
781 18 2 71 
1060 16 7 71 
2259 18 1 71 
5465 16 8 72 
5591 0 19 76 
5578 0 18 76 
5423 1 19 76 
5312 0 9 76 
5186 0 17 76 
4963 1 18 76 
4947 2 19 76 
4865 0 10 76 
4786 0 16 76 
4769 1 9 76 
4738 1 17 76 
4729 2 18 76 
4686 3 19 76 
4669 0 11 76 
4668 0 15 76 
4596 1 10 76 
4408 1 16 76 
4026 2 9 76 
3970 2 17 76 
3911 3 18 76 
3790 4 19 76 
3331 0 12 76 
2738 0 14 76 
2451 1 11 76 
2194 1 15 76 
2126 2 10 76 
1318 2 16 76 
1188 3 9 76 
1185 3 17 76 
1170 4 18 76 
1133 5 19 76 
1015 0 13 76 
565 1 12 76 
445 1 14 76 
379 2 11 76 
213 2 15 76 
119 3 10 76 
58 3 16 76 
5701 4 9 76 
5188 4 17 76 
5106 5 18 76 
5092 6 19 76 
4990 1 13 76 
4356 2 12 76 
4330 2 14 76 
4270 3 11 76 
4076 3 15 76 
3878 4 10 76 
3637 4 16 76 
3396 5 9 76 
2930 5 17 76 
2470 6 18 76 
2279 7 19 76 
2197 9 9 76 
1909 2 13 76 
1822 3 12 76 
1557 3 14 76 
1540 4 11 76 
1519 4 15 76 
1516 5 10 76 
1465 5 16 76 
1450 6 9 76 
1398 6 17 76 
1276 7 18 76 
1182 8 9 76 
939 8 19 76 
783 9 10 76 
168 3 13 76 
86 4 12 76 
5673 4 14 76 
5579 5 11 76 
5577 5 15 76 
5208 6 10 76 
4794 6 16 76 
4760 7 9 76 
4558 7 17 76 
4168 8 10 76 
3715 8 18 76 
3584 9 11 76 
3343 9 19 76 
3153 4 13 76 
3003 5 12 76 
2903 5 14 76 
2659 6 11 76 
2649 6 15 76 
2392 7 10 76 
2373 7 16 76 
2337 8 11 76 
2160 8 17 76 
1736 9 12 76 
1726 9 18 76 
1671 10 19 76 
1619 5 13 76 
1601 6 12 76 
1534 6 14 76 
1391 7 11 76 
946 7 15 76 
859 8 12 76 
826 8 16 76 
671 9 17 76 
542 10 18 76 
420 11 19 76 
313 19 19 76 
192 6 13 76 
5685 7 12 76 
5534 7 14 76 
4995 8 15 76 
4924 9 16 76 
4726 10 17 76 
4694 11 18 76 
4455 12 19 76 
4375 18 19 76 
4324 19 18 76 
4233 7 13 76 
4071 8 14 76 
3590 9 15 76 
3521 10 16 76 
3076 11 17 76 
2956 12 18 76 
2879 13 19 76 
2805 17 19 76 
1980 18 18 76 
1916 19 17 76 
1452 8 13 76 
1335 9 14 76 
1225 10 15 76 
1172 11 16 76 
1083 12 17 76 
768 13 18 76 
516 14 19 76 
389 16 19 76 
103 17 18 76 
93 18 17 76 
5655 19 16 76 
5641 9 13 76 
5565 10 14 76 
5478 11 15 76 
5240 12 16 76 
4994 13 17 76 
4816 14 18 76 
4633 15 19 76 
4438 16 18 76 
4304 17 17 76 
3767 18 16 76 
3354 19 15 76 
3112 10 13 76 
2684 11 14 76 
2483 12 15 76 
2346 13 16 76 
2261 14 17 76 
1994 15 18 76 
1835 16 17 76 
1796 17 16 76 
1614 18 15 76 
1490 19 14 76 
1447 10 12 76 
889 11 13 76 
754 12 14 76 
622 13 15 76 
231 14 16 76 
5692 15 17 76 
5607 16 16 76 
5551 17 15 76 
5239 18 14 76 
4311 19 13 76 
4097 10 11 76 
4042 11 12 76 
4021 12 13 76 
3904 13 14 76 
3873 14 15 76 
3811 15 16 76 
3801 16 15 76 
3406 17 14 76 
3347 18 13 76 
3150 19 12 76 
3009 10 10 76 
2960 11 11 76 
2725 12 12 76 
2440 13 13 76 
1957 14 14 76 
1875 15 15 76 
1838 16 14 76 
1811 17 13 76 
1532 18 12 76 
1241 19 11 76 
1087 11 10 76 
1080 12 11 76 
615 13 12 76 
223 14 13 76 
60 15 14 76 
5435 16 13 76 
5387 17 12 76 
5220 18 11 76 
5216 19 10 76 
4917 12 10 76 
4864 13 11 76 
4804 14 12 76 
4798 15 13 76 
4663 16 12 76 
4614 17 11 76 
4560 18 10 76 
4481 19 9 76 
4374 13 10 76 
4370 14 11 76 
4192 15 12 76 
3973 16 11 76 
3892 17 10 76 
3868 18 9 76 
3829 19 4 76 
3564 19 8 76 
3453 14 10 76 
3228 15 11 76 
2531 16 10 76 
2413 17 9 76 
1977 18 4 76 
1774 18 8 76 
797 19 5 76 
366 19 7 76 
249 15 10 76 
193 16 9 76 
5732 17 4 76 
5000 17 8 76 
4672 18 5 76 
4595 18 7 76 
4583 19 0 76 
4427 19 6 76 
4278 0 4 76 
4252 0 8 76 
4240 8 8 76 
4121 15 9 76 
4028 16 8 76 
3870 17 5 76 
3230 17 7 76 
3107 18 0 76 
2606 18 6 76 
2467 19 1 76 
2426 0 5 76 
2388 0 7 76 
1929 1 4 76 
1911 1 8 76 
1768 8 7 76 
1270 9 8 76 
780 10 9 76 
508 14 9 76 
393 15 8 76 
302 16 7 76 
295 17 0 76 
289 17 6 76 
12 18 1 76 
5661 19 2 76 
5596 0 6 76 
5130 1 5 76 
5036 1 7 76 
4869 2 4 76 
4577 2 8 76 
4030 8 6 76 
3976 9 7 76 
3932 10 8 76 
3401 11 9 76 
3342 13 9 76 
3239 14 8 76 
2974 15 7 76 
2801 16 0 76 
2783 16 6 76 
2718 17 1 76 
2685 18 2 76 
2562 19 3 76 
2390 1 6 76 
2381 2 5 76 
2331 2 7 76 
2220 3 8 76 
2111 7 8 76 
1886 9 6 76 
1164 10 7 76 
1101 11 8 76 
847 12 9 76 
408 13 8 76 
5714 14 7 76 
5686 15 0 76 
5587 15 6 76 
5539 16 1 76 
4813 16 5 76 
4745 17 2 76 
4710 18 3 76 
4500 2 6 76 
4405 3 7 76 
4349 4 8 76 
4284 6 8 76 
3073 7 7 76 
2419 10 6 76 
1967 11 7 76 
1645 12 8 76 
1001 13 7 76 
510 14 0 76 
263 14 6 76 
228 15 1 76 
62 15 5 76 
5663 16 2 76 
5121 16 4 76 
5108 17 3 76 
4808 0 3 76 
4719 3 6 76 
4493 4 7 76 
4244 5 8 76 
4169 6 7 76 
3478 7 6 76 
3388 11 6 76 
2427 12 7 76 
2303 13 0 76 
1856 13 6 76 
1754 14 1 76 
1705 14 5 76 
1528 15 2 76 
1479 15 4 76 
1416 16 3 76 
1409 0 2 76 
1339 1 3 76 
1193 3 5 76 
1048 4 6 76 
934 5 7 76 
932 6 6 76 
877 7 5 76 
574 12 0 76 
523 12 6 76 
5112 13 1 76 
4900 13 5 76 
4872 14 2 76 
4587 14 4 76 
4369 15 3 76 
3817 0 1 76 
3113 1 2 76 
2863 2 3 76 
2825 3 4 76 
2788 4 5 76 
2780 5 6 76 
1834 6 5 76 
1055 7 4 76 
964 11 0 76 
283 12 1 76 
259 12 5 76 
84 13 2 76 
5646 13 4 76 
5585 14 3 76 
5474 0 0 76 
5336 1 1 76 
4793 2 2 76 
4630 3 3 76 
4381 4 4 76 
4115 5 5 76 
4041 6 4 76 
4008 10 0 76 
3821 11 1 76 
3571 11 5 76 
3371 12 2 76 
3263 12 4 76 
3178 13 3 76 
2696 1 0 76 
2479 2 1 76 
2432 3 2 76 
2424 4 3 76 
1559 5 4 76 
1378 10 1 76 
718 10 5 76 
5518 11 2 76 
4548 11 4 76 
4437 12 3 76 
3484 2 0 76 
2449 3 1 76 
2246 4 2 76 
1622 5 3 76 
1571 9 5 76 
1428 10 2 76 
851 10 4 76 
811 11 3 76 
651 3 0 76 
159 4 1 76 
5558 5 2 76 
5535 6 3 76 
5270 8 5 76 
4483 9 4 76 
4445 10 3 76 
4104 4 0 76 
2880 5 1 76 
2093 6 2 76 
446 7 3 76 
349 8 4 76 
4396 9 3 76 
4352 5 0 76 
3282 6 1 76 
3155 7 2 76 
2944 8 3 76 
2636 9 2 76 
2610 6 0 76 
2277 7 1 76 
1773 8 2 76 
1682 9 1 76 
3883 7 0 76 
2749 8 1 76 
1675 9 0 76 
412 8 0 76 
692 8 1 87 
25 7 1 88 
3787 8 2 88 
503 6 1 88 
985 7 2 88 
3676 5 1 89 
75 6 2 89 
1889 4 1 90 
2632 5 2 89 
3114 9 4 89 
3688 3 1 90 
69 4 2 90 
411 10 4 90 
1454 11 3 90 
4195 2 1 91 
4878 3 2 91 
1139 4 3 91 
1258 11 2 90 
2906 11 4 90 
2984 12 3 90 
3138 1 1 91 
3378 2 2 91 
3597 4 4 91 
581 5 5 91 
1414 11 1 91 
2143 12 2 91 
2441 12 4 91 
3147 1 2 92 
3604 5 6 92 
931 6 5 92 
1881 12 1 92 
4239 13 2 92 
177 5 7 93 
654 6 6 93 
741 13 1 92 
942 13 5 92 
989 14 2 92 
1739 4 7 93 
2505 6 7 93 
2721 12 7 93 
3084 13 6 93 
3546 14 1 93 
4736 14 5 93 
5413 15 2 93 
92 3 7 94 
444 11 7 94 
753 12 8 94 
1211 13 7 94 
1468 14 6 94 
2115 15 1 94 
2339 16 2 93 
3529 1 6 95 
4366 2 7 95 
5734 10 7 95 
639 11 8 95 
796 13 8 95 
899 16 1 94 
1073 17 2 94 
2140 1 5 95 
2313 1 7 95 
2716 9 7 95 
3136 17 1 95 
3255 18 2 95 
3665 16 7 96 
3841 18 1 96 
359 16 8 96 
752 17 7 96 
902 18 6 96 
957 17 8 96 
1903 18 5 96 
5264 18 7 96 
