1898
3400 9 19 1 
3373 0 19 1 
3262 8 19 1 
3080 9 18 1 
2972 0 18 1 
2838 1 19 1 
2802 7 19 1 
2799 8 18 1 
2735 9 17 1 
2724 0 17 1 
2616 1 18 1 
2591 2 19 1 
2269 6 19 1 
2191 7 18 1 
2176 8 17 1 
2051 9 16 1 
2035 0 0 1 
1928 0 16 1 
1884 1 17 1 
1637 2 18 1 
1362 3 19 1 
1102 5 19 1 
1069 6 18 1 
1029 7 17 1 
978 8 16 1 
836 9 15 1 
762 0 1 1 
642 0 15 1 
411 1 0 1 
389 1 16 1 
348 2 17 1 
294 3 18 1 
259 4 19 1 
175 5 18 1 
25 6 17 1 
3431 7 16 1 
3394 8 15 1 
3296 9 14 1 
3259 0 2 1 
3095 0 14 1 
2976 1 1 1 
2942 1 15 1 
2890 2 0 1 
2732 2 16 1 
2689 3 17 1 
2605 4 18 1 
2581 5 17 1 
2219 6 16 1 
2200 7 15 1 
2188 8 14 1 
2012 9 13 1 
1666 0 3 1 
1588 0 13 1 
1581 1 2 1 
1554 1 14 1 
1553 2 1 1 
1310 2 15 1 
1157 3 0 1 
986 3 16 1 
663 4 17 1 
616 5 16 1 
463 6 15 1 
261 7 14 1 
3530 8 13 1 
3477 0 4 1 
3246 0 12 1 
3133 1 3 1 
3128 1 13 1 
3074 2 2 1 
2872 2 14 1 
2681 3 1 1 
2653 3 15 1 
2334 4 16 1 
2244 5 15 1 
2122 6 14 1 
1935 7 13 1 
1841 19 13 1 
1731 19 19 1 
1601 0 5 1 
1597 0 11 1 
1470 1 4 1 
1209 1 12 1 
694 2 3 1 
647 2 13 1 
620 3 2 1 
549 3 14 1 
528 4 15 1 
462 5 14 1 
233 6 13 1 
202 18 13 1 
3633 18 19 1 
3559 19 14 1 
3425 19 18 1 
3380 0 6 1 
3280 0 10 1 
3243 1 5 1 
3148 1 11 1 
2826 2 4 1 
2697 2 12 1 
2658 3 3 1 
2652 3 13 1 
2485 4 14 1 
2455 5 13 1 
2436 17 13 1 
2405 17 19 1 
2252 18 14 1 
2232 18 18 1 
2034 19 15 1 
1818 19 17 1 
1806 0 7 1 
1681 0 9 1 
1635 1 6 1 
1628 1 10 1 
1575 2 5 1 
1564 2 11 1 
1456 3 4 1 
1439 3 12 1 
1368 4 13 1 
1083 10 19 1 
1023 16 13 1 
868 16 19 1 
670 17 14 1 
429 17 18 1 
331 18 15 1 
206 18 17 1 
138 19 16 1 
131 0 8 1 
87 1 7 1 
37 1 9 1 
3397 2 6 1 
3365 2 10 1 
3300 3 5 1 
3248 3 11 1 
3206 4 12 1 
3053 10 18 1 
2950 11 19 1 
2789 15 13 1 
2263 15 19 1 
2193 16 14 1 
1877 16 18 1 
1796 17 15 1 
1772 17 17 1 
1754 18 16 1 
1533 1 8 1 
1492 2 7 1 
1424 2 9 1 
1311 3 6 1 
1176 3 10 1 
1153 4 11 1 
1011 5 12 1 
654 10 17 1 
387 11 18 1 
282 12 19 1 
91 14 13 1 
2 14 19 1 
3059 15 14 1 
3038 15 18 1 
2991 16 15 1 
2895 16 17 1 
2885 17 16 1 
2884 2 8 1 
2852 3 7 1 
2693 3 9 1 
2568 4 10 1 
2565 5 11 1 
2203 6 12 1 
2162 10 16 1 
1961 11 17 1 
1903 12 18 1 
1868 13 19 1 
1696 14 14 1 
1676 14 18 1 
1675 15 15 1 
1543 15 17 1 
1347 16 16 1 
1044 3 8 1 
365 4 9 1 
305 5 10 1 
3593 6 11 1 
3534 7 12 1 
3303 9 12 1 
3209 10 15 1 
3125 11 16 1 
2953 12 17 1 
2534 13 18 1 
2195 14 15 1 
2145 14 17 1 
2144 15 16 1 
1775 4 8 1 
1741 5 9 1 
1647 6 10 1 
1576 7 11 1 
1396 8 12 1 
1353 9 11 1 
1273 10 14 1 
1224 11 15 1 
1121 12 16 1 
1078 13 17 1 
958 14 16 1 
749 4 7 1 
660 5 8 1 
571 6 9 1 
465 7 10 1 
192 8 11 1 
108 10 13 1 
3605 11 14 1 
3469 12 15 1 
3005 13 16 1 
2937 19 12 1 
2867 4 6 1 
2857 5 7 1 
2668 6 8 1 
2627 7 9 1 
1475 8 10 1 
1107 10 12 1 
1060 11 13 1 
1039 12 14 1 
864 13 15 1 
724 18 12 1 
676 19 11 1 
464 4 5 1 
269 5 6 1 
174 6 7 1 
93 7 8 1 
3553 8 9 1 
3542 9 6 1 
3384 9 10 1 
3341 10 11 1 
3307 11 12 1 
3183 12 13 1 
2987 13 14 1 
2912 17 12 1 
2902 18 11 1 
2683 19 10 1 
2632 4 4 1 
2594 5 5 1 
2322 6 6 1 
2307 7 7 1 
2157 8 8 1 
2038 9 7 1 
1826 9 9 1 
1319 10 6 1 
1084 10 10 1 
1019 11 11 1 
966 12 12 1 
938 13 13 1 
716 16 12 1 
699 17 11 1 
534 18 10 1 
213 19 9 1 
59 4 3 1 
3139 5 4 1 
3112 6 5 1 
3061 7 6 1 
3037 8 7 1 
3017 9 8 1 
2891 10 7 1 
2639 10 9 1 
2569 11 6 1 
2441 11 10 1 
2432 12 11 1 
2353 13 12 1 
2192 15 12 1 
2166 16 11 1 
2048 17 10 1 
1574 18 9 1 
1571 19 0 1 
1291 19 8 1 
1159 4 2 1 
1038 5 3 1 
996 6 4 1 
976 7 5 1 
673 8 6 1 
627 10 8 1 
29 11 7 1 
23 11 9 1 
3547 12 6 1 
3527 12 10 1 
3322 13 11 1 
3035 14 12 1 
2906 15 11 1 
2830 16 10 1 
2667 17 9 1 
2654 18 0 1 
2611 18 8 1 
2567 19 1 1 
2371 19 7 1 
2164 4 1 1 
2127 5 2 1 
1951 6 3 1 
1115 7 4 1 
874 8 5 1 
771 11 8 1 
755 12 7 1 
617 12 9 1 
564 13 6 1 
550 13 10 1 
545 14 11 1 
447 15 10 1 
334 16 9 1 
262 17 0 1 
164 17 8 1 
3 18 1 1 
2934 18 7 1 
2477 19 2 1 
2457 19 6 1 
2421 4 0 1 
2357 5 1 1 
2330 6 2 1 
2279 7 3 1 
1613 8 4 1 
1573 9 5 1 
1377 12 8 1 
1278 13 7 1 
1118 13 9 1 
1026 14 10 1 
808 15 9 1 
46 16 0 1 
3591 16 8 1 
3402 17 1 1 
3334 17 7 1 
3308 18 2 1 
3238 18 6 1 
2999 19 3 1 
2964 19 5 1 
2797 5 0 1 
2554 6 1 1 
2549 7 2 1 
2505 8 3 1 
2399 9 4 1 
2283 10 5 1 
2138 13 8 1 
1786 14 9 1 
1745 15 8 1 
1568 16 1 1 
1482 16 7 1 
1155 17 2 1 
1142 17 6 1 
1002 18 3 1 
915 18 5 1 
896 19 4 1 
804 6 0 1 
745 7 1 1 
633 8 2 1 
298 9 3 1 
287 10 4 1 
212 11 5 1 
133 14 8 1 
3383 15 7 1 
3155 16 2 1 
2389 16 6 1 
2066 17 3 1 
1584 17 5 1 
1459 18 4 1 
1429 7 0 1 
1398 8 1 1 
1193 9 2 1 
1127 10 3 1 
1057 11 4 1 
961 12 5 1 
905 14 7 1 
689 15 6 1 
135 16 3 1 
3403 16 5 1 
3050 17 4 1 
2974 8 0 1 
2962 9 1 1 
1882 10 2 1 
1839 11 3 1 
1591 12 4 1 
1403 13 5 1 
1201 14 6 1 
692 15 5 1 
326 16 4 1 
320 9 0 1 
2939 10 1 1 
2323 11 2 1 
2207 12 3 1 
2058 13 4 1 
1639 14 5 1 
1223 15 4 1 
993 10 0 1 
889 11 1 1 
370 12 2 1 
340 13 3 1 
3550 14 4 1 
3310 15 3 1 
3203 11 0 1 
2988 12 1 1 
2705 13 2 1 
1952 14 3 1 
1950 15 2 1 
1750 12 0 1 
1258 13 1 1 
1056 14 2 1 
180 15 1 1 
3057 13 0 1 
2588 14 1 1 
2427 15 0 1 
602 14 0 1 
1524 14 1 11 
2961 13 1 12 
65 14 2 12 
76 12 1 12 
507 13 2 12 
535 14 3 12 
1816 11 1 13 
41 12 2 13 
272 13 3 13 
398 14 4 12 
853 10 1 13 
1093 11 2 13 
2130 12 3 13 
2336 13 4 13 
2707 9 1 14 
1797 10 2 14 
2189 11 3 14 
2476 12 4 14 
2899 15 5 14 
3478 8 1 15 
288 9 2 15 
1624 10 3 15 
1758 11 4 15 
1915 15 6 15 
2949 16 5 14 
3083 17 4 14 
295 7 1 16 
659 8 2 16 
1390 9 3 16 
1496 10 4 16 
1650 15 7 15 
1801 16 6 15 
2109 17 3 15 
2213 17 5 15 
2747 18 4 15 
3040 6 1 16 
3201 7 2 16 
652 8 3 16 
2229 9 4 16 
2379 14 9 16 
2911 15 8 16 
3067 16 7 16 
146 17 2 16 
412 17 6 16 
1182 18 3 16 
1200 18 5 16 
1315 5 1 17 
1655 6 2 17 
1959 7 3 17 
2437 8 4 17 
2648 12 8 17 
2883 13 9 17 
3006 14 10 17 
54 15 9 17 
245 16 8 16 
388 17 1 16 
403 17 7 16 
529 18 2 16 
580 18 6 16 
666 5 2 18 
1727 6 3 18 
1848 7 4 18 
2408 11 8 18 
2674 12 7 18 
3160 12 9 18 
3184 13 10 18 
188 14 11 18 
1309 15 10 18 
1378 16 9 18 
1700 17 8 18 
3353 18 1 18 
129 18 7 17 
502 5 3 19 
904 6 4 19 
1077 7 5 19 
2105 10 8 19 
2139 11 7 19 
2609 11 9 19 
2768 12 10 18 
2992 13 11 18 
3548 15 11 18 
3601 9 19 26 
3438 0 19 26 
3298 8 19 26 
3127 9 18 26 
3082 0 18 26 
2975 1 19 26 
2775 7 19 26 
2677 8 18 26 
2484 9 17 26 
2469 0 17 26 
2264 1 18 26 
2245 2 19 26 
2217 6 19 26 
2180 7 18 26 
2098 8 17 26 
2073 9 16 26 
1942 0 0 26 
1789 0 16 26 
1654 1 17 26 
1401 2 18 26 
1221 3 19 26 
1148 5 19 26 
1020 6 18 26 
1012 7 17 26 
525 8 16 26 
452 9 15 26 
436 0 1 26 
434 0 15 26 
307 1 0 26 
204 1 16 26 
161 2 17 26 
63 3 18 26 
3613 4 19 26 
3528 5 18 26 
3526 6 17 26 
3492 7 16 26 
3442 8 15 26 
3434 9 14 26 
3392 0 2 26 
3284 0 14 26 
2882 1 1 26 
2840 1 15 26 
2049 2 0 26 
1938 2 16 26 
1849 3 17 26 
1834 4 18 26 
1829 5 17 26 
1749 6 16 26 
1415 7 15 26 
1314 8 14 26 
1210 9 13 26 
903 0 3 26 
708 0 13 26 
680 1 2 26 
655 1 14 26 
584 2 1 26 
516 2 15 26 
488 3 0 26 
224 3 16 26 
3637 4 17 26 
3498 5 16 26 
3454 6 15 26 
3342 7 14 26 
3076 8 13 26 
3072 0 4 26 
2804 0 12 26 
2636 1 3 26 
2537 1 13 26 
2490 2 2 26 
1748 2 14 26 
1738 3 1 26 
1406 3 15 26 
1318 4 16 26 
1232 5 15 26 
1162 6 14 26 
736 7 13 26 
710 19 13 26 
661 19 19 26 
625 0 5 26 
453 0 11 26 
372 1 4 26 
343 1 12 26 
250 2 3 26 
205 2 13 26 
162 3 2 26 
105 3 14 26 
16 4 15 26 
3595 5 14 26 
3581 6 13 26 
3543 18 13 26 
3471 18 19 26 
3124 19 14 26 
3078 19 18 26 
3055 0 6 26 
2751 0 10 26 
2580 1 5 26 
2397 1 11 26 
2146 2 4 26 
2078 2 12 26 
1936 3 3 26 
1823 3 13 26 
1802 4 14 26 
1473 5 13 26 
1387 17 13 26 
1139 17 19 26 
943 18 14 26 
809 18 18 26 
703 19 15 26 
626 19 17 26 
448 0 7 26 
383 0 9 26 
283 1 6 26 
210 1 10 26 
158 2 5 26 
3614 2 11 26 
3557 3 4 26 
3475 3 12 26 
3414 4 13 26 
3363 10 19 26 
3267 16 13 26 
3266 16 19 26 
3254 17 14 26 
3229 17 18 26 
3214 18 15 26 
3207 18 17 26 
3195 19 16 26 
3071 0 8 26 
3051 1 7 26 
3049 1 9 26 
2951 2 6 26 
2761 2 10 26 
2699 3 5 26 
2669 3 11 26 
2647 4 12 26 
2622 10 18 26 
2613 11 19 26 
2148 15 13 26 
2114 15 19 26 
2076 16 14 26 
2064 16 18 26 
1994 17 15 26 
1956 17 17 26 
1860 18 16 26 
1830 1 8 26 
1763 2 7 26 
1656 2 9 26 
1604 3 6 26 
1539 3 10 26 
1476 4 11 26 
1431 5 12 26 
1430 10 17 26 
1352 11 18 26 
1305 12 19 26 
1233 14 13 26 
1217 14 19 26 
955 15 14 26 
764 15 18 26 
720 16 15 26 
424 16 17 26 
258 17 16 26 
185 2 8 26 
173 3 7 26 
126 3 9 26 
13 4 10 26 
3385 5 11 26 
3290 6 12 26 
3223 10 16 26 
3198 11 17 26 
3153 12 18 26 
3018 13 19 26 
3011 14 14 26 
2984 14 18 26 
2938 15 15 26 
2492 15 17 26 
2335 16 16 26 
2273 3 8 26 
1880 4 9 26 
1768 5 10 26 
1744 6 11 26 
1190 7 12 26 
1073 9 12 26 
964 10 15 26 
629 11 16 26 
373 12 17 26 
299 13 18 26 
214 14 15 26 
209 14 17 26 
3554 15 16 26 
3039 4 8 26 
3036 5 9 26 
2842 6 10 26 
2721 7 11 26 
2292 8 12 26 
2149 9 11 26 
1945 10 14 26 
1891 11 15 26 
1862 12 16 26 
1765 13 17 26 
1452 14 16 26 
1419 4 7 26 
1299 5 8 26 
1269 6 9 26 
1013 7 10 26 
991 8 11 26 
675 10 13 26 
630 11 14 26 
538 12 15 26 
263 13 16 26 
3337 19 12 26 
3165 4 6 26 
3105 5 7 26 
3001 6 8 26 
2930 7 9 26 
2848 8 10 26 
2795 10 12 26 
2779 11 13 26 
2725 12 14 26 
2181 13 15 26 
2060 18 12 26 
2028 19 11 26 
1739 4 5 26 
1645 5 6 26 
1307 6 7 26 
1302 7 8 26 
1240 8 9 26 
1235 9 6 26 
1183 9 10 26 
1116 10 11 26 
856 11 12 26 
827 12 13 26 
789 13 14 26 
520 17 12 26 
3592 18 11 26 
3357 19 10 26 
3157 4 4 26 
2879 5 5 26 
2758 6 6 26 
2543 7 7 26 
2522 8 8 26 
2094 9 7 26 
1822 9 9 26 
1794 10 6 26 
1735 10 10 26 
1694 11 11 26 
1448 12 12 26 
1370 13 13 26 
1173 16 12 26 
1045 17 11 26 
951 18 10 26 
942 19 9 26 
581 4 3 26 
575 5 4 26 
544 6 5 26 
413 7 6 26 
95 8 7 26 
47 9 8 26 
42 10 7 26 
12 10 9 26 
6 11 6 26 
3152 11 10 26 
3143 12 11 26 
3119 13 12 26 
2385 15 12 26 
1697 16 11 26 
1141 17 10 26 
1129 18 9 26 
1018 19 0 26 
883 19 8 26 
674 4 2 26 
614 5 3 26 
427 6 4 26 
426 7 5 26 
423 8 6 26 
208 10 8 26 
177 11 7 26 
3305 11 9 26 
3027 12 6 26 
2889 12 10 26 
2551 13 11 26 
2509 14 12 26 
2499 15 11 26 
2495 16 10 26 
2483 17 9 26 
2378 18 0 26 
2081 18 8 26 
1759 19 1 26 
1509 19 7 26 
1197 4 1 26 
1080 5 2 26 
785 6 3 26 
783 7 4 26 
78 8 5 26 
3463 11 8 26 
3355 12 7 26 
2839 12 9 26 
2806 13 6 26 
2800 13 10 26 
2750 14 11 26 
2508 15 10 26 
2367 16 9 26 
2270 17 0 26 
1590 17 8 26 
939 18 1 26 
902 18 7 26 
898 19 2 26 
714 19 6 26 
609 4 0 26 
495 5 1 26 
312 6 2 26 
198 7 3 26 
169 8 4 26 
130 9 5 26 
3631 12 8 26 
3169 13 7 26 
3054 13 9 26 
3033 14 10 26 
2946 15 9 26 
2564 16 0 26 
2474 16 8 26 
2449 17 1 26 
2447 17 7 26 
2140 18 2 26 
1980 18 6 26 
1902 19 3 26 
1881 19 5 26 
1408 5 0 26 
1365 6 1 26 
1156 7 2 26 
823 8 3 26 
541 9 4 26 
251 10 5 26 
3372 13 8 26 
3299 14 9 26 
3193 15 8 26 
3167 16 1 26 
2985 16 7 26 
2928 17 2 26 
2019 17 6 26 
1734 18 3 26 
1621 18 5 26 
1619 19 4 26 
1085 6 0 26 
797 7 1 26 
707 8 2 26 
346 9 3 26 
339 10 4 26 
260 11 5 26 
167 14 8 26 
3632 15 7 26 
3610 16 2 26 
3158 16 6 26 
2948 17 3 26 
2482 17 5 26 
2443 18 4 26 
2097 7 0 26 
2002 8 1 26 
1792 9 2 26 
1771 10 3 26 
1721 11 4 26 
1092 12 5 26 
924 14 7 26 
727 15 6 26 
455 16 3 26 
445 16 5 26 
359 17 4 26 
345 8 0 26 
3578 9 1 26 
3432 10 2 26 
2959 11 3 26 
2836 12 4 26 
2835 13 5 26 
2809 14 6 26 
2778 15 5 26 
2454 16 4 26 
2342 9 0 26 
2102 10 1 26 
1780 11 2 26 
1485 12 3 26 
1272 13 4 26 
1189 14 5 26 
926 15 4 26 
701 10 0 26 
688 11 1 26 
686 12 2 26 
640 13 3 26 
3302 14 4 26 
3236 15 3 26 
2260 11 0 26 
1859 12 1 26 
1560 13 2 26 
1447 14 3 26 
435 15 2 26 
152 12 0 26 
3285 13 1 26 
3256 14 2 26 
1154 15 1 26 
292 13 0 26 
255 14 1 26 
2300 15 0 26 
1825 14 0 26 
1596 14 1 36 
738 13 1 36 
1701 14 2 36 
94 12 1 37 
3097 13 2 37 
274 14 3 37 
800 11 1 38 
1316 12 2 38 
2001 13 3 38 
2387 14 4 37 
2395 10 1 38 
2558 11 2 38 
3279 12 3 38 
3321 13 4 38 
496 9 1 38 
554 10 2 38 
695 11 3 38 
1520 12 4 38 
2400 15 5 38 
944 8 1 39 
2169 9 2 39 
2303 10 3 39 
2955 11 4 39 
578 15 6 39 
776 16 5 39 
1594 17 4 39 
1733 7 1 40 
1857 8 2 40 
1907 9 3 40 
1960 10 4 40 
2582 15 7 39 
2781 16 6 39 
3382 17 3 39 
543 17 5 39 
1484 18 4 39 
2134 6 1 41 
3533 7 2 41 
586 8 3 41 
928 9 4 41 
1109 14 9 40 
1444 15 8 40 
1680 16 7 40 
1736 17 2 40 
1887 17 6 40 
3291 18 3 40 
444 18 5 40 
970 5 1 42 
994 6 2 42 
1065 7 3 42 
1451 8 4 42 
1546 12 8 41 
1659 13 9 41 
1821 14 10 41 
1920 15 9 41 
3088 16 8 41 
641 17 1 41 
702 17 7 41 
1025 18 2 41 
2261 18 6 41 
3222 5 2 43 
3611 6 3 43 
79 7 4 43 
100 11 8 42 
712 12 7 42 
1244 12 9 42 
1457 13 10 42 
2356 14 11 42 
2518 15 10 42 
231 16 9 42 
791 17 8 42 
871 18 1 42 
2059 18 7 42 
2101 5 3 44 
3570 6 4 44 
3255 9 19 51 
3205 0 19 51 
2924 8 19 51 
2670 9 18 51 
2655 0 18 51 
2623 1 19 51 
2599 7 19 51 
2354 8 18 51 
2272 9 17 51 
2096 0 17 51 
2062 1 18 51 
2043 2 19 51 
1962 6 19 51 
1924 7 18 51 
1889 8 17 51 
1382 9 16 51 
1379 0 0 51 
1211 0 16 51 
1100 1 17 51 
757 2 18 51 
719 3 19 51 
597 5 19 51 
518 6 18 51 
377 7 17 51 
120 8 16 51 
9 9 15 51 
3529 0 1 51 
3505 0 15 51 
3368 1 0 51 
3356 1 16 51 
2854 2 17 51 
2845 3 18 51 
2814 4 19 51 
2788 5 18 51 
2748 6 17 51 
2529 7 16 51 
2422 8 15 51 
2291 9 14 51 
2284 0 2 51 
2089 0 14 51 
2079 1 1 51 
1653 1 15 51 
1598 2 0 51 
1577 2 16 51 
1534 3 17 51 
1437 4 18 51 
1131 5 17 51 
1128 6 16 51 
1031 7 15 51 
913 8 14 51 
793 9 13 51 
459 0 3 51 
378 0 13 51 
375 1 2 51 
7 1 14 51 
3535 2 1 51 
3514 2 15 51 
3444 3 0 51 
3301 3 16 51 
3192 4 17 51 
3031 5 16 51 
3029 6 15 51 
2878 7 14 51 
2682 8 13 51 
2621 0 4 51 
2557 0 12 51 
2533 1 3 51 
2349 1 13 51 
2306 2 2 51 
2254 2 14 51 
2137 3 1 51 
1913 3 15 51 
1892 4 16 51 
1809 5 15 51 
1788 6 14 51 
1660 7 13 51 
1467 19 13 51 
1186 19 19 51 
1021 0 5 51 
1010 0 11 51 
877 1 4 51 
753 1 12 51 
751 2 3 51 
467 2 13 51 
457 3 2 51 
67 3 14 51 
3241 4 15 51 
3171 5 14 51 
3116 6 13 51 
3081 18 13 51 
2851 18 19 51 
2704 19 14 51 
2463 19 18 51 
2460 0 6 51 
2417 0 10 51 
2374 1 5 51 
2282 1 11 51 
2161 2 4 51 
1982 2 12 51 
1974 3 3 51 
1807 3 13 51 
1720 4 14 51 
1710 5 13 51 
1699 17 13 51 
1274 17 19 51 
1270 18 14 51 
1214 18 18 51 
992 19 15 51 
899 19 17 51 
770 0 7 51 
722 0 9 51 
636 1 6 51 
416 1 10 51 
230 2 5 51 
3503 2 11 51 
3476 3 4 51 
3410 3 12 51 
2944 4 13 51 
2676 10 19 51 
2573 16 13 51 
2420 16 19 51 
2332 17 14 51 
2159 17 18 51 
1985 18 15 51 
1716 18 17 51 
1658 19 16 51 
1502 0 8 51 
1350 1 7 51 
1329 1 9 51 
1250 2 6 51 
1164 2 10 51 
969 3 5 51 
930 3 11 51 
612 4 12 51 
487 10 18 51 
484 11 19 51 
430 15 13 51 
404 15 19 51 
264 16 14 51 
207 16 18 51 
157 17 15 51 
85 17 17 51 
3626 18 16 51 
3510 1 8 51 
3211 2 7 51 
3032 2 9 51 
2832 3 6 51 
2713 3 10 51 
2595 4 11 51 
2452 5 12 51 
2299 10 17 51 
2257 11 18 51 
2228 12 19 51 
2136 14 13 51 
1927 14 19 51 
1813 15 14 51 
1746 15 18 51 
1718 16 15 51 
1442 16 17 51 
1326 17 16 51 
1059 2 8 51 
1041 3 7 51 
802 3 9 51 
603 4 10 51 
568 5 11 51 
229 6 12 51 
96 10 16 51 
8 11 17 51 
3627 12 18 51 
2931 13 19 51 
2914 14 14 51 
2702 14 18 51 
2698 15 15 51 
2679 15 17 51 
2511 16 16 51 
2479 3 8 51 
2350 4 9 51 
2220 5 10 51 
2120 6 11 51 
2053 7 12 51 
1957 9 12 51 
1897 10 15 51 
1855 11 16 51 
1702 12 17 51 
1690 13 18 51 
1538 14 15 51 
1529 14 17 51 
1262 15 16 51 
1225 4 8 51 
1086 5 9 51 
858 6 10 51 
566 7 11 51 
361 8 12 51 
335 9 11 51 
240 10 14 51 
228 11 15 51 
3603 12 16 51 
3576 13 17 51 
3473 14 16 51 
3416 4 7 51 
3390 5 8 51 
3297 6 9 51 
2947 7 10 51 
2723 8 11 51 
2593 10 13 51 
2506 11 14 51 
2471 12 15 51 
2412 13 16 51 
1879 19 12 51 
1761 4 6 51 
1725 5 7 51 
1708 6 8 51 
1602 7 9 51 
1328 8 10 51 
1243 10 12 51 
1184 11 13 51 
1081 12 14 51 
1067 13 15 51 
653 18 12 51 
497 19 11 51 
168 4 5 51 
3583 5 6 51 
3564 6 7 51 
3462 7 8 51 
2701 8 9 51 
2470 9 6 51 
2466 9 10 51 
2225 10 11 51 
2197 11 12 51 
2170 12 13 51 
1992 13 14 51 
1890 17 12 51 
1883 18 11 51 
1808 19 10 51 
1678 4 4 51 
1634 5 5 51 
1603 6 6 51 
1516 7 7 51 
1458 8 8 51 
1449 9 7 51 
1337 9 9 51 
1289 10 6 51 
1229 10 10 51 
1203 11 11 51 
1161 12 12 51 
839 13 13 51 
700 16 12 51 
510 17 11 51 
491 18 10 51 
220 19 9 51 
170 4 3 51 
3586 5 4 51 
3552 6 5 51 
3480 7 6 51 
3231 8 7 51 
2712 9 8 51 
2199 10 7 51 
2179 10 9 51 
2067 11 6 51 
2050 11 10 51 
1998 12 11 51 
1900 13 12 51 
1632 15 12 51 
1580 16 11 51 
1514 17 10 51 
1423 18 9 51 
1187 19 0 51 
1089 19 8 51 
1055 4 2 51 
849 5 3 51 
432 6 4 51 
235 7 5 51 
184 8 6 51 
3515 10 8 51 
3483 11 7 51 
3433 11 9 51 
3338 12 6 51 
3270 12 10 51 
3163 13 11 51 
2743 14 12 51 
2678 15 11 51 
2656 16 10 51 
2617 17 9 51 
2054 18 0 51 
1791 18 8 51 
1662 19 1 51 
1558 19 7 51 
1540 4 1 51 
1508 5 2 51 
1386 6 3 51 
1339 7 4 51 
1126 8 5 51 
615 11 8 51 
591 12 7 51 
479 12 9 51 
440 13 6 51 
3519 13 10 51 
3502 14 11 51 
3490 15 10 51 
3374 16 9 51 
3292 17 0 51 
3189 17 8 51 
3114 18 1 51 
2834 18 7 51 
2763 19 2 51 
1965 19 6 51 
1963 4 0 51 
665 5 1 51 
551 6 2 51 
399 7 3 51 
56 8 4 51 
36 9 5 51 
4 12 8 51 
2960 13 7 51 
2863 13 9 51 
2672 14 10 51 
2540 15 9 51 
2393 16 0 51 
2362 16 8 51 
2230 17 1 51 
2110 17 7 51 
2017 18 2 51 
1835 18 6 51 
1657 19 3 51 
1165 19 5 51 
1087 5 0 51 
685 6 1 51 
217 7 2 51 
136 8 3 51 
2711 9 4 51 
2075 10 5 51 
2020 13 8 51 
2018 14 9 51 
1932 15 8 51 
1582 16 1 51 
1547 16 7 51 
1525 17 2 51 
1511 17 6 51 
1306 18 3 51 
1163 18 5 51 
1144 19 4 51 
649 6 0 51 
585 7 1 51 
417 8 2 51 
290 9 3 51 
171 10 4 51 
147 11 5 51 
3517 14 8 51 
3459 15 7 51 
3253 16 2 51 
3086 16 6 51 
3022 17 3 51 
2722 17 5 51 
2597 18 4 51 
2224 7 0 51 
2182 8 1 51 
1532 9 2 51 
1417 10 3 51 
1410 11 4 51 
1323 12 5 51 
1246 14 7 51 
825 15 6 51 
593 16 3 51 
395 16 5 51 
183 17 4 51 
88 8 0 51 
26 9 1 51 
3602 10 2 51 
3326 11 3 51 
2348 12 4 51 
2240 13 5 51 
1717 14 6 51 
1670 15 5 51 
1219 16 4 51 
1119 9 0 51 
678 10 1 51 
410 11 2 51 
89 12 3 51 
3439 13 4 51 
2841 14 5 51 
2517 15 4 51 
2125 10 0 51 
1638 11 1 51 
1185 12 2 51 
818 13 3 51 
548 14 4 51 
257 15 3 51 
3538 11 0 51 
2361 12 1 51 
2231 13 2 51 
2111 14 3 51 
1703 15 2 51 
1479 12 0 51 
1335 13 1 51 
1275 14 2 51 
1051 15 1 51 
524 13 0 51 
354 14 1 51 
3607 15 0 51 
3606 14 0 51 
2312 14 1 60 
2796 13 1 61 
3589 14 2 60 
1004 12 1 61 
1921 13 2 61 
2726 14 3 61 
2856 11 1 62 
10 12 2 62 
450 13 3 62 
468 14 4 62 
919 10 1 63 
826 11 2 63 
965 12 3 63 
2004 13 4 62 
2047 9 1 64 
2531 10 2 63 
2844 11 3 63 
2909 12 4 63 
540 15 5 63 
579 8 1 64 
1615 9 2 64 
2815 10 3 64 
3580 11 4 64 
1521 15 6 64 
1563 16 5 64 
2037 17 4 64 
690 7 1 65 
705 8 2 65 
1436 9 3 65 
1691 10 4 65 
2572 15 7 64 
2803 16 6 64 
3560 17 3 64 
302 17 5 64 
306 18 4 64 
322 6 1 66 
482 7 2 66 
733 8 3 66 
1498 9 4 65 
1642 14 9 65 
2056 15 8 65 
2287 16 7 65 
2386 17 2 65 
3330 17 6 65 
3435 18 3 65 
508 18 5 65 
533 5 1 67 
1222 6 2 67 
1249 7 3 67 
1600 8 4 67 
1644 12 8 67 
1878 13 9 66 
2237 14 10 66 
2478 15 9 66 
3107 16 8 66 
515 17 1 66 
648 17 7 66 
897 18 2 66 
50 18 6 66 
973 5 2 68 
1937 6 3 68 
2345 7 4 68 
521 11 8 68 
537 12 7 68 
792 12 9 68 
1421 13 10 67 
1557 14 11 67 
1607 15 10 67 
1712 16 9 67 
2041 17 8 67 
2126 18 1 67 
2158 18 7 67 
2553 5 3 69 
3379 6 4 69 
3635 9 19 76 
3562 0 19 76 
3286 8 19 76 
2875 9 18 76 
2560 0 18 76 
2376 1 19 76 
2129 7 19 76 
2007 8 18 76 
1933 9 17 76 
1612 0 17 76 
1579 1 18 76 
1360 2 19 76 
1346 6 19 76 
1295 7 18 76 
1285 8 17 76 
1170 9 16 76 
1150 0 0 76 
1075 0 16 76 
954 1 17 76 
863 2 18 76 
657 3 19 76 
572 5 19 76 
489 6 18 76 
458 7 17 76 
385 8 16 76 
363 9 15 76 
144 0 1 76 
3636 0 15 76 
3585 1 0 76 
3561 1 16 76 
3352 2 17 76 
3325 3 18 76 
3263 4 19 76 
3260 5 18 76 
3216 6 17 76 
3175 7 16 76 
3090 8 15 76 
2979 9 14 76 
2954 0 2 76 
2887 0 14 76 
2859 1 1 76 
2737 1 15 76 
2686 2 0 76 
2664 2 16 76 
2559 3 17 76 
2504 4 18 76 
2430 5 17 76 
2329 6 16 76 
2100 7 15 76 
1740 8 14 76 
1707 9 13 76 
1505 0 3 76 
1468 0 13 76 
1397 1 2 76 
1288 1 14 76 
1188 2 1 76 
852 2 15 76 
635 3 0 76 
478 3 16 76 
397 4 17 76 
249 5 16 76 
190 6 15 76 
3608 7 14 76 
3594 8 13 76 
3588 0 4 76 
3493 0 12 76 
3429 1 3 76 
3345 1 13 76 
3331 2 2 76 
3329 2 14 76 
3197 3 1 76 
3121 3 15 76 
3046 4 16 76 
2628 5 15 76 
2465 6 14 76 
2363 7 13 76 
2262 19 13 76 
2248 19 19 76 
2221 0 5 76 
2088 0 11 76 
2030 1 4 76 
1922 1 12 76 
1911 2 3 76 
1906 2 13 76 
1779 3 2 76 
1518 3 14 76 
1342 4 15 76 
1322 5 14 76 
1227 6 13 76 
1047 18 13 76 
1035 18 19 76 
967 19 14 76 
830 19 18 76 
795 0 6 76 
750 0 10 76 
276 1 5 76 
3575 1 11 76 
3388 2 4 76 
3333 2 12 76 
3282 3 3 76 
3204 3 13 76 
3091 4 14 76 
3063 5 13 76 
2818 17 13 76 
1968 17 19 76 
1853 18 14 76 
1850 18 18 76 
1565 19 15 76 
962 19 17 76 
950 0 7 76 
831 0 9 76 
756 1 6 76 
667 1 10 76 
193 2 5 76 
178 2 11 76 
75 3 4 76 
53 3 12 76 
3619 4 13 76 
3574 10 19 76 
3568 16 13 76 
3324 16 19 76 
3311 17 14 76 
3108 17 18 76 
3101 18 15 76 
2741 18 17 76 
2692 19 16 76 
2596 0 8 76 
2391 1 7 76 
2133 1 9 76 
2112 2 6 76 
1969 2 10 76 
1917 3 5 76 
1805 3 11 76 
1672 4 12 76 
1587 10 18 76 
1281 11 19 76 
1254 15 13 76 
1136 15 19 76 
1017 16 14 76 
920 16 18 76 
622 17 15 76 
555 17 17 76 
409 18 16 76 
350 1 8 76 
296 2 7 76 
128 2 9 76 
18 3 6 76 
3366 3 10 76 
3261 4 11 76 
3052 5 12 76 
2877 10 17 76 
2820 11 18 76 
2746 12 19 76 
2456 14 13 76 
2438 14 19 76 
2419 15 14 76 
1926 15 18 76 
1593 16 15 76 
1555 16 17 76 
1369 17 16 76 
1171 2 8 76 
1123 3 7 76 
1111 3 9 76 
892 4 10 76 
32 5 11 76 
3629 6 12 76 
3616 10 16 76 
3318 11 17 76 
3117 12 18 76 
3115 13 19 76 
3099 14 14 76 
3043 14 18 76 
2978 15 15 76 
2640 15 17 76 
2433 16 16 76 
2388 3 8 76 
2368 4 9 76 
2365 5 10 76 
2156 6 11 76 
1909 7 12 76 
1755 9 12 76 
1706 10 15 76 
1599 11 16 76 
1460 12 17 76 
829 13 18 76 
775 14 15 76 
634 14 17 76 
517 15 16 76 
431 4 8 76 
246 5 9 76 
179 6 10 76 
3556 7 11 76 
3464 8 12 76 
3271 9 11 76 
3164 10 14 76 
3100 11 15 76 
2892 12 16 76 
2719 13 17 76 
2688 14 16 76 
2530 4 7 76 
2498 5 8 76 
2488 6 9 76 
2234 7 10 76 
2206 8 11 76 
1640 10 13 76 
1609 11 14 76 
1344 12 15 76 
1324 13 16 76 
1321 19 12 76 
1248 4 6 76 
940 5 7 76 
891 6 8 76 
885 7 9 76 
790 8 10 76 
729 10 12 76 
433 11 13 76 
356 12 14 76 
1 13 15 76 
3367 18 12 76 
3218 19 11 76 
3064 4 5 76 
3026 5 6 76 
2766 6 7 76 
2710 7 8 76 
2468 8 9 76 
2383 9 6 76 
2318 9 10 76 
2297 10 11 76 
2266 11 12 76 
2106 12 13 76 
1925 13 14 76 
1832 17 12 76 
1481 18 11 76 
1181 19 10 76 
1124 4 4 76 
1070 5 5 76 
1022 6 6 76 
876 7 7 76 
822 8 8 76 
725 9 7 76 
227 9 9 76 
84 10 6 76 
14 10 10 76 
3596 11 11 76 
3513 12 12 76 
3312 13 13 76 
2813 16 12 76 
2745 17 11 76 
2718 18 10 76 
2649 19 9 76 
2610 4 3 76 
2526 5 4 76 
2308 6 5 76 
2288 7 6 76 
1995 8 7 76 
1899 9 8 76 
1785 10 7 76 
1569 10 9 76 
1357 11 6 76 
1122 11 10 76 
782 12 11 76 
428 13 12 76 
234 15 12 76 
116 16 11 76 
81 17 10 76 
60 18 9 76 
3226 19 0 76 
3012 19 8 76 
2638 4 2 76 
2536 5 3 76 
2493 6 4 76 
2487 7 5 76 
2401 8 6 76 
2259 10 8 76 
2165 11 7 76 
2082 11 9 76 
1715 12 6 76 
1303 12 10 76 
1194 13 11 76 
1063 14 12 76 
760 15 11 76 
401 16 10 76 
219 17 9 76 
3537 18 0 76 
3516 18 8 76 
3257 19 1 76 
3199 19 7 76 
2977 4 1 76 
2837 5 2 76 
2833 6 3 76 
2615 7 4 76 
2453 8 5 76 
2341 11 8 76 
2278 12 7 76 
2108 12 9 76 
2099 13 6 76 
1827 13 10 76 
1636 14 11 76 
1480 15 10 76 
1414 16 9 76 
1251 17 0 76 
1215 17 8 76 
927 18 1 76 
911 18 7 76 
835 19 2 76 
628 19 6 76 
118 4 0 76 
40 5 1 76 
3571 6 2 76 
3566 7 3 76 
3540 8 4 76 
3227 9 5 76 
2794 12 8 76 
2286 13 7 76 
2173 13 9 76 
1967 14 10 76 
1940 15 9 76 
1939 16 0 76 
1585 16 8 76 
1391 17 1 76 
1234 17 7 76 
1098 18 2 76 
980 18 6 76 
834 19 3 76 
767 19 5 76 
600 5 0 76 
547 6 1 76 
514 7 2 76 
117 8 3 76 
3522 9 4 76 
3370 10 5 76 
3360 13 8 76 
3276 14 9 76 
3185 15 8 76 
2843 16 1 76 
2614 16 7 76 
2339 17 2 76 
2321 17 6 76 
2246 18 3 76 
1912 18 5 76 
1252 19 4 76 
1195 6 0 76 
947 7 1 76 
606 8 2 76 
469 9 3 76 
196 10 4 76 
139 11 5 76 
3621 14 8 76 
3467 15 7 76 
2847 16 2 76 
2011 16 6 76 
1663 17 3 76 
1255 17 5 76 
1068 18 4 76 
890 7 0 76 
472 8 1 76 
218 9 2 76 
3630 10 3 76 
3251 11 4 76 
3194 12 5 76 
3181 14 7 76 
3056 15 6 76 
1683 16 3 76 
1151 16 5 76 
1028 17 4 76 
990 8 0 76 
917 9 1 76 
38 10 2 76 
2989 11 3 76 
2969 12 4 76 
2651 13 5 76 
2305 14 6 76 
2141 15 5 76 
1901 16 4 76 
1828 9 0 76 
1762 10 1 76 
1177 11 2 76 
1095 12 3 76 
1030 13 4 76 
935 14 5 76 
557 15 4 76 
500 10 0 76 
2986 11 1 76 
2965 12 2 76 
2680 13 3 76 
2337 14 4 76 
2208 15 3 76 
1714 11 0 76 
1239 12 1 76 
1212 13 2 76 
43 14 3 76 
5 15 2 76 
3598 12 0 76 
2905 13 1 76 
2728 14 2 76 
1875 15 1 76 
301 13 0 76 
111 14 1 76 
3558 15 0 76 
3364 14 0 76 
1024 14 1 85 
2550 13 1 85 
1265 14 2 85 
145 12 1 86 
2174 13 2 86 
2410 14 3 86 
2620 11 1 86 
265 12 2 86 
879 13 3 86 
2316 14 4 86 
2691 10 1 87 
3347 11 2 87 
17 12 3 87 
854 13 4 87 
3210 9 1 88 
799 10 2 88 
1979 11 3 87 
2996 12 4 87 
3149 15 5 87 
142 8 1 89 
1512 9 2 89 
1626 10 3 88 
2044 11 4 88 
2404 15 6 88 
2612 16 5 88 
730 17 4 88 
1872 7 1 90 
2116 8 2 90 
2185 9 3 90 
2663 10 4 90 
2685 15 7 89 
2893 16 6 89 
3523 17 3 89 
148 17 5 89 
221 18 4 89 
810 6 1 91 
2281 7 2 91 
2824 8 3 91 
364 9 4 90 
569 14 9 90 
1191 15 8 90 
2446 16 7 90 
2566 17 2 90 
2765 17 6 90 
2823 18 3 90 
3625 18 5 90 
560 5 1 92 
988 6 2 91 
2196 7 3 91 
2296 8 4 91 
2659 12 8 91 
3230 13 9 91 
794 14 10 91 
2782 15 9 91 
3343 16 8 91 
561 17 1 91 
746 17 7 91 
1042 18 2 91 
1266 18 6 91 
1910 5 2 92 
2256 6 3 92 
2521 7 4 92 
2552 11 8 92 
2696 12 7 92 
443 12 9 92 
739 13 10 92 
1767 14 11 92 
2204 15 10 92 
2866 16 9 92 
