1975
5999 0 19 1 
5951 0 18 1 
5367 1 19 1 
5228 19 19 1 
5125 0 17 1 
4652 1 18 1 
4548 2 19 1 
4377 18 19 1 
4163 19 18 1 
3817 0 16 1 
3805 1 17 1 
3674 2 18 1 
3603 3 19 1 
3541 17 19 1 
3112 18 18 1 
3018 19 17 1 
2894 0 15 1 
2891 1 16 1 
2813 2 17 1 
2581 3 18 1 
2548 4 19 1 
1510 6 19 1 
1496 14 19 1 
1350 16 19 1 
1165 17 18 1 
1019 18 17 1 
966 19 16 1 
673 0 14 1 
554 1 15 1 
353 2 16 1 
224 3 17 1 
205 4 18 1 
201 5 19 1 
96 6 18 1 
86 14 18 1 
56 15 19 1 
5977 16 18 1 
5957 17 17 1 
5932 18 16 1 
5878 19 15 1 
5759 0 13 1 
5687 1 14 1 
5570 2 15 1 
5401 3 16 1 
5309 4 17 1 
4827 5 18 1 
4451 6 17 1 
4428 14 17 1 
4179 15 18 1 
3725 16 17 1 
3479 17 16 1 
3474 18 15 1 
3360 19 0 1 
2989 19 14 1 
2400 0 12 1 
2268 1 13 1 
2210 2 14 1 
1656 3 15 1 
1639 4 16 1 
723 5 17 1 
579 6 16 1 
499 7 19 1 
5916 13 19 1 
5418 14 16 1 
5386 15 17 1 
5357 16 16 1 
5192 17 15 1 
4645 18 0 1 
4583 18 14 1 
4566 19 1 1 
4387 19 13 1 
4314 0 11 1 
3895 1 12 1 
3716 2 13 1 
3514 3 14 1 
3450 4 15 1 
3274 5 16 1 
3202 6 15 1 
3110 7 18 1 
3040 8 19 1 
2930 12 19 1 
2617 13 18 1 
2416 14 15 1 
2307 15 16 1 
2138 16 15 1 
1513 17 0 1 
1261 17 14 1 
1239 18 1 1 
1025 18 13 1 
682 19 2 1 
599 19 12 1 
550 0 0 1 
149 0 10 1 
5 1 11 1 
5973 2 12 1 
5697 3 13 1 
5239 4 14 1 
4989 5 15 1 
4698 6 14 1 
4630 7 17 1 
4607 8 18 1 
4528 9 19 1 
4342 11 19 1 
4204 12 18 1 
4137 13 17 1 
3897 15 15 1 
3747 16 0 1 
3693 16 14 1 
3421 17 1 1 
3409 17 13 1 
3325 18 2 1 
3098 18 12 1 
2629 19 3 1 
2504 19 11 1 
2473 0 1 1 
2143 0 9 1 
1996 1 0 1 
1860 1 10 1 
1819 2 11 1 
1483 3 12 1 
1359 4 13 1 
1215 5 14 1 
1192 6 13 1 
1141 7 16 1 
799 8 17 1 
432 9 18 1 
183 10 19 1 
5661 11 18 1 
5243 12 17 1 
5134 13 16 1 
4597 15 0 1 
4504 15 14 1 
4189 16 1 1 
4169 16 13 1 
4060 17 2 1 
3976 17 12 1 
3798 18 3 1 
3738 18 11 1 
3506 19 4 1 
3038 19 10 1 
2987 0 2 1 
2843 0 8 1 
2842 1 1 1 
2837 1 9 1 
2615 2 0 1 
2517 2 10 1 
2478 3 11 1 
2334 4 12 1 
2102 5 13 1 
2066 6 12 1 
1985 7 15 1 
1620 8 16 1 
1544 9 17 1 
1319 10 18 1 
1268 11 17 1 
1184 12 16 1 
1094 13 15 1 
934 14 0 1 
895 14 14 1 
698 15 1 1 
608 15 13 1 
553 16 2 1 
543 16 12 1 
521 17 3 1 
422 17 11 1 
257 18 4 1 
120 18 10 1 
100 19 5 1 
5902 19 9 1 
5782 0 3 1 
5507 0 7 1 
4919 1 2 1 
4916 1 8 1 
4867 2 1 1 
4856 2 9 1 
4844 3 0 1 
4686 3 10 1 
4347 4 11 1 
4292 5 12 1 
4185 6 11 1 
3924 7 14 1 
3886 8 15 1 
3873 9 16 1 
3022 10 17 1 
2197 11 16 1 
2181 12 15 1 
2123 13 14 1 
2119 14 1 1 
1880 14 13 1 
1341 15 2 1 
987 15 12 1 
981 16 3 1 
790 16 11 1 
539 17 4 1 
176 17 10 1 
125 18 5 1 
5968 18 9 1 
5904 19 6 1 
5786 19 8 1 
5511 0 4 1 
5185 0 6 1 
5098 1 3 1 
4687 1 7 1 
4658 2 2 1 
4561 2 8 1 
4487 3 1 1 
4462 3 9 1 
3774 4 0 1 
3589 4 10 1 
3551 5 11 1 
2200 6 10 1 
1945 7 13 1 
1351 8 14 1 
959 9 15 1 
943 10 16 1 
781 11 15 1 
759 12 14 1 
289 13 13 1 
260 14 2 1 
5662 14 12 1 
5474 15 3 1 
5306 15 11 1 
5226 16 4 1 
4999 16 10 1 
4877 17 5 1 
3318 17 9 1 
3266 18 6 1 
2763 18 8 1 
2708 19 7 1 
2133 0 5 1 
2053 1 4 1 
2032 1 6 1 
2027 2 3 1 
1933 2 7 1 
1395 3 2 1 
202 3 8 1 
5936 4 1 1 
5870 4 9 1 
5815 5 10 1 
5812 7 12 1 
5700 8 13 1 
5683 9 14 1 
5660 10 15 1 
5611 11 14 1 
5571 12 13 1 
5534 13 12 1 
5515 14 3 1 
5246 14 11 1 
4729 15 4 1 
4534 15 10 1 
4103 16 5 1 
4068 16 9 1 
4038 17 6 1 
3668 17 8 1 
3189 18 7 1 
2791 1 5 1 
2642 2 4 1 
2536 2 6 1 
2523 3 3 1 
2309 3 7 1 
1967 4 2 1 
1870 4 8 1 
1824 5 9 1 
1795 7 11 1 
1618 8 12 1 
957 9 13 1 
950 10 14 1 
822 11 13 1 
356 12 12 1 
51 13 11 1 
5981 14 4 1 
5548 14 10 1 
5494 15 5 1 
5455 15 9 1 
5329 16 6 1 
5212 16 8 1 
5156 17 7 1 
5085 2 5 1 
4893 3 4 1 
4840 3 6 1 
4707 4 3 1 
4375 4 7 1 
3944 5 8 1 
3839 6 9 1 
3405 7 10 1 
3278 8 11 1 
3046 9 12 1 
2826 10 13 1 
2594 11 12 1 
2231 12 11 1 
2118 13 10 1 
1909 14 5 1 
1670 14 9 1 
1407 15 6 1 
1297 15 8 1 
1027 16 7 1 
974 3 5 1 
522 4 4 1 
317 4 6 1 
5580 5 7 1 
5457 6 8 1 
5428 7 9 1 
5255 8 10 1 
4972 9 11 1 
4608 10 12 1 
4407 11 11 1 
4105 12 10 1 
3594 13 5 1 
3495 13 9 1 
3179 14 6 1 
2679 14 8 1 
2492 15 7 1 
2402 4 5 1 
1943 5 6 1 
1851 6 7 1 
1686 7 8 1 
1684 8 9 1 
1550 9 10 1 
1416 10 11 1 
826 11 10 1 
709 12 5 1 
629 12 9 1 
526 13 6 1 
311 13 8 1 
24 14 7 1 
5311 5 5 1 
5282 6 6 1 
5261 7 7 1 
4356 8 8 1 
4265 9 9 1 
4194 10 10 1 
3865 11 5 1 
3698 11 9 1 
3042 12 6 1 
2447 12 8 1 
2084 13 7 1 
676 5 4 1 
603 6 5 1 
542 7 6 1 
5919 8 7 1 
5868 9 8 1 
5731 10 9 1 
5636 11 6 1 
5410 11 8 1 
4939 12 7 1 
4824 5 3 1 
4723 6 4 1 
4269 7 5 1 
4130 8 6 1 
4101 9 7 1 
3337 10 8 1 
2304 11 7 1 
2213 5 2 1 
2207 6 3 1 
2052 7 4 1 
2042 8 5 1 
1644 9 6 1 
1437 10 7 1 
1434 5 1 1 
1266 6 2 1 
684 7 3 1 
671 8 4 1 
406 9 5 1 
338 10 6 1 
273 5 0 1 
200 6 1 1 
4296 7 2 1 
4020 8 3 1 
3951 9 4 1 
3754 10 5 1 
3683 13 4 1 
3012 6 0 1 
2950 7 1 1 
2728 8 2 1 
2560 9 3 1 
2299 10 4 1 
1930 12 4 1 
833 13 3 1 
5739 7 0 1 
5211 8 1 1 
4964 9 2 1 
4808 10 3 1 
4034 11 4 1 
3824 12 3 1 
3806 13 2 1 
3661 8 0 1 
3660 9 1 1 
530 10 2 1 
454 11 3 1 
255 12 2 1 
5231 13 1 1 
4692 9 0 1 
4326 10 1 1 
3757 11 2 1 
3728 12 1 1 
730 13 0 1 
36 10 0 1 
5375 11 1 1 
4400 12 0 1 
4067 11 0 1 
1991 11 1 12 
658 10 1 13 
5680 11 2 13 
267 12 1 13 
568 9 1 14 
2963 10 2 14 
5464 11 3 14 
75 12 2 14 
2882 8 1 14 
3248 9 2 14 
3496 10 3 14 
39 12 3 14 
771 7 1 15 
4154 8 2 15 
4404 9 3 15 
4807 6 1 16 
5861 7 2 15 
973 8 3 15 
999 9 4 15 
1701 6 2 16 
1898 7 3 16 
3291 8 4 16 
4406 9 5 16 
4511 6 3 16 
197 7 4 16 
916 8 5 16 
1137 9 6 16 
2437 6 4 16 
3092 7 5 16 
3464 8 6 16 
3567 9 7 16 
4057 10 8 16 
5259 6 5 17 
318 7 6 17 
1342 8 7 16 
1383 9 8 16 
1582 10 9 16 
2105 11 8 16 
2270 12 7 16 
2498 6 6 17 
2702 7 7 17 
3643 8 8 17 
4718 9 9 17 
5146 10 10 17 
5266 11 9 17 
5416 12 6 17 
5856 12 8 17 
6 13 7 17 
80 5 6 18 
271 6 7 18 
1288 7 8 18 
1366 8 9 18 
1551 9 10 18 
1821 10 11 18 
2501 11 10 18 
3371 12 9 18 
3634 13 6 18 
4649 13 8 18 
5002 14 7 18 
1269 3 5 19 
1392 4 6 19 
1410 5 7 18 
1657 6 8 18 
2994 8 10 18 
3157 9 11 18 
3290 10 12 18 
3292 11 11 18 
4221 12 10 18 
4495 13 9 18 
5816 14 6 18 
323 14 8 18 
386 15 7 18 
1460 2 5 19 
2075 3 4 19 
2521 3 6 19 
3072 4 7 19 
3340 5 8 19 
3353 8 11 19 
4059 9 12 19 
450 10 13 19 
1116 11 12 19 
1339 12 11 19 
1663 13 10 19 
3006 14 9 19 
3960 15 6 19 
4016 15 8 19 
4055 16 7 19 
4318 1 5 20 
4900 2 4 20 
5019 2 6 20 
5344 3 3 20 
5997 3 7 20 
5736 0 19 26 
5503 0 18 26 
5400 1 19 26 
5317 19 19 26 
5281 0 17 26 
5165 1 18 26 
4958 2 19 26 
4695 18 19 26 
4665 19 18 26 
4516 0 16 26 
4498 1 17 26 
4047 2 18 26 
3767 3 19 26 
3640 17 19 26 
3238 18 18 26 
3013 19 17 26 
2779 0 15 26 
2352 1 16 26 
2161 2 17 26 
2007 3 18 26 
1862 4 19 26 
1815 6 19 26 
1491 14 19 26 
1489 16 19 26 
1346 17 18 26 
1181 18 17 26 
1154 19 16 26 
1081 0 14 26 
1034 1 15 26 
584 2 16 26 
474 3 17 26 
374 4 18 26 
342 5 19 26 
258 6 18 26 
58 14 18 26 
47 15 19 26 
5992 16 18 26 
5990 17 17 26 
5820 18 16 26 
5577 19 15 26 
5326 0 13 26 
5249 1 14 26 
5206 2 15 26 
5074 3 16 26 
4907 4 17 26 
4863 5 18 26 
4563 6 17 26 
4394 14 17 26 
4215 15 18 26 
4188 16 17 26 
4045 17 16 26 
3709 18 15 26 
3688 19 0 26 
3636 19 14 26 
3363 0 12 26 
3343 1 13 26 
3319 2 14 26 
3234 3 15 26 
3170 4 16 26 
3105 5 17 26 
2933 6 16 26 
2600 7 19 26 
2256 13 19 26 
2050 14 16 26 
1754 15 17 26 
1554 16 16 26 
1422 17 15 26 
1369 18 0 26 
1334 18 14 26 
1175 19 1 26 
1131 19 13 26 
1021 0 11 26 
774 1 12 26 
703 2 13 26 
575 3 14 26 
565 4 15 26 
377 5 16 26 
235 6 15 26 
5924 7 18 26 
5797 8 19 26 
5635 12 19 26 
5616 13 18 26 
5484 14 15 26 
5408 15 16 26 
5179 16 15 26 
5141 17 0 26 
4575 17 14 26 
4522 18 1 26 
4132 18 13 26 
4110 19 2 26 
3979 19 12 26 
3637 0 0 26 
3331 0 10 26 
3289 1 11 26 
3178 2 12 26 
3079 3 13 26 
2442 4 14 26 
2411 5 15 26 
2245 6 14 26 
1527 7 17 26 
1492 8 18 26 
1101 9 19 26 
910 11 19 26 
299 12 18 26 
5844 13 17 26 
5788 15 15 26 
5593 16 0 26 
5470 16 14 26 
5305 17 1 26 
4858 17 13 26 
4648 18 2 26 
4628 18 12 26 
4412 19 3 26 
3977 19 11 26 
3911 0 1 26 
2611 0 9 26 
2353 1 0 26 
2327 1 10 26 
1934 2 11 26 
1186 3 12 26 
1159 4 13 26 
817 5 14 26 
616 6 13 26 
594 7 16 26 
431 8 17 26 
419 9 18 26 
410 10 19 26 
333 11 18 26 
204 12 17 26 
49 13 16 26 
22 15 0 26 
5884 15 14 26 
5840 16 1 26 
5789 16 13 26 
5732 17 2 26 
5667 17 12 26 
5233 18 3 26 
5124 18 11 26 
4953 19 4 26 
4874 19 10 26 
4728 0 2 26 
4679 0 8 26 
4192 1 1 26 
4134 1 9 26 
3838 2 0 26 
3332 2 10 26 
3211 3 11 26 
3053 4 12 26 
2846 5 13 26 
2817 6 12 26 
2786 7 15 26 
2721 8 16 26 
2707 9 17 26 
2605 10 18 26 
2014 11 17 26 
1700 12 16 26 
1540 13 15 26 
1049 14 0 26 
533 14 14 26 
525 15 1 26 
282 15 13 26 
218 16 2 26 
140 16 12 26 
88 17 3 26 
13 17 11 26 
5880 18 4 26 
5867 18 10 26 
5794 19 5 26 
5692 19 9 26 
5264 0 3 26 
5209 0 7 26 
5061 1 2 26 
4774 1 8 26 
4577 2 1 26 
4015 2 9 26 
3939 3 0 26 
3890 3 10 26 
3791 4 11 26 
3684 5 12 26 
3543 6 11 26 
3390 7 14 26 
2984 8 15 26 
2184 9 16 26 
1767 10 17 26 
1436 11 16 26 
1289 12 15 26 
977 13 14 26 
932 14 1 26 
755 14 13 26 
720 15 2 26 
348 15 12 26 
213 16 3 26 
95 16 11 26 
69 17 4 26 
5980 17 10 26 
5768 18 5 26 
5752 18 9 26 
5223 19 6 26 
5201 19 8 26 
5083 0 4 26 
4897 0 6 26 
4711 1 3 26 
4470 1 7 26 
4436 2 2 26 
4386 2 8 26 
3614 3 1 26 
3413 3 9 26 
3188 4 0 26 
3026 4 10 26 
2887 5 11 26 
2768 6 10 26 
2657 7 13 26 
2624 8 14 26 
2507 9 15 26 
2413 10 16 26 
1494 11 15 26 
1312 12 14 26 
1271 13 13 26 
1231 14 2 26 
1213 14 12 26 
556 15 3 26 
225 15 11 26 
5901 16 4 26 
5601 16 10 26 
5545 17 5 26 
5378 17 9 26 
5371 18 6 26 
5257 18 8 26 
5133 19 7 26 
5122 0 5 26 
4761 1 4 26 
4546 1 6 26 
4463 2 3 26 
3715 2 7 26 
3565 3 2 26 
3539 3 8 26 
3361 4 1 26 
2800 4 9 26 
2643 5 10 26 
2297 7 12 26 
1803 8 13 26 
1484 9 14 26 
927 10 15 26 
678 11 14 26 
414 12 13 26 
251 13 12 26 
5714 14 3 26 
5668 14 11 26 
5654 15 4 26 
5431 15 10 26 
5268 16 5 26 
5088 16 9 26 
4937 17 6 26 
4905 17 8 26 
4690 18 7 26 
4558 1 5 26 
4123 2 4 26 
4087 2 6 26 
3946 3 3 26 
3814 3 7 26 
3744 4 2 26 
3736 4 8 26 
3404 5 9 26 
3133 7 11 26 
2956 8 12 26 
2607 9 13 26 
2601 10 14 26 
1634 11 13 26 
1611 12 12 26 
1590 13 11 26 
1438 14 4 26 
1057 14 10 26 
929 15 5 26 
864 15 9 26 
428 16 6 26 
65 16 8 26 
28 17 7 26 
5715 2 5 26 
5576 3 4 26 
5562 3 6 26 
5251 4 3 26 
5127 4 7 26 
5081 5 8 26 
5012 6 9 26 
4734 7 10 26 
4724 8 11 26 
4509 9 12 26 
4367 10 13 26 
3626 11 12 26 
3588 12 11 26 
3546 13 10 26 
3418 14 5 26 
3247 14 9 26 
3054 15 6 26 
2751 15 8 26 
2683 16 7 26 
2342 3 5 26 
1888 4 4 26 
1850 4 6 26 
1423 5 7 26 
1212 6 8 26 
1030 7 9 26 
524 8 10 26 
397 9 11 26 
368 10 12 26 
290 11 11 26 
5979 12 10 26 
5433 13 5 26 
5301 13 9 26 
4831 14 6 26 
4099 14 8 26 
3935 15 7 26 
3670 4 5 26 
3285 5 6 26 
2822 6 7 26 
2714 7 8 26 
2471 8 9 26 
2195 9 10 26 
1468 10 11 26 
622 11 10 26 
613 12 5 26 
569 12 9 26 
478 13 6 26 
387 13 8 26 
5900 14 7 26 
5693 5 5 26 
5603 6 6 26 
5543 7 7 26 
5540 8 8 26 
5406 9 9 26 
4934 10 10 26 
4322 11 5 26 
4174 11 9 26 
2923 12 6 26 
2741 12 8 26 
1986 13 7 26 
1904 5 4 26 
1799 6 5 26 
1561 7 6 26 
967 8 7 26 
309 9 8 26 
5761 10 9 26 
5444 11 6 26 
5296 11 8 26 
4765 12 7 26 
3703 5 3 26 
3399 6 4 26 
3317 7 5 26 
3264 8 6 26 
3121 9 7 26 
2460 10 8 26 
2375 11 7 26 
2361 5 2 26 
2146 6 3 26 
1960 7 4 26 
1666 8 5 26 
1207 9 6 26 
1058 10 7 26 
510 5 1 26 
300 6 2 26 
268 7 3 26 
5874 8 4 26 
5852 9 5 26 
4925 10 6 26 
4811 5 0 26 
3162 6 1 26 
2333 7 2 26 
2125 8 3 26 
1793 9 4 26 
1780 10 5 26 
1768 13 4 26 
1597 6 0 26 
1573 7 1 26 
1546 8 2 26 
1303 9 3 26 
1150 10 4 26 
1000 12 4 26 
708 13 3 26 
461 7 0 26 
435 8 1 26 
5971 9 2 26 
5930 10 3 26 
5330 11 4 26 
5247 12 3 26 
4501 13 2 26 
3947 8 0 26 
3582 9 1 26 
3414 10 2 26 
2869 11 3 26 
2681 12 2 26 
2525 13 1 26 
1314 9 0 26 
1157 10 1 26 
1087 11 2 26 
319 12 1 26 
247 13 0 26 
110 10 0 26 
5931 11 1 26 
5675 12 0 26 
700 11 0 26 
359 11 1 38 
618 10 1 39 
1883 11 2 39 
3007 12 1 39 
541 9 1 39 
4089 10 2 39 
5031 11 3 39 
5966 12 2 39 
571 8 1 40 
2174 9 2 39 
2226 10 3 39 
2883 12 3 39 
3365 7 1 40 
4930 8 2 40 
327 9 3 40 
389 6 1 40 
749 7 2 40 
1273 8 3 40 
1335 9 4 40 
1518 6 2 41 
1868 7 3 41 
3315 8 4 40 
3894 9 5 40 
4341 6 3 41 
5200 7 4 41 
1936 8 5 41 
1942 9 6 41 
2458 6 4 41 
3692 7 5 41 
5970 8 6 41 
960 9 7 41 
1200 10 8 41 
2440 6 5 42 
2990 7 6 42 
3011 8 7 42 
3114 9 8 42 
3205 10 9 41 
3908 11 8 41 
4165 12 7 41 
4224 6 6 42 
4449 7 7 42 
109 8 8 42 
429 9 9 42 
574 10 10 42 
2795 11 9 42 
3039 12 6 42 
3540 12 8 42 
3933 13 7 42 
4040 5 6 43 
4477 6 7 43 
5313 7 8 43 
5502 8 9 43 
5983 9 10 43 
392 10 11 43 
418 11 10 43 
500 12 9 43 
534 13 6 43 
803 13 8 43 
883 14 7 42 
1234 3 5 44 
1388 4 6 44 
2126 5 7 44 
2227 6 8 44 
2480 8 10 44 
3149 9 11 44 
3701 10 12 44 
4147 11 11 44 
4483 12 10 43 
4549 13 9 43 
5339 14 6 43 
5920 14 8 43 
5944 15 7 43 
430 2 5 44 
1458 3 4 44 
1829 3 6 44 
2585 4 7 44 
3532 5 8 44 
4295 8 11 44 
4539 9 12 44 
5008 10 13 44 
5665 11 12 44 
264 12 11 44 
357 13 10 44 
453 14 9 44 
940 15 6 44 
1223 15 8 44 
1282 16 7 44 
1987 1 5 45 
2026 2 4 45 
2095 2 6 45 
3328 3 3 45 
3568 3 7 45 
4678 4 8 45 
5123 8 12 45 
5168 9 13 45 
5529 10 14 45 
5914 0 19 51 
5620 0 18 51 
5573 1 19 51 
5563 19 19 51 
5520 0 17 51 
5376 1 18 51 
4996 2 19 51 
4763 18 19 51 
4663 19 18 51 
4637 0 16 51 
4493 1 17 51 
4280 2 18 51 
4076 3 19 51 
3721 17 19 51 
3516 18 18 51 
3200 19 17 51 
3147 0 15 51 
3099 1 16 51 
2830 2 17 51 
2694 3 18 51 
2634 4 19 51 
2582 6 19 51 
2275 14 19 51 
1843 16 19 51 
1802 17 18 51 
1591 18 17 51 
1487 19 16 51 
1382 0 14 51 
1173 1 15 51 
931 2 16 51 
735 3 17 51 
624 4 18 51 
367 5 19 51 
216 6 18 51 
38 14 18 51 
1 15 19 51 
5780 16 18 51 
5703 17 17 51 
5331 18 16 51 
5067 19 15 51 
4653 0 13 51 
4535 1 14 51 
4358 2 15 51 
4205 3 16 51 
4167 4 17 51 
4152 5 18 51 
4127 6 17 51 
3971 14 17 51 
3584 15 18 51 
3449 16 17 51 
2957 17 16 51 
2941 18 15 51 
2455 19 0 51 
2451 19 14 51 
2272 0 12 51 
2182 1 13 51 
1746 2 14 51 
1744 3 15 51 
1708 4 16 51 
1654 5 17 51 
1337 6 16 51 
1306 7 19 51 
907 13 19 51 
840 14 16 51 
816 15 17 51 
366 16 16 51 
222 17 15 51 
83 18 0 51 
5917 18 14 51 
5741 19 1 51 
5674 19 13 51 
5523 0 11 51 
5522 1 12 51 
5516 2 13 51 
5443 3 14 51 
5438 4 15 51 
5262 5 16 51 
5149 6 15 51 
5114 7 18 51 
4834 8 19 51 
4700 12 19 51 
4582 13 18 51 
4551 14 15 51 
4245 15 16 51 
3735 16 15 51 
3666 17 0 51 
3612 17 14 51 
3388 18 1 51 
3330 18 13 51 
2951 19 2 51 
2821 19 12 51 
2816 0 0 51 
2511 0 10 51 
1971 1 11 51 
1941 2 12 51 
1781 3 13 51 
1373 4 14 51 
1311 5 15 51 
1001 6 14 51 
824 7 17 51 
644 8 18 51 
590 9 19 51 
442 11 19 51 
296 12 18 51 
228 13 17 51 
211 15 15 51 
92 16 0 51 
23 16 14 51 
5824 17 1 51 
5686 17 13 51 
5659 18 2 51 
5527 18 12 51 
5496 19 3 51 
5187 19 11 51 
5001 0 1 51 
4710 0 9 51 
4625 1 0 51 
4416 1 10 51 
4389 2 11 51 
4309 3 12 51 
4244 4 13 51 
4044 5 14 51 
3859 6 13 51 
3766 7 16 51 
3694 8 17 51 
3476 9 18 51 
3283 10 19 51 
3256 11 18 51 
3097 12 17 51 
2945 13 16 51 
2858 15 0 51 
2727 15 14 51 
2672 16 1 51 
2503 16 13 51 
2198 17 2 51 
1977 17 12 51 
1532 18 3 51 
1304 18 11 51 
1168 19 4 51 
1031 19 10 51 
399 0 2 51 
390 0 8 51 
303 1 1 51 
230 1 9 51 
5846 2 0 51 
5748 2 10 51 
5663 3 11 51 
5610 4 12 51 
5360 5 13 51 
4935 6 12 51 
4931 7 15 51 
4661 8 16 51 
4531 9 17 51 
4435 10 18 51 
4405 11 17 51 
4392 12 16 51 
4120 13 15 51 
3995 14 0 51 
3936 14 14 51 
3525 15 1 51 
3136 15 13 51 
3069 16 2 51 
2925 16 12 51 
2845 17 3 51 
2780 17 11 51 
2771 18 4 51 
2698 18 10 51 
2627 19 5 51 
2614 19 9 51 
2249 0 3 51 
2068 0 7 51 
1499 1 2 51 
1352 1 8 51 
1123 2 1 51 
1056 2 9 51 
971 3 0 51 
668 3 10 51 
480 4 11 51 
416 5 12 51 
5926 6 11 51 
5758 7 14 51 
5737 8 15 51 
5644 9 16 51 
5632 10 17 51 
5490 11 16 51 
5459 12 15 51 
5349 13 14 51 
5338 14 1 51 
5232 14 13 51 
5064 15 2 51 
4986 15 12 51 
4739 16 3 51 
4618 16 11 51 
4458 17 4 51 
4363 17 10 51 
4223 18 5 51 
4070 18 9 51 
4032 19 6 51 
3899 19 8 51 
3898 0 4 51 
3366 0 6 51 
3191 1 3 51 
2533 1 7 51 
2476 2 2 51 
2139 2 8 51 
2107 3 1 51 
1758 3 9 51 
1695 4 0 51 
1577 4 10 51 
1396 5 11 51 
1195 6 10 51 
1090 7 13 51 
1041 8 14 51 
440 9 15 51 
5623 10 16 51 
5087 11 15 51 
4977 12 14 51 
4705 13 13 51 
4481 14 2 51 
4348 14 12 51 
4283 15 3 51 
4149 15 11 51 
3922 16 4 51 
3699 16 10 51 
3447 17 5 51 
3384 17 9 51 
3148 18 6 51 
2752 18 8 51 
2726 19 7 51 
2237 0 5 51 
2089 1 4 51 
2000 1 6 51 
1832 2 3 51 
1308 2 7 51 
683 3 2 51 
491 3 8 51 
5933 4 1 51 
5879 4 9 51 
5826 5 10 51 
5769 7 12 51 
5762 8 13 51 
5224 9 14 51 
5047 10 15 51 
4703 11 14 51 
4671 12 13 51 
4591 13 12 51 
4418 14 3 51 
4180 14 11 51 
3782 15 4 51 
3729 15 10 51 
3252 16 5 51 
3116 16 9 51 
2680 17 6 51 
2424 17 8 51 
2350 18 7 51 
2215 1 5 51 
1747 2 4 51 
1358 2 6 51 
1329 3 3 51 
681 3 7 51 
5991 4 2 51 
5869 4 8 51 
5544 5 9 51 
5491 7 11 51 
5480 8 12 51 
5308 9 13 51 
5040 10 14 51 
4929 11 13 51 
4642 12 12 51 
4349 13 11 51 
4106 14 4 51 
4079 14 10 51 
3758 15 5 51 
3254 15 9 51 
3095 16 6 51 
2142 16 8 51 
1789 17 7 51 
1575 2 5 51 
1088 3 4 51 
844 3 6 51 
712 4 3 51 
619 4 7 51 
588 5 8 51 
587 6 9 51 
198 7 10 51 
5745 8 11 51 
5652 9 12 51 
5202 10 13 51 
5159 11 12 51 
5147 12 11 51 
5140 13 10 51 
5105 14 5 51 
4974 14 9 51 
4766 15 6 51 
4426 15 8 51 
4085 16 7 51 
3356 3 5 51 
3334 4 4 51 
3229 4 6 51 
3212 5 7 51 
3171 6 8 51 
3030 7 9 51 
2960 8 10 51 
2685 9 11 51 
2335 10 12 51 
2321 11 11 51 
1536 12 10 51 
424 13 5 51 
5749 13 9 51 
5722 14 6 51 
5639 14 8 51 
5310 15 7 51 
5176 4 5 51 
4890 5 6 51 
4399 6 7 51 
4159 7 8 51 
4061 8 9 51 
3964 9 10 51 
3955 10 11 51 
3713 11 10 51 
3627 12 5 51 
3085 12 9 51 
2604 13 6 51 
1903 13 8 51 
1707 14 7 51 
1689 5 5 51 
1626 6 6 51 
1500 7 7 51 
1480 8 8 51 
1425 9 9 51 
1228 10 10 51 
946 11 5 51 
628 11 9 51 
337 12 6 51 
157 12 8 51 
5956 13 7 51 
5184 5 4 51 
5162 6 5 51 
5054 7 6 51 
4737 8 7 51 
4640 9 8 51 
4580 10 9 51 
4233 11 6 51 
4065 11 8 51 
3550 12 7 51 
3158 5 3 51 
3043 6 4 51 
2920 7 5 51 
2766 8 6 51 
2584 9 7 51 
1046 10 8 51 
261 11 7 51 
5629 5 2 51 
5387 6 3 51 
4804 7 4 51 
4384 8 5 51 
3789 9 6 51 
3734 10 7 51 
3714 5 1 51 
2831 6 2 51 
2513 7 3 51 
2372 8 4 51 
2345 9 5 51 
1864 10 6 51 
1345 5 0 51 
783 6 1 51 
772 7 2 51 
455 8 3 51 
241 9 4 51 
5765 10 5 51 
5694 13 4 51 
5682 6 0 51 
5374 7 1 51 
5142 8 2 51 
5091 9 3 51 
5072 10 4 51 
4669 12 4 51 
4572 13 3 51 
4381 7 0 51 
4379 8 1 51 
3973 9 2 51 
3917 10 3 51 
2964 11 4 51 
2058 12 3 51 
768 13 2 51 
633 8 0 51 
185 9 1 51 
5688 10 2 51 
3197 11 3 51 
2502 12 2 51 
5299 13 1 51 
5050 9 0 51 
4801 10 1 51 
4601 11 2 51 
4311 12 1 51 
2238 13 0 51 
1249 10 0 51 
243 11 1 51 
93 12 0 51 
4799 11 0 51 
72 11 1 63 
286 10 1 63 
589 11 2 63 
1595 12 1 63 
4220 9 1 65 
4569 10 2 64 
5673 11 3 64 
227 12 2 64 
276 8 1 65 
674 9 2 65 
2579 10 3 65 
2942 12 3 65 
3310 7 1 65 
15 8 2 65 
1403 9 3 65 
4872 6 1 66 
4954 7 2 66 
5763 8 3 66 
1333 9 4 66 
1364 6 2 66 
3877 7 3 66 
863 8 4 66 
2397 9 5 66 
2472 6 3 66 
2973 7 4 66 
2992 8 5 66 
3411 9 6 66 
3850 6 4 67 
3983 7 5 67 
4842 8 6 67 
119 9 7 67 
459 10 8 67 
1394 6 5 67 
1409 7 6 67 
1947 8 7 67 
1965 9 8 67 
2325 10 9 67 
2828 11 8 67 
2853 12 7 67 
3381 6 6 68 
3548 7 7 68 
4781 8 8 68 
5332 9 9 68 
493 10 10 68 
1026 11 9 68 
1299 12 6 68 
1886 12 8 68 
2764 13 7 67 
3100 5 6 68 
3260 6 7 68 
3862 7 8 68 
4415 8 9 68 
5204 9 10 68 
814 10 11 68 
3083 11 10 68 
3129 12 9 68 
3153 13 6 68 
3681 13 8 68 
4071 14 7 68 
4385 3 5 69 
4500 4 6 69 
4733 5 7 69 
4825 6 8 69 
5113 8 10 69 
90 9 11 69 
615 10 12 69 
649 11 11 69 
753 12 10 69 
1203 13 9 68 
1694 14 6 68 
1727 14 8 68 
1740 15 7 68 
2410 2 5 70 
2755 3 4 70 
2871 3 6 70 
5103 4 7 70 
5403 5 8 70 
5519 8 11 69 
5666 9 12 69 
5738 10 13 69 
5806 11 12 69 
245 12 11 69 
473 13 10 69 
742 14 9 69 
1419 15 6 69 
1433 15 8 69 
1476 16 7 69 
1918 1 5 71 
2684 2 4 71 
3997 2 6 71 
4207 3 3 71 
5038 3 7 71 
5056 4 8 70 
5742 8 12 70 
5905 9 13 70 
5952 0 19 76 
5864 0 18 76 
5848 1 19 76 
5684 19 19 76 
4904 0 17 76 
4779 1 18 76 
4760 2 19 76 
4725 18 19 76 
4460 19 18 76 
4453 0 16 76 
4094 1 17 76 
4005 2 18 76 
3991 3 19 76 
3861 17 19 76 
3705 18 18 76 
3566 19 17 76 
3397 0 15 76 
3277 1 16 76 
3122 2 17 76 
2810 3 18 76 
2703 4 19 76 
2166 6 19 76 
2098 14 19 76 
1827 16 19 76 
1804 17 18 76 
1769 18 17 76 
1709 19 16 76 
1103 0 14 76 
887 1 15 76 
175 2 16 76 
6003 3 17 76 
5925 4 18 76 
5358 5 19 76 
5321 6 18 76 
4722 14 18 76 
4168 15 19 76 
4093 16 18 76 
4072 17 17 76 
4058 18 16 76 
3906 19 15 76 
3832 0 13 76 
3650 1 14 76 
2856 2 15 76 
2111 3 16 76 
1939 4 17 76 
1923 5 18 76 
1910 6 17 76 
1834 14 17 76 
1633 15 18 76 
1528 16 17 76 
1485 17 16 76 
1406 18 15 76 
958 19 0 76 
947 19 14 76 
945 0 12 76 
843 1 13 76 
842 2 14 76 
647 3 15 76 
288 4 16 76 
5733 5 17 76 
5530 6 16 76 
4667 7 19 76 
4230 13 19 76 
3851 14 16 76 
3689 15 17 76 
3417 16 16 76 
3243 17 15 76 
3231 18 0 76 
3160 18 14 76 
3074 19 1 76 
2896 19 13 76 
2774 0 11 76 
2489 1 12 76 
2420 2 13 76 
2367 3 14 76 
2175 4 15 76 
2049 5 16 76 
1908 6 15 76 
1905 7 18 76 
1713 8 19 76 
1497 12 19 76 
1214 13 18 76 
1171 14 15 76 
925 15 16 76 
600 16 15 76 
476 17 0 76 
470 17 14 76 
223 18 1 76 
214 18 13 76 
106 19 2 76 
5950 19 12 76 
5690 0 0 76 
5587 0 10 76 
5583 1 11 76 
5569 2 12 76 
5554 3 13 76 
5248 4 14 76 
4696 5 15 76 
4656 6 14 76 
4568 7 17 76 
4467 8 18 76 
4411 9 19 76 
4334 11 19 76 
4249 12 18 76 
4193 13 17 76 
3667 15 15 76 
3647 16 0 76 
3595 16 14 76 
3527 17 1 76 
3461 17 13 76 
3428 18 2 76 
3407 18 12 76 
3203 19 3 76 
2878 19 11 76 
2876 0 1 76 
2825 0 9 76 
2553 1 0 76 
2499 1 10 76 
2356 2 11 76 
2025 3 12 76 
1520 4 13 76 
1439 5 14 76 
1190 6 13 76 
955 7 16 76 
607 8 17 76 
335 9 18 76 
133 10 19 76 
111 11 18 76 
5609 12 17 76 
5560 13 16 76 
5423 15 0 76 
5412 15 14 76 
5015 16 1 76 
4891 16 13 76 
4789 17 2 76 
4762 17 12 76 
4694 18 3 76 
4524 18 11 76 
4424 19 4 76 
4376 19 10 76 
4084 0 2 76 
4036 0 8 76 
3801 1 1 76 
3574 1 9 76 
3552 2 0 76 
3273 2 10 76 
3216 3 11 76 
3173 4 12 76 
2919 5 13 76 
2527 6 12 76 
2464 7 15 76 
2399 8 16 76 
2377 9 17 76 
2176 10 18 76 
2090 11 17 76 
1859 12 16 76 
1739 13 15 76 
1635 14 0 76 
1135 14 14 76 
1012 15 1 76 
963 15 13 76 
457 16 2 76 
263 16 12 76 
5955 17 3 76 
5899 17 11 76 
5890 18 4 76 
5740 18 10 76 
5735 19 5 76 
5702 19 9 76 
5467 0 3 76 
5042 0 7 76 
4746 1 2 76 
4654 1 8 76 
4181 2 1 76 
3957 2 9 76 
3615 3 0 76 
3420 3 10 76 
3225 4 11 76 
3002 5 12 76 
2669 6 11 76 
2529 7 14 76 
2362 8 15 76 
2185 9 16 76 
2109 10 17 76 
1948 11 16 76 
1835 12 15 76 
1475 13 14 76 
1042 14 1 76 
915 14 13 76 
848 15 2 76 
705 15 12 76 
167 16 3 76 
5676 16 11 76 
5575 17 4 76 
5549 17 10 76 
5297 18 5 76 
5272 18 9 76 
5242 19 6 76 
5094 19 8 76 
5084 0 4 76 
4923 0 6 76 
4758 1 3 76 
4666 1 7 76 
4468 2 2 76 
4422 2 8 76 
4250 3 1 76 
4173 3 9 76 
4157 4 0 76 
3770 4 10 76 
3025 5 11 76 
2966 6 10 76 
2836 7 13 76 
2557 8 14 76 
2428 9 15 76 
2358 10 16 76 
2204 11 15 76 
2180 12 14 76 
2115 13 13 76 
1798 14 2 76 
1389 14 12 76 
696 15 3 76 
346 15 11 76 
315 16 4 76 
6012 16 10 76 
5947 17 5 76 
5756 17 9 76 
5479 18 6 76 
5269 18 8 76 
5046 19 7 76 
4726 0 5 76 
4491 1 4 76 
4397 1 6 76 
4153 2 3 76 
4001 2 7 76 
3759 3 2 76 
3503 3 8 76 
2847 4 1 76 
2775 4 9 76 
2497 5 10 76 
2415 7 12 76 
1679 8 13 76 
1625 9 14 76 
1048 10 15 76 
813 11 14 76 
793 12 13 76 
791 13 12 76 
471 14 3 76 
313 14 11 76 
229 15 4 76 
172 15 10 76 
6026 16 5 76 
5721 16 9 76 
5588 17 6 76 
5397 17 8 76 
4898 18 7 76 
4638 1 5 76 
4521 2 4 76 
4429 2 6 76 
4421 3 3 76 
3730 3 7 76 
3710 4 2 76 
3412 4 8 76 
3299 5 9 76 
3144 7 11 76 
2575 8 12 76 
2366 9 13 76 
2303 10 14 76 
1929 11 13 76 
1728 12 12 76 
1429 13 11 76 
1201 14 4 76 
1142 14 10 76 
878 15 5 76 
707 15 9 76 
702 16 6 76 
663 16 8 76 
57 17 7 76 
41 2 5 76 
5987 3 4 76 
5984 3 6 76 
5967 4 3 76 
5960 4 7 76 
5600 5 8 76 
4784 6 9 76 
3777 7 10 76 
3529 8 11 76 
3452 9 12 76 
3401 10 13 76 
3316 11 12 76 
3055 12 11 76 
2944 13 10 76 
2794 14 5 76 
2753 14 9 76 
2520 15 6 76 
2421 15 8 76 
2244 16 7 76 
2057 3 5 76 
1988 4 4 76 
1853 4 6 76 
1818 5 7 76 
1440 6 8 76 
1357 7 9 76 
1093 8 10 76 
1043 9 11 76 
849 10 12 76 
745 11 11 76 
275 12 10 76 
77 13 5 76 
5857 13 9 76 
5645 14 6 76 
5476 14 8 76 
5430 15 7 76 
5352 4 5 76 
5203 5 6 76 
4980 6 7 76 
4782 7 8 76 
4395 8 9 76 
4276 9 10 76 
4156 10 11 76 
4064 11 10 76 
4051 12 5 76 
3881 12 9 76 
3822 13 6 76 
3723 13 8 76 
3466 14 7 76 
3080 5 5 76 
3077 6 6 76 
2633 7 7 76 
2577 8 8 76 
2531 9 9 76 
2338 10 10 76 
2320 11 5 76 
1570 11 9 76 
1374 12 6 76 
740 12 8 76 
632 13 7 76 
566 5 4 76 
5969 6 5 76 
5757 7 6 76 
5210 8 7 76 
5189 9 8 76 
5115 10 9 76 
4819 11 6 76 
4714 11 8 76 
4030 12 7 76 
4006 5 3 76 
3786 6 4 76 
3696 7 5 76 
3605 8 6 76 
3359 9 7 76 
2954 10 8 76 
2030 11 7 76 
1751 5 2 76 
1152 6 3 76 
46 7 4 76 
5696 8 5 76 
5396 9 6 76 
5221 10 7 76 
5060 5 1 76 
5058 6 2 76 
3519 7 3 76 
3510 8 4 76 
3438 9 5 76 
2905 10 6 76 
1822 5 0 76 
890 6 1 76 
796 7 2 76 
734 8 3 76 
721 9 4 76 
134 10 5 76 
5669 13 4 76 
4214 6 0 76 
3940 7 1 76 
3831 8 2 76 
2860 9 3 76 
2808 10 4 76 
1823 12 4 76 
1153 13 3 76 
1129 7 0 76 
729 8 1 76 
330 9 2 76 
5872 10 3 76 
5813 11 4 76 
5235 12 3 76 
4252 13 2 76 
4202 8 0 76 
4133 9 1 76 
2915 10 2 76 
2225 11 3 76 
1705 12 2 76 
1073 13 1 76 
5315 9 0 76 
4659 10 1 76 
4298 11 2 76 
3288 12 1 76 
3146 13 0 76 
2255 10 0 76 
1696 11 1 76 
155 12 0 76 
5613 11 0 76 
4281 11 1 88 
4290 10 1 88 
1647 11 2 88 
3621 12 1 88 
4596 9 1 89 
985 10 2 89 
1658 11 3 89 
1895 12 2 89 
2948 8 1 90 
513 9 2 90 
652 10 3 89 
922 12 3 89 
1010 7 1 90 
1897 8 2 90 
1106 9 3 90 
1360 6 1 91 
1617 7 2 91 
2773 8 3 91 
5020 9 4 91 
5082 6 2 91 
274 7 3 91 
1188 8 4 91 
1318 9 5 91 
1356 6 3 92 
1766 7 4 92 
2006 8 5 91 
4484 9 6 91 
4533 6 4 92 
4743 7 5 92 
4927 8 6 92 
5286 9 7 92 
5946 10 8 92 
97 6 5 92 
400 7 6 92 
847 8 7 92 
1370 9 8 92 
2448 10 9 92 
3711 11 8 92 
4471 12 7 92 
4857 6 6 93 
1441 7 7 93 
2482 8 8 93 
2729 9 9 93 
3305 10 10 93 
3504 11 9 93 
4197 12 6 93 
4713 12 8 93 
4984 13 7 93 
688 5 6 93 
1068 6 7 93 
1340 7 8 93 
2019 8 9 93 
2167 9 10 93 
2305 10 11 93 
2597 11 10 93 
2655 12 9 93 
2968 13 6 93 
3410 13 8 93 
3526 14 7 93 
3841 3 5 94 
4297 4 6 94 
4720 5 7 94 
853 6 8 94 
1393 8 10 94 
2639 9 11 94 
2834 10 12 94 
2854 11 11 94 
3045 12 10 94 
3208 13 9 93 
3241 14 6 93 
3269 14 8 93 
3369 15 7 93 
4697 2 5 95 
4777 3 4 94 
5109 3 6 94 
5139 4 7 94 
16 5 8 94 
384 8 11 94 
486 9 12 94 
595 10 13 94 
928 11 12 94 
1428 12 11 94 
1969 13 10 94 
2172 14 9 94 
2206 15 6 94 
3433 15 8 94 
3524 16 7 94 
3561 1 5 95 
4826 2 4 95 
4855 2 6 95 
5425 3 3 95 
5471 3 7 95 
