1686
6547 0 15 1 
6442 0 19 1 
6330 0 8 1 
6101 0 10 1 
5728 0 14 1 
5373 0 16 1 
5208 0 18 1 
4600 1 15 1 
4532 1 19 1 
4333 0 9 1 
4303 0 11 1 
4203 0 13 1 
4202 0 17 1 
4010 1 8 1 
3435 1 10 1 
3175 1 14 1 
2889 1 16 1 
2883 1 18 1 
2869 2 19 1 
2687 0 12 1 
2597 1 9 1 
2562 1 11 1 
2455 1 13 1 
2279 1 17 1 
2162 2 10 1 
2095 2 16 1 
2048 2 18 1 
1781 3 19 1 
1591 9 19 1 
1441 0 7 1 
1433 1 12 1 
1128 2 9 1 
1059 2 11 1 
673 2 13 1 
624 2 17 1 
383 3 10 1 
69 3 18 1 
19 4 19 1 
6412 9 18 1 
6358 10 19 1 
6246 0 0 1 
6194 0 2 1 
5823 0 6 1 
5573 1 7 1 
5565 2 8 1 
5467 2 12 1 
5350 2 14 1 
5191 3 9 1 
5134 3 11 1 
5033 3 13 1 
4985 3 17 1 
4968 4 10 1 
4588 4 18 1 
4580 5 19 1 
4550 9 15 1 
4366 9 17 1 
4343 10 18 1 
4323 11 19 1 
4238 13 19 1 
4126 0 1 1 
3580 0 5 1 
3453 1 0 1 
3446 1 2 1 
3339 1 6 1 
3218 2 7 1 
3211 2 15 1 
3122 3 8 1 
2900 3 12 1 
2431 3 14 1 
2361 3 16 1 
2287 4 9 1 
1907 4 11 1 
1785 4 17 1 
1213 5 18 1 
1072 6 19 1 
533 9 16 1 
387 10 15 1 
359 10 17 1 
185 11 14 1 
177 11 18 1 
155 12 19 1 
154 13 18 1 
75 14 19 1 
67 0 4 1 
6589 1 1 1 
6538 1 5 1 
6425 2 0 1 
6288 2 2 1 
6011 2 6 1 
5963 3 7 1 
5886 3 15 1 
5416 4 8 1 
5382 4 12 1 
5375 4 16 1 
5368 5 11 1 
5311 5 17 1 
5296 6 18 1 
4840 7 19 1 
4653 10 16 1 
4440 11 15 1 
4412 11 17 1 
4169 12 14 1 
3782 12 18 1 
2924 14 18 1 
2456 15 19 1 
2259 19 19 1 
2077 0 3 1 
1501 1 4 1 
1369 2 1 1 
1175 2 5 1 
1117 3 0 1 
1044 3 6 1 
933 4 7 1 
862 4 13 1 
708 4 15 1 
12 5 12 1 
6403 5 16 1 
5615 6 7 1 
5610 6 11 1 
5377 6 17 1 
5293 7 18 1 
5046 8 19 1 
5037 11 16 1 
4846 12 15 1 
4823 12 17 1 
4669 15 18 1 
4387 16 19 1 
4239 18 19 1 
4210 19 18 1 
4186 1 3 1 
3876 2 4 1 
3775 3 1 1 
3574 3 5 1 
3102 4 0 1 
2898 4 6 1 
2681 4 14 1 
2492 5 7 1 
2389 5 13 1 
2238 5 15 1 
1913 6 6 1 
1744 6 12 1 
1212 6 16 1 
1052 7 17 1 
1047 8 18 1 
804 12 16 1 
6590 13 17 1 
6490 15 17 1 
6207 16 18 1 
6179 17 19 1 
6012 18 18 1 
5869 19 17 1 
5742 2 3 1 
5540 3 2 1 
5127 3 4 1 
4713 4 1 1 
4658 4 5 1 
4474 5 0 1 
4198 5 6 1 
3852 5 14 1 
3287 6 13 1 
2930 6 15 1 
2683 7 16 1 
2547 8 17 1 
2290 9 0 1 
2170 13 16 1 
2145 14 17 1 
1860 16 17 1 
1831 17 18 1 
1516 18 17 1 
1476 19 12 1 
1402 19 16 1 
1335 3 3 1 
1186 4 2 1 
910 4 4 1 
767 5 1 1 
764 5 5 1 
685 6 0 1 
591 6 14 1 
389 7 15 1 
6592 8 0 1 
6365 8 16 1 
6356 9 1 1 
6079 9 3 1 
6054 13 15 1 
5310 14 16 1 
4858 17 17 1 
4717 18 12 1 
4612 18 16 1 
4529 19 9 1 
4222 19 11 1 
4179 19 15 1 
4134 4 3 1 
3886 5 2 1 
3856 5 4 1 
3801 6 1 1 
3413 7 0 1 
3016 7 14 1 
2799 8 1 1 
2638 8 15 1 
2140 9 2 1 
2074 13 0 1 
1976 13 14 1 
1900 14 15 1 
1828 15 16 1 
1751 17 12 1 
1508 17 16 1 
1264 18 9 1 
1090 18 11 1 
546 18 15 1 
310 19 10 1 
6518 19 14 1 
6162 5 3 1 
5741 6 2 1 
5525 6 4 1 
5374 7 1 1 
5237 7 13 1 
4988 8 2 1 
4692 8 14 1 
4512 12 0 1 
4375 13 1 1 
4107 13 3 1 
3959 14 14 1 
3947 15 15 1 
3875 16 16 1 
3690 17 9 1 
2955 17 11 1 
2802 17 15 1 
1747 18 10 1 
1287 18 14 1 
819 19 13 1 
713 5 10 1 
406 6 3 1 
5942 7 2 1 
5891 7 12 1 
5888 8 13 1 
5672 9 14 1 
5076 11 0 1 
4987 12 1 1 
4951 12 3 1 
4864 13 2 1 
4018 15 14 1 
3908 16 9 1 
3897 16 15 1 
3589 17 10 1 
3462 17 14 1 
3119 18 13 1 
3094 5 9 1 
2949 6 10 1 
2564 7 3 1 
1969 7 7 1 
1572 7 11 1 
1149 8 12 1 
868 9 13 1 
795 10 0 1 
471 10 14 1 
464 11 1 1 
5987 12 2 1 
5359 15 9 1 
4904 16 10 1 
4897 16 14 1 
4674 17 13 1 
4523 5 8 1 
4391 6 5 1 
4200 6 9 1 
3890 7 4 1 
3007 7 6 1 
2820 7 10 1 
2755 8 3 1 
2523 8 7 1 
1990 8 11 1 
1904 9 12 1 
1855 10 1 1 
1615 10 13 1 
1545 11 2 1 
1413 15 10 1 
1108 16 11 1 
284 16 13 1 
144 6 8 1 
6607 7 5 1 
6587 7 9 1 
6423 8 4 1 
6180 8 6 1 
6110 8 10 1 
6051 9 11 1 
5555 10 2 1 
5505 10 12 1 
5334 11 3 1 
5136 11 13 1 
5120 15 11 1 
4891 15 13 1 
4757 16 12 1 
4742 7 8 1 
4734 8 5 1 
4534 8 9 1 
4415 9 4 1 
4346 9 10 1 
4003 10 3 1 
3873 10 11 1 
3792 11 4 1 
3041 11 12 1 
1236 12 13 1 
1086 14 13 1 
1026 15 12 1 
864 8 8 1 
735 9 5 1 
418 9 7 1 
14 9 9 1 
6235 10 4 1 
5970 10 10 1 
5913 11 11 1 
5449 12 12 1 
5398 13 13 1 
5174 14 12 1 
4677 9 6 1 
4570 9 8 1 
4206 10 5 1 
4055 10 9 1 
3891 11 10 1 
3781 12 11 1 
3705 13 12 1 
3656 19 8 1 
3585 10 6 1 
3371 10 8 1 
3233 11 5 1 
3146 11 9 1 
2544 12 4 1 
2526 12 10 1 
2395 13 11 1 
2131 18 8 1 
1560 19 5 1 
631 19 7 1 
500 10 7 1 
6571 11 6 1 
6175 11 8 1 
5451 12 5 1 
5420 12 9 1 
5352 13 4 1 
5329 13 10 1 
5192 14 11 1 
4641 17 8 1 
4405 18 5 1 
4256 18 7 1 
3319 19 6 1 
2856 11 7 1 
2776 12 6 1 
2684 12 8 1 
2433 13 5 1 
2380 13 9 1 
2225 14 10 1 
1633 16 8 1 
1439 17 5 1 
269 17 7 1 
6574 18 6 1 
6433 12 7 1 
6297 13 6 1 
5961 13 8 1 
5480 14 9 1 
5412 15 8 1 
5241 16 7 1 
5204 17 6 1 
5036 19 0 1 
4608 19 4 1 
4602 13 7 1 
4373 14 8 1 
3576 15 7 1 
3305 16 6 1 
2750 18 0 1 
2614 18 4 1 
2415 19 1 1 
1888 19 3 1 
1637 14 7 1 
1556 15 6 1 
70 16 5 1 
6244 17 0 1 
6226 17 4 1 
6058 18 1 1 
5674 18 3 1 
5589 19 2 1 
5343 14 6 1 
5153 15 5 1 
4379 16 0 1 
4081 16 4 1 
3398 17 1 1 
2611 17 3 1 
2555 18 2 1 
830 14 5 1 
328 15 4 1 
5121 16 1 1 
4284 16 3 1 
3564 17 2 1 
2476 14 4 1 
2246 15 3 1 
1966 16 2 1 
927 14 3 1 
4228 15 2 1 
3653 14 2 1 
3155 15 1 1 
2328 14 1 1 
2020 15 0 1 
1852 14 0 1 
6523 15 3 14 
611 15 4 15 
3189 18 3 15 
3266 15 7 16 
1708 13 8 16 
3053 16 7 16 
5714 12 6 17 
6557 13 9 17 
325 11 6 17 
187 9 9 19 
1776 12 12 18 
1155 9 10 19 
1349 9 11 19 
1815 6 9 20 
146 11 1 21 
1167 12 1 21 
3965 7 1 22 
1009 18 10 22 
4884 18 14 22 
234 8 1 23 
616 18 11 23 
1330 18 15 23 
6271 0 15 26 
6217 0 19 26 
6074 0 8 26 
5995 0 10 26 
5958 0 14 26 
5773 0 16 26 
5541 0 18 26 
5199 1 15 26 
5069 1 19 26 
4950 0 9 26 
4104 0 11 26 
3964 0 13 26 
3807 0 17 26 
3794 1 8 26 
3687 1 10 26 
3683 1 14 26 
3432 1 16 26 
2976 1 18 26 
2948 2 19 26 
2922 0 12 26 
2774 1 9 26 
2609 1 11 26 
2507 1 13 26 
2494 1 17 26 
1871 2 10 26 
1787 2 16 26 
1599 2 18 26 
1544 3 19 26 
1536 9 19 26 
1242 0 7 26 
1216 1 12 26 
1145 2 9 26 
619 2 11 26 
483 2 13 26 
481 2 17 26 
372 3 10 26 
195 3 18 26 
131 4 19 26 
108 9 18 26 
6512 10 19 26 
6502 0 0 26 
6273 0 2 26 
6197 0 6 26 
6191 1 7 26 
5734 2 8 26 
5580 2 12 26 
5556 2 14 26 
5460 3 9 26 
5073 3 11 26 
4927 3 13 26 
4489 3 17 26 
4164 4 10 26 
4033 4 18 26 
3994 5 19 26 
3878 9 15 26 
3595 9 17 26 
3565 10 18 26 
3556 11 19 26 
3283 13 19 26 
3219 0 1 26 
2761 0 5 26 
2731 1 0 26 
2487 1 2 26 
2348 1 6 26 
2245 2 7 26 
1984 2 15 26 
1957 3 8 26 
1525 3 12 26 
1085 3 14 26 
1084 3 16 26 
799 4 9 26 
702 4 11 26 
524 4 17 26 
450 5 18 26 
331 6 19 26 
119 9 16 26 
6613 10 15 26 
6612 10 17 26 
6309 11 14 26 
6294 11 18 26 
5954 12 19 26 
5873 13 18 26 
5427 14 19 26 
4402 0 4 26 
3863 1 1 26 
3829 1 5 26 
3685 2 0 26 
3618 2 2 26 
3448 2 6 26 
3410 3 7 26 
2742 3 15 26 
2626 4 8 26 
2489 4 12 26 
2486 4 16 26 
2405 5 11 26 
2161 5 17 26 
1879 6 18 26 
1494 7 19 26 
1472 10 16 26 
1102 11 15 26 
1087 11 17 26 
678 12 14 26 
345 12 18 26 
308 14 18 26 
6573 15 19 26 
6546 19 19 26 
6261 0 3 26 
6139 1 4 26 
5898 2 1 26 
5762 2 5 26 
5584 3 0 26 
5396 3 6 26 
5306 4 7 26 
5258 4 13 26 
5147 4 15 26 
4945 5 12 26 
4925 5 16 26 
4446 6 7 26 
4268 6 11 26 
4252 6 17 26 
4097 7 18 26 
4059 8 19 26 
4020 11 16 26 
3509 12 15 26 
3429 12 17 26 
3290 15 18 26 
2700 16 19 26 
2612 18 19 26 
1644 19 18 26 
1635 1 3 26 
1618 2 4 26 
1452 3 1 26 
1297 3 5 26 
1181 4 0 26 
1030 4 6 26 
684 4 14 26 
6114 5 7 26 
5697 5 13 26 
5588 5 15 26 
5567 6 6 26 
5536 6 12 26 
5372 6 16 26 
5029 7 17 26 
4837 8 18 26 
4815 12 16 26 
4712 13 17 26 
4701 15 17 26 
4639 16 18 26 
4620 17 19 26 
4290 18 18 26 
4248 19 17 26 
4122 2 3 26 
4043 3 2 26 
3533 3 4 26 
3205 4 1 26 
3004 4 5 26 
2907 5 0 26 
2483 5 6 26 
2459 5 14 26 
2037 6 13 26 
1890 6 15 26 
1759 7 16 26 
1705 8 17 26 
1610 9 0 26 
1123 13 16 26 
1061 14 17 26 
1008 16 17 26 
72 17 18 26 
6475 18 17 26 
6432 19 12 26 
6396 19 16 26 
6212 3 3 26 
5897 4 2 26 
5581 4 4 26 
5363 5 1 26 
5231 5 5 26 
5139 6 0 26 
5023 6 14 26 
4922 7 15 26 
4263 8 0 26 
4185 8 16 26 
4123 9 1 26 
3778 9 3 26 
3544 13 15 26 
3514 14 16 26 
3063 17 17 26 
2969 18 12 26 
2923 18 16 26 
2643 19 9 26 
2608 19 11 26 
2501 19 15 26 
2390 4 3 26 
2173 5 2 26 
1987 5 4 26 
1813 6 1 26 
1374 7 0 26 
1232 7 14 26 
912 8 1 26 
520 8 15 26 
512 9 2 26 
353 13 0 26 
223 13 14 26 
68 14 15 26 
6130 15 16 26 
5633 17 12 26 
5600 17 16 26 
5404 18 9 26 
5218 18 11 26 
5089 18 15 26 
4971 19 10 26 
4813 19 14 26 
4544 5 3 26 
4176 6 2 26 
3941 6 4 26 
3546 7 1 26 
3141 7 13 26 
2686 8 2 26 
2557 8 14 26 
1440 12 0 26 
1096 13 1 26 
908 13 3 26 
870 14 14 26 
829 15 15 26 
820 16 16 26 
452 17 9 26 
169 17 11 26 
50 17 15 26 
39 18 10 26 
6440 18 14 26 
6383 19 13 26 
5712 5 10 26 
5656 6 3 26 
5578 7 2 26 
5300 7 12 26 
4963 8 13 26 
4695 9 14 26 
4569 11 0 26 
3554 12 1 26 
3405 12 3 26 
3276 13 2 26 
2725 15 14 26 
2631 16 9 26 
2590 16 15 26 
2339 17 10 26 
2280 17 14 26 
1796 18 13 26 
667 5 9 26 
43 6 10 26 
6149 7 3 26 
5700 7 7 26 
5331 7 11 26 
5161 8 12 26 
4409 9 13 26 
4277 10 0 26 
3736 10 14 26 
3731 11 1 26 
3663 12 2 26 
3476 15 9 26 
3174 16 10 26 
2962 16 14 26 
2951 17 13 26 
2938 5 8 26 
2673 6 5 26 
2672 6 9 26 
2613 7 4 26 
2210 7 6 26 
2109 7 10 26 
1898 8 3 26 
1634 8 7 26 
1393 8 11 26 
798 9 12 26 
211 10 1 26 
207 10 13 26 
6127 11 2 26 
5409 15 10 26 
5159 16 11 26 
4652 16 13 26 
4595 6 8 26 
3969 7 5 26 
3956 7 9 26 
3662 8 4 26 
3518 8 6 26 
3505 8 10 26 
3222 9 11 26 
3055 10 2 26 
2865 10 12 26 
2792 11 3 26 
2657 11 13 26 
2373 15 11 26 
2357 15 13 26 
2233 16 12 26 
1817 7 8 26 
1390 8 5 26 
938 8 9 26 
719 9 4 26 
388 9 10 26 
156 10 3 26 
6593 10 11 26 
6195 11 4 26 
6099 11 12 26 
6002 12 13 26 
5202 14 13 26 
5182 15 12 26 
5125 8 8 26 
4957 9 5 26 
4207 9 7 26 
4022 9 9 26 
3674 10 4 26 
3390 10 10 26 
3163 11 11 26 
3084 12 12 26 
2504 13 13 26 
2114 14 12 26 
1555 9 6 26 
1549 9 8 26 
1214 10 5 26 
839 10 9 26 
695 11 10 26 
536 12 11 26 
133 13 12 26 
132 19 8 26 
31 10 6 26 
6625 10 8 26 
6495 11 5 26 
6493 11 9 26 
6266 12 4 26 
6252 12 10 26 
6020 13 11 26 
5754 18 8 26 
5496 19 5 26 
5075 19 7 26 
5062 10 7 26 
5004 11 6 26 
4438 11 8 26 
3762 12 5 26 
3680 12 9 26 
3571 13 4 26 
2882 13 10 26 
2377 14 11 26 
2274 17 8 26 
1543 18 5 26 
158 18 7 26 
92 19 6 26 
6528 11 7 26 
6189 12 6 26 
6016 12 8 26 
5473 13 5 26 
4883 13 9 26 
4686 14 10 26 
4575 16 8 26 
3622 17 5 26 
3374 17 7 26 
3025 18 6 26 
2224 12 7 26 
2028 13 6 26 
2022 13 8 26 
1602 14 9 26 
1531 15 8 26 
1507 16 7 26 
1050 17 6 26 
610 19 0 26 
312 19 4 26 
303 13 7 26 
264 14 8 26 
210 15 7 26 
6415 16 6 26 
6156 18 0 26 
6083 18 4 26 
5778 19 1 26 
4724 19 3 26 
4615 14 7 26 
4609 15 6 26 
4425 16 5 26 
4114 17 0 26 
3543 17 4 26 
2771 18 1 26 
1578 18 3 26 
756 19 2 26 
672 14 6 26 
45 15 5 26 
6379 16 0 26 
6339 16 4 26 
6126 17 1 26 
6043 17 3 26 
6008 18 2 26 
5911 14 5 26 
5819 15 4 26 
5175 16 1 26 
4357 16 3 26 
3215 17 2 26 
1989 14 4 26 
1836 15 3 26 
1806 16 2 26 
1575 14 3 26 
1422 15 2 26 
1338 14 2 26 
919 15 1 26 
258 14 1 26 
4267 15 0 26 
2762 14 0 26 
1766 15 3 39 
2737 15 4 39 
2088 18 3 40 
733 15 7 41 
2110 13 8 41 
3813 16 7 41 
27 12 6 41 
3242 13 9 41 
1524 11 6 42 
5423 9 9 43 
3 12 12 43 
843 9 10 44 
1620 9 11 44 
2875 6 9 45 
3708 11 1 45 
1935 12 1 46 
179 7 1 47 
285 18 10 47 
1449 18 14 46 
6439 0 15 51 
6270 0 19 51 
6240 0 8 51 
5705 0 10 51 
5336 0 14 51 
5102 0 16 51 
5047 0 18 51 
4801 1 15 51 
4770 1 19 51 
4744 0 9 51 
4527 0 11 51 
4400 0 13 51 
4316 0 17 51 
3931 1 8 51 
3830 1 10 51 
3702 1 14 51 
3133 1 16 51 
3091 1 18 51 
3083 2 19 51 
2650 0 12 51 
2457 1 9 51 
2288 1 11 51 
2198 1 13 51 
2029 1 17 51 
1718 2 10 51 
1325 2 16 51 
885 2 18 51 
349 3 19 51 
301 9 19 51 
231 0 7 51 
225 1 12 51 
44 2 9 51 
6501 2 11 51 
6416 2 13 51 
6315 2 17 51 
6028 3 10 51 
5950 3 18 51 
5737 4 19 51 
5660 9 18 51 
5162 10 19 51 
4535 0 0 51 
4449 0 2 51 
4265 0 6 51 
3989 1 7 51 
3968 2 8 51 
3944 2 12 51 
3919 2 14 51 
3468 3 9 51 
3392 3 11 51 
3231 3 13 51 
3100 3 17 51 
2952 4 10 51 
2778 4 18 51 
2723 5 19 51 
2636 9 15 51 
2313 9 17 51 
2108 10 18 51 
1918 11 19 51 
1866 13 19 51 
1832 0 1 51 
1778 0 5 51 
1712 1 0 51 
1251 1 2 51 
602 1 6 51 
437 2 7 51 
397 2 15 51 
335 3 8 51 
6481 3 12 51 
6144 3 14 51 
6040 3 16 51 
5806 4 9 51 
5757 4 11 51 
5485 4 17 51 
5009 5 18 51 
4984 6 19 51 
4685 9 16 51 
4490 10 15 51 
4242 10 17 51 
4072 11 14 51 
3767 11 18 51 
3670 12 19 51 
3353 13 18 51 
3269 14 19 51 
3164 0 4 51 
3162 1 1 51 
3059 1 5 51 
2964 2 0 51 
2918 2 2 51 
2863 2 6 51 
2818 3 7 51 
2803 3 15 51 
2772 4 8 51 
2741 4 12 51 
2660 4 16 51 
2543 5 11 51 
2488 5 17 51 
1642 6 18 51 
1434 7 19 51 
1423 10 16 51 
1328 11 15 51 
1262 11 17 51 
932 12 14 51 
840 12 18 51 
800 14 18 51 
559 15 19 51 
379 19 19 51 
174 0 3 51 
94 1 4 51 
82 2 1 51 
6530 2 5 51 
6508 3 0 51 
6384 3 6 51 
6360 4 7 51 
6353 4 13 51 
6219 4 15 51 
6168 5 12 51 
5079 5 16 51 
3892 6 7 51 
3506 6 11 51 
3425 6 17 51 
3340 7 18 51 
3184 8 19 51 
3120 11 16 51 
2826 12 15 51 
2819 12 17 51 
2804 15 18 51 
2796 16 19 51 
2782 18 19 51 
2622 19 18 51 
2603 1 3 51 
2578 2 4 51 
2355 3 1 51 
1896 3 5 51 
765 4 0 51 
114 4 6 51 
6311 4 14 51 
6185 5 7 51 
6184 5 13 51 
6064 5 15 51 
5967 6 6 51 
5657 6 12 51 
5605 6 16 51 
5550 7 17 51 
5445 8 18 51 
4946 12 16 51 
4860 13 17 51 
4753 15 17 51 
4567 16 18 51 
4447 17 19 51 
4395 18 18 51 
4128 19 17 51 
4046 2 3 51 
3982 3 2 51 
3928 3 4 51 
3909 4 1 51 
3877 4 5 51 
3819 5 0 51 
3779 5 6 51 
3737 5 14 51 
3450 6 13 51 
3324 6 15 51 
3180 7 16 51 
2887 8 17 51 
2682 9 0 51 
2645 13 16 51 
2616 14 17 51 
2024 16 17 51 
1755 17 18 51 
1664 18 17 51 
1056 19 12 51 
883 19 16 51 
542 3 3 51 
282 4 2 51 
86 4 4 51 
6556 5 1 51 
6441 5 5 51 
6322 6 0 51 
6233 6 14 51 
6080 7 15 51 
5952 8 0 51 
5936 8 16 51 
5454 9 1 51 
5280 9 3 51 
4986 13 15 51 
4924 14 16 51 
4874 17 17 51 
4821 18 12 51 
4643 18 16 51 
4508 19 9 51 
3806 19 11 51 
3631 19 15 51 
3566 4 3 51 
2885 5 2 51 
2800 5 4 51 
2780 6 1 51 
2535 7 0 51 
2497 7 14 51 
2493 8 1 51 
2203 8 15 51 
2187 9 2 51 
1903 13 0 51 
1488 13 14 51 
816 14 15 51 
755 15 16 51 
410 17 12 51 
253 17 16 51 
6617 18 9 51 
6239 18 11 51 
5938 18 15 51 
5899 19 10 51 
5853 19 14 51 
5755 5 3 51 
5668 6 2 51 
5603 6 4 51 
5579 7 1 51 
4781 7 13 51 
4537 8 2 51 
4455 8 14 51 
4411 12 0 51 
4178 13 1 51 
3733 13 3 51 
3700 14 14 51 
3666 15 15 51 
3659 16 16 51 
3650 17 9 51 
3578 17 11 51 
3498 17 15 51 
3393 18 10 51 
3313 18 14 51 
3021 19 13 51 
2580 5 10 51 
2509 6 3 51 
2218 7 2 51 
1895 7 12 51 
1884 8 13 51 
985 9 14 51 
972 11 0 51 
955 12 1 51 
697 12 3 51 
663 13 2 51 
6302 15 14 51 
5969 16 9 51 
5944 16 15 51 
5824 17 10 51 
5818 17 14 51 
5753 18 13 51 
5606 5 9 51 
5394 6 10 51 
5006 7 3 51 
4889 7 7 51 
4854 7 11 51 
4851 8 12 51 
4506 9 13 51 
4481 10 0 51 
4479 10 14 51 
4388 11 1 51 
3726 12 2 51 
3688 15 9 51 
3460 16 10 51 
3356 16 14 51 
3261 17 13 51 
2467 5 8 51 
2442 6 5 51 
2434 6 9 51 
2285 7 4 51 
2046 7 6 51 
1606 7 10 51 
692 8 3 51 
6497 8 7 51 
6048 8 11 51 
6037 9 12 51 
5426 10 1 51 
4809 10 13 51 
4162 11 2 51 
4064 15 10 51 
3437 16 11 51 
3330 16 13 51 
2991 6 8 51 
2982 7 5 51 
2563 7 9 51 
2232 8 4 51 
2214 8 6 51 
2200 8 10 51 
2130 9 11 51 
1709 10 2 51 
1510 10 12 51 
796 11 3 51 
656 11 13 51 
643 15 11 51 
586 15 13 51 
493 16 12 51 
6430 7 8 51 
6146 8 5 51 
5978 8 9 51 
5664 9 4 51 
5233 9 10 51 
5148 10 3 51 
5040 10 11 51 
4558 11 4 51 
4465 11 12 51 
4130 12 13 51 
3843 14 13 51 
3790 15 12 51 
3773 8 8 51 
3559 9 5 51 
3349 9 7 51 
3236 9 9 51 
2903 10 4 51 
2605 10 10 51 
2532 11 11 51 
2463 12 12 51 
2264 13 13 51 
2260 14 12 51 
2252 9 6 51 
1816 9 8 51 
1261 10 5 51 
1137 10 9 51 
892 11 10 51 
718 12 11 51 
315 13 12 51 
235 19 8 51 
6509 10 6 51 
6477 10 8 51 
6328 11 5 51 
6264 11 9 51 
6159 12 4 51 
5696 12 10 51 
5413 13 11 51 
5080 18 8 51 
4964 19 5 51 
4760 19 7 51 
4291 10 7 51 
4115 11 6 51 
3929 11 8 51 
3760 12 5 51 
3403 12 9 51 
3366 13 4 51 
3074 13 10 51 
2972 14 11 51 
2330 17 8 51 
2004 18 5 51 
1772 18 7 51 
1140 19 6 51 
863 11 7 51 
280 12 6 51 
3458 12 8 51 
3103 13 5 51 
3056 13 9 51 
2995 14 10 51 
2870 16 8 51 
2536 17 5 51 
2151 17 7 51 
1619 18 6 51 
1563 12 7 51 
1562 13 6 51 
1526 13 8 51 
1415 14 9 51 
277 15 8 51 
121 16 7 51 
6524 17 6 51 
6504 19 0 51 
6454 19 4 51 
6377 13 7 51 
5783 14 8 51 
5599 15 7 51 
5401 16 6 51 
4743 18 0 51 
4349 18 4 51 
2106 19 1 51 
1804 19 3 51 
1326 14 7 51 
997 15 6 51 
860 16 5 51 
248 17 0 51 
6611 17 4 51 
6275 18 1 51 
6157 18 3 51 
5005 19 2 51 
4861 14 6 51 
4794 15 5 51 
4681 16 0 51 
3389 16 4 51 
1661 17 1 51 
160 17 3 51 
2 18 2 51 
6418 14 5 51 
6367 15 4 51 
5399 16 1 51 
4876 16 3 51 
3920 17 2 51 
2817 14 4 51 
2334 15 3 51 
1371 16 2 51 
965 14 3 51 
5640 15 2 51 
5503 14 2 51 
5354 15 1 51 
5133 14 1 51 
4510 15 0 51 
3225 14 0 51 
2569 15 3 64 
6438 15 4 64 
3485 18 3 65 
1542 15 7 66 
3377 13 8 67 
1695 16 7 67 
4110 12 6 68 
6437 13 9 67 
136 11 6 68 
4376 9 9 69 
4785 12 12 69 
5179 9 10 69 
1503 9 11 70 
2092 6 9 71 
3044 11 1 71 
6183 12 1 72 
26 7 1 72 
3501 18 10 72 
128 18 14 72 
1308 8 1 73 
1713 18 11 72 
3172 18 15 72 
5439 7 15 73 
6387 18 16 73 
6566 0 15 76 
6374 0 19 76 
6223 0 8 76 
6100 0 10 76 
5912 0 14 76 
5408 0 16 76 
5328 0 18 76 
5324 1 15 76 
5165 1 19 76 
4908 0 9 76 
4902 0 11 76 
4819 0 13 76 
4800 0 17 76 
4675 1 8 76 
4445 1 10 76 
4377 1 14 76 
4320 1 16 76 
4251 1 18 76 
4201 2 19 76 
3939 0 12 76 
3818 1 9 76 
3771 1 11 76 
3461 1 13 76 
3341 1 17 76 
2642 2 10 76 
2445 2 16 76 
2411 2 18 76 
2071 3 19 76 
1169 9 19 76 
1014 0 7 76 
895 1 12 76 
6129 2 9 76 
5934 2 11 76 
5658 2 13 76 
5515 2 17 76 
5183 3 10 76 
5019 3 18 76 
4834 4 19 76 
4486 9 18 76 
4311 10 19 76 
4249 0 0 76 
4138 0 2 76 
4131 0 6 76 
4116 1 7 76 
4111 2 8 76 
4038 2 12 76 
3769 2 14 76 
3746 3 9 76 
3522 3 11 76 
3406 3 13 76 
3169 3 17 76 
2970 4 10 76 
2602 4 18 76 
2262 5 19 76 
2099 9 15 76 
1710 9 17 76 
1315 10 18 76 
1199 11 19 76 
1141 13 19 76 
809 0 1 76 
555 0 5 76 
5881 1 0 76 
5782 1 2 76 
5519 1 6 76 
5337 2 7 76 
4780 2 15 76 
4610 3 8 76 
4184 3 12 76 
3757 3 14 76 
3681 3 16 76 
3477 4 9 76 
3247 4 11 76 
3224 4 17 76 
2897 5 18 76 
2876 6 19 76 
2785 9 16 76 
2335 10 15 76 
2215 10 17 76 
2079 11 14 76 
1901 11 18 76 
1872 12 19 76 
1847 13 18 76 
1662 14 19 76 
1461 0 4 76 
1092 1 1 76 
914 1 5 76 
754 2 0 76 
714 2 2 76 
492 2 6 76 
241 3 7 76 
6608 3 15 76 
6567 4 8 76 
6565 4 12 76 
6513 4 16 76 
6448 5 11 76 
6447 5 17 76 
6429 6 18 76 
6380 7 19 76 
6227 10 16 76 
6135 11 15 76 
6104 11 17 76 
5893 12 14 76 
5807 12 18 76 
5733 14 18 76 
5671 15 19 76 
5543 19 19 76 
5537 0 3 76 
5462 1 4 76 
5249 2 1 76 
5053 2 5 76 
4955 3 0 76 
4845 3 6 76 
4253 4 7 76 
3817 4 13 76 
3524 4 15 76 
3513 5 12 76 
3409 5 16 76 
3143 6 7 76 
2988 6 11 76 
2942 6 17 76 
2835 7 18 76 
2419 8 19 76 
2115 11 16 76 
1809 12 15 76 
1589 12 17 76 
1448 15 18 76 
1381 16 19 76 
823 18 19 76 
658 19 18 76 
499 1 3 76 
451 2 4 76 
6628 3 1 76 
6503 3 5 76 
5345 4 0 76 
5317 4 6 76 
5211 4 14 76 
5177 5 7 76 
4684 5 13 76 
4676 5 15 76 
4310 6 6 76 
4084 6 12 76 
3860 6 16 76 
3609 7 17 76 
3531 8 18 76 
3428 12 16 76 
3326 13 17 76 
3239 15 17 76 
2855 16 18 76 
2261 17 19 76 
2199 18 18 76 
2136 19 17 76 
2051 2 3 76 
2042 3 2 76 
1930 3 4 76 
1795 4 1 76 
1622 4 5 76 
1607 5 0 76 
1582 5 6 76 
1522 5 14 76 
1521 6 13 76 
1329 6 15 76 
1152 7 16 76 
1091 8 17 76 
1000 9 0 76 
721 13 16 76 
710 14 17 76 
6391 16 17 76 
6258 17 18 76 
6251 18 17 76 
5941 19 12 76 
5850 19 16 76 
5792 3 3 76 
5444 4 2 76 
5384 4 4 76 
5217 5 1 76 
5130 5 5 76 
5038 6 0 76 
4943 6 14 76 
4859 7 15 76 
4503 8 0 76 
4353 8 16 76 
4287 9 1 76 
3894 9 3 76 
3747 13 15 76 
3675 14 16 76 
3182 17 17 76 
2886 18 12 76 
2701 18 16 76 
2688 19 9 76 
2482 19 11 76 
2438 19 15 76 
1914 4 3 76 
1487 5 2 76 
1427 5 4 76 
1406 6 1 76 
1339 7 0 76 
1295 7 14 76 
1122 8 1 76 
979 8 15 76 
855 9 2 76 
837 13 0 76 
831 13 14 76 
780 14 15 76 
141 15 16 76 
6487 17 12 76 
6308 17 16 76 
5557 18 9 76 
4836 18 11 76 
4805 18 15 76 
4576 19 10 76 
4245 19 14 76 
3766 5 3 76 
3643 6 2 76 
3128 6 4 76 
3086 7 1 76 
3002 7 13 76 
2751 8 2 76 
2628 8 14 76 
2615 12 0 76 
2449 13 1 76 
1808 13 3 76 
1385 14 14 76 
1269 15 15 76 
1207 16 16 76 
1150 17 9 76 
1095 17 11 76 
528 17 15 76 
517 18 10 76 
422 18 14 76 
6458 19 13 76 
6044 5 10 76 
5821 6 3 76 
5721 7 2 76 
5634 7 12 76 
5524 8 13 76 
5278 9 14 76 
4975 11 0 76 
4680 12 1 76 
4275 12 3 76 
4133 13 2 76 
4013 15 14 76 
3903 16 9 76 
3869 16 15 76 
3862 17 10 76 
3800 17 14 76 
3520 18 13 76 
3255 5 9 76 
2867 6 10 76 
2768 7 3 76 
2420 7 7 76 
2371 7 11 76 
2111 8 12 76 
1905 9 13 76 
1841 10 0 76 
1704 10 14 76 
1165 11 1 76 
6455 12 2 76 
6186 15 9 76 
5484 16 10 76 
5292 16 14 76 
5045 17 13 76 
4762 5 8 76 
4528 6 5 76 
4384 6 9 76 
4304 7 4 76 
3974 7 6 76 
3676 7 10 76 
3654 8 3 76 
3584 8 7 76 
2837 8 11 76 
2593 9 12 76 
1253 10 1 76 
1097 10 13 76 
1039 11 2 76 
267 15 10 76 
247 16 11 76 
228 16 13 76 
6551 6 8 76 
6388 7 5 76 
6124 7 9 76 
5947 8 4 76 
5861 8 6 76 
5230 8 10 76 
4758 9 11 76 
4464 10 2 76 
3926 10 12 76 
3721 11 3 76 
3691 11 13 76 
3641 15 11 76 
3603 15 13 76 
3572 16 12 76 
3375 7 8 76 
2692 8 5 76 
2508 8 9 76 
2362 9 4 76 
2169 9 10 76 
1963 10 3 76 
1565 10 11 76 
1428 11 4 76 
1208 11 12 76 
1198 12 13 76 
1196 14 13 76 
1195 15 12 76 
1099 8 8 76 
887 9 5 76 
874 9 7 76 
356 9 9 76 
6626 10 4 76 
6605 10 10 76 
6401 11 11 76 
6341 12 12 76 
6155 13 13 76 
5935 14 12 76 
5732 9 6 76 
5628 9 8 76 
5601 10 5 76 
5553 10 9 76 
5294 11 10 76 
4798 12 11 76 
4485 13 12 76 
4079 19 8 76 
3911 10 6 76 
3755 10 8 76 
3598 11 5 76 
3472 11 9 76 
3360 12 4 76 
3357 12 10 76 
3058 13 11 76 
2807 18 8 76 
2403 19 5 76 
2392 19 7 76 
2367 10 7 76 
2030 11 6 76 
1485 11 8 76 
1088 12 5 76 
898 12 9 76 
596 13 4 76 
297 13 10 76 
6619 14 11 76 
6177 17 8 76 
5380 18 5 76 
5113 18 7 76 
4895 19 6 76 
4875 11 7 76 
4587 12 6 76 
4340 12 8 76 
3599 13 5 76 
3358 13 9 76 
2899 14 10 76 
2391 16 8 76 
2338 17 5 76 
2117 17 7 76 
2033 18 6 76 
1684 12 7 76 
1682 13 6 76 
1290 13 8 76 
1229 14 9 76 
530 15 8 76 
6340 16 7 76 
6200 17 6 76 
6088 19 0 76 
5931 19 4 76 
5646 13 7 76 
4993 14 8 76 
4856 15 7 76 
4750 16 6 76 
4497 18 0 76 
3259 18 4 76 
3116 19 1 76 
3101 19 3 76 
2913 14 7 76 
2496 15 6 76 
1995 16 5 76 
1404 17 0 76 
1227 17 4 76 
1018 18 1 76 
698 18 3 76 
6621 19 2 76 
6278 14 6 76 
5949 15 5 76 
5592 16 0 76 
5459 16 4 76 
5289 17 1 76 
5013 17 3 76 
4991 18 2 76 
4145 14 5 76 
3946 15 4 76 
3042 16 1 76 
2577 16 3 76 
2416 17 2 76 
1769 14 4 76 
897 15 3 76 
472 16 2 76 
6603 14 3 76 
5874 15 2 76 
5665 14 2 76 
3352 15 1 76 
193 14 1 76 
3150 15 0 76 
2689 14 0 76 
592 15 3 90 
6255 15 4 90 
5316 18 3 91 
2582 15 7 91 
4302 13 8 92 
1978 16 7 91 
2733 12 6 92 
3481 13 9 92 
3511 11 6 93 
3092 9 9 94 
3547 12 12 93 
6057 9 10 94 
1101 9 11 94 
3667 6 9 95 
4764 11 1 96 
97 12 1 96 
5370 7 1 97 
896 18 10 97 
1924 18 14 97 
5323 8 1 98 
6046 18 11 97 
