1855
4101 19 19 1 
4025 16 19 1 
3697 18 19 1 
3688 19 18 1 
3675 16 18 1 
3506 17 19 1 
3476 18 18 1 
3372 19 17 1 
3305 16 17 1 
3289 17 18 1 
3280 18 17 1 
3230 19 16 1 
3189 13 19 1 
3118 15 19 1 
3111 17 17 1 
2960 18 16 1 
2890 19 15 1 
2784 13 18 1 
2626 14 19 1 
2492 15 18 1 
2407 17 16 1 
2279 18 15 1 
2230 19 14 1 
2195 13 17 1 
2149 14 18 1 
2095 15 17 1 
2082 16 16 1 
1826 17 15 1 
1794 18 14 1 
1720 19 7 1 
1603 19 13 1 
1509 13 16 1 
1496 14 17 1 
1453 15 16 1 
1337 16 15 1 
1142 17 14 1 
1085 18 7 1 
850 18 13 1 
816 19 8 1 
125 19 12 1 
95 13 15 1 
4092 14 16 1 
3928 15 15 1 
3873 16 14 1 
3730 17 7 1 
3709 17 13 1 
3327 18 8 1 
3281 18 12 1 
3140 19 9 1 
3040 19 11 1 
3014 13 14 1 
2920 14 15 1 
2914 15 14 1 
2875 16 7 1 
2864 16 13 1 
2856 17 8 1 
2577 17 12 1 
2085 18 9 1 
2006 18 11 1 
1951 19 10 1 
1905 14 14 1 
1891 15 7 1 
1745 15 13 1 
1639 16 8 1 
1512 16 12 1 
1507 17 9 1 
1477 17 11 1 
639 18 10 1 
477 9 0 1 
461 14 7 1 
212 14 13 1 
4077 15 8 1 
3899 15 12 1 
3879 16 9 1 
3771 16 11 1 
3517 17 10 1 
3512 9 1 1 
3400 9 3 1 
3321 10 0 1 
3215 13 7 1 
3195 14 8 1 
2978 14 12 1 
2919 15 9 1 
2912 15 11 1 
2680 16 10 1 
2274 9 2 1 
2150 10 1 1 
2068 10 3 1 
2036 11 0 1 
2008 12 7 1 
1907 13 8 1 
1776 14 9 1 
1711 14 11 1 
1555 15 10 1 
1416 19 0 1 
1197 10 2 1 
914 11 1 1 
835 11 3 1 
812 12 0 1 
751 12 8 1 
663 13 9 1 
585 14 10 1 
110 18 0 1 
3993 19 1 1 
3927 11 2 1 
3925 12 1 1 
3889 12 3 1 
3573 12 9 1 
3178 12 19 1 
3156 13 0 1 
3147 13 10 1 
3063 17 0 1 
2719 18 1 1 
2628 19 2 1 
2610 5 19 1 
2463 11 9 1 
2399 11 19 1 
2367 12 2 1 
1422 12 10 1 
989 12 18 1 
936 13 1 1 
811 13 3 1 
786 13 11 1 
703 14 0 1 
669 16 0 1 
623 17 1 1 
285 18 2 1 
240 19 3 1 
237 5 18 1 
216 6 19 1 
169 10 19 1 
4159 11 10 1 
4122 11 18 1 
3778 12 11 1 
3138 12 17 1 
3008 13 2 1 
2889 13 12 1 
2832 14 1 1 
1978 14 3 1 
1896 15 0 1 
1703 16 1 1 
1516 17 2 1 
1479 18 3 1 
1386 19 4 1 
1181 5 17 1 
873 6 18 1 
805 7 19 1 
563 9 19 1 
299 10 18 1 
232 11 11 1 
3908 11 17 1 
3808 12 12 1 
3635 12 16 1 
3624 13 13 1 
3589 14 2 1 
3565 15 1 1 
3194 16 2 1 
2970 17 3 1 
2926 18 4 1 
2921 19 5 1 
2647 0 19 1 
2572 5 16 1 
2545 6 17 1 
2539 7 18 1 
2443 8 19 1 
2031 9 18 1 
1723 10 17 1 
1412 11 12 1 
1401 11 16 1 
1191 12 13 1 
971 12 15 1 
970 15 2 1 
937 16 3 1 
919 17 4 1 
814 18 5 1 
736 19 6 1 
594 0 18 1 
542 1 19 1 
455 5 15 1 
215 6 16 1 
153 7 17 1 
150 8 18 1 
144 9 17 1 
126 10 12 1 
4157 10 16 1 
4114 11 13 1 
4081 11 15 1 
3969 12 14 1 
3951 15 3 1 
3872 16 4 1 
3855 17 5 1 
3432 18 6 1 
3324 0 17 1 
3272 1 18 1 
2746 2 19 1 
2657 6 15 1 
2652 7 16 1 
2640 8 17 1 
2629 9 16 1 
2089 10 13 1 
1976 10 15 1 
1876 11 14 1 
1867 15 4 1 
1618 16 5 1 
1591 17 6 1 
1499 0 16 1 
1414 1 17 1 
1351 2 18 1 
1249 3 19 1 
778 7 15 1 
4132 8 16 1 
4107 9 15 1 
4076 10 14 1 
3893 14 4 1 
3750 15 5 1 
3631 16 6 1 
3477 0 15 1 
3436 1 16 1 
3304 2 17 1 
3251 3 18 1 
3106 4 19 1 
3017 8 15 1 
2994 9 14 1 
2882 10 9 1 
2566 13 4 1 
2165 14 5 1 
2035 15 6 1 
1944 0 14 1 
1648 1 15 1 
1545 2 16 1 
1520 3 17 1 
1205 4 18 1 
1112 8 14 1 
1066 9 13 1 
862 10 10 1 
380 12 4 1 
68 13 5 1 
4073 14 6 1 
3920 0 13 1 
3876 1 14 1 
3669 2 15 1 
3377 3 16 1 
3370 4 17 1 
3337 7 14 1 
3242 8 13 1 
2962 9 10 1 
2947 9 12 1 
2728 10 11 1 
2717 11 4 1 
2376 12 5 1 
2322 13 6 1 
2310 0 12 1 
2296 1 13 1 
2249 2 14 1 
1624 3 15 1 
1511 4 16 1 
1384 6 14 1 
1236 7 13 1 
1137 8 10 1 
655 8 12 1 
574 9 11 1 
508 10 4 1 
390 11 5 1 
294 12 6 1 
290 0 11 1 
4104 1 12 1 
4079 2 13 1 
4050 3 14 1 
4037 4 15 1 
3364 5 14 1 
3046 6 13 1 
2982 7 12 1 
2955 8 11 1 
2727 9 4 1 
2583 10 5 1 
2542 11 6 1 
1733 11 8 1 
1625 0 10 1 
1596 1 11 1 
1362 2 12 1 
1344 3 13 1 
1160 4 14 1 
998 5 13 1 
983 6 12 1 
897 7 11 1 
506 8 4 1 
400 9 5 1 
388 9 9 1 
28 10 6 1 
4165 10 8 1 
4009 11 7 1 
3896 1 10 1 
3789 2 11 1 
3670 3 12 1 
3469 4 13 1 
3458 5 12 1 
3454 6 11 1 
3356 7 10 1 
3302 8 5 1 
3299 8 9 1 
3241 9 6 1 
2790 9 8 1 
2785 10 7 1 
2219 2 10 1 
2212 3 11 1 
1472 4 12 1 
1408 5 11 1 
1052 6 10 1 
856 7 9 1 
849 8 6 1 
670 8 8 1 
622 9 7 1 
497 3 10 1 
15 4 11 1 
4161 5 10 1 
4016 6 9 1 
3901 7 8 1 
3384 8 7 1 
2968 4 10 1 
2854 5 9 1 
2795 6 8 1 
2356 7 7 1 
2327 4 9 1 
2200 5 8 1 
1754 6 7 1 
1729 7 6 1 
1721 3 9 1 
1699 4 8 1 
1688 5 7 1 
1677 6 6 1 
1077 7 5 1 
689 0 9 1 
458 2 9 1 
428 3 8 1 
220 4 7 1 
99 5 6 1 
71 6 5 1 
3979 7 4 1 
3825 8 3 1 
3665 0 8 1 
3504 1 9 1 
3221 2 8 1 
2995 3 7 1 
2932 4 6 1 
2707 5 5 1 
2469 6 4 1 
2185 7 3 1 
2170 8 2 1 
1941 0 7 1 
1894 1 8 1 
1788 2 7 1 
1740 3 6 1 
958 4 5 1 
889 5 4 1 
653 6 3 1 
500 7 2 1 
253 8 1 1 
181 0 6 1 
171 1 7 1 
122 2 6 1 
6 3 5 1 
3710 4 4 1 
3461 5 3 1 
3066 6 2 1 
2858 7 1 1 
2440 8 0 1 
1821 0 5 1 
1212 1 6 1 
722 2 5 1 
260 3 4 1 
4153 4 3 1 
4006 5 2 1 
3935 6 1 1 
3411 7 0 1 
3298 0 4 1 
2003 1 5 1 
1692 2 4 1 
1165 3 3 1 
1086 4 2 1 
4001 5 1 1 
3348 6 0 1 
3009 0 3 1 
1464 1 4 1 
842 2 3 1 
752 3 2 1 
583 4 1 1 
4089 5 0 1 
2775 0 2 1 
2291 1 3 1 
2069 2 2 1 
1473 3 1 1 
1380 4 0 1 
1283 0 1 1 
211 1 2 1 
3830 2 1 1 
3820 3 0 1 
3246 0 0 1 
1125 1 1 1 
904 2 0 1 
572 1 0 1 
65 1 1 11 
2173 1 2 12 
2905 2 1 11 
3485 1 3 12 
651 3 1 12 
1284 1 4 13 
1483 4 1 13 
620 1 5 14 
1779 2 4 14 
2088 5 1 13 
1641 1 6 15 
798 3 4 15 
2053 6 1 14 
359 1 7 16 
2346 6 2 15 
3494 7 1 15 
132 1 8 16 
288 4 5 16 
2603 7 2 16 
3929 4 6 16 
66 5 5 16 
178 5 6 17 
555 6 5 17 
635 5 7 17 
1989 6 6 17 
2066 5 8 17 
2295 6 7 17 
2787 5 9 17 
74 6 8 17 
197 5 10 17 
584 6 9 17 
869 7 8 17 
1696 3 11 18 
2273 6 10 18 
2841 8 8 18 
2846 9 7 18 
2870 2 11 18 
3125 3 12 18 
3162 6 11 18 
4084 9 6 18 
4134 10 7 18 
758 1 11 19 
1119 2 12 19 
2766 3 13 19 
3815 6 12 19 
647 10 6 19 
1099 1 12 19 
1171 2 13 19 
1550 3 14 19 
1706 6 13 19 
1827 7 12 19 
2239 10 5 19 
2266 1 13 20 
2389 2 14 20 
2810 3 15 20 
2821 7 13 20 
2849 8 12 20 
3153 11 5 20 
1886 1 14 20 
2338 2 15 20 
2439 3 16 20 
2799 8 13 20 
4128 19 19 26 
3984 16 19 26 
3962 18 19 26 
3257 19 18 26 
3174 16 18 26 
2513 17 19 26 
1877 18 18 26 
1748 19 17 26 
1715 16 17 26 
1663 17 18 26 
1619 18 17 26 
1570 19 16 26 
1554 13 19 26 
1277 15 19 26 
1038 17 17 26 
955 18 16 26 
785 19 15 26 
657 13 18 26 
634 14 19 26 
348 15 18 26 
280 17 16 26 
202 18 15 26 
77 19 14 26 
12 13 17 26 
4059 14 18 26 
4047 15 17 26 
3976 16 16 26 
3942 17 15 26 
3903 18 14 26 
3882 19 7 26 
3782 19 13 26 
3762 13 16 26 
3418 14 17 26 
3271 15 16 26 
2665 16 15 26 
2655 17 14 26 
2489 18 7 26 
2371 18 13 26 
2365 19 8 26 
2311 19 12 26 
2205 13 15 26 
2083 14 16 26 
1660 15 15 26 
1653 16 14 26 
1575 17 7 26 
1523 17 13 26 
1518 18 8 26 
1374 18 12 26 
1157 19 9 26 
1050 19 11 26 
991 13 14 26 
898 14 15 26 
776 15 14 26 
723 16 7 26 
649 16 13 26 
593 17 8 26 
502 17 12 26 
491 18 9 26 
476 18 11 26 
268 19 10 26 
4049 14 14 26 
3990 15 7 26 
3941 15 13 26 
3940 16 8 26 
3921 16 12 26 
3824 17 9 26 
3596 17 11 26 
3387 18 10 26 
3360 9 0 26 
3126 14 7 26 
2958 14 13 26 
2653 15 8 26 
2494 15 12 26 
2289 16 9 26 
2115 16 11 26 
2103 17 10 26 
2090 9 1 26 
2059 9 3 26 
1961 10 0 26 
1853 13 7 26 
1714 14 8 26 
1655 14 12 26 
1484 15 9 26 
1447 15 11 26 
1298 16 10 26 
1065 9 2 26 
1036 10 1 26 
1021 10 3 26 
946 11 0 26 
803 12 7 26 
648 13 8 26 
618 14 9 26 
608 14 11 26 
518 15 10 26 
499 19 0 26 
189 10 2 26 
46 11 1 26 
4108 11 3 26 
4064 12 0 26 
3919 12 8 26 
3841 13 9 26 
3836 14 10 26 
3651 18 0 26 
2977 19 1 26 
2842 11 2 26 
2694 12 1 26 
2615 12 3 26 
2186 12 9 26 
1962 12 19 26 
1845 13 0 26 
1841 13 10 26 
1782 17 0 26 
1549 18 1 26 
1432 19 2 26 
1370 5 19 26 
1369 11 9 26 
1259 11 19 26 
1051 12 2 26 
771 12 10 26 
679 12 18 26 
548 13 1 26 
544 13 3 26 
528 13 11 26 
451 14 0 26 
395 16 0 26 
345 17 1 26 
141 18 2 26 
114 19 3 26 
98 5 18 26 
72 6 19 26 
36 10 19 26 
4117 11 10 26 
4013 11 18 26 
3742 12 11 26 
3450 12 17 26 
3175 13 2 26 
3034 13 12 26 
2778 14 1 26 
2646 14 3 26 
2473 15 0 26 
2071 16 1 26 
1940 17 2 26 
1932 18 3 26 
1784 19 4 26 
1687 5 17 26 
1572 6 18 26 
1469 7 19 26 
1372 9 19 26 
1258 10 18 26 
1186 11 11 26 
920 11 17 26 
801 12 12 26 
730 12 16 26 
330 13 13 26 
326 14 2 26 
137 15 1 26 
130 16 2 26 
50 17 3 26 
4027 18 4 26 
4018 19 5 26 
3734 0 19 26 
3627 5 16 26 
3449 6 17 26 
3322 7 18 26 
3261 8 19 26 
3168 9 18 26 
3143 10 17 26 
2961 11 12 26 
2132 11 16 26 
2086 12 13 26 
1916 12 15 26 
1707 15 2 26 
1658 16 3 26 
1656 17 4 26 
1461 18 5 26 
1321 19 6 26 
1266 0 18 26 
1173 1 19 26 
1090 5 15 26 
950 6 16 26 
810 7 17 26 
799 8 18 26 
739 9 17 26 
640 10 12 26 
560 10 16 26 
483 11 13 26 
418 11 15 26 
229 12 14 26 
131 15 3 26 
97 16 4 26 
4170 17 5 26 
4129 18 6 26 
3827 0 17 26 
3690 1 18 26 
3637 2 19 26 
3495 6 15 26 
3217 7 16 26 
3160 8 17 26 
3141 9 16 26 
3086 10 13 26 
2954 10 15 26 
2612 11 14 26 
2429 15 4 26 
2400 16 5 26 
2335 17 6 26 
2057 0 16 26 
1997 1 17 26 
1825 2 18 26 
1731 3 19 26 
1693 7 15 26 
1666 8 16 26 
1582 9 15 26 
1490 10 14 26 
1397 14 4 26 
1001 15 5 26 
836 16 6 26 
296 0 15 26 
291 1 16 26 
29 2 17 26 
3997 3 18 26 
3622 4 19 26 
3342 8 15 26 
3284 9 14 26 
3198 10 9 26 
3116 13 4 26 
3044 14 5 26 
2937 15 6 26 
1988 0 14 26 
1852 1 15 26 
1712 2 16 26 
1665 3 17 26 
1594 4 18 26 
1544 8 14 26 
1503 9 13 26 
1465 10 10 26 
932 12 4 26 
820 13 5 26 
610 14 6 26 
545 0 13 26 
401 1 14 26 
4083 2 15 26 
3963 3 16 26 
3952 4 17 26 
3819 7 14 26 
3722 8 13 26 
3679 9 10 26 
3568 9 12 26 
3475 10 11 26 
3409 11 4 26 
3254 12 5 26 
2928 13 6 26 
2837 0 12 26 
2818 1 13 26 
2703 2 14 26 
2535 3 15 26 
2474 4 16 26 
2178 6 14 26 
2062 7 13 26 
1460 8 10 26 
1366 8 12 26 
1153 9 11 26 
738 10 4 26 
624 11 5 26 
559 12 6 26 
371 0 11 26 
325 1 12 26 
205 2 13 26 
3904 3 14 26 
3842 4 15 26 
3429 5 14 26 
3339 6 13 26 
3205 7 12 26 
3139 8 11 26 
3104 9 4 26 
2981 10 5 26 
2917 11 6 26 
2690 11 8 26 
2625 0 10 26 
2271 1 11 26 
2079 2 12 26 
1858 3 13 26 
1738 4 14 26 
1640 5 13 26 
1189 6 12 26 
1025 7 11 26 
980 8 4 26 
848 9 5 26 
643 9 9 26 
609 10 6 26 
517 10 8 26 
515 11 7 26 
368 1 10 26 
101 2 11 26 
3545 3 12 26 
2948 4 13 26 
2791 5 12 26 
2693 6 11 26 
2599 7 10 26 
2452 8 5 26 
2215 8 9 26 
1785 9 6 26 
1704 9 8 26 
1607 10 7 26 
1411 2 10 26 
1399 3 11 26 
1265 4 12 26 
1202 5 11 26 
1081 6 10 26 
788 7 9 26 
449 8 6 26 
243 8 8 26 
139 9 7 26 
67 3 10 26 
4010 4 11 26 
3914 5 10 26 
3354 6 9 26 
3270 7 8 26 
3213 8 7 26 
3114 4 10 26 
2673 5 9 26 
2621 6 8 26 
2600 7 7 26 
2483 4 9 26 
2041 5 8 26 
1643 6 7 26 
1588 7 6 26 
1533 3 9 26 
437 4 8 26 
184 5 7 26 
92 6 6 26 
4022 7 5 26 
3965 0 9 26 
3852 2 9 26 
3761 3 8 26 
3713 4 7 26 
2927 5 6 26 
2847 6 5 26 
2613 7 4 26 
2580 8 3 26 
2455 0 8 26 
2379 1 9 26 
2135 2 8 26 
2119 3 7 26 
2032 4 6 26 
1622 5 5 26 
896 6 4 26 
686 7 3 26 
424 8 2 26 
333 0 7 26 
4036 1 8 26 
3707 2 7 26 
3371 3 6 26 
3325 4 5 26 
2737 5 4 26 
2582 6 3 26 
1463 7 2 26 
761 8 1 26 
579 0 6 26 
108 1 7 26 
3986 2 6 26 
3612 3 5 26 
3516 4 4 26 
2740 5 3 26 
2294 6 2 26 
1977 7 1 26 
1927 8 0 26 
1551 0 5 26 
1471 1 6 26 
1385 2 5 26 
887 3 4 26 
727 4 3 26 
445 5 2 26 
3875 6 1 26 
3860 7 0 26 
3711 0 4 26 
3518 1 5 26 
3426 2 4 26 
3423 3 3 26 
3330 4 2 26 
3172 5 1 26 
2233 6 0 26 
2152 0 3 26 
1676 1 4 26 
1487 2 3 26 
1438 3 2 26 
1139 4 1 26 
1138 5 0 26 
981 0 2 26 
241 1 3 26 
3913 2 2 26 
3746 3 1 26 
3385 4 0 26 
2992 0 1 26 
2980 1 2 26 
2957 2 1 26 
1734 3 0 26 
1235 0 0 26 
1226 1 1 26 
2421 2 0 26 
840 1 0 26 
3394 1 1 37 
754 1 2 37 
1278 2 1 37 
2943 1 3 38 
3619 3 1 37 
73 1 4 38 
331 4 1 38 
2368 1 5 38 
2604 2 4 38 
2857 5 1 38 
3132 1 6 39 
1107 3 4 39 
2024 6 1 38 
1909 1 7 40 
2162 6 2 39 
2930 7 1 39 
3751 1 8 40 
143 4 5 40 
1276 7 2 40 
1409 4 6 41 
1450 5 5 41 
272 5 6 41 
409 6 5 41 
756 5 7 42 
1042 6 6 42 
1717 5 8 42 
516 6 7 42 
924 5 9 42 
2979 6 8 42 
3310 5 10 42 
3765 6 9 42 
901 7 8 42 
1320 3 11 43 
1957 6 10 43 
1964 8 8 43 
2585 9 7 43 
146 2 11 44 
668 3 12 43 
1237 6 11 43 
1335 9 6 43 
2105 10 7 43 
2373 1 11 44 
3047 2 12 44 
316 3 13 44 
412 6 12 44 
549 10 6 44 
822 1 12 45 
968 2 13 45 
2532 3 14 44 
3359 6 13 44 
4085 7 12 44 
581 10 5 44 
1000 1 13 45 
1268 2 14 45 
1356 3 15 45 
1590 7 13 45 
2056 8 12 45 
2304 11 5 45 
2487 1 14 46 
2573 2 15 45 
4087 19 19 51 
3644 16 19 51 
3605 18 19 51 
3527 19 18 51 
3259 16 18 51 
2829 17 19 51 
2819 18 18 51 
2815 19 17 51 
2765 16 17 51 
2710 17 18 51 
2549 18 17 51 
2058 19 16 51 
1984 13 19 51 
1981 15 19 51 
1758 17 17 51 
1725 18 16 51 
1678 19 15 51 
1396 13 18 51 
1395 14 19 51 
1379 15 18 51 
1093 17 16 51 
1071 18 15 51 
857 19 14 51 
604 13 17 51 
275 14 18 51 
3684 15 17 51 
3588 16 16 51 
3570 17 15 51 
3124 18 14 51 
2798 19 7 51 
2759 19 13 51 
2716 13 16 51 
2499 14 17 51 
2422 15 16 51 
2414 16 15 51 
2300 17 14 51 
2288 18 7 51 
2267 18 13 51 
2257 19 8 51 
1783 19 12 51 
1737 13 15 51 
1604 14 16 51 
1579 15 15 51 
1482 16 14 51 
1260 17 7 51 
1247 17 13 51 
1228 18 8 51 
1106 18 12 51 
964 19 9 51 
918 19 11 51 
779 13 14 51 
645 14 15 51 
599 15 14 51 
564 16 7 51 
329 16 13 51 
292 17 8 51 
47 17 12 51 
4061 18 9 51 
4056 18 11 51 
4041 19 10 51 
3768 14 14 51 
3695 15 7 51 
3682 15 13 51 
3610 16 8 51 
3591 16 12 51 
3486 17 9 51 
3474 17 11 51 
3367 18 10 51 
3287 9 0 51 
3228 14 7 51 
2853 14 13 51 
2823 15 8 51 
2448 15 12 51 
2336 16 9 51 
2319 16 11 51 
2209 17 10 51 
2163 9 1 51 
2073 9 3 51 
2010 10 0 51 
1904 13 7 51 
1791 14 8 51 
1742 14 12 51 
1718 15 9 51 
1595 15 11 51 
1454 16 10 51 
1389 9 2 51 
1220 10 1 51 
789 10 3 51 
575 11 0 51 
269 12 7 51 
27 13 8 51 
4151 14 9 51 
4029 14 11 51 
3985 15 10 51 
3966 19 0 51 
3946 10 2 51 
3931 11 1 51 
3894 11 3 51 
3804 12 0 51 
3542 12 8 51 
3539 13 9 51 
3378 14 10 51 
3340 18 0 51 
2997 19 1 51 
2822 11 2 51 
2802 12 1 51 
2344 12 3 51 
2039 12 9 51 
1993 12 19 51 
1856 13 0 51 
1814 13 10 51 
1577 17 0 51 
1261 18 1 51 
1092 19 2 51 
1079 5 19 51 
1023 11 9 51 
990 11 19 51 
838 12 2 51 
745 12 10 51 
742 12 18 51 
628 13 1 51 
568 13 3 51 
533 13 11 51 
379 14 0 51 
370 16 0 51 
163 17 1 51 
4068 18 2 51 
3634 19 3 51 
3608 5 18 51 
3548 6 19 51 
3395 10 19 51 
3343 11 10 51 
3276 11 18 51 
2879 12 11 51 
2834 12 17 51 
2730 13 2 51 
2211 13 12 51 
2189 14 1 51 
1952 14 3 51 
1584 15 0 51 
1163 16 1 51 
1024 17 2 51 
876 18 3 51 
732 19 4 51 
632 5 17 51 
480 6 18 51 
318 7 19 51 
64 9 19 51 
39 10 18 51 
4133 11 11 51 
3828 11 17 51 
3810 12 12 51 
3698 12 16 51 
3667 13 13 51 
3638 14 2 51 
3491 15 1 51 
3446 16 2 51 
3383 17 3 51 
3375 18 4 51 
3145 19 5 51 
3045 0 19 51 
2999 5 16 51 
2973 6 17 51 
2931 7 18 51 
2885 8 19 51 
2771 9 18 51 
2666 10 17 51 
2627 11 12 51 
2529 11 16 51 
2456 12 13 51 
2431 12 15 51 
2411 15 2 51 
2309 16 3 51 
2261 17 4 51 
2259 18 5 51 
2061 19 6 51 
1808 0 18 51 
1491 1 19 51 
587 5 15 51 
334 6 16 51 
4171 7 17 51 
4154 8 18 51 
4033 9 17 51 
4019 10 12 51 
3886 10 16 51 
3874 11 13 51 
3799 11 15 51 
3700 12 14 51 
3655 15 3 51 
3650 16 4 51 
3562 17 5 51 
3507 18 6 51 
3430 0 17 51 
3312 1 18 51 
2967 2 19 51 
2873 6 15 51 
2805 7 16 51 
2531 8 17 51 
2406 9 16 51 
2374 10 13 51 
2091 10 15 51 
1973 11 14 51 
1960 15 4 51 
1836 16 5 51 
1605 17 6 51 
1592 0 16 51 
1287 1 17 51 
827 2 18 51 
712 3 19 51 
507 7 15 51 
434 8 16 51 
403 9 15 51 
3580 10 14 51 
3345 14 4 51 
3252 15 5 51 
3121 16 6 51 
3069 0 15 51 
2761 1 16 51 
2669 2 17 51 
2574 3 18 51 
2560 4 19 51 
2541 8 15 51 
2275 9 14 51 
2204 10 9 51 
1937 13 4 51 
1365 14 5 51 
1161 15 6 51 
881 0 14 51 
531 1 15 51 
465 2 16 51 
425 3 17 51 
396 4 18 51 
393 8 14 51 
307 9 13 51 
281 10 10 51 
247 12 4 51 
245 13 5 51 
128 14 6 51 
5 0 13 51 
4113 1 14 51 
4078 2 15 51 
3939 3 16 51 
3887 4 17 51 
3563 7 14 51 
3487 8 13 51 
3332 9 10 51 
3297 9 12 51 
3051 10 11 51 
2844 11 4 51 
2678 12 5 51 
2397 13 6 51 
2159 0 12 51 
2143 1 13 51 
1719 2 14 51 
1568 3 15 51 
1398 4 16 51 
1345 6 14 51 
1273 7 13 51 
1003 8 10 51 
931 8 12 51 
907 9 11 51 
892 10 4 51 
794 11 5 51 
662 12 6 51 
304 0 11 51 
282 1 12 51 
204 2 13 51 
3918 3 14 51 
3798 4 15 51 
3607 5 14 51 
3248 6 13 51 
3218 7 12 51 
3054 8 11 51 
2922 9 4 51 
2687 10 5 51 
2658 11 6 51 
2470 11 8 51 
1983 0 10 51 
1778 1 11 51 
1761 2 12 51 
1539 3 13 51 
1330 4 14 51 
1328 5 13 51 
1184 6 12 51 
1182 7 11 51 
1104 8 4 51 
422 9 5 51 
107 9 9 51 
81 10 6 51 
4099 10 8 51 
3954 11 7 51 
3890 1 10 51 
3883 2 11 51 
3764 3 12 51 
3724 4 13 51 
3687 5 12 51 
2945 6 11 51 
2636 7 10 51 
2548 8 5 51 
2325 8 9 51 
2202 9 6 51 
2094 9 8 51 
1804 10 7 51 
1767 2 10 51 
1439 3 11 51 
1332 4 12 51 
1201 5 11 51 
1041 6 10 51 
974 7 9 51 
963 8 6 51 
809 8 8 51 
616 9 7 51 
521 3 10 51 
498 4 11 51 
3826 5 10 51 
3499 6 9 51 
3093 7 8 51 
2838 8 7 51 
2732 4 10 51 
2648 5 9 51 
2642 6 8 51 
2084 7 7 51 
2072 4 9 51 
1942 5 8 51 
1908 6 7 51 
1728 7 6 51 
1267 3 9 51 
719 4 8 51 
716 5 7 51 
462 6 6 51 
249 7 5 51 
188 0 9 51 
113 2 9 51 
105 3 8 51 
89 4 7 51 
4080 5 6 51 
3796 6 5 51 
3571 7 4 51 
3095 8 3 51 
2794 0 8 51 
1615 1 9 51 
1553 2 8 51 
1381 3 7 51 
1070 4 6 51 
977 5 5 51 
697 6 4 51 
4057 7 3 51 
4014 8 2 51 
3934 0 7 51 
3772 1 8 51 
3658 2 7 51 
3592 3 6 51 
3433 4 5 51 
3235 5 4 51 
3018 6 3 51 
3012 7 2 51 
2169 8 1 51 
1146 0 6 51 
355 1 7 51 
162 2 6 51 
154 3 5 51 
61 4 4 51 
3546 5 3 51 
3533 6 2 51 
3362 7 1 51 
3166 8 0 51 
3151 0 5 51 
1834 1 6 51 
1305 2 5 51 
1183 3 4 51 
1123 4 3 51 
1064 5 2 51 
975 6 1 51 
505 7 0 51 
440 0 4 51 
3989 1 5 51 
3785 2 4 51 
2909 3 3 51 
2350 4 2 51 
2157 5 1 51 
1986 6 0 51 
1585 0 3 51 
1583 1 4 51 
1452 2 3 51 
1343 3 2 51 
1194 4 1 51 
1075 5 0 51 
699 0 2 51 
495 1 3 51 
120 2 2 51 
4102 3 1 51 
3351 4 0 51 
611 0 1 51 
140 1 2 51 
3603 2 1 51 
3537 3 0 51 
2298 0 0 51 
2125 1 1 51 
1848 2 0 51 
314 1 0 51 
176 1 1 61 
1255 1 2 62 
2002 2 1 61 
1394 1 3 63 
1746 3 1 62 
3630 1 4 63 
733 4 1 63 
1456 1 5 63 
1889 2 4 63 
2568 5 1 63 
3601 1 6 64 
1272 3 4 64 
1426 6 1 64 
2987 1 7 65 
3661 6 2 64 
784 7 1 64 
2349 1 8 65 
2605 4 5 65 
2789 7 2 65 
419 4 6 66 
909 5 5 66 
1132 5 6 66 
1150 6 5 66 
1862 5 7 67 
2884 6 6 67 
3729 5 8 67 
32 6 7 67 
175 5 9 67 
1390 6 8 67 
2228 5 10 67 
2471 6 9 67 
2609 7 8 67 
592 3 11 68 
2229 6 10 68 
2675 8 8 68 
3748 9 7 68 
166 2 11 68 
1440 3 12 68 
1662 6 11 68 
1832 9 6 68 
2055 10 7 68 
2236 1 11 69 
2780 2 12 69 
3464 3 13 69 
3555 6 12 69 
4035 10 6 69 
198 1 12 70 
1685 2 13 70 
2208 3 14 69 
2661 6 13 69 
2897 7 12 69 
3329 10 5 69 
24 1 13 70 
452 2 14 70 
538 3 15 70 
882 7 13 70 
1005 8 12 70 
1116 11 5 70 
1346 1 14 70 
1355 2 15 70 
1429 3 16 70 
1647 8 13 70 
1887 12 5 70 
2114 1 15 71 
2247 2 16 71 
3615 3 17 71 
4098 19 19 76 
4008 16 19 76 
3859 18 19 76 
3346 19 18 76 
3157 16 18 76 
3112 17 19 76 
3059 18 18 76 
3056 19 17 76 
2750 16 17 76 
2584 17 18 76 
2515 18 17 76 
2364 19 16 76 
2131 13 19 76 
1892 15 19 76 
1851 17 17 76 
1789 18 16 76 
1627 19 15 76 
1609 13 18 76 
1606 14 19 76 
1540 15 18 76 
1292 17 16 76 
1022 18 15 76 
969 19 14 76 
948 13 17 76 
855 14 18 76 
720 15 17 76 
706 16 16 76 
369 17 15 76 
200 18 14 76 
3907 19 7 76 
3769 19 13 76 
3739 13 16 76 
3602 14 17 76 
3593 15 16 76 
3405 16 15 76 
3391 17 14 76 
3187 18 7 76 
3081 18 13 76 
2852 19 8 76 
2751 19 12 76 
2607 13 15 76 
2410 14 16 76 
2276 15 15 76 
2074 16 14 76 
1980 17 7 76 
1970 17 13 76 
1950 18 8 76 
1807 18 12 76 
1336 19 9 76 
1319 19 11 76 
1288 13 14 76 
1200 14 15 76 
1147 15 14 76 
1140 16 7 76 
1135 16 13 76 
1037 17 8 76 
1027 17 12 76 
929 18 9 76 
817 18 11 76 
617 19 10 76 
513 14 14 76 
420 15 7 76 
4103 15 13 76 
4021 16 8 76 
4004 16 12 76 
3898 17 9 76 
3773 17 11 76 
3701 18 10 76 
3465 9 0 76 
3344 14 7 76 
3275 14 13 76 
3220 15 8 76 
3148 15 12 76 
2923 16 9 76 
2918 16 11 76 
2824 17 10 76 
2724 9 1 76 
2689 9 3 76 
2630 10 0 76 
2359 13 7 76 
2353 14 8 76 
2140 14 12 76 
1918 15 9 76 
1799 15 11 76 
1786 16 10 76 
1769 9 2 76 
1245 10 1 76 
1118 10 3 76 
910 11 0 76 
721 12 7 76 
696 13 8 76 
473 14 9 76 
471 14 11 76 
447 15 10 76 
406 19 0 76 
320 10 2 76 
149 11 1 76 
13 11 3 76 
4160 12 0 76 
4088 12 8 76 
3822 13 9 76 
3699 14 10 76 
2478 18 0 76 
2417 19 1 76 
2381 11 2 76 
2320 12 1 76 
2151 12 3 76 
2106 12 9 76 
1466 12 19 76 
1441 13 0 76 
1248 13 10 76 
1168 17 0 76 
893 18 1 76 
746 19 2 76 
343 5 19 76 
338 11 9 76 
3677 11 19 76 
3649 12 2 76 
3490 12 10 76 
3438 12 18 76 
3183 13 1 76 
3043 13 3 76 
2745 13 11 76 
2668 14 0 76 
2278 16 0 76 
2252 17 1 76 
2190 18 2 76 
2139 19 3 76 
2137 5 18 76 
2028 6 19 76 
1855 10 19 76 
1844 11 10 76 
1830 11 18 76 
1809 12 11 76 
1759 12 17 76 
1727 13 2 76 
1659 13 12 76 
1621 14 1 76 
1448 14 3 76 
1402 15 0 76 
1392 16 1 76 
1233 17 2 76 
276 18 3 76 
4138 19 4 76 
3960 5 17 76 
3911 6 18 76 
3736 7 19 76 
3575 9 19 76 
3421 10 18 76 
3381 11 11 76 
3300 11 17 76 
3294 12 12 76 
3263 12 16 76 
3250 13 13 76 
2867 14 2 76 
2861 15 1 76 
2357 16 2 76 
2299 17 3 76 
2112 18 4 76 
2052 19 5 76 
2040 0 19 76 
1872 5 16 76 
1861 6 17 76 
1724 7 18 76 
1586 8 19 76 
1342 9 18 76 
1291 10 17 76 
1238 11 12 76 
1198 11 16 76 
1120 12 13 76 
1061 12 15 76 
965 15 2 76 
854 16 3 76 
698 17 4 76 
569 18 5 76 
356 19 6 76 
319 0 18 76 
124 1 19 76 
4166 5 15 76 
3829 6 16 76 
3737 7 17 76 
3733 8 18 76 
3633 9 17 76 
3536 10 12 76 
3349 10 16 76 
3249 11 13 76 
3239 11 15 76 
3167 12 14 76 
2865 15 3 76 
2702 16 4 76 
2623 17 5 76 
2534 18 6 76 
2223 0 17 76 
2198 1 18 76 
1883 2 19 76 
1839 6 15 76 
1556 7 16 76 
1435 8 17 76 
1230 9 16 76 
986 10 13 76 
713 10 15 76 
636 11 14 76 
607 15 4 76 
273 16 5 76 
258 17 6 76 
3659 0 16 76 
3586 1 17 76 
3417 2 18 76 
3266 3 19 76 
3154 7 15 76 
3021 8 16 76 
2768 9 15 76 
2729 10 14 76 
2543 14 4 76 
2523 15 5 76 
2317 16 6 76 
2272 0 15 76 
2187 1 16 76 
2168 2 17 76 
2144 3 18 76 
1885 4 19 76 
1672 8 15 76 
1602 9 14 76 
1546 10 9 76 
1244 13 4 76 
1133 14 5 76 
1105 15 6 76 
1068 0 14 76 
877 1 15 76 
759 2 16 76 
753 3 17 76 
4142 4 18 76 
4106 8 14 76 
3996 9 13 76 
3866 10 10 76 
3811 12 4 76 
3623 13 5 76 
3574 14 6 76 
3552 0 13 76 
3489 1 14 76 
3471 2 15 76 
3353 3 16 76 
3255 4 17 76 
3193 7 14 76 
3127 8 13 76 
2769 9 10 76 
2556 9 12 76 
2242 10 11 76 
2238 11 4 76 
1982 12 5 76 
1911 13 6 76 
1888 0 12 76 
1682 1 13 76 
1626 2 14 76 
1404 3 15 76 
1388 4 16 76 
921 6 14 76 
571 7 13 76 
266 8 10 76 
80 8 12 76 
51 9 11 76 
4119 10 4 76 
3864 11 5 76 
3561 12 6 76 
3500 0 11 76 
3482 1 12 76 
3399 2 13 76 
3208 3 14 76 
3076 4 15 76 
3007 5 14 76 
3005 6 13 76 
2933 7 12 76 
2869 8 11 76 
2595 9 4 76 
2493 10 5 76 
2392 11 6 76 
1824 11 8 76 
1722 0 10 76 
1431 1 11 76 
1418 2 12 76 
1314 3 13 76 
1240 4 14 76 
714 5 13 76 
705 6 12 76 
680 7 11 76 
672 8 4 76 
671 9 5 76 
459 9 9 76 
443 10 6 76 
361 10 8 76 
315 11 7 76 
91 1 10 76 
3696 2 11 76 
3439 3 12 76 
2748 4 13 76 
2674 5 12 76 
2567 6 11 76 
2418 7 10 76 
2217 8 5 76 
1924 8 9 76 
1566 9 6 76 
760 9 8 76 
710 10 7 76 
470 2 10 76 
3917 3 11 76 
3770 4 12 76 
3554 5 11 76 
3451 6 10 76 
3392 7 9 76 
3369 8 6 76 
3341 8 8 76 
2862 9 7 76 
2597 3 10 76 
2551 4 11 76 
2372 5 10 76 
2076 6 9 76 
1497 7 8 76 
1494 8 7 76 
741 4 10 76 
501 5 9 76 
233 6 8 76 
4120 7 7 76 
3547 4 9 76 
3505 5 8 76 
3206 6 7 76 
3150 7 6 76 
2892 3 9 76 
2700 4 8 76 
2681 5 7 76 
2435 6 6 76 
1822 7 5 76 
1382 0 9 76 
1242 2 9 76 
870 3 8 76 
453 4 7 76 
3959 5 6 76 
3823 6 5 76 
3800 7 4 76 
3288 8 3 76 
3190 0 8 76 
2953 1 9 76 
2590 2 8 76 
2330 3 7 76 
1899 4 6 76 
1801 5 5 76 
1375 6 4 76 
700 7 3 76 
561 8 2 76 
3868 0 7 76 
3805 1 8 76 
3763 2 7 76 
3738 3 6 76 
3668 4 5 76 
3398 5 4 76 
3286 6 3 76 
3232 7 2 76 
3082 8 1 76 
3011 0 6 76 
2736 1 7 76 
2504 2 6 76 
2453 3 5 76 
2436 4 4 76 
2246 5 3 76 
2124 6 2 76 
1792 7 1 76 
1543 8 0 76 
1339 0 5 76 
941 1 6 76 
821 2 5 76 
4055 3 4 76 
3050 4 3 76 
3001 5 2 76 
2859 6 1 76 
2758 7 0 76 
2619 0 4 76 
2318 1 5 76 
2218 2 4 76 
2026 3 3 76 
1578 4 2 76 
1410 5 1 76 
1331 6 0 76 
793 0 3 76 
525 1 4 76 
159 2 3 76 
3389 3 2 76 
3042 4 1 76 
2616 5 0 76 
2546 0 2 76 
2393 1 3 76 
2005 2 2 76 
1565 3 1 76 
1361 4 0 76 
3910 0 1 76 
3556 1 2 76 
3326 2 1 76 
2749 3 0 76 
1589 0 0 76 
1252 1 1 76 
4156 2 0 76 
2913 1 0 76 
2307 1 1 86 
9 1 2 86 
512 2 1 86 
1039 1 3 87 
1700 3 1 87 
152 1 4 88 
556 4 1 87 
1958 1 5 88 
2701 2 4 88 
731 5 1 88 
3061 1 6 89 
615 3 4 88 
894 6 1 88 
1280 1 7 89 
2290 6 2 89 
3096 7 1 89 
172 1 8 89 
808 4 5 89 
973 7 2 89 
2102 4 6 90 
2118 5 5 90 
2801 5 6 90 
3401 6 5 90 
586 5 7 91 
777 6 6 91 
792 5 8 91 
1094 6 7 91 
1900 5 9 92 
3781 6 8 92 
3 5 10 92 
1736 6 9 92 
2154 7 8 92 
3214 3 11 92 
3437 6 10 92 
3792 8 8 92 
1552 9 7 92 
1812 2 11 93 
2253 3 12 93 
3862 6 11 93 
4100 9 6 93 
488 10 7 93 
1529 1 11 94 
2530 2 12 94 
3363 3 13 94 
905 6 12 94 
1849 10 6 94 
2164 1 12 94 
2425 2 13 94 
2662 3 14 94 
2839 6 13 94 
3425 7 12 94 
436 10 5 94 
1632 1 13 95 
2643 2 14 95 
2866 3 15 95 
2899 7 13 95 
3023 8 12 95 
3483 11 5 94 
3686 1 14 95 
117 2 15 95 
832 3 16 95 
1127 8 13 95 
1757 12 5 95 
2340 1 15 96 
2959 2 16 96 
3260 3 17 96 
3331 13 5 95 
