1917
6296 9 0 1 
6139 0 0 1 
6055 8 0 1 
5347 9 1 1 
5090 9 7 1 
4917 0 1 1 
4360 1 0 1 
4344 7 0 1 
4258 8 1 1 
3960 8 7 1 
3410 9 2 1 
3278 9 6 1 
3141 0 2 1 
3064 1 1 1 
3046 2 0 1 
3044 6 0 1 
2512 7 1 1 
2296 7 7 1 
2188 8 2 1 
1633 8 6 1 
1425 9 3 1 
1363 9 5 1 
1278 0 3 1 
970 1 2 1 
855 2 1 1 
854 3 0 1 
592 5 0 1 
587 6 1 1 
6140 6 7 1 
5469 7 2 1 
5319 7 6 1 
5167 8 3 1 
4841 8 5 1 
4514 9 4 1 
4215 0 4 1 
3985 1 3 1 
3821 2 2 1 
3610 3 1 1 
3464 4 0 1 
3309 5 1 1 
3236 6 2 1 
3130 6 6 1 
2986 7 3 1 
2408 7 5 1 
2255 8 4 1 
2094 9 19 1 
2088 0 5 1 
1916 1 4 1 
1864 2 3 1 
1679 3 2 1 
1632 4 1 1 
1562 5 2 1 
1525 6 3 1 
1268 6 5 1 
1184 7 4 1 
977 8 19 1 
783 9 18 1 
648 0 6 1 
466 1 5 1 
348 2 4 1 
322 3 3 1 
277 4 2 1 
6277 5 3 1 
6262 6 4 1 
5310 7 19 1 
5273 8 18 1 
5193 9 17 1 
4907 0 7 1 
4692 0 19 1 
4466 1 6 1 
4306 2 5 1 
4044 3 4 1 
3930 4 3 1 
3721 5 4 1 
3427 6 19 1 
3422 7 18 1 
3209 8 17 1 
2926 9 16 1 
2610 0 8 1 
2578 0 18 1 
2491 1 7 1 
2416 1 19 1 
2414 2 6 1 
1985 3 5 1 
1873 4 4 1 
1857 5 19 1 
1814 6 18 1 
1714 7 17 1 
1642 8 16 1 
1533 0 9 1 
1510 0 17 1 
1101 1 8 1 
1050 1 18 1 
673 2 7 1 
620 2 19 1 
382 3 6 1 
337 4 5 1 
309 4 19 1 
6182 5 18 1 
6068 6 17 1 
6018 7 16 1 
5969 0 10 1 
5920 0 16 1 
5815 1 9 1 
5637 1 17 1 
5581 2 8 1 
5571 2 18 1 
5056 3 7 1 
4936 3 19 1 
4555 4 6 1 
4380 4 18 1 
3948 5 5 1 
3736 5 17 1 
3611 6 16 1 
3450 7 15 1 
3417 0 11 1 
3190 0 15 1 
3053 1 10 1 
2847 1 16 1 
2623 2 9 1 
1716 2 17 1 
1427 3 8 1 
1367 3 18 1 
1342 4 7 1 
1178 4 17 1 
1057 5 6 1 
1013 5 16 1 
789 6 15 1 
747 0 12 1 
647 0 14 1 
372 1 11 1 
194 1 15 1 
106 2 10 1 
5992 2 16 1 
5837 3 9 1 
5636 3 17 1 
5207 4 8 1 
5178 4 16 1 
5076 5 7 1 
4915 5 15 1 
4887 0 13 1 
4564 1 12 1 
4429 1 14 1 
4188 2 11 1 
4165 2 15 1 
3845 3 10 1 
3649 3 16 1 
3444 4 9 1 
3127 4 15 1 
3011 5 8 1 
2949 1 13 1 
2858 2 12 1 
2677 2 14 1 
2524 3 11 1 
2392 3 15 1 
2330 4 10 1 
2213 5 9 1 
1871 6 8 1 
1699 2 13 1 
1347 3 12 1 
1129 3 14 1 
1102 4 11 1 
1009 5 10 1 
518 6 9 1 
376 7 8 1 
333 3 13 1 
22 4 12 1 
6305 4 14 1 
6066 5 11 1 
5889 6 10 1 
5713 7 9 1 
5623 8 8 1 
5333 4 13 1 
5099 5 12 1 
4879 5 14 1 
4782 6 11 1 
4612 7 10 1 
4430 8 9 1 
4400 9 8 1 
4127 5 13 1 
3894 6 12 1 
3817 6 14 1 
3505 7 11 1 
3120 8 10 1 
2993 9 9 1 
2885 6 13 1 
2768 7 12 1 
2361 7 14 1 
1649 8 11 1 
1601 9 10 1 
1423 10 9 1 
1065 10 19 1 
528 12 9 1 
493 7 13 1 
303 8 12 1 
239 9 11 1 
222 10 10 1 
75 10 18 1 
6078 11 9 1 
5894 11 19 1 
5864 12 10 1 
5740 19 19 1 
5354 8 13 1 
5183 8 15 1 
4561 9 12 1 
4493 10 11 1 
4410 10 17 1 
4297 11 10 1 
4241 11 18 1 
3942 12 19 1 
3785 18 19 1 
3564 19 18 1 
3031 8 14 1 
2718 9 13 1 
2469 9 15 1 
2273 10 12 1 
1917 10 16 1 
1402 11 11 1 
1250 11 17 1 
1040 12 18 1 
901 13 19 1 
552 17 19 1 
373 18 18 1 
175 19 17 1 
170 9 14 1 
149 10 13 1 
103 10 15 1 
64 11 12 1 
36 11 16 1 
6260 12 17 1 
6247 13 18 1 
6209 14 19 1 
6190 16 19 1 
6170 17 18 1 
6104 18 17 1 
5930 19 16 1 
5700 10 14 1 
5444 11 13 1 
5270 11 15 1 
4693 12 16 1 
4667 13 17 1 
4576 14 18 1 
4300 15 19 1 
4029 16 18 1 
3975 17 17 1 
3889 18 16 1 
3544 19 15 1 
3179 11 14 1 
3108 12 15 1 
2873 13 16 1 
2791 14 17 1 
2543 15 18 1 
2400 16 17 1 
2311 17 16 1 
2166 18 15 1 
2003 19 14 1 
1883 12 14 1 
1821 13 15 1 
1530 14 16 1 
1426 15 17 1 
1174 16 16 1 
975 17 15 1 
817 18 14 1 
580 19 13 1 
331 12 13 1 
252 13 14 1 
6234 14 15 1 
6058 15 16 1 
6019 16 15 1 
5736 17 14 1 
4799 18 13 1 
4740 12 12 1 
4639 13 13 1 
4544 14 14 1 
4537 15 15 1 
4319 16 14 1 
3191 17 13 1 
3176 10 5 1 
2915 12 11 1 
2772 13 12 1 
2720 14 13 1 
2680 15 14 1 
2280 16 13 1 
2247 19 12 1 
2137 10 6 1 
1760 10 8 1 
1722 11 5 1 
1432 13 11 1 
997 14 12 1 
888 15 13 1 
556 18 12 1 
426 19 11 1 
260 10 7 1 
20 11 6 1 
6257 11 8 1 
6044 12 5 1 
5776 13 10 1 
5680 14 11 1 
4914 15 12 1 
4913 17 12 1 
4821 18 11 1 
4122 19 10 1 
4098 11 7 1 
3777 12 6 1 
3440 12 8 1 
2904 13 5 1 
2701 13 9 1 
2138 14 10 1 
1956 15 11 1 
1888 16 12 1 
1723 17 11 1 
1707 18 10 1 
1246 19 9 1 
1109 12 7 1 
1021 13 6 1 
733 13 8 1 
583 14 9 1 
472 15 10 1 
415 16 11 1 
399 17 10 1 
5830 18 9 1 
5643 19 8 1 
5588 13 7 1 
5417 14 8 1 
5367 15 9 1 
5039 16 10 1 
5003 17 9 1 
4931 18 8 1 
4893 19 7 1 
4522 14 7 1 
4363 15 8 1 
4289 16 9 1 
4117 17 8 1 
3475 18 7 1 
3433 19 6 1 
3125 15 7 1 
3018 16 8 1 
2934 17 7 1 
2887 18 6 1 
2291 19 5 1 
2031 16 7 1 
1820 17 6 1 
1818 18 5 1 
1344 19 4 1 
1328 16 6 1 
752 17 5 1 
577 18 4 1 
478 19 3 1 
44 15 6 1 
6049 16 5 1 
5812 17 4 1 
5807 18 3 1 
4751 19 2 1 
4720 10 4 1 
4033 14 6 1 
3961 15 5 1 
3734 16 4 1 
3058 17 3 1 
2819 18 2 1 
1654 19 1 1 
1438 10 3 1 
848 11 4 1 
569 14 5 1 
386 15 4 1 
212 16 3 1 
5860 17 2 1 
5681 18 1 1 
5460 19 0 1 
4906 10 2 1 
4546 11 3 1 
3533 12 4 1 
3059 14 4 1 
2306 15 3 1 
2245 16 2 1 
2149 17 1 1 
2123 18 0 1 
1725 10 1 1 
1555 11 2 1 
883 12 3 1 
5878 13 4 1 
4421 14 3 1 
4391 15 2 1 
3755 16 1 1 
3023 17 0 1 
2055 10 0 1 
1903 11 1 1 
1243 12 2 1 
336 13 3 1 
278 14 2 1 
59 15 1 1 
5605 16 0 1 
5106 11 0 1 
2338 12 1 1 
6300 13 2 1 
6097 14 1 1 
5639 15 0 1 
5153 12 0 1 
5138 13 1 1 
5002 14 0 1 
2075 13 0 1 
282 13 1 13 
3195 12 1 14 
915 13 2 13 
1086 14 1 13 
3253 11 1 15 
1032 12 2 15 
2810 13 3 15 
5669 14 2 15 
180 15 1 15 
190 11 2 16 
2182 12 3 16 
2601 14 3 15 
3062 15 2 15 
3081 16 1 15 
3292 11 3 16 
5231 15 3 16 
5898 16 2 16 
830 17 1 16 
1981 15 4 17 
2218 16 3 17 
2429 17 2 16 
2929 18 1 16 
2985 15 5 17 
3264 16 4 17 
3988 17 3 17 
4581 18 2 17 
358 16 5 17 
962 17 4 17 
1175 18 3 17 
3822 17 5 18 
4177 18 4 18 
377 17 6 18 
573 18 5 18 
632 16 8 18 
700 17 7 18 
895 18 6 18 
1142 15 8 18 
1249 16 9 18 
1483 17 8 18 
3481 18 7 18 
4125 14 8 18 
4855 15 9 18 
5051 16 10 18 
5549 17 9 18 
207 18 8 18 
1290 12 7 19 
1661 14 9 19 
2562 15 10 19 
2875 16 11 19 
4369 17 10 19 
4653 18 9 18 
5384 11 7 19 
155 12 6 19 
829 14 10 19 
1502 15 11 19 
1844 17 11 19 
1928 18 10 19 
2586 11 6 20 
2835 14 11 19 
2883 18 11 19 
4058 14 12 20 
5498 13 12 20 
5539 14 13 20 
118 15 14 20 
308 13 13 20 
984 14 14 20 
1132 16 14 20 
1191 13 14 21 
2809 16 15 20 
3012 17 14 20 
3024 13 15 21 
3423 16 16 21 
4016 17 15 21 
5326 18 14 21 
6036 9 0 26 
6013 0 0 26 
5172 8 0 26 
5171 9 1 26 
5155 9 7 26 
5149 0 1 26 
4528 1 0 26 
4153 7 0 26 
4014 8 1 26 
3879 8 7 26 
3780 9 2 26 
3645 9 6 26 
3516 0 2 26 
2737 1 1 26 
2142 2 0 26 
2013 6 0 26 
1997 7 1 26 
1973 7 7 26 
1792 8 2 26 
1454 8 6 26 
1340 9 3 26 
621 9 5 26 
5687 0 3 26 
5560 1 2 26 
5252 2 1 26 
5243 3 0 26 
5103 5 0 26 
5069 6 1 26 
4104 6 7 26 
4032 7 2 26 
3997 7 6 26 
3707 8 3 26 
3536 8 5 26 
3507 9 4 26 
3393 0 4 26 
3286 1 3 26 
3217 2 2 26 
3135 3 1 26 
2881 4 0 26 
2827 5 1 26 
2805 6 2 26 
2731 6 6 26 
2550 7 3 26 
2453 7 5 26 
2049 8 4 26 
1796 9 19 26 
1494 0 5 26 
1439 1 4 26 
1317 2 3 26 
1231 3 2 26 
1084 4 1 26 
1038 5 2 26 
806 6 3 26 
787 6 5 26 
743 7 4 26 
670 8 19 26 
546 9 18 26 
443 0 6 26 
357 1 5 26 
199 2 4 26 
191 3 3 26 
187 4 2 26 
6157 5 3 26 
5923 6 4 26 
5877 7 19 26 
5470 8 18 26 
5146 9 17 26 
5139 0 7 26 
5120 0 19 26 
4815 1 6 26 
4347 2 5 26 
4144 3 4 26 
3865 4 3 26 
3717 5 4 26 
3366 6 19 26 
3338 7 18 26 
3034 8 17 26 
2355 9 16 26 
1965 0 8 26 
1930 0 18 26 
1805 1 7 26 
1799 1 19 26 
1644 2 6 26 
1465 3 5 26 
1447 4 4 26 
1431 5 19 26 
1420 6 18 26 
1341 7 17 26 
1093 8 16 26 
1034 0 9 26 
751 0 17 26 
520 1 8 26 
501 1 18 26 
236 2 7 26 
6110 2 19 26 
5764 3 6 26 
5746 4 5 26 
5633 4 19 26 
5371 5 18 26 
5253 6 17 26 
5062 7 16 26 
4943 0 10 26 
4926 0 16 26 
4776 1 9 26 
4302 1 17 26 
3876 2 8 26 
3801 2 18 26 
3720 3 7 26 
3675 3 19 26 
3586 4 6 26 
3400 4 18 26 
3321 5 5 26 
3211 5 17 26 
2962 6 16 26 
2705 7 15 26 
1776 0 11 26 
1467 0 15 26 
1171 1 10 26 
1112 1 16 26 
584 2 9 26 
400 2 17 26 
262 3 8 26 
244 3 18 26 
6008 4 7 26 
5935 4 17 26 
5676 5 6 26 
5566 5 16 26 
5055 6 15 26 
5043 0 12 26 
4980 0 14 26 
4969 1 11 26 
4890 1 15 26 
4732 2 10 26 
4668 2 16 26 
4587 3 9 26 
4515 3 17 26 
4405 4 8 26 
4401 4 16 26 
4150 5 7 26 
4092 5 15 26 
4015 0 13 26 
3863 1 12 26 
3623 1 14 26 
3527 2 11 26 
3346 2 15 26 
3322 3 10 26 
3092 3 16 26 
3048 4 9 26 
3036 4 15 26 
2269 5 8 26 
2143 1 13 26 
2104 2 12 26 
2070 2 14 26 
2008 3 11 26 
1998 3 15 26 
1739 4 10 26 
1583 5 9 26 
1416 6 8 26 
1187 2 13 26 
684 3 12 26 
307 3 14 26 
6200 4 11 26 
5446 5 10 26 
5390 6 9 26 
5321 7 8 26 
5166 3 13 26 
5159 4 12 26 
4944 4 14 26 
4775 5 11 26 
4497 6 10 26 
4164 7 9 26 
4096 8 8 26 
3941 4 13 26 
3883 5 12 26 
3853 5 14 26 
3678 6 11 26 
3672 7 10 26 
3642 8 9 26 
3602 9 8 26 
3205 5 13 26 
3167 6 12 26 
3143 6 14 26 
2988 7 11 26 
2844 8 10 26 
2729 9 9 26 
2717 6 13 26 
2694 7 12 26 
2652 7 14 26 
2471 8 11 26 
2391 9 10 26 
1842 10 9 26 
1817 10 19 26 
1559 12 9 26 
1308 7 13 26 
1081 8 12 26 
995 9 11 26 
653 10 10 26 
517 10 18 26 
6181 11 9 26 
6116 11 19 26 
5729 12 10 26 
5653 19 19 26 
5545 8 13 26 
5536 8 15 26 
5454 9 12 26 
4631 10 11 26 
4558 10 17 26 
3911 11 10 26 
3348 11 18 26 
2884 12 19 26 
2508 18 19 26 
2237 19 18 26 
2184 8 14 26 
2140 9 13 26 
1891 9 15 26 
1886 10 12 26 
1858 10 16 26 
1843 11 11 26 
1560 11 17 26 
1293 12 18 26 
1160 13 19 26 
1114 17 19 26 
1100 18 18 26 
1076 19 17 26 
736 9 14 26 
682 10 13 26 
585 10 15 26 
412 11 12 26 
361 11 16 26 
271 12 17 26 
235 13 18 26 
71 14 19 26 
6278 16 19 26 
5993 17 18 26 
5974 18 17 26 
5583 19 16 26 
5307 10 14 26 
5259 11 13 26 
5238 11 15 26 
5190 12 16 26 
4571 13 17 26 
4245 14 18 26 
4209 15 19 26 
3756 16 18 26 
3632 17 17 26 
3307 18 16 26 
3172 19 15 26 
3142 11 14 26 
2961 12 15 26 
2721 13 16 26 
2686 14 17 26 
2519 15 18 26 
2220 16 17 26 
1553 17 16 26 
1498 18 15 26 
1488 19 14 26 
948 12 14 26 
596 13 15 26 
545 14 16 26 
503 15 17 26 
197 16 16 26 
43 17 15 26 
6167 18 14 26 
5991 19 13 26 
5885 12 13 26 
4446 13 14 26 
3875 14 15 26 
3698 15 16 26 
3662 16 15 26 
3493 17 14 26 
3332 18 13 26 
2888 12 12 26 
2828 13 13 26 
2065 14 14 26 
1833 15 15 26 
1669 16 14 26 
1617 17 13 26 
1322 10 5 26 
1282 12 11 26 
1051 13 12 26 
6274 14 13 26 
6237 15 14 26 
5980 16 13 26 
5523 19 12 26 
5227 10 6 26 
5225 10 8 26 
4974 11 5 26 
4834 13 11 26 
4825 14 12 26 
4813 15 13 26 
4664 18 12 26 
4618 19 11 26 
4570 10 7 26 
4413 11 6 26 
4404 11 8 26 
4205 12 5 26 
3958 13 10 26 
3880 14 11 26 
3762 15 12 26 
3661 17 12 26 
3606 18 11 26 
2657 19 10 26 
2263 11 7 26 
2185 12 6 26 
1945 12 8 26 
1612 13 5 26 
1464 13 9 26 
1263 14 10 26 
1239 15 11 26 
1066 16 12 26 
944 17 11 26 
832 18 10 26 
564 19 9 26 
346 12 7 26 
30 13 6 26 
6221 13 8 26 
6103 14 9 26 
6073 15 10 26 
6015 16 11 26 
5677 17 10 26 
5656 18 9 26 
5329 19 8 26 
5199 13 7 26 
4948 14 8 26 
4843 15 9 26 
4752 16 10 26 
4065 17 9 26 
4025 18 8 26 
2711 19 7 26 
2354 14 7 26 
2038 15 8 26 
1453 16 9 26 
1326 17 8 26 
820 18 7 26 
794 19 6 26 
711 15 7 26 
665 16 8 26 
655 17 7 26 
533 18 6 26 
299 19 5 26 
285 16 7 26 
148 17 6 26 
6252 18 5 26 
5789 19 4 26 
4905 16 6 26 
4193 17 5 26 
3965 18 4 26 
3787 19 3 26 
3731 15 6 26 
3670 16 5 26 
3113 17 4 26 
2215 18 3 26 
5704 19 2 26 
5660 10 4 26 
5104 14 6 26 
4648 15 5 26 
4615 16 4 26 
4121 17 3 26 
3683 18 2 26 
3162 19 1 26 
2743 10 3 26 
2692 11 4 26 
2393 14 5 26 
1182 15 4 26 
527 16 3 26 
449 17 2 26 
390 18 1 26 
6282 19 0 26 
6184 10 2 26 
5666 11 3 26 
5632 12 4 26 
3806 14 4 26 
3565 15 3 26 
3554 16 2 26 
3238 17 1 26 
3126 18 0 26 
3122 10 1 26 
2891 11 2 26 
2752 12 3 26 
2310 13 4 26 
2257 14 3 26 
1407 15 2 26 
1042 16 1 26 
567 17 0 26 
6275 10 0 26 
5494 11 1 26 
4850 12 2 26 
3250 13 3 26 
2682 14 2 26 
2596 15 1 26 
2073 16 0 26 
1931 11 0 26 
1762 12 1 26 
1459 13 2 26 
1111 14 1 26 
1058 15 0 26 
294 12 0 26 
5960 13 1 26 
2691 14 0 26 
709 13 0 26 
4227 13 1 38 
1324 12 1 39 
3230 13 2 39 
5380 14 1 39 
785 11 1 39 
1400 12 2 39 
2435 13 3 39 
2517 14 2 39 
3173 15 1 39 
3538 11 2 40 
1412 12 3 40 
2441 14 3 40 
3655 15 2 40 
3921 16 1 40 
3937 11 3 40 
4952 15 3 40 
5373 16 2 40 
5386 17 1 40 
3260 15 4 41 
3885 16 3 41 
6178 17 2 41 
486 18 1 41 
1374 15 5 41 
1433 16 4 41 
2466 17 3 41 
2726 18 2 41 
4317 16 5 42 
5117 17 4 42 
5937 18 3 42 
6017 17 5 42 
1218 18 4 42 
2501 17 6 43 
2608 18 5 42 
4814 16 8 43 
5308 17 7 43 
31 18 6 43 
86 15 8 43 
952 16 9 43 
1088 17 8 43 
1222 18 7 43 
2347 14 8 43 
4872 15 9 43 
5288 16 10 43 
6012 17 9 43 
98 18 8 43 
387 12 7 44 
418 14 9 43 
1408 15 10 43 
2254 16 11 43 
2537 17 10 43 
2625 18 9 43 
2767 11 7 44 
3344 12 6 44 
3702 14 10 44 
4624 15 11 44 
5849 17 11 44 
5853 18 10 44 
464 11 6 44 
976 14 11 44 
2047 18 11 44 
2069 14 12 44 
2641 13 12 45 
2792 14 13 44 
2867 15 14 44 
3673 13 13 45 
4763 14 14 45 
5133 16 14 45 
266 13 14 45 
1650 16 15 45 
1813 17 14 45 
1853 13 15 46 
2659 16 16 46 
2703 17 15 46 
3189 18 14 45 
3437 12 15 46 
4352 13 16 46 
4509 16 17 46 
5338 17 16 46 
5461 18 15 46 
5671 10 14 46 
6075 11 15 46 
6077 9 0 51 
5946 0 0 51 
5767 8 0 51 
5728 9 1 51 
4785 9 7 51 
4265 0 1 51 
3938 1 0 51 
3784 7 0 51 
3763 8 1 51 
3643 8 7 51 
3318 9 2 51 
3132 9 6 51 
2989 0 2 51 
2953 1 1 51 
2529 2 0 51 
2505 6 0 51 
2425 7 1 51 
2265 7 7 51 
2244 8 2 51 
1947 8 6 51 
1807 9 3 51 
1568 9 5 51 
1234 0 3 51 
1104 1 2 51 
1073 2 1 51 
722 3 0 51 
696 5 0 51 
205 6 1 51 
116 6 7 51 
35 7 2 51 
6150 7 6 51 
6045 8 3 51 
5922 8 5 51 
5582 9 4 51 
5420 0 4 51 
5258 1 3 51 
5156 2 2 51 
5105 3 1 51 
4924 4 0 51 
4831 5 1 51 
4753 6 2 51 
4708 6 6 51 
4704 7 3 51 
4533 7 5 51 
4507 8 4 51 
4201 9 19 51 
4022 0 5 51 
3852 1 4 51 
3850 2 3 51 
3483 3 2 51 
3037 4 1 51 
2895 5 2 51 
2814 6 3 51 
2379 6 5 51 
2364 7 4 51 
2264 8 19 51 
2260 9 18 51 
2060 0 6 51 
1948 1 5 51 
1736 2 4 51 
1719 3 3 51 
1482 4 2 51 
1434 5 3 51 
1391 6 4 51 
1238 7 19 51 
870 8 18 51 
356 9 17 51 
349 0 7 51 
209 0 19 51 
202 1 6 51 
6273 2 5 51 
6132 3 4 51 
5833 4 3 51 
5608 5 4 51 
5564 6 19 51 
5547 7 18 51 
5365 8 17 51 
5202 9 16 51 
5160 0 8 51 
5064 0 18 51 
4867 1 7 51 
4787 1 19 51 
4761 2 6 51 
4519 3 5 51 
4388 4 4 51 
4377 5 19 51 
4316 6 18 51 
4090 7 17 51 
4086 8 16 51 
3912 0 9 51 
3528 0 17 51 
3311 1 8 51 
2678 1 18 51 
2600 2 7 51 
2232 2 19 51 
2193 3 6 51 
1585 4 5 51 
1570 4 19 51 
1227 5 18 51 
907 6 17 51 
742 7 16 51 
115 0 10 51 
113 0 16 51 
93 1 9 51 
6201 1 17 51 
6126 2 8 51 
5648 2 18 51 
5569 3 7 51 
5437 3 19 51 
5021 4 6 51 
4427 4 18 51 
4426 5 5 51 
4237 5 17 51 
4024 6 16 51 
3837 7 15 51 
3802 0 11 51 
3499 0 15 51 
3479 1 10 51 
3342 1 16 51 
3287 2 9 51 
2969 2 17 51 
2673 3 8 51 
2572 3 18 51 
2163 4 7 51 
2036 4 17 51 
1859 5 6 51 
1758 5 16 51 
1541 6 15 51 
1365 0 12 51 
1216 0 14 51 
1089 1 11 51 
881 1 15 51 
746 2 10 51 
726 2 16 51 
515 3 9 51 
17 3 17 51 
3 4 8 51 
6243 4 16 51 
6240 5 7 51 
6065 5 15 51 
5745 0 13 51 
5533 1 12 51 
5340 1 14 51 
5046 2 11 51 
4971 2 15 51 
4901 3 10 51 
4771 3 16 51 
4710 4 9 51 
4494 4 15 51 
4475 5 8 51 
4206 1 13 51 
4013 2 12 51 
3700 2 14 51 
3169 3 11 51 
3160 3 15 51 
3138 4 10 51 
3093 5 9 51 
2839 6 8 51 
2615 2 13 51 
2216 3 12 51 
2201 3 14 51 
2133 4 11 51 
1880 5 10 51 
1801 6 9 51 
1729 7 8 51 
1505 3 13 51 
1473 4 12 51 
877 4 14 51 
821 5 11 51 
434 6 10 51 
394 7 9 51 
69 8 8 51 
6222 4 13 51 
5757 5 12 51 
5242 5 14 51 
5068 6 11 51 
4797 7 10 51 
4568 8 9 51 
4557 9 8 51 
4498 5 13 51 
4123 6 12 51 
4051 6 14 51 
3384 7 11 51 
3271 8 10 51 
3072 9 9 51 
3004 6 13 51 
2978 7 12 51 
2974 7 14 51 
2967 8 11 51 
2730 9 10 51 
2293 10 9 51 
2181 10 19 51 
1887 12 9 51 
1638 7 13 51 
1492 8 12 51 
1490 9 11 51 
1358 10 10 51 
833 10 18 51 
723 11 9 51 
178 11 19 51 
6092 12 10 51 
5673 19 19 51 
5644 8 13 51 
5350 8 15 51 
5063 9 12 51 
4871 10 11 51 
4477 10 17 51 
3705 11 10 51 
3545 11 18 51 
3502 12 19 51 
3387 18 19 51 
3002 19 18 51 
2933 8 14 51 
2840 9 13 51 
2817 9 15 51 
2513 10 12 51 
2500 10 16 51 
2274 11 11 51 
2266 11 17 51 
2242 12 18 51 
2153 13 19 51 
2062 17 19 51 
1811 18 18 51 
1718 19 17 51 
1487 9 14 51 
1131 10 13 51 
991 10 15 51 
875 11 12 51 
758 11 16 51 
445 12 17 51 
92 13 18 51 
6105 14 19 51 
5999 16 19 51 
5907 17 18 51 
5749 18 17 51 
5705 19 16 51 
5572 10 14 51 
5334 11 13 51 
5211 11 15 51 
5125 12 16 51 
5102 13 17 51 
5065 14 18 51 
4502 15 19 51 
4255 16 18 51 
3994 17 17 51 
3951 18 16 51 
3945 19 15 51 
3860 11 14 51 
3735 12 15 51 
3525 13 16 51 
3247 14 17 51 
2950 15 18 51 
2812 16 17 51 
2800 17 16 51 
2593 18 15 51 
2122 19 14 51 
2026 12 14 51 
1940 13 15 51 
1920 14 16 51 
1690 15 17 51 
1406 16 16 51 
1163 17 15 51 
1122 18 14 51 
917 19 13 51 
320 12 13 51 
238 13 14 51 
10 14 15 51 
6291 15 16 51 
5782 16 15 51 
5551 17 14 51 
5415 18 13 51 
5181 12 12 51 
4930 13 13 51 
4891 14 14 51 
4257 15 15 51 
3925 16 14 51 
3488 17 13 51 
3374 10 5 51 
3351 12 11 51 
3268 13 12 51 
2923 14 13 51 
2807 15 14 51 
2799 16 13 51 
2369 19 12 51 
1711 10 6 51 
1052 10 8 51 
827 11 5 51 
290 13 11 51 
183 14 12 51 
102 15 13 51 
6180 18 12 51 
6168 19 11 51 
6161 10 7 51 
5903 11 6 51 
5618 11 8 51 
5462 12 5 51 
4053 13 10 51 
4040 14 11 51 
3896 15 12 51 
3873 17 12 51 
3722 18 11 51 
3434 19 10 51 
3276 11 7 51 
3049 12 6 51 
2699 12 8 51 
2576 13 5 51 
2520 13 9 51 
2351 14 10 51 
2295 15 11 51 
2173 16 12 51 
1934 17 11 51 
1748 18 10 51 
1696 19 9 51 
1576 12 7 51 
1092 13 6 51 
945 13 8 51 
492 14 9 51 
342 15 10 51 
301 16 11 51 
293 17 10 51 
246 18 9 51 
6231 19 8 51 
5956 13 7 51 
5649 14 8 51 
5512 15 9 51 
5053 16 10 51 
5037 17 9 51 
4549 18 8 51 
4462 19 7 51 
4448 14 7 51 
4341 15 8 51 
4110 16 9 51 
4057 17 8 51 
4023 18 7 51 
3934 19 6 51 
3080 15 7 51 
2733 16 8 51 
2579 17 7 51 
2066 18 6 51 
1789 19 5 51 
1778 16 7 51 
1010 17 6 51 
1005 18 5 51 
882 19 4 51 
6263 16 6 51 
5714 17 5 51 
5337 18 4 51 
4619 19 3 51 
4582 15 6 51 
4435 16 5 51 
4395 17 4 51 
4124 18 3 51 
3848 19 2 51 
3438 10 4 51 
2633 14 6 51 
2574 15 5 51 
2078 16 4 51 
894 17 3 51 
248 18 2 51 
168 19 1 51 
6112 10 3 51 
5950 11 4 51 
5554 14 5 51 
5080 15 4 51 
4267 16 3 51 
4231 17 2 51 
4083 18 1 51 
3995 19 0 51 
2538 10 2 51 
2160 11 3 51 
1892 12 4 51 
257 14 4 51 
88 15 3 51 
6276 16 2 51 
5285 17 1 51 
4882 18 0 51 
4550 10 1 51 
4530 11 2 51 
4465 12 3 51 
4396 13 4 51 
3484 14 3 51 
3345 15 2 51 
2470 16 1 51 
796 17 0 51 
519 10 0 51 
6169 11 1 51 
5949 12 2 51 
5897 13 3 51 
5863 14 2 51 
5742 15 1 51 
5132 16 0 51 
3555 11 0 51 
2916 12 1 51 
2559 13 2 51 
2223 14 1 51 
1192 15 0 51 
727 12 0 51 
4942 13 1 51 
3974 14 0 51 
2826 13 0 51 
914 13 1 63 
909 12 1 64 
2528 13 2 64 
5250 14 1 64 
690 11 1 64 
1204 12 2 64 
1800 13 3 64 
2074 14 2 64 
5801 15 1 64 
2037 11 2 65 
2366 12 3 65 
3760 14 3 65 
4889 15 2 65 
5657 16 1 65 
177 11 3 66 
227 15 3 66 
1457 16 2 65 
1593 17 1 65 
3980 15 4 66 
6130 16 3 66 
657 17 2 66 
1289 18 1 66 
1421 15 5 67 
2418 16 4 67 
4829 17 3 67 
469 18 2 67 
1027 16 5 67 
2436 17 4 67 
3667 18 3 67 
3888 17 5 67 
5768 18 4 67 
55 17 6 68 
1481 18 5 68 
2161 16 8 68 
2304 17 7 68 
2806 18 6 68 
3051 15 8 68 
4896 16 9 68 
4951 17 8 68 
5589 18 7 68 
6176 14 8 68 
6265 15 9 68 
815 16 10 68 
869 17 9 68 
1986 18 8 68 
3174 12 7 69 
3864 14 9 69 
3952 15 10 69 
5703 16 11 69 
1090 17 10 69 
1471 18 9 69 
1705 11 7 69 
1923 12 6 69 
2631 14 10 69 
2848 15 11 69 
2856 17 11 69 
3651 18 10 69 
4499 11 6 69 
4680 14 11 69 
6211 18 11 69 
451 14 12 70 
1028 13 12 70 
1379 14 13 70 
1581 15 14 70 
1987 13 13 70 
2267 14 14 70 
2695 16 14 70 
2841 13 14 71 
3144 16 15 70 
4093 17 14 70 
4923 13 15 71 
4977 16 16 71 
6189 17 15 71 
6196 18 14 71 
6159 9 0 76 
6154 0 0 76 
6011 8 0 76 
5800 9 1 76 
5522 9 7 76 
5391 0 1 76 
4726 1 0 76 
4701 7 0 76 
4600 8 1 76 
4565 8 7 76 
4371 9 2 76 
4310 9 6 76 
4216 0 2 76 
3882 1 1 76 
3647 2 0 76 
3562 6 0 76 
3223 7 1 76 
3114 7 7 76 
2957 8 2 76 
2862 8 6 76 
2845 9 3 76 
2760 9 5 76 
2668 0 3 76 
2667 1 2 76 
2663 2 1 76 
2415 3 0 76 
2362 5 0 76 
2341 6 1 76 
2113 6 7 76 
2025 7 2 76 
1872 7 6 76 
1734 8 3 76 
1569 8 5 76 
1507 9 4 76 
1376 0 4 76 
1208 1 3 76 
1060 2 2 76 
982 3 1 76 
878 4 0 76 
544 5 1 76 
421 6 2 76 
6028 6 6 76 
5964 7 3 76 
5629 7 5 76 
5514 8 4 76 
5305 9 19 76 
4999 0 5 76 
4800 1 4 76 
4682 2 3 76 
4660 3 2 76 
3726 4 1 76 
3498 5 2 76 
3105 6 3 76 
2626 6 5 76 
2313 7 4 76 
2205 8 19 76 
2147 9 18 76 
2115 0 6 76 
2107 1 5 76 
2014 2 4 76 
1922 3 3 76 
1752 4 2 76 
1584 5 3 76 
1527 6 4 76 
1469 7 19 76 
1450 8 18 76 
1124 9 17 76 
826 0 7 76 
755 0 19 76 
692 1 6 76 
253 2 5 76 
6216 3 4 76 
6183 4 3 76 
5425 5 4 76 
5228 6 19 76 
4963 7 18 76 
4894 8 17 76 
4826 9 16 76 
4463 0 8 76 
4158 0 18 76 
4140 1 7 76 
3749 1 19 76 
3641 2 6 76 
3280 3 5 76 
2864 4 4 76 
2833 5 19 76 
2614 6 18 76 
2432 7 17 76 
2419 8 16 76 
2285 0 9 76 
1466 0 17 76 
1401 1 8 76 
1183 1 18 76 
728 2 7 76 
6101 2 19 76 
5983 3 6 76 
5591 4 5 76 
5476 4 19 76 
5073 5 18 76 
4967 6 17 76 
4392 7 16 76 
4186 0 10 76 
4050 0 16 76 
3836 1 9 76 
3823 1 17 76 
3510 2 8 76 
3418 2 18 76 
3147 3 7 76 
3073 3 19 76 
2931 4 6 76 
2874 4 18 76 
2774 5 5 76 
2713 5 17 76 
2402 6 16 76 
2397 7 15 76 
2131 0 11 76 
1946 0 15 76 
1476 1 10 76 
1345 1 16 76 
1323 2 9 76 
1221 2 17 76 
1161 3 8 76 
1118 3 18 76 
852 4 7 76 
688 4 17 76 
375 5 6 76 
225 5 16 76 
6225 6 15 76 
6146 0 12 76 
6005 0 14 76 
5586 1 11 76 
5450 1 15 76 
5154 2 10 76 
4959 2 16 76 
4655 3 9 76 
4398 3 17 76 
4376 4 8 76 
4337 4 16 76 
4232 5 7 76 
4047 5 15 76 
3869 0 13 76 
3798 1 12 76 
3677 1 14 76 
3436 2 11 76 
3397 2 15 76 
3193 3 10 76 
2785 3 16 76 
2554 4 9 76 
2476 4 15 76 
2431 5 8 76 
1496 1 13 76 
1286 2 12 76 
1094 2 14 76 
1087 3 11 76 
1024 3 15 76 
477 4 10 76 
6253 5 9 76 
6138 6 8 76 
5762 2 13 76 
5761 3 12 76 
5661 3 14 76 
5290 4 11 76 
5009 5 10 76 
4989 6 9 76 
4650 7 8 76 
4444 3 13 76 
4192 4 12 76 
4131 4 14 76 
3742 5 11 76 
3588 6 10 76 
3426 7 9 76 
2773 8 8 76 
2690 4 13 76 
2561 5 12 76 
2557 5 14 76 
2413 6 11 76 
2252 7 10 76 
2121 8 9 76 
2042 9 8 76 
1982 5 13 76 
1662 6 12 76 
1313 6 14 76 
933 7 11 76 
754 8 10 76 
695 9 9 76 
683 6 13 76 
636 7 12 76 
353 7 14 76 
352 8 11 76 
5735 9 10 76 
5048 10 9 76 
4470 10 19 76 
4299 12 9 76 
3970 7 13 76 
3775 8 12 76 
3679 9 11 76 
3519 10 10 76 
3275 10 18 76 
2945 11 9 76 
2868 11 19 76 
2727 12 10 76 
2444 19 19 76 
2103 8 13 76 
1840 8 15 76 
1600 9 12 76 
1586 10 11 76 
1099 10 17 76 
956 11 10 76 
903 11 18 76 
687 12 19 76 
678 18 19 76 
6071 19 18 76 
5982 8 14 76 
5788 9 13 76 
5624 9 15 76 
5284 10 12 76 
5127 10 16 76 
5052 11 11 76 
5034 11 17 76 
4898 12 18 76 
4484 13 19 76 
4183 17 19 76 
4111 18 18 76 
3828 19 17 76 
3660 9 14 76 
3469 10 13 76 
2980 10 15 76 
2740 11 12 76 
2671 11 16 76 
2496 12 17 76 
2271 13 18 76 
2099 14 19 76 
1926 16 19 76 
1491 17 18 76 
1415 18 17 76 
716 19 16 76 
609 10 14 76 
539 11 13 76 
370 11 15 76 
369 12 16 76 
250 13 17 76 
228 14 18 76 
76 15 19 76 
6185 16 18 76 
5336 17 17 76 
5054 18 16 76 
5011 19 15 76 
4870 11 14 76 
4685 12 15 76 
4649 13 16 76 
4594 14 17 76 
4433 15 18 76 
4332 16 17 76 
3354 17 16 76 
3300 18 15 76 
2992 19 14 76 
2642 12 14 76 
2535 13 15 76 
2458 14 16 76 
2105 15 17 76 
2100 16 16 76 
2005 17 15 76 
2000 18 14 76 
1670 19 13 76 
1556 12 13 76 
1198 13 14 76 
623 14 15 76 
504 15 16 76 
160 16 15 76 
153 17 14 76 
6121 18 13 76 
6109 12 12 76 
6086 13 13 76 
6022 14 14 76 
5913 15 15 76 
5791 16 14 76 
5247 17 13 76 
5067 10 5 76 
4899 12 11 76 
4365 13 12 76 
4358 14 13 76 
4233 15 14 76 
4141 16 13 76 
4138 19 12 76 
3983 10 6 76 
3878 10 8 76 
3593 11 5 76 
3455 13 11 76 
3181 14 12 76 
2880 15 13 76 
2865 18 12 76 
2804 19 11 76 
2575 10 7 76 
2376 11 6 76 
1991 11 8 76 
1787 12 5 76 
1749 13 10 76 
1643 14 11 76 
1480 15 12 76 
1349 17 12 76 
1169 18 11 76 
1115 19 10 76 
1025 11 7 76 
850 12 6 76 
797 12 8 76 
764 13 5 76 
689 13 9 76 
631 14 10 76 
611 15 11 76 
184 16 12 76 
84 17 11 76 
6230 18 10 76 
6056 19 9 76 
6050 12 7 76 
6032 13 6 76 
6009 13 8 76 
5876 14 9 76 
5839 15 10 76 
5670 16 11 76 
5527 17 10 76 
4768 18 9 76 
4714 19 8 76 
4679 13 7 76 
4182 14 8 76 
4155 15 9 76 
3969 16 10 76 
3764 17 9 76 
3761 18 8 76 
3744 19 7 76 
3716 14 7 76 
3512 15 8 76 
3259 16 9 76 
2849 17 8 76 
1941 18 7 76 
1511 19 6 76 
1386 15 7 76 
1260 16 8 76 
960 17 7 76 
954 18 6 76 
385 19 5 76 
5392 16 7 76 
4717 17 6 76 
4061 18 5 76 
3838 19 4 76 
3790 16 6 76 
3457 17 5 76 
3343 18 4 76 
2776 19 3 76 
1437 15 6 76 
804 16 5 76 
428 17 4 76 
5988 18 3 76 
5520 19 2 76 
5278 10 4 76 
5123 14 6 76 
4777 15 5 76 
4456 16 4 76 
3364 17 3 76 
2997 18 2 76 
2669 19 1 76 
1921 10 3 76 
1751 11 4 76 
1671 14 5 76 
1543 15 4 76 
1206 16 3 76 
1062 17 2 76 
911 18 1 76 
680 19 0 76 
6289 10 2 76 
6174 11 3 76 
6039 12 4 76 
5959 14 4 76 
5756 15 3 76 
5089 16 2 76 
4976 17 1 76 
4616 18 0 76 
4260 10 1 76 
3571 11 2 76 
3316 12 3 76 
2573 13 4 76 
2035 14 3 76 
2027 15 2 76 
1558 16 1 76 
889 17 0 76 
834 10 0 76 
656 11 1 76 
550 12 2 76 
432 13 3 76 
6107 14 2 76 
4253 15 1 76 
3005 16 0 76 
2732 11 0 76 
2653 12 1 76 
1044 13 2 76 
5701 14 1 76 
5111 15 0 76 
4000 12 0 76 
3152 13 1 76 
2592 14 0 76 
2029 13 0 76 
21 13 1 88 
28 12 1 89 
255 13 2 89 
1335 14 1 88 
2224 11 1 90 
3786 12 2 90 
810 13 3 90 
899 14 2 89 
1001 15 1 89 
2756 11 2 90 
2798 12 3 90 
3524 14 3 90 
1121 15 2 90 
1236 16 1 90 
1686 11 3 90 
2081 15 3 90 
2783 16 2 90 
2936 17 1 90 
3139 15 4 91 
5038 16 3 91 
5892 17 2 91 
119 18 1 91 
1516 15 5 91 
2297 16 4 91 
3511 17 3 91 
3901 18 2 91 
4385 16 5 92 
5484 17 4 92 
5963 18 3 91 
129 17 5 92 
446 18 4 92 
522 17 6 92 
1984 18 5 92 
2434 16 8 93 
2937 17 7 93 
3421 18 6 93 
3967 15 8 93 
4849 16 9 93 
5079 17 8 93 
6052 18 7 93 
1336 14 8 93 
2638 15 9 93 
3435 16 10 93 
4983 17 9 93 
5320 18 8 93 
6131 12 7 93 
6135 14 9 93 
60 15 10 93 
259 16 11 93 
698 17 10 93 
811 18 9 93 
873 11 7 94 
1224 12 6 94 
2998 14 10 94 
3104 15 11 94 
4084 17 11 94 
4176 18 10 93 
5478 11 6 94 
6164 14 11 94 
1 18 11 94 
188 14 12 94 
316 13 12 94 
1083 14 13 94 
1194 15 14 94 
1515 13 13 94 
1548 14 14 94 
2072 16 14 94 
3040 13 14 95 
3540 16 15 95 
4064 17 14 95 
4711 13 15 95 
4970 16 16 95 
50 17 15 95 
263 18 14 95 
413 12 15 95 
739 13 16 95 
805 16 17 95 
1534 17 16 95 
1977 18 15 95 
3208 10 14 96 
3776 11 15 96 
4160 12 16 96 
4651 13 17 96 
4677 16 18 95 
4772 17 17 95 
5020 18 16 95 
5157 9 14 96 
5406 10 13 96 
