1961
4724 19 19 1 
4715 18 19 1 
4657 19 18 1 
4512 11 19 1 
4393 17 19 1 
4285 18 18 1 
3991 19 17 1 
3811 11 18 1 
3693 12 19 1 
3583 16 19 1 
3574 17 18 1 
3549 18 17 1 
3376 19 16 1 
3095 11 17 1 
2919 12 18 1 
2677 13 19 1 
2546 15 19 1 
2354 16 18 1 
2331 17 17 1 
2264 18 16 1 
2252 19 15 1 
1918 11 16 1 
1756 12 17 1 
1729 13 18 1 
1718 14 19 1 
1552 15 18 1 
1549 16 17 1 
1360 17 16 1 
1184 18 15 1 
1034 19 14 1 
863 11 15 1 
817 12 16 1 
739 13 17 1 
630 14 18 1 
576 15 17 1 
46 16 16 1 
33 17 15 1 
4884 18 14 1 
4602 19 13 1 
4555 0 9 1 
4540 0 19 1 
4472 11 14 1 
4314 12 15 1 
4236 13 16 1 
4170 14 17 1 
4160 15 16 1 
3948 16 15 1 
3893 17 14 1 
3826 18 13 1 
3726 19 12 1 
3668 0 10 1 
3623 0 18 1 
3555 1 9 1 
3548 1 19 1 
3478 11 13 1 
3429 12 14 1 
3058 13 15 1 
2831 14 16 1 
2765 15 15 1 
2701 16 14 1 
2580 17 13 1 
2419 18 12 1 
2241 19 11 1 
2099 0 11 1 
2030 0 17 1 
1793 1 10 1 
1529 1 18 1 
1483 2 9 1 
622 2 19 1 
544 10 19 1 
474 12 13 1 
26 13 14 1 
4784 14 15 1 
4574 15 14 1 
4558 16 13 1 
4434 17 12 1 
4324 18 11 1 
4006 19 0 1 
3986 19 10 1 
3696 0 12 1 
3692 0 16 1 
3679 1 11 1 
3678 1 17 1 
3347 2 10 1 
3313 2 18 1 
3204 3 9 1 
2971 3 19 1 
2582 9 19 1 
2221 10 18 1 
2173 13 13 1 
2135 14 14 1 
2108 15 13 1 
1950 16 12 1 
1670 17 11 1 
1129 18 0 1 
1069 18 10 1 
972 19 1 1 
901 19 9 1 
787 0 13 1 
768 0 15 1 
742 1 12 1 
171 1 16 1 
72 2 11 1 
4892 2 17 1 
4729 3 10 1 
4679 3 18 1 
4350 4 9 1 
4253 4 19 1 
4238 8 19 1 
3664 9 18 1 
3546 10 17 1 
3430 14 13 1 
3367 15 12 1 
3366 16 11 1 
3323 17 0 1 
3304 17 10 1 
3156 18 1 1 
2947 18 9 1 
2835 19 2 1 
2827 19 8 1 
2783 0 14 1 
2715 1 13 1 
2577 1 15 1 
2302 2 12 1 
2212 2 16 1 
2038 3 11 1 
1828 3 17 1 
1802 4 10 1 
1730 4 18 1 
1619 5 9 1 
1602 5 19 1 
1599 7 19 1 
1396 8 18 1 
1306 9 17 1 
1020 10 16 1 
1018 14 12 1 
845 15 11 1 
689 16 0 1 
517 16 10 1 
398 17 1 1 
221 17 9 1 
4843 18 2 1 
4788 18 8 1 
4711 19 3 1 
4655 19 7 1 
4390 1 14 1 
4224 2 13 1 
4083 2 15 1 
4032 3 12 1 
3412 3 16 1 
3255 4 11 1 
3229 4 17 1 
3225 5 10 1 
3179 5 18 1 
3056 6 19 1 
2485 7 18 1 
2377 8 17 1 
2276 9 16 1 
2105 10 15 1 
2036 13 12 1 
1892 14 11 1 
1871 15 0 1 
1837 15 10 1 
1528 16 1 1 
1448 16 9 1 
1244 17 2 1 
1119 17 8 1 
1080 18 3 1 
1012 18 7 1 
979 19 4 1 
711 19 6 1 
542 2 14 1 
511 3 13 1 
505 3 15 1 
409 4 12 1 
357 4 16 1 
341 5 11 1 
4791 5 17 1 
4768 6 18 1 
4697 7 17 1 
4422 8 16 1 
4380 9 15 1 
4366 10 14 1 
4038 12 12 1 
3921 13 11 1 
3776 14 0 1 
3688 14 10 1 
3628 15 1 1 
3620 15 9 1 
3480 16 2 1 
3350 16 8 1 
3142 17 3 1 
3140 17 7 1 
2997 18 4 1 
2967 18 6 1 
2864 19 5 1 
2603 3 14 1 
2508 4 13 1 
2504 4 15 1 
2398 5 12 1 
2388 5 16 1 
2278 6 17 1 
2199 7 16 1 
2171 8 15 1 
2165 9 14 1 
1997 10 13 1 
1912 11 12 1 
1807 12 11 1 
1662 13 0 1 
1096 13 10 1 
1085 14 1 1 
1050 14 9 1 
734 15 2 1 
585 15 8 1 
4388 16 3 1 
4059 16 7 1 
4043 17 4 1 
3796 17 6 1 
3592 18 5 1 
3534 4 14 1 
3348 5 13 1 
3280 5 15 1 
3124 6 16 1 
3081 7 15 1 
3030 8 14 1 
2941 9 13 1 
2939 10 12 1 
2320 11 11 1 
2234 12 0 1 
2110 12 10 1 
2101 13 1 1 
1921 13 9 1 
1899 14 2 1 
1856 14 8 1 
1593 15 3 1 
554 15 7 1 
497 16 4 1 
496 16 6 1 
435 17 5 1 
280 5 14 1 
262 6 15 1 
42 7 14 1 
4772 8 13 1 
4756 9 12 1 
4495 10 11 1 
4173 11 0 1 
3777 11 10 1 
3681 12 1 1 
3374 12 9 1 
3332 13 2 1 
3214 13 8 1 
2431 14 3 1 
2386 14 7 1 
2022 15 4 1 
1480 15 6 1 
1021 16 5 1 
941 6 14 1 
925 7 13 1 
441 8 12 1 
374 9 11 1 
4847 10 0 1 
4650 10 10 1 
4620 11 1 1 
4476 11 9 1 
4451 12 2 1 
4368 12 8 1 
4259 13 3 1 
4242 13 7 1 
4219 14 4 1 
3510 14 6 1 
3235 15 5 1 
3162 6 13 1 
2992 7 12 1 
2788 8 11 1 
2590 9 10 1 
2575 10 1 1 
2556 10 9 1 
1833 11 2 1 
1672 11 8 1 
1659 12 3 1 
1368 12 7 1 
918 13 4 1 
175 13 6 1 
119 14 5 1 
74 0 8 1 
29 6 12 1 
4682 7 11 1 
4680 8 10 1 
4076 9 9 1 
3946 10 2 1 
3803 10 8 1 
3750 11 3 1 
3544 11 7 1 
3440 12 4 1 
3072 12 6 1 
2824 13 5 1 
2236 0 7 1 
1971 1 8 1 
1944 6 11 1 
1816 7 10 1 
1774 8 9 1 
1332 9 8 1 
1287 10 3 1 
1010 10 7 1 
958 11 4 1 
846 11 6 1 
63 12 5 1 
4681 0 6 1 
4603 1 7 1 
4248 2 8 1 
3521 6 10 1 
3266 7 9 1 
3200 8 8 1 
3189 9 7 1 
2743 10 4 1 
2740 10 6 1 
1723 11 5 1 
1544 0 5 1 
1494 1 6 1 
1488 2 7 1 
1285 3 8 1 
712 6 9 1 
413 7 8 1 
354 8 7 1 
142 9 6 1 
107 10 5 1 
4627 0 4 1 
4510 1 5 1 
4429 2 6 1 
4332 3 7 1 
4090 4 8 1 
3844 6 8 1 
3618 7 7 1 
3297 8 6 1 
2977 9 5 1 
2803 0 3 1 
2796 1 4 1 
2160 2 5 1 
1601 3 6 1 
1582 4 7 1 
1554 5 8 1 
1458 6 7 1 
1079 7 6 1 
862 8 5 1 
525 9 4 1 
469 0 2 1 
4929 1 3 1 
4056 2 4 1 
4020 3 5 1 
3044 4 6 1 
2687 5 7 1 
2268 6 6 1 
1946 7 5 1 
1773 8 4 1 
1684 9 3 1 
1654 0 1 1 
909 1 2 1 
616 2 3 1 
573 3 4 1 
536 4 5 1 
91 5 6 1 
4714 6 5 1 
4052 7 4 1 
3858 8 3 1 
3291 9 2 1 
3120 0 0 1 
3042 1 1 1 
2610 2 2 1 
2531 3 3 1 
1850 4 4 1 
1541 5 5 1 
1413 6 4 1 
1245 7 3 1 
818 8 2 1 
656 9 1 1 
521 1 0 1 
3879 2 1 1 
3709 3 2 1 
1380 4 3 1 
1215 5 4 1 
856 6 3 1 
660 7 2 1 
344 8 1 1 
4594 9 0 1 
4466 2 0 1 
4464 3 1 1 
4065 4 2 1 
2486 5 3 1 
2304 6 2 1 
2124 7 1 1 
1716 8 0 1 
1375 3 0 1 
1208 4 1 1 
669 5 2 1 
217 6 1 1 
172 7 0 1 
3881 4 0 1 
2512 5 1 1 
537 6 0 1 
101 5 0 1 
4523 5 1 12 
1319 4 1 13 
857 5 2 13 
6 6 1 13 
182 3 1 13 
767 4 2 13 
813 5 3 13 
1555 6 2 13 
2326 7 1 13 
2987 2 1 14 
4015 3 2 14 
4057 4 3 14 
4921 5 4 14 
646 6 3 14 
2132 7 2 14 
2587 8 1 14 
18 1 1 15 
49 2 2 15 
1043 3 3 15 
1616 4 4 15 
3780 5 5 15 
3951 6 4 15 
4439 7 3 15 
4878 8 2 15 
1225 1 2 16 
1418 2 3 16 
3196 3 4 16 
3649 4 5 16 
3793 5 6 16 
4343 6 5 15 
4506 7 4 15 
4808 8 3 15 
4923 1 3 16 
737 2 4 16 
1515 3 5 16 
1520 4 6 16 
1910 5 7 16 
1929 6 6 16 
2114 7 5 16 
3576 8 4 16 
3723 1 4 17 
4837 2 5 17 
1235 3 6 17 
1270 4 7 17 
1823 6 7 17 
3131 7 6 17 
3671 8 5 17 
3872 1 5 17 
3966 2 6 17 
4034 3 7 17 
4330 7 7 17 
150 8 6 17 
530 1 6 18 
647 2 7 18 
674 7 8 18 
852 8 7 18 
875 9 6 18 
908 1 7 18 
1630 7 9 18 
1758 8 8 18 
2245 9 7 18 
2296 10 6 18 
2663 11 5 18 
3627 7 10 19 
3641 8 9 19 
3698 9 8 19 
123 10 7 19 
261 11 4 19 
368 11 6 19 
404 12 5 19 
1089 7 11 19 
1476 8 10 19 
1664 9 9 19 
1749 10 8 19 
3470 11 3 19 
4292 11 7 19 
4919 12 4 19 
301 12 6 19 
391 13 5 19 
563 7 12 20 
2031 8 11 20 
2239 9 10 20 
2426 10 9 20 
2850 11 2 20 
3513 11 8 20 
3924 12 3 20 
4828 12 7 20 
4901 19 19 26 
4732 18 19 26 
4533 19 18 26 
4497 11 19 26 
4478 17 19 26 
4232 18 18 26 
3961 19 17 26 
3894 11 18 26 
3849 12 19 26 
3749 16 19 26 
3600 17 18 26 
3371 18 17 26 
3341 19 16 26 
3262 11 17 26 
3127 12 18 26 
3049 13 19 26 
2694 15 19 26 
2528 16 18 26 
2438 17 17 26 
2270 18 16 26 
2256 19 15 26 
2100 11 16 26 
2053 12 17 26 
2045 13 18 26 
1923 14 19 26 
1911 15 18 26 
1617 16 17 26 
1435 17 16 26 
1202 18 15 26 
1193 19 14 26 
1049 11 15 26 
892 12 16 26 
498 13 17 26 
4572 14 18 26 
4391 15 17 26 
3945 16 16 26 
3571 17 15 26 
3531 18 14 26 
3526 19 13 26 
3254 0 9 26 
2934 0 19 26 
2929 11 14 26 
2926 12 15 26 
2882 13 16 26 
2751 14 17 26 
2666 15 16 26 
2554 16 15 26 
2442 17 14 26 
2267 18 13 26 
2109 19 12 26 
2033 0 10 26 
1937 0 18 26 
1881 1 9 26 
1738 1 19 26 
1671 11 13 26 
1581 12 14 26 
1538 13 15 26 
1318 14 16 26 
1313 15 15 26 
1076 16 14 26 
828 17 13 26 
736 18 12 26 
633 19 11 26 
445 0 11 26 
158 0 17 26 
139 1 10 26 
4849 1 18 26 
4597 2 9 26 
4474 2 19 26 
4326 10 19 26 
4111 12 13 26 
4023 13 14 26 
3990 14 15 26 
3875 15 14 26 
3522 16 13 26 
3439 17 12 26 
3399 18 11 26 
3346 19 0 26 
3184 19 10 26 
2761 0 12 26 
2748 0 16 26 
2611 1 11 26 
2547 1 17 26 
2506 2 10 26 
2334 2 18 26 
2162 3 9 26 
1861 3 19 26 
1596 9 19 26 
1589 10 18 26 
1532 13 13 26 
1345 14 14 26 
1259 15 13 26 
1234 16 12 26 
1218 17 11 26 
578 18 0 26 
381 18 10 26 
307 19 1 26 
247 19 9 26 
222 0 13 26 
76 0 15 26 
58 1 12 26 
4917 1 16 26 
4477 2 11 26 
4455 2 17 26 
4362 3 10 26 
3838 3 18 26 
3739 4 9 26 
3624 4 19 26 
3612 8 19 26 
3533 9 18 26 
3494 10 17 26 
3354 14 13 26 
3174 15 12 26 
3073 16 11 26 
2369 17 0 26 
2198 17 10 26 
1873 18 1 26 
1742 18 9 26 
1719 19 2 26 
1697 19 8 26 
1364 0 14 26 
1031 1 13 26 
977 1 15 26 
120 2 12 26 
4885 2 16 26 
4883 3 11 26 
4764 3 17 26 
4750 4 10 26 
4651 4 18 26 
4590 5 9 26 
4552 5 19 26 
4485 7 19 26 
3897 8 18 26 
3891 9 17 26 
3889 10 16 26 
3823 14 12 26 
3553 15 11 26 
3474 16 0 26 
3370 16 10 26 
2970 17 1 26 
2690 17 9 26 
2680 18 2 26 
2669 18 8 26 
2585 19 3 26 
2395 19 7 26 
1914 1 14 26 
1909 2 13 26 
1887 2 15 26 
1734 3 12 26 
1720 3 16 26 
1182 4 11 26 
1013 4 17 26 
804 5 10 26 
677 5 18 26 
205 6 19 26 
181 7 18 26 
179 8 17 26 
79 9 16 26 
4718 10 15 26 
4199 13 12 26 
4195 14 11 26 
4084 15 0 26 
4053 15 10 26 
3861 16 1 26 
3735 16 9 26 
3616 17 2 26 
3233 17 8 26 
3085 18 3 26 
2916 18 7 26 
2692 19 4 26 
2662 19 6 26 
2507 2 14 26 
2139 3 13 26 
2056 3 15 26 
2035 4 12 26 
1604 4 16 26 
1391 5 11 26 
1280 5 17 26 
1074 6 18 26 
805 7 17 26 
615 8 16 26 
557 9 15 26 
203 10 14 26 
173 12 12 26 
4810 13 11 26 
4589 14 0 26 
4562 14 10 26 
4156 15 1 26 
3852 15 9 26 
3770 16 2 26 
3337 16 8 26 
2901 17 3 26 
2856 17 7 26 
2817 18 4 26 
2786 18 6 26 
2730 19 5 26 
2548 3 14 26 
2514 4 13 26 
2321 4 15 26 
2299 5 12 26 
2248 5 16 26 
2152 6 17 26 
2054 7 16 26 
1707 8 15 26 
1495 9 14 26 
679 10 13 26 
602 11 12 26 
601 12 11 26 
313 13 0 26 
196 13 10 26 
4873 14 1 26 
4809 14 9 26 
4625 15 2 26 
4509 15 8 26 
4457 16 3 26 
4349 16 7 26 
4340 17 4 26 
4338 17 6 26 
4152 18 5 26 
4150 4 14 26 
4060 5 13 26 
3980 5 15 26 
3940 6 16 26 
3673 7 15 26 
3577 8 14 26 
3550 9 13 26 
3249 10 12 26 
2960 11 11 26 
2932 12 0 26 
2659 12 10 26 
2440 13 1 26 
2420 13 9 26 
2348 14 2 26 
2046 14 8 26 
1712 15 3 26 
1693 15 7 26 
1503 16 4 26 
1420 16 6 26 
1382 17 5 26 
1277 5 14 26 
1161 6 15 26 
1140 7 14 26 
1044 8 13 26 
1038 9 12 26 
957 10 11 26 
708 11 0 26 
599 11 10 26 
574 12 1 26 
4774 12 9 26 
4725 13 2 26 
4717 13 8 26 
4709 14 3 26 
4489 14 7 26 
4305 15 4 26 
4205 15 6 26 
3936 16 5 26 
3766 6 14 26 
3258 7 13 26 
2734 8 12 26 
2729 9 11 26 
2625 10 0 26 
2415 10 10 26 
2374 11 1 26 
2186 11 9 26 
1963 12 2 26 
1490 12 8 26 
1429 13 3 26 
1098 13 7 26 
839 14 4 26 
503 14 6 26 
4752 15 5 26 
4524 6 13 26 
4289 7 12 26 
4178 8 11 26 
3866 9 10 26 
3635 10 1 26 
2968 10 9 26 
2844 11 2 26 
2763 11 8 26 
2630 12 3 26 
2537 12 7 26 
2510 13 4 26 
2333 13 6 26 
2140 14 5 26 
2062 0 8 26 
2020 6 12 26 
1661 7 11 26 
1614 8 10 26 
1469 9 9 26 
1459 10 2 26 
1196 10 8 26 
1181 11 3 26 
939 11 7 26 
800 12 4 26 
750 12 6 26 
644 13 5 26 
534 0 7 26 
382 1 8 26 
128 6 11 26 
4278 7 10 26 
4258 8 9 26 
4240 9 8 26 
4212 10 3 26 
4078 10 7 26 
3922 11 4 26 
3748 11 6 26 
3704 12 5 26 
3629 0 6 26 
3271 1 7 26 
3170 2 8 26 
3166 6 10 26 
3005 7 9 26 
2920 8 8 26 
2775 9 7 26 
2767 10 4 26 
2210 10 6 26 
2068 11 5 26 
1543 0 5 26 
1434 1 6 26 
1414 2 7 26 
1278 3 8 26 
688 6 9 26 
662 7 8 26 
406 8 7 26 
4857 9 6 26 
4769 10 5 26 
4256 0 4 26 
4234 1 5 26 
4198 2 6 26 
4061 3 7 26 
3950 4 8 26 
3949 6 8 26 
3725 7 7 26 
3436 8 6 26 
3236 9 5 26 
3155 0 3 26 
2712 1 4 26 
2710 2 5 26 
1606 3 6 26 
1325 4 7 26 
1157 5 8 26 
959 6 7 26 
487 7 6 26 
365 8 5 26 
4914 9 4 26 
4836 0 2 26 
4779 1 3 26 
3788 2 4 26 
3532 3 5 26 
2482 4 6 26 
2379 5 7 26 
2216 6 6 26 
1732 7 5 26 
1568 8 4 26 
1317 9 3 26 
1192 0 1 26 
243 1 2 26 
210 2 3 26 
151 3 4 26 
4492 4 5 26 
4223 5 6 26 
3625 6 5 26 
3501 7 4 26 
3288 8 3 26 
2665 9 2 26 
2261 0 0 26 
2128 1 1 26 
1847 2 2 26 
1633 3 3 26 
1507 4 4 26 
703 5 5 26 
62 6 4 26 
4853 7 3 26 
4684 8 2 26 
4381 9 1 26 
3674 1 0 26 
3414 2 1 26 
3267 3 2 26 
2370 4 3 26 
1168 5 4 26 
1117 6 3 26 
984 7 2 26 
605 8 1 26 
527 9 0 26 
23 2 0 26 
4814 3 1 26 
4487 4 2 26 
4018 5 3 26 
3727 6 2 26 
3658 7 1 26 
3496 8 0 26 
3215 3 0 26 
3154 4 1 26 
1311 5 2 26 
791 6 1 26 
4543 7 0 26 
4165 4 0 26 
3457 5 1 26 
1045 6 0 26 
4144 5 0 26 
1205 5 1 37 
1676 4 1 38 
1470 5 2 38 
54 6 1 38 
360 3 1 38 
3456 4 2 38 
748 5 3 38 
2044 6 2 38 
2511 7 1 38 
3176 2 1 39 
408 3 2 39 
763 4 3 39 
961 5 4 39 
2378 6 3 39 
2602 7 2 39 
3685 8 1 39 
4652 1 1 40 
1238 2 2 40 
1835 3 3 40 
2071 4 4 40 
2558 5 5 40 
3013 6 4 40 
3836 7 3 39 
3877 8 2 39 
4564 1 2 41 
104 2 3 41 
1417 3 4 41 
1969 4 5 40 
2049 5 6 40 
2218 6 5 40 
2571 7 4 40 
3264 8 3 40 
4029 1 3 41 
753 2 4 41 
815 3 5 41 
1298 4 6 41 
2736 5 7 41 
2974 6 6 41 
3209 7 5 41 
3493 8 4 41 
4264 1 4 42 
4630 2 5 42 
133 3 6 42 
730 4 7 42 
794 6 7 42 
893 7 6 42 
1052 8 5 42 
1256 1 5 42 
2180 2 6 42 
2861 3 7 42 
2959 7 7 42 
2988 8 6 42 
3828 1 6 43 
4021 2 7 43 
4547 7 8 43 
4660 8 7 43 
4741 9 6 42 
200 1 7 43 
539 7 9 43 
549 8 8 43 
865 9 7 43 
1607 10 6 43 
1690 11 5 43 
1701 7 10 43 
1704 8 9 43 
2704 9 8 43 
117 10 7 43 
384 11 4 43 
486 11 6 43 
786 12 5 43 
1027 7 11 44 
1175 8 10 44 
1629 9 9 44 
1681 10 8 44 
2011 11 3 44 
2810 11 7 44 
3416 12 4 44 
3753 12 6 44 
4389 13 5 44 
4396 7 12 44 
4600 8 11 44 
52 9 10 44 
358 10 9 44 
566 11 2 44 
900 11 8 44 
1075 12 3 44 
1179 12 7 44 
1844 13 4 44 
2183 13 6 44 
2876 7 13 45 
3272 8 12 45 
3740 9 11 45 
3942 10 10 45 
4859 11 1 45 
4674 19 19 51 
4491 18 19 51 
4486 19 18 51 
4432 11 19 51 
4276 17 19 51 
4055 18 18 51 
4005 19 17 51 
3734 11 18 51 
3557 12 19 51 
3443 16 19 51 
3425 17 18 51 
3147 18 17 51 
3066 19 16 51 
3018 11 17 51 
2555 12 18 51 
2460 13 19 51 
1790 15 19 51 
1521 16 18 51 
1447 17 17 51 
1440 18 16 51 
1400 19 15 51 
1316 11 16 51 
1165 12 17 51 
1072 13 18 51 
997 14 19 51 
829 15 18 51 
749 16 17 51 
480 17 16 51 
324 18 15 51 
4909 19 14 51 
4824 11 15 51 
4807 12 16 51 
4698 13 17 51 
4459 14 18 51 
4383 15 17 51 
4371 16 16 51 
4157 17 15 51 
3978 18 14 51 
3969 19 13 51 
3791 0 9 51 
3622 0 19 51 
3495 11 14 51 
3308 12 15 51 
3276 13 16 51 
3245 14 17 51 
3207 15 16 51 
3122 16 15 51 
2769 17 14 51 
2466 18 13 51 
2325 19 12 51 
2316 0 10 51 
2305 0 18 51 
1815 1 9 51 
1752 1 19 51 
1726 11 13 51 
1658 12 14 51 
1530 13 15 51 
1460 14 16 51 
1260 15 15 51 
1070 16 14 51 
964 17 13 51 
765 18 12 51 
403 19 11 51 
385 0 11 51 
310 0 17 51 
4868 1 10 51 
4860 1 18 51 
4731 2 9 51 
4571 2 19 51 
4419 10 19 51 
4386 12 13 51 
4098 13 14 51 
4026 14 15 51 
3987 15 14 51 
3939 16 13 51 
3885 17 12 51 
3598 18 11 51 
3403 19 0 51 
2942 19 10 51 
2820 0 12 51 
2731 0 16 51 
2716 1 11 51 
2707 1 17 51 
2696 2 10 51 
2607 2 18 51 
2169 3 9 51 
2131 3 19 51 
2115 9 19 51 
1985 10 18 51 
1736 13 13 51 
1290 14 14 51 
1162 15 13 51 
1028 16 12 51 
795 17 11 51 
631 18 0 51 
625 18 10 51 
426 19 1 51 
350 19 9 51 
290 0 13 51 
229 0 15 51 
185 1 12 51 
48 1 16 51 
4789 2 11 51 
4537 2 17 51 
4402 3 10 51 
4394 3 18 51 
4239 4 9 51 
4225 4 19 51 
4181 8 19 51 
4159 9 18 51 
4094 10 17 51 
3887 14 13 51 
3851 15 12 51 
3800 16 11 51 
3761 17 0 51 
3691 17 10 51 
3442 18 1 51 
3334 18 9 51 
3315 19 2 51 
3079 19 8 51 
2773 0 14 51 
2678 1 13 51 
2629 1 15 51 
2619 2 12 51 
2468 2 16 51 
2322 3 11 51 
2061 3 17 51 
1692 4 10 51 
1597 4 18 51 
1526 5 9 51 
1425 5 19 51 
1387 7 19 51 
1243 8 18 51 
1138 9 17 51 
1042 10 16 51 
872 14 12 51 
823 15 11 51 
822 16 0 51 
696 16 10 51 
233 17 1 51 
206 17 9 51 
20 18 2 51 
4899 18 8 51 
4726 19 3 51 
4171 19 7 51 
3567 1 14 51 
3465 2 13 51 
3422 2 15 51 
3246 3 12 51 
3159 3 16 51 
3007 4 11 51 
2973 4 17 51 
2479 5 10 51 
2240 5 18 51 
1930 6 19 51 
1710 7 18 51 
1650 8 17 51 
1557 9 16 51 
1384 10 15 51 
1240 13 12 51 
1134 14 11 51 
645 15 0 51 
603 15 10 51 
592 16 1 51 
364 16 9 51 
263 17 2 51 
159 17 8 51 
4875 18 3 51 
4710 18 7 51 
4648 19 4 51 
4468 19 6 51 
4213 2 14 51 
3959 3 13 51 
3784 3 15 51 
3724 4 12 51 
3477 4 16 51 
3198 5 11 51 
3041 5 17 51 
2914 6 18 51 
2705 7 17 51 
2403 8 16 51 
2306 9 15 51 
2187 10 14 51 
2146 12 12 51 
2025 13 11 51 
1954 14 0 51 
1567 14 10 51 
1450 15 1 51 
1185 15 9 51 
436 16 2 51 
342 16 8 51 
141 17 3 51 
121 17 7 51 
4835 18 4 51 
4781 18 6 51 
4502 19 5 51 
4312 3 14 51 
3964 4 13 51 
3391 4 15 51 
2718 5 12 51 
2520 5 16 51 
2358 6 17 51 
2284 7 16 51 
2085 8 15 51 
2055 9 14 51 
1767 10 13 51 
1733 11 12 51 
1565 12 11 51 
1374 13 0 51 
1265 13 10 51 
1214 14 1 51 
1067 14 9 51 
927 15 2 51 
873 15 8 51 
727 16 3 51 
75 16 7 51 
4755 17 4 51 
4749 17 6 51 
4494 18 5 51 
4237 4 14 51 
4220 5 13 51 
3834 5 15 51 
3601 6 16 51 
3580 7 15 51 
3029 8 14 51 
2958 9 13 51 
2722 10 12 51 
2563 11 11 51 
2535 12 0 51 
2533 12 10 51 
2220 13 1 51 
2123 13 9 51 
1968 14 2 51 
1534 14 8 51 
1471 15 3 51 
1455 15 7 51 
1124 16 4 51 
798 16 6 51 
419 17 5 51 
152 5 14 51 
9 6 15 51 
4688 7 14 51 
4658 8 13 51 
4649 9 12 51 
4431 10 11 51 
4013 11 0 51 
3733 11 10 51 
3680 12 1 51 
3602 12 9 51 
3459 13 2 51 
3449 13 8 51 
3377 14 3 51 
2969 14 7 51 
2753 15 4 51 
2156 15 6 51 
2069 16 5 51 
2019 6 14 51 
1694 7 13 51 
1621 8 12 51 
1545 9 11 51 
1508 10 0 51 
1359 10 10 51 
1057 11 1 51 
928 11 9 51 
595 12 2 51 
125 12 8 51 
67 13 3 51 
4918 13 7 51 
4812 14 4 51 
4614 14 6 51 
4607 15 5 51 
4513 6 13 51 
4308 7 12 51 
4287 8 11 51 
4215 9 10 51 
4024 10 1 51 
3935 10 9 51 
3846 11 2 51 
3516 11 8 51 
3319 12 3 51 
3116 12 7 51 
3086 13 4 51 
2952 13 6 51 
2887 14 5 51 
2352 0 8 51 
2017 6 12 51 
2012 7 11 51 
1980 8 10 51 
1705 9 9 51 
1569 10 2 51 
1350 10 8 51 
1349 11 3 51 
1273 11 7 51 
1266 12 4 51 
1108 12 6 51 
987 13 5 51 
710 0 7 51 
565 1 8 51 
4727 6 11 51 
4619 7 10 51 
4611 8 9 51 
4446 9 8 51 
4407 10 3 51 
4269 10 7 51 
4207 11 4 51 
4031 11 6 51 
3954 12 5 51 
3754 0 6 51 
3604 1 7 51 
3193 2 8 51 
2682 6 10 51 
2605 7 9 51 
2457 8 8 51 
2023 9 7 51 
1953 10 4 51 
1428 10 6 51 
1405 11 5 51 
1379 0 5 51 
810 1 6 51 
683 2 7 51 
260 3 8 51 
157 6 9 51 
4456 7 8 51 
4304 8 7 51 
4229 9 6 51 
3483 10 5 51 
3222 0 4 51 
3110 1 5 51 
2739 2 6 51 
2254 3 7 51 
2066 4 8 51 
1880 6 8 51 
1851 7 7 51 
1786 8 6 51 
1467 9 5 51 
1292 0 3 51 
726 1 4 51 
39 2 5 51 
28 3 6 51 
4823 4 7 51 
4806 5 8 51 
4167 6 7 51 
3825 7 6 51 
3252 8 5 51 
3182 9 4 51 
3123 0 2 51 
2957 1 3 51 
2954 2 4 51 
2812 3 5 51 
2728 4 6 51 
1288 5 7 51 
940 6 6 51 
801 7 5 51 
699 8 4 51 
399 9 3 51 
4830 0 1 51 
4515 1 2 51 
4399 2 3 51 
4337 3 4 51 
4266 4 5 51 
4099 5 6 51 
3918 6 5 51 
3857 7 4 51 
3175 8 3 51 
2873 9 2 51 
2184 0 0 51 
2029 1 1 51 
1919 2 2 51 
1383 3 3 51 
1217 4 4 51 
651 5 5 51 
332 6 4 51 
278 7 3 51 
4778 8 2 51 
4776 9 1 51 
4257 1 0 51 
3621 2 1 51 
3356 3 2 51 
3076 4 3 51 
2372 5 4 51 
2371 6 3 51 
1372 7 2 51 
1144 8 1 51 
980 9 0 51 
715 2 0 51 
283 3 1 51 
249 4 2 51 
4591 5 3 51 
4546 6 2 51 
3744 7 1 51 
2572 8 0 51 
2301 3 0 51 
1709 4 1 51 
1410 5 2 51 
1314 6 1 51 
4470 7 0 51 
3778 4 0 51 
3270 5 1 51 
2151 6 0 51 
1347 5 0 51 
879 5 1 62 
4693 4 1 63 
1137 5 2 63 
1399 6 1 63 
3511 3 1 64 
529 4 2 64 
619 5 3 63 
2224 6 2 63 
65 7 1 63 
274 2 1 64 
998 3 2 64 
2311 4 3 64 
3517 5 4 64 
4008 6 3 64 
4080 7 2 64 
53 8 1 64 
803 1 1 65 
2067 2 2 65 
2851 3 3 65 
3985 4 4 65 
4747 5 5 65 
4793 6 4 65 
191 7 3 65 
613 8 2 64 
1135 1 2 65 
1506 2 3 65 
1809 3 4 65 
2196 4 5 65 
2280 5 6 65 
2647 6 5 65 
481 7 4 65 
1055 8 3 65 
1241 1 3 66 
1668 2 4 66 
2274 3 5 66 
2994 4 6 66 
3153 5 7 66 
3829 6 6 66 
4115 7 5 66 
16 8 4 66 
343 1 4 67 
965 2 5 67 
1024 3 6 67 
1842 4 7 66 
1932 6 7 66 
1994 7 6 66 
2222 8 5 66 
2452 1 5 67 
4595 2 6 67 
111 3 7 67 
424 7 7 67 
450 8 6 67 
454 1 6 68 
773 2 7 68 
966 7 8 67 
1220 8 7 67 
1254 9 6 67 
1868 1 7 68 
4315 7 9 68 
414 8 8 68 
593 9 7 68 
838 10 6 68 
880 11 5 68 
915 7 10 68 
1130 8 9 68 
1751 9 8 68 
2497 10 7 68 
2534 11 4 68 
2583 11 6 68 
2640 12 5 68 
3091 7 11 69 
4443 8 10 69 
4722 9 9 69 
64 10 8 69 
311 11 3 69 
415 11 7 69 
713 12 4 69 
835 12 6 69 
876 13 5 69 
945 7 12 69 
993 8 11 69 
1073 9 10 69 
1817 10 9 69 
2866 11 2 69 
2870 11 8 69 
3181 12 3 69 
3344 12 7 69 
3540 13 4 69 
3675 13 6 69 
3742 7 13 70 
4926 19 19 76 
4913 18 19 76 
4861 19 18 76 
4723 11 19 76 
4626 17 19 76 
4335 18 18 76 
4267 19 17 76 
4216 11 18 76 
4051 12 19 76 
3869 16 19 76 
3855 17 18 76 
3385 18 17 76 
3279 19 16 76 
3227 11 17 76 
2608 12 18 76 
2242 13 19 76 
2232 15 19 76 
1933 16 18 76 
1872 17 17 76 
1509 18 16 76 
1299 19 15 76 
1297 11 16 76 
1141 12 17 76 
807 13 18 76 
523 14 19 76 
460 15 18 76 
285 16 17 76 
241 17 16 76 
131 18 15 76 
45 19 14 76 
4894 11 15 76 
4893 12 16 76 
4686 13 17 76 
4618 14 18 76 
4527 15 17 76 
4358 16 16 76 
4107 17 15 76 
4072 18 14 76 
4046 19 13 76 
3974 0 9 76 
3971 0 19 76 
3697 11 14 76 
3652 12 15 76 
3336 13 16 76 
3015 14 17 76 
2990 15 16 76 
2894 16 15 76 
2826 17 14 76 
2181 18 13 76 
1935 19 12 76 
1890 0 10 76 
1870 0 18 76 
1796 1 9 76 
1643 1 19 76 
1611 11 13 76 
1482 12 14 76 
1430 13 15 76 
1188 14 16 76 
1125 15 15 76 
1001 16 14 76 
659 17 13 76 
608 18 12 76 
455 19 11 76 
349 0 11 76 
251 0 17 76 
235 1 10 76 
145 1 18 76 
4744 2 9 76 
4737 2 19 76 
4672 10 19 76 
4596 12 13 76 
4518 13 14 76 
4384 14 15 76 
4360 15 14 76 
4322 16 13 76 
4301 17 12 76 
4155 18 11 76 
4027 19 0 76 
3958 19 10 76 
3400 0 12 76 
3281 0 16 76 
3173 1 11 76 
2925 1 17 76 
2900 2 10 76 
2884 2 18 76 
2813 3 9 76 
2016 3 19 76 
1800 9 19 76 
1268 10 18 76 
1200 13 13 76 
1063 14 14 76 
936 15 13 76 
759 16 12 76 
653 17 11 76 
639 18 0 76 
618 18 10 76 
559 19 1 76 
405 19 9 76 
346 0 13 76 
299 0 15 76 
4634 1 12 76 
4526 1 16 76 
4454 2 11 76 
4385 2 17 76 
4263 3 10 76 
4123 3 18 76 
4103 4 9 76 
3972 4 19 76 
3871 8 19 76 
3845 9 18 76 
3508 10 17 76 
3191 14 13 76 
2913 15 12 76 
2830 16 11 76 
2561 17 0 76 
1827 17 10 76 
1789 18 1 76 
1502 18 9 76 
170 19 2 76 
4911 19 8 76 
4802 0 14 76 
4713 1 13 76 
4694 1 15 76 
4637 2 12 76 
4563 2 16 76 
4484 3 11 76 
4437 3 17 76 
4409 4 10 76 
4345 4 18 76 
4297 5 9 76 
4077 5 19 76 
3929 7 19 76 
3840 8 18 76 
3801 9 17 76 
3759 10 16 76 
3695 14 12 76 
3590 15 11 76 
3324 16 0 76 
3232 16 10 76 
2979 17 1 76 
2809 17 9 76 
2755 18 2 76 
2595 18 8 76 
2444 19 3 76 
2230 19 7 76 
1547 1 14 76 
1481 2 13 76 
1409 2 15 76 
982 3 12 76 
868 3 16 76 
809 4 11 76 
650 4 17 76 
543 5 10 76 
476 5 18 76 
55 6 19 76 
4490 7 18 76 
4410 8 17 76 
4375 9 16 76 
4262 10 15 76 
4193 13 12 76 
3713 14 11 76 
3626 15 0 76 
3419 15 10 76 
3178 16 1 76 
3074 16 9 76 
2982 17 2 76 
2523 17 8 76 
2168 18 3 76 
2129 18 7 76 
1982 19 4 76 
1775 19 6 76 
1143 2 14 76 
926 3 13 76 
871 3 15 76 
820 4 12 76 
673 4 16 76 
561 5 11 76 
501 5 17 76 
483 6 18 76 
446 7 17 76 
134 8 16 76 
105 9 15 76 
4833 10 14 76 
4813 12 12 76 
4577 13 11 76 
4505 14 0 76 
4009 14 10 76 
3994 15 1 76 
3876 15 9 76 
3597 16 2 76 
3584 16 8 76 
3565 17 3 76 
3417 17 7 76 
3202 18 4 76 
2951 18 6 76 
2833 19 5 76 
2574 3 14 76 
2538 4 13 76 
2517 4 15 76 
2421 5 12 76 
2402 5 16 76 
2396 6 17 76 
1829 7 16 76 
1792 8 15 76 
1411 9 14 76 
1118 10 13 76 
1091 11 12 76 
678 12 11 76 
643 13 0 76 
632 13 10 76 
528 14 1 76 
295 14 9 76 
144 15 2 76 
12 15 8 76 
4428 16 3 76 
4401 16 7 76 
4127 17 4 76 
4119 17 6 76 
3772 18 5 76 
3720 4 14 76 
3719 5 13 76 
3643 5 15 76 
3247 6 16 76 
3237 7 15 76 
3141 8 14 76 
2818 9 13 76 
2564 10 12 76 
2524 11 11 76 
2490 12 0 76 
2288 12 10 76 
2082 13 1 76 
2048 13 9 76 
1724 14 2 76 
1333 14 8 76 
1023 15 3 76 
785 15 7 76 
575 16 4 76 
269 16 6 76 
10 17 5 76 
4904 5 14 76 
4742 6 15 76 
4580 7 14 76 
4549 8 13 76 
4222 9 12 76 
3962 10 11 76 
3947 11 0 76 
3943 11 10 76 
3808 12 1 76 
3795 12 9 76 
3786 13 2 76 
3781 13 8 76 
3278 14 3 76 
3097 14 7 76 
3023 15 4 76 
2953 15 6 76 
2544 16 5 76 
2530 6 14 76 
1180 7 13 76 
1104 8 12 76 
844 9 11 76 
495 10 0 76 
314 10 10 76 
99 11 1 76 
7 11 9 76 
4653 12 2 76 
4616 12 8 76 
4550 13 3 76 
4536 13 7 76 
4353 14 4 76 
4201 14 6 76 
4137 15 5 76 
3479 6 13 76 
3261 7 12 76 
3164 8 11 76 
3148 9 10 76 
3130 10 1 76 
3104 10 9 76 
2927 11 2 76 
2800 11 8 76 
2703 12 3 76 
2633 12 7 76 
2477 13 4 76 
2471 13 6 76 
2391 14 5 76 
2102 0 8 76 
1974 6 12 76 
1883 7 11 76 
1585 8 10 76 
1491 9 9 76 
1041 10 2 76 
788 10 8 76 
227 11 3 76 
4870 11 7 76 
4817 12 4 76 
4804 12 6 76 
4734 13 5 76 
4702 0 7 76 
4592 1 8 76 
4342 6 11 76 
4271 7 10 76 
4089 8 9 76 
4039 9 8 76 
3762 10 3 76 
3676 10 7 76 
3605 11 4 76 
3053 11 6 76 
2981 12 5 76 
2964 0 6 76 
2906 1 7 76 
2877 2 8 76 
2744 6 10 76 
2622 7 9 76 
2458 8 8 76 
1902 9 7 76 
1739 10 4 76 
1355 10 6 76 
1219 11 5 76 
1105 0 5 76 
996 1 6 76 
981 2 7 76 
943 3 8 76 
755 6 9 76 
725 7 8 76 
621 8 7 76 
524 9 6 76 
387 10 5 76 
315 0 4 76 
4251 1 5 76 
3892 2 6 76 
3867 3 7 76 
3686 4 8 76 
3551 6 8 76 
3010 7 7 76 
2857 8 6 76 
2681 9 5 76 
2323 0 3 76 
2266 1 4 76 
2095 2 5 76 
1972 3 6 76 
1496 4 7 76 
1186 5 8 76 
4908 6 7 76 
4605 7 6 76 
4448 8 5 76 
4421 9 4 76 
4187 0 2 76 
3775 1 3 76 
1320 2 4 76 
904 3 5 76 
541 4 6 76 
464 5 7 76 
248 6 6 76 
4760 7 5 76 
4685 8 4 76 
4014 9 3 76 
3441 0 1 76 
3037 1 2 76 
3006 2 3 76 
2965 3 4 76 
2944 4 5 76 
2721 5 6 76 
2228 6 5 76 
1727 7 4 76 
1677 8 3 76 
1356 9 2 76 
1110 0 0 76 
924 1 1 76 
250 2 2 76 
4666 3 3 76 
4575 4 4 76 
4231 5 5 76 
4169 6 4 76 
3666 7 3 76 
3112 8 2 76 
2956 9 1 76 
410 1 0 76 
161 2 1 76 
50 3 2 76 
4763 4 3 76 
4504 5 4 76 
4321 6 3 76 
3902 7 2 76 
3718 8 1 76 
3655 9 0 76 
3143 2 0 76 
1747 3 1 76 
31 4 2 76 
4403 5 3 76 
4194 6 2 76 
3743 7 1 76 
3475 8 0 76 
3423 3 0 76 
3002 4 1 76 
2980 5 2 76 
2910 6 1 76 
2664 7 0 76 
4895 4 0 76 
4829 5 1 76 
3888 6 0 76 
2725 5 0 76 
2993 5 1 86 
3520 4 1 87 
3669 5 2 87 
4733 6 1 87 
933 3 1 88 
166 4 2 88 
1145 5 3 87 
1665 6 2 87 
2362 7 1 87 
3185 2 1 89 
422 3 2 89 
854 4 3 88 
974 5 4 88 
2496 6 3 88 
2975 7 2 88 
2989 8 1 88 
3463 1 1 90 
1223 2 2 90 
3068 3 3 89 
3386 4 4 89 
4116 5 5 89 
4469 6 4 89 
267 7 3 89 
292 8 2 89 
2478 1 2 90 
3194 2 3 90 
3646 3 4 90 
3745 4 5 90 
3912 5 6 90 
4206 6 5 90 
36 7 4 90 
244 8 3 90 
752 1 3 91 
2136 2 4 91 
2513 3 5 91 
3063 4 6 91 
3389 5 7 91 
3995 6 6 91 
458 7 5 90 
485 8 4 90 
1224 1 4 92 
1271 2 5 92 
2178 3 6 92 
3633 4 7 92 
4378 6 7 91 
4872 7 6 91 
155 8 5 91 
331 1 5 92 
858 2 6 92 
1353 3 7 92 
2039 7 7 92 
2646 8 6 92 
4677 1 6 93 
88 2 7 93 
282 7 8 93 
394 8 7 93 
1556 9 6 93 
1781 1 7 93 
2050 7 9 93 
2134 8 8 93 
4370 9 7 93 
47 10 6 93 
305 11 5 93 
348 7 10 93 
569 8 9 93 
594 9 8 93 
690 10 7 93 
1036 11 4 93 
1250 11 6 93 
1504 12 5 93 
1874 7 11 94 
2422 8 10 94 
2549 9 9 94 
2576 10 8 94 
2742 11 3 94 
2918 11 7 93 
3955 12 4 93 
4121 12 6 93 
4701 13 5 93 
32 7 12 94 
272 8 11 94 
465 9 10 94 
587 10 9 94 
988 11 2 94 
1303 11 8 94 
1655 12 3 94 
2566 12 7 94 
3186 13 4 94 
3715 13 6 94 
4363 7 13 95 
