1664
5877 5 11 1 
5842 4 11 1 
5807 5 12 1 
5450 3 11 1 
5398 4 12 1 
5367 5 13 1 
5186 0 11 1 
5146 2 11 1 
5101 3 12 1 
5085 4 13 1 
4999 5 14 1 
4725 0 12 1 
4454 1 11 1 
4422 2 12 1 
4152 3 13 1 
4136 4 14 1 
3997 0 13 1 
3818 0 19 1 
3591 1 12 1 
3312 2 13 1 
2899 2 19 1 
2398 3 14 1 
2272 0 0 1 
2165 0 14 1 
2119 0 18 1 
1740 1 13 1 
1502 1 19 1 
1050 2 14 1 
955 2 18 1 
5748 0 1 1 
5521 0 15 1 
5499 0 17 1 
5487 1 0 1 
5430 1 14 1 
5429 1 18 1 
5343 2 17 1 
5197 3 0 1 
5066 0 2 1 
4677 0 16 1 
4617 1 1 1 
4591 1 15 1 
4385 1 17 1 
4357 2 0 1 
4312 3 1 1 
4248 0 3 1 
4078 1 2 1 
3982 1 16 1 
3580 2 1 1 
3463 2 15 1 
3266 3 2 1 
3193 1 3 1 
3146 2 2 1 
2864 2 16 1 
2734 3 3 1 
2534 3 15 1 
2493 3 19 1 
2452 4 0 1 
2373 11 19 1 
2365 2 3 1 
2284 3 4 1 
2234 3 16 1 
2210 3 18 1 
2040 4 1 1 
1781 4 15 1 
1724 4 19 1 
1573 5 0 1 
1222 11 16 1 
728 11 18 1 
548 12 19 1 
547 0 4 1 
499 2 4 1 
381 3 5 1 
5947 3 17 1 
5933 4 2 1 
5592 4 16 1 
5265 4 18 1 
4669 5 1 1 
4527 5 15 1 
4500 5 19 1 
4164 6 0 1 
3793 8 0 1 
3586 11 17 1 
3573 12 16 1 
3076 12 18 1 
2700 13 19 1 
2698 0 5 1 
2413 1 4 1 
1794 2 5 1 
1556 3 6 1 
1243 4 3 1 
1055 4 17 1 
982 5 2 1 
967 5 16 1 
935 5 18 1 
850 6 1 1 
464 6 15 1 
433 6 19 1 
364 7 0 1 
319 8 1 1 
244 12 17 1 
115 13 16 1 
106 13 18 1 
5252 0 6 1 
5089 0 10 1 
4947 1 5 1 
4691 2 6 1 
4366 5 3 1 
4319 5 17 1 
3937 6 2 1 
3813 6 16 1 
3700 6 18 1 
3589 7 1 1 
3516 8 2 1 
2828 13 17 1 
2799 14 16 1 
2649 19 19 1 
2499 0 7 1 
2448 0 9 1 
1891 1 6 1 
1395 1 10 1 
952 6 3 1 
628 6 17 1 
358 7 2 1 
277 7 16 1 
176 8 3 1 
72 14 17 1 
13 14 19 1 
5871 15 16 1 
5845 18 19 1 
5835 19 18 1 
5422 0 8 1 
5346 1 7 1 
5161 1 9 1 
4914 2 10 1 
4707 4 4 1 
4689 7 3 1 
4509 7 17 1 
4140 7 19 1 
3841 8 4 1 
3681 8 16 1 
3325 14 18 1 
2928 15 17 1 
2830 15 19 1 
2793 17 19 1 
2374 18 18 1 
1977 19 17 1 
1507 1 8 1 
1206 2 7 1 
1116 2 9 1 
927 3 10 1 
775 4 5 1 
755 5 4 1 
326 7 4 1 
5674 7 18 1 
5631 8 5 1 
5351 8 17 1 
5306 8 19 1 
4950 15 18 1 
4830 16 19 1 
4697 17 18 1 
4494 18 17 1 
4414 19 16 1 
4341 2 8 1 
4214 3 7 1 
4163 3 9 1 
4144 4 6 1 
3861 4 10 1 
3616 5 5 1 
3604 6 4 1 
3491 6 12 1 
3150 7 5 1 
2956 8 6 1 
2626 8 18 1 
2503 9 19 1 
2109 16 18 1 
2017 17 17 1 
1979 18 16 1 
1067 19 15 1 
1034 3 8 1 
995 4 7 1 
983 4 9 1 
973 5 6 1 
949 5 10 1 
919 6 5 1 
762 6 13 1 
650 7 6 1 
316 7 12 1 
198 9 18 1 
5938 10 19 1 
5818 14 15 1 
5432 16 17 1 
4816 17 16 1 
4735 18 15 1 
4699 19 10 1 
4453 19 14 1 
4374 4 8 1 
4247 5 7 1 
4139 5 9 1 
3952 6 6 1 
3735 6 14 1 
3584 7 13 1 
3511 7 15 1 
3307 9 17 1 
3132 10 18 1 
3025 14 14 1 
3006 15 15 1 
2631 16 16 1 
2309 17 15 1 
2283 18 10 1 
2107 18 14 1 
2092 19 11 1 
2080 19 13 1 
2029 5 8 1 
1477 6 7 1 
1372 6 11 1 
857 7 14 1 
848 8 15 1 
248 9 16 1 
143 10 17 1 
5995 15 14 1 
5711 16 15 1 
5630 17 10 1 
5268 17 14 1 
5099 18 11 1 
5061 18 13 1 
4727 19 12 1 
4464 6 8 1 
4342 6 10 1 
4120 7 7 1 
3856 7 11 1 
3470 8 14 1 
3432 9 5 1 
3012 9 15 1 
2971 10 16 1 
2933 16 14 1 
2757 17 11 1 
2731 17 13 1 
2601 18 12 1 
2474 6 9 1 
2472 7 8 1 
2370 7 10 1 
2195 8 7 1 
2082 8 11 1 
1688 8 13 1 
1587 9 6 1 
1158 9 14 1 
1093 10 5 1 
804 10 15 1 
489 14 13 1 
313 16 13 1 
90 17 12 1 
5974 7 9 1 
5887 8 8 1 
5036 8 10 1 
4969 8 12 1 
4671 9 7 1 
4592 9 11 1 
4552 9 13 1 
4517 10 6 1 
4501 10 14 1 
4407 11 15 1 
4355 13 15 1 
4297 14 12 1 
4077 15 13 1 
4017 16 12 1 
3677 8 9 1 
3558 9 8 1 
3317 9 10 1 
3187 9 12 1 
3078 10 7 1 
3069 10 13 1 
3046 11 14 1 
2588 12 15 1 
1853 13 14 1 
1698 14 11 1 
1452 15 12 1 
1410 16 11 1 
1320 9 9 1 
1309 10 8 1 
1032 10 12 1 
1023 11 13 1 
932 12 14 1 
903 13 13 1 
700 15 11 1 
5859 16 10 1 
5348 10 9 1 
4827 10 11 1 
4760 11 12 1 
4704 12 13 1 
4700 13 12 1 
4452 15 10 1 
4431 10 10 1 
4313 11 9 1 
4239 11 11 1 
4100 12 12 1 
3802 13 11 1 
3654 14 10 1 
3653 15 9 1 
3551 11 10 1 
3270 12 11 1 
3191 13 10 1 
2834 14 9 1 
2113 15 8 1 
854 12 10 1 
736 13 9 1 
716 14 8 1 
703 11 8 1 
271 12 9 1 
5837 13 8 1 
5753 11 5 1 
5724 11 7 1 
5679 12 8 1 
5629 11 6 1 
5582 12 5 1 
5167 12 7 1 
3919 12 6 1 
3794 13 5 1 
3332 13 7 1 
3269 19 9 1 
3116 13 6 1 
2703 14 5 1 
2638 14 7 1 
2574 16 9 1 
1640 18 9 1 
1336 19 8 1 
1230 14 6 1 
1126 15 7 1 
420 16 8 1 
233 17 9 1 
218 18 8 1 
5435 19 7 1 
5433 15 6 1 
5238 16 7 1 
5153 17 8 1 
4758 18 7 1 
4073 19 6 1 
3940 15 5 1 
3731 16 6 1 
3611 17 7 1 
3226 18 6 1 
2963 19 5 1 
2617 15 4 1 
2573 16 5 1 
2200 17 6 1 
1975 18 5 1 
1381 19 0 1 
1257 19 4 1 
923 16 4 1 
869 17 5 1 
318 18 0 1 
279 18 4 1 
51 19 1 1 
5962 19 3 1 
5908 17 0 1 
5376 17 4 1 
4665 18 1 1 
4580 18 3 1 
4267 19 2 1 
4195 17 1 1 
3782 17 3 1 
3594 18 2 1 
3034 9 4 1 
2841 11 4 1 
2710 16 3 1 
1908 17 2 1 
937 9 3 1 
877 10 4 1 
478 11 3 1 
5954 12 4 1 
5594 14 4 1 
5242 15 3 1 
5199 16 2 1 
5048 9 2 1 
4305 10 3 1 
3976 12 3 1 
3947 13 4 1 
3509 14 3 1 
3458 15 2 1 
3164 16 1 1 
2942 9 1 1 
2658 10 2 1 
2595 13 3 1 
1400 14 2 1 
1151 15 1 1 
911 16 0 1 
860 9 0 1 
5879 10 1 1 
5468 11 2 1 
5157 13 2 1 
3893 14 1 1 
3446 15 0 1 
3161 10 0 1 
2463 11 1 1 
2085 12 2 1 
524 13 1 1 
60 14 0 1 
3845 11 0 1 
3693 12 1 1 
4130 13 0 1 
2919 12 0 1 
498 18 1 16 
587 17 8 17 
1383 18 8 18 
191 13 6 18 
1269 12 6 18 
2996 13 9 19 
3709 14 9 19 
4109 12 13 19 
707 12 14 20 
942 15 12 20 
250 9 13 20 
309 7 8 21 
494 9 14 21 
844 18 11 21 
781 5 7 22 
5653 4 9 23 
4661 3 9 23 
5984 5 11 26 
5828 4 11 26 
5787 5 12 26 
5413 3 11 26 
5286 4 12 26 
5233 5 13 26 
5218 0 11 26 
4772 2 11 26 
4645 3 12 26 
4458 4 13 26 
4285 5 14 26 
4218 0 12 26 
4179 1 11 26 
4175 2 12 26 
4053 3 13 26 
3787 4 14 26 
3720 0 13 26 
3664 0 19 26 
3644 1 12 26 
3527 2 13 26 
3183 2 19 26 
3126 3 14 26 
2783 0 0 26 
2497 0 14 26 
2379 0 18 26 
2277 1 13 26 
2270 1 19 26 
2258 2 14 26 
2166 2 18 26 
2097 0 1 26 
1992 0 15 26 
1883 0 17 26 
1841 1 0 26 
1533 1 14 26 
1451 1 18 26 
1361 2 17 26 
1134 3 0 26 
35 0 2 26 
5999 0 16 26 
5579 1 1 26 
4972 1 15 26 
4909 1 17 26 
4797 2 0 26 
4774 3 1 26 
4585 0 3 26 
4187 1 2 26 
3971 1 16 26 
3883 2 1 26 
3879 2 15 26 
3755 3 2 26 
3612 1 3 26 
3291 2 2 26 
2417 2 16 26 
2199 3 3 26 
2158 3 15 26 
2129 3 19 26 
2100 4 0 26 
2074 11 19 26 
1868 2 3 26 
1815 3 4 26 
1764 3 16 26 
1678 3 18 26 
1545 4 1 26 
1341 4 15 26 
1127 4 19 26 
1020 5 0 26 
324 11 16 26 
216 11 18 26 
5596 12 19 26 
5593 0 4 26 
5360 2 4 26 
4897 3 5 26 
4499 3 17 26 
4492 4 2 26 
4420 4 16 26 
4337 4 18 26 
4310 5 1 26 
3819 5 15 26 
3799 5 19 26 
3741 6 0 26 
3726 8 0 26 
3398 11 17 26 
3125 12 16 26 
3096 12 18 26 
2813 13 19 26 
2660 0 5 26 
2332 1 4 26 
2255 2 5 26 
2207 3 6 26 
1818 4 3 26 
1816 4 17 26 
1674 5 2 26 
1619 5 16 26 
1602 5 18 26 
1038 6 1 26 
713 6 15 26 
657 6 19 26 
5944 7 0 26 
5401 8 1 26 
4862 12 17 26 
4504 13 16 26 
4280 13 18 26 
3912 0 6 26 
3696 0 10 26 
3641 1 5 26 
3364 2 6 26 
3192 5 3 26 
3084 5 17 26 
2839 6 2 26 
2762 6 16 26 
2706 6 18 26 
2684 7 1 26 
2564 8 2 26 
2407 13 17 26 
1926 14 16 26 
1874 19 19 26 
1800 0 7 26 
1485 0 9 26 
1464 1 6 26 
1441 1 10 26 
1359 6 3 26 
1234 6 17 26 
1094 7 2 26 
596 7 16 26 
226 8 3 26 
219 14 17 26 
67 14 19 26 
5745 15 16 26 
5713 18 19 26 
5529 19 18 26 
5396 0 8 26 
5377 1 7 26 
5331 1 9 26 
4954 2 10 26 
4942 4 4 26 
4902 7 3 26 
4651 7 17 26 
4594 7 19 26 
4169 8 4 26 
4002 8 16 26 
3684 14 18 26 
3391 15 17 26 
3308 15 19 26 
3212 17 19 26 
2808 18 18 26 
2239 19 17 26 
2156 1 8 26 
2143 2 7 26 
1728 2 9 26 
1722 3 10 26 
1540 4 5 26 
1444 5 4 26 
1428 7 4 26 
1366 7 18 26 
1242 8 5 26 
1156 8 17 26 
822 8 19 26 
504 15 18 26 
344 16 19 26 
144 17 18 26 
138 18 17 26 
97 19 16 26 
5620 2 8 26 
5608 3 7 26 
4949 3 9 26 
4930 4 6 26 
4711 4 10 26 
4678 5 5 26 
4609 6 4 26 
4596 6 12 26 
4528 7 5 26 
4495 8 6 26 
4417 8 18 26 
4387 9 19 26 
4156 16 18 26 
3828 17 17 26 
3368 18 16 26 
3302 19 15 26 
2978 3 8 26 
2870 4 7 26 
2801 4 9 26 
2765 5 6 26 
2699 5 10 26 
2525 6 5 26 
2314 6 13 26 
2137 7 6 26 
2127 7 12 26 
2052 9 18 26 
1829 10 19 26 
801 14 15 26 
790 16 17 26 
726 17 16 26 
435 18 15 26 
380 19 10 26 
224 19 14 26 
187 4 8 26 
86 5 7 26 
84 5 9 26 
5932 6 6 26 
5892 6 14 26 
5551 7 13 26 
4729 7 15 26 
4598 9 17 26 
4587 10 18 26 
3808 14 14 26 
3495 15 15 26 
3384 16 16 26 
3236 17 15 26 
2974 18 10 26 
2661 18 14 26 
1928 19 11 26 
1837 19 13 26 
1714 5 8 26 
1644 6 7 26 
1369 6 11 26 
1284 7 14 26 
837 8 15 26 
320 9 16 26 
53 10 17 26 
5834 15 14 26 
5764 16 15 26 
5340 17 10 26 
5339 17 14 26 
5222 18 11 26 
5115 18 13 26 
4819 19 12 26 
4769 6 8 26 
4451 6 10 26 
3989 7 7 26 
3443 7 11 26 
3377 8 14 26 
3322 9 5 26 
3282 9 15 26 
3167 10 16 26 
3156 16 14 26 
3056 17 11 26 
2817 17 13 26 
2804 18 12 26 
2665 6 9 26 
2508 7 8 26 
2209 7 10 26 
2155 8 7 26 
1904 8 11 26 
1859 8 13 26 
1839 9 6 26 
1638 9 14 26 
1244 10 5 26 
1216 10 15 26 
1143 14 13 26 
1132 16 13 26 
1079 17 12 26 
985 7 9 26 
824 8 8 26 
672 8 10 26 
616 8 12 26 
509 9 7 26 
390 9 11 26 
268 9 13 26 
5864 10 6 26 
5814 10 14 26 
5632 11 15 26 
5569 13 15 26 
5269 14 12 26 
5246 15 13 26 
4838 16 12 26 
4806 8 9 26 
4679 9 8 26 
4487 9 10 26 
4434 9 12 26 
4225 10 7 26 
3995 10 13 26 
3535 11 14 26 
3493 12 15 26 
3378 13 14 26 
3343 14 11 26 
3137 15 12 26 
3100 16 11 26 
3017 9 9 26 
2853 10 8 26 
2526 10 12 26 
2295 11 13 26 
2058 12 14 26 
1997 13 13 26 
1934 15 11 26 
1851 16 10 26 
669 10 9 26 
5746 10 11 26 
5710 11 12 26 
5511 12 13 26 
5504 13 12 26 
4857 15 10 26 
4684 10 10 26 
3987 11 9 26 
3774 11 11 26 
3389 12 12 26 
3205 13 11 26 
3075 14 10 26 
2339 15 9 26 
1777 11 10 26 
1504 12 11 26 
1104 13 10 26 
943 14 9 26 
288 15 8 26 
137 12 10 26 
133 13 9 26 
5915 14 8 26 
5311 11 8 26 
5277 12 9 26 
5214 13 8 26 
5067 11 5 26 
4889 11 7 26 
4702 12 8 26 
4638 11 6 26 
4624 12 5 26 
4496 12 7 26 
3911 12 6 26 
3886 13 5 26 
3139 13 7 26 
3087 19 9 26 
2898 13 6 26 
1790 14 5 26 
1135 14 7 26 
5878 16 9 26 
5872 18 9 26 
5491 19 8 26 
5349 14 6 26 
5160 15 7 26 
4884 16 8 26 
4545 17 9 26 
4206 18 8 26 
3923 19 7 26 
2940 15 6 26 
2585 16 7 26 
2189 17 8 26 
2178 18 7 26 
1408 19 6 26 
1180 15 5 26 
745 16 6 26 
622 17 7 26 
496 18 6 26 
92 19 5 26 
78 15 4 26 
62 16 5 26 
5796 17 6 26 
5544 18 5 26 
4898 19 0 26 
4883 19 4 26 
4461 16 4 26 
3860 17 5 26 
3662 18 0 26 
3228 18 4 26 
2809 19 1 26 
2537 19 3 26 
2297 17 0 26 
1662 17 4 26 
1445 18 1 26 
1391 18 3 26 
1368 19 2 26 
1271 17 1 26 
1194 17 3 26 
1166 18 2 26 
809 9 4 26 
729 11 4 26 
635 16 3 26 
518 17 2 26 
25 9 3 26 
5645 10 4 26 
5224 11 3 26 
5107 12 4 26 
5031 14 4 26 
4944 15 3 26 
4519 16 2 26 
4432 9 2 26 
3831 10 3 26 
3358 12 3 26 
2009 13 4 26 
2003 14 3 26 
872 15 2 26 
5945 16 1 26 
4945 9 1 26 
4741 10 2 26 
4075 13 3 26 
3897 14 2 26 
3133 15 1 26 
2049 16 0 26 
1542 9 0 26 
1484 10 1 26 
1113 11 2 26 
330 13 2 26 
49 14 1 26 
5655 15 0 26 
5465 10 0 26 
5263 11 1 26 
4682 12 2 26 
4558 13 1 26 
3234 14 0 26 
1811 11 0 26 
1655 12 1 26 
338 13 0 26 
4220 12 0 26 
1946 18 1 41 
442 17 8 42 
693 18 8 42 
3064 13 6 43 
5896 12 6 43 
3717 13 9 44 
377 14 9 44 
826 12 13 44 
1469 12 14 45 
5943 15 12 45 
160 9 13 46 
3106 7 8 46 
4284 9 14 46 
5663 18 11 46 
2115 5 7 48 
5565 4 9 48 
5803 5 11 51 
5666 4 11 51 
5657 5 12 51 
5578 3 11 51 
5332 4 12 51 
4927 5 13 51 
4807 0 11 51 
4701 2 11 51 
4395 3 12 51 
4281 4 13 51 
3581 5 14 51 
3298 0 12 51 
3221 1 11 51 
3219 2 12 51 
2989 3 13 51 
2253 4 14 51 
2103 0 13 51 
1645 0 19 51 
1455 1 12 51 
1246 2 13 51 
1218 2 19 51 
1196 3 14 51 
1181 0 0 51 
1176 0 14 51 
1015 0 18 51 
838 1 13 51 
819 1 19 51 
793 2 14 51 
773 2 18 51 
460 0 1 51 
328 0 15 51 
259 0 17 51 
88 1 0 51 
5415 1 14 51 
5387 1 18 51 
5032 2 17 51 
4676 3 0 51 
4562 0 2 51 
4502 0 16 51 
4412 1 1 51 
4190 1 15 51 
4089 1 17 51 
4025 2 0 51 
3719 3 1 51 
3699 0 3 51 
3310 1 2 51 
3058 1 16 51 
2845 2 1 51 
2709 2 15 51 
2494 3 2 51 
2394 1 3 51 
2144 2 2 51 
1892 2 16 51 
1846 3 3 51 
1681 3 15 51 
1489 3 19 51 
1255 4 0 51 
1251 11 19 51 
530 2 3 51 
482 3 4 51 
428 3 16 51 
373 3 18 51 
240 4 1 51 
228 4 15 51 
214 4 19 51 
48 5 0 51 
5824 11 16 51 
5696 11 18 51 
5599 12 19 51 
5466 0 4 51 
5256 2 4 51 
4730 3 5 51 
4450 3 17 51 
4382 4 2 51 
4254 4 16 51 
4219 4 18 51 
4065 5 1 51 
3984 5 15 51 
3956 5 19 51 
3881 6 0 51 
3873 8 0 51 
3801 11 17 51 
3778 12 16 51 
3613 12 18 51 
3572 13 19 51 
3454 0 5 51 
3174 1 4 51 
2875 2 5 51 
2846 3 6 51 
2777 4 3 51 
2742 4 17 51 
2263 5 2 51 
2110 5 16 51 
2090 5 18 51 
1952 6 1 51 
1792 6 15 51 
1769 6 19 51 
1611 7 0 51 
1388 8 1 51 
1159 12 17 51 
1039 13 16 51 
950 13 18 51 
581 0 6 51 
480 0 10 51 
5799 1 5 51 
5687 2 6 51 
5431 5 3 51 
5150 5 17 51 
4956 6 2 51 
4781 6 16 51 
4536 6 18 51 
4268 7 1 51 
4235 8 2 51 
4234 13 17 51 
3863 14 16 51 
3480 19 19 51 
3336 0 7 51 
3264 0 9 51 
3059 1 6 51 
3023 1 10 51 
2586 6 3 51 
2584 6 17 51 
2547 7 2 51 
2436 7 16 51 
1880 8 3 51 
1467 14 17 51 
1335 14 19 51 
1289 15 16 51 
1228 18 19 51 
959 19 18 51 
884 0 8 51 
830 1 7 51 
740 1 9 51 
680 2 10 51 
487 4 4 51 
399 7 3 51 
360 7 17 51 
5955 7 19 51 
5827 8 4 51 
5682 8 16 51 
5155 14 18 51 
4967 15 17 51 
4958 15 19 51 
4920 17 19 51 
4518 18 18 51 
4405 19 17 51 
4232 1 8 51 
4094 2 7 51 
4037 2 9 51 
4006 3 10 51 
3683 4 5 51 
3260 5 4 51 
3030 7 4 51 
2856 7 18 51 
2517 8 5 51 
2123 8 17 51 
2047 8 19 51 
1998 15 18 51 
1659 16 19 51 
1580 17 18 51 
1555 18 17 51 
1490 19 16 51 
1008 2 8 51 
654 3 7 51 
345 3 9 51 
336 4 6 51 
249 4 10 51 
4 5 5 51 
5903 6 4 51 
5862 6 12 51 
5411 7 5 51 
5323 8 6 51 
5221 8 18 51 
5183 9 19 51 
5093 16 18 51 
5052 17 17 51 
4991 18 16 51 
4848 19 15 51 
4750 3 8 51 
4548 4 7 51 
4153 4 9 51 
2966 5 6 51 
2800 5 10 51 
2745 6 5 51 
2666 6 13 51 
1763 7 6 51 
1351 7 12 51 
1327 9 18 51 
1182 10 19 51 
808 14 15 51 
708 16 17 51 
29 17 16 51 
5440 18 15 51 
5437 19 10 51 
5152 19 14 51 
5116 4 8 51 
4331 5 7 51 
4223 5 9 51 
4193 6 6 51 
4113 6 14 51 
4076 7 13 51 
3847 7 15 51 
3836 9 17 51 
3682 10 18 51 
3540 14 14 51 
3288 15 15 51 
3011 16 16 51 
2986 17 15 51 
2894 18 10 51 
2523 18 14 51 
2520 19 11 51 
2334 19 13 51 
2130 5 8 51 
1103 6 7 51 
874 6 11 51 
440 7 14 51 
350 8 15 51 
215 9 16 51 
5793 10 17 51 
5685 15 14 51 
5326 16 15 51 
5259 17 10 51 
5193 17 14 51 
5097 18 11 51 
5007 18 13 51 
4981 19 12 51 
4829 6 8 51 
4477 6 10 51 
4095 7 7 51 
3827 7 11 51 
2701 8 14 51 
2640 9 5 51 
2543 9 15 51 
2466 10 16 51 
2187 16 14 51 
2086 17 11 51 
2046 17 13 51 
1752 18 12 51 
1658 6 9 51 
1629 7 8 51 
1033 7 10 51 
978 8 7 51 
890 8 11 51 
764 8 13 51 
400 9 6 51 
347 9 14 51 
205 10 5 51 
146 10 15 51 
5876 14 13 51 
5836 16 13 51 
5829 17 12 51 
5821 7 9 51 
5734 8 8 51 
5530 8 10 51 
5159 8 12 51 
4522 9 7 51 
4444 9 11 51 
4375 9 13 51 
4350 10 6 51 
4271 10 14 51 
4261 11 15 51 
4150 13 15 51 
4043 14 12 51 
3954 15 13 51 
3953 16 12 51 
3341 8 9 51 
2747 9 8 51 
2529 9 10 51 
2062 9 12 51 
2032 10 7 51 
1796 10 13 51 
1685 11 14 51 
1566 12 15 51 
1378 13 14 51 
990 14 11 51 
909 15 12 51 
213 16 11 51 
5505 9 9 51 
5463 10 8 51 
5258 10 12 51 
5074 11 13 51 
4896 12 14 51 
4873 13 13 51 
4822 15 11 51 
4549 16 10 51 
4249 10 9 51 
4027 10 11 51 
4013 11 12 51 
3832 12 13 51 
3568 13 12 51 
3406 15 10 51 
3016 10 10 51 
2957 11 9 51 
2254 11 11 51 
2198 12 12 51 
1459 13 11 51 
938 14 10 51 
714 15 9 51 
563 11 10 51 
513 12 11 51 
394 13 10 51 
178 14 9 51 
5662 15 8 51 
5568 12 10 51 
5267 13 9 51 
5163 14 8 51 
4703 11 8 51 
4618 12 9 51 
4582 13 8 51 
4551 11 5 51 
4515 11 7 51 
4295 12 8 51 
4203 11 6 51 
3736 12 5 51 
3706 12 7 51 
3647 12 6 51 
3498 13 5 51 
3008 13 7 51 
3004 19 9 51 
2983 13 6 51 
2358 14 5 51 
1808 14 7 51 
1774 16 9 51 
1668 18 9 51 
1576 19 8 51 
1115 14 6 51 
984 15 7 51 
639 16 8 51 
386 17 9 51 
5983 18 8 51 
5688 19 7 51 
4811 15 6 51 
4654 16 7 51 
4570 17 8 51 
4007 18 7 51 
3792 19 6 51 
3350 15 5 51 
3258 16 6 51 
2650 17 7 51 
2443 18 6 51 
2383 19 5 51 
2241 15 4 51 
2164 16 5 51 
2162 17 6 51 
1832 18 5 51 
1589 19 0 51 
1586 19 4 51 
1518 16 4 51 
1319 17 5 51 
1300 18 0 51 
1141 18 4 51 
882 19 1 51 
667 19 3 51 
367 17 0 51 
5319 17 4 51 
4578 18 1 51 
4481 18 3 51 
3916 19 2 51 
3887 17 1 51 
3763 17 3 51 
3375 18 2 51 
3207 9 4 51 
3019 11 4 51 
1358 16 3 51 
1125 17 2 51 
851 9 3 51 
839 10 4 51 
810 11 3 51 
584 12 4 51 
300 14 4 51 
5643 15 3 51 
4473 16 2 51 
4410 9 2 51 
3914 10 3 51 
3758 12 3 51 
2607 13 4 51 
2579 14 3 51 
2478 15 2 51 
2313 16 1 51 
2264 9 1 51 
1399 10 2 51 
1165 13 3 51 
791 14 2 51 
689 15 1 51 
352 16 0 51 
123 9 0 51 
5898 10 1 51 
5844 11 2 51 
4687 13 2 51 
3388 14 1 51 
2024 15 0 51 
1069 10 0 51 
395 11 1 51 
5636 12 2 51 
4629 13 1 51 
3474 14 0 51 
3005 11 0 51 
232 12 1 51 
5556 13 0 51 
5166 12 0 51 
1888 18 1 66 
2903 17 8 67 
4448 18 8 67 
152 13 6 68 
1084 12 6 68 
4813 13 9 68 
2015 14 9 69 
1095 12 13 69 
2033 12 14 69 
4802 15 12 70 
3121 9 13 70 
4630 7 8 71 
76 9 14 71 
2524 18 11 71 
925 5 7 72 
5946 5 11 76 
5841 4 11 76 
5355 5 12 76 
5226 3 11 76 
4783 4 12 76 
4472 5 13 76 
4098 0 11 76 
3563 2 11 76 
3531 3 12 76 
3196 4 13 76 
3175 5 14 76 
3091 0 12 76 
3044 1 11 76 
3021 2 12 76 
2947 3 13 76 
2696 4 14 76 
2536 0 13 76 
2223 0 19 76 
1848 1 12 76 
1807 2 13 76 
1670 2 19 76 
1609 3 14 76 
1238 0 0 76 
1167 0 14 76 
934 0 18 76 
922 1 13 76 
913 1 19 76 
727 2 14 76 
600 2 18 76 
508 0 1 76 
387 0 15 76 
5918 0 17 76 
5848 1 0 76 
5804 1 14 76 
5776 1 18 76 
5705 2 17 76 
5671 3 0 76 
5409 0 2 76 
5385 0 16 76 
5342 1 1 76 
5058 1 15 76 
4986 1 17 76 
4951 2 0 76 
4739 3 1 76 
4683 0 3 76 
4599 1 2 76 
4277 1 16 76 
4133 2 1 76 
3695 2 15 76 
3600 3 2 76 
3476 1 3 76 
3088 2 2 76 
3074 2 16 76 
3015 3 3 76 
2900 3 15 76 
2761 3 19 76 
2644 4 0 76 
2329 11 19 76 
2045 2 3 76 
1788 3 4 76 
1622 3 16 76 
1505 3 18 76 
1466 4 1 76 
1435 4 15 76 
1279 4 19 76 
1057 5 0 76 
1024 11 16 76 
1006 11 18 76 
1005 12 19 76 
868 0 4 76 
752 2 4 76 
490 3 5 76 
439 3 17 76 
396 4 2 76 
334 4 16 76 
192 4 18 76 
189 5 1 76 
5179 5 15 76 
5134 5 19 76 
4810 6 0 76 
4798 8 0 76 
4621 11 17 76 
4408 12 16 76 
4334 12 18 76 
4115 13 19 76 
4086 0 5 76 
3210 1 4 76 
3110 2 5 76 
3072 3 6 76 
2994 4 3 76 
2768 4 17 76 
2730 5 2 76 
2715 5 16 76 
2674 5 18 76 
2611 6 1 76 
2541 6 15 76 
2489 6 19 76 
2369 7 0 76 
2327 8 1 76 
1983 12 17 76 
1914 13 16 76 
1870 13 18 76 
1554 0 6 76 
1448 0 10 76 
1357 1 5 76 
1119 2 6 76 
1063 5 3 76 
846 5 17 76 
820 6 2 76 
624 6 16 76 
323 6 18 76 
294 7 1 76 
200 8 2 76 
57 13 17 76 
5942 14 16 76 
5819 19 19 76 
5694 0 7 76 
5675 0 9 76 
5281 1 6 76 
5206 1 10 76 
5126 6 3 76 
5056 6 17 76 
4740 7 2 76 
4606 7 16 76 
4483 8 3 76 
4369 14 17 76 
4041 14 19 76 
3843 15 16 76 
3675 18 19 76 
3669 19 18 76 
3595 0 8 76 
3348 1 7 76 
3220 1 9 76 
3040 2 10 76 
2970 4 4 76 
2842 7 3 76 
2620 7 17 76 
1506 7 19 76 
1473 8 4 76 
1201 8 16 76 
1111 14 18 76 
1029 15 17 76 
792 15 19 76 
643 17 19 76 
562 18 18 76 
263 19 17 76 
5934 1 8 76 
5714 2 7 76 
5557 2 9 76 
5397 3 10 76 
4932 4 5 76 
4613 5 4 76 
4469 7 4 76 
4177 7 18 76 
4138 8 5 76 
4114 8 17 76 
4049 8 19 76 
3823 15 18 76 
3812 16 19 76 
3773 17 18 76 
3716 18 17 76 
3678 19 16 76 
3459 2 8 76 
3177 3 7 76 
3035 3 9 76 
2424 4 6 76 
2016 4 10 76 
1836 5 5 76 
1773 6 4 76 
1620 6 12 76 
1375 7 5 76 
483 8 6 76 
270 8 18 76 
5980 9 19 76 
5893 16 18 76 
5446 17 17 76 
5328 18 16 76 
5119 19 15 76 
4882 3 8 76 
4389 4 7 76 
3906 4 9 76 
3262 5 6 76 
3169 5 10 76 
3143 6 5 76 
3080 6 13 76 
2955 7 6 76 
2806 7 12 76 
2722 9 18 76 
2675 10 19 76 
2486 14 15 76 
1493 16 17 76 
1422 17 16 76 
1360 18 15 76 
1353 19 10 76 
1058 19 14 76 
690 4 8 76 
655 5 7 76 
255 5 9 76 
199 6 6 76 
105 6 14 76 
5948 7 13 76 
5870 7 15 76 
5535 9 17 76 
5518 10 18 76 
5325 14 14 76 
5320 15 15 76 
5278 16 16 76 
5080 17 15 76 
4931 18 10 76 
4731 18 14 76 
4207 19 11 76 
4201 19 13 76 
3623 5 8 76 
3261 6 7 76 
3254 6 11 76 
3162 7 14 76 
3043 8 15 76 
2600 9 16 76 
2563 10 17 76 
2401 15 14 76 
2193 16 15 76 
1949 17 10 76 
1941 17 14 76 
1727 18 11 76 
1684 18 13 76 
1631 19 12 76 
1520 6 8 76 
1322 6 10 76 
1297 7 7 76 
538 7 11 76 
451 8 14 76 
180 9 5 76 
131 9 15 76 
126 10 16 76 
5897 16 14 76 
5882 17 11 76 
5721 17 13 76 
5686 18 12 76 
5566 6 9 76 
5490 7 8 76 
5412 7 10 76 
5388 8 7 76 
4424 8 11 76 
4309 8 13 76 
4307 9 6 76 
3957 9 14 76 
3752 10 5 76 
3339 10 15 76 
3290 14 13 76 
3241 16 13 76 
3039 17 12 76 
2861 7 9 76 
2756 8 8 76 
2659 8 10 76 
2599 8 12 76 
2340 9 7 76 
2135 9 11 76 
1944 9 13 76 
1603 10 6 76 
1215 10 14 76 
660 11 15 76 
502 13 15 76 
333 14 12 76 
5855 15 13 76 
5762 16 12 76 
4419 8 9 76 
4332 9 8 76 
4243 9 10 76 
4204 9 12 76 
3723 10 7 76 
3560 10 13 76 
3330 11 14 76 
3014 12 15 76 
2837 13 14 76 
2646 14 11 76 
1705 15 12 76 
1634 16 11 76 
1528 9 9 76 
1184 10 8 76 
956 10 12 76 
954 11 13 76 
746 12 14 76 
649 13 13 76 
229 15 11 76 
168 16 10 76 
149 10 9 76 
142 10 11 76 
5792 11 12 76 
5621 12 13 76 
5547 13 12 76 
5352 15 10 76 
4653 10 10 76 
4634 11 9 76 
4105 11 11 76 
3549 12 12 76 
3239 13 11 76 
3170 14 10 76 
2932 15 9 76 
2427 11 10 76 
2167 12 11 76 
2008 13 10 76 
1778 14 9 76 
904 15 8 76 
811 12 10 76 
254 13 9 76 
11 14 8 76 
5863 11 8 76 
5539 12 9 76 
4863 13 8 76 
4764 11 5 76 
4688 11 7 76 
4655 12 8 76 
4563 11 6 76 
3852 12 5 76 
3315 12 7 76 
3148 12 6 76 
2352 13 5 76 
2147 13 7 76 
1696 19 9 76 
1420 13 6 76 
1171 14 5 76 
836 14 7 76 
814 16 9 76 
473 18 9 76 
361 19 8 76 
317 14 6 76 
5910 15 7 76 
5830 16 8 76 
5545 17 9 76 
5496 18 8 76 
5492 19 7 76 
5436 15 6 76 
5341 16 7 76 
5262 17 8 76 
5132 18 7 76 
3450 19 6 76 
3186 15 5 76 
2108 16 6 76 
1691 17 7 76 
1468 18 6 76 
795 19 5 76 
756 15 4 76 
583 16 5 76 
414 17 6 76 
32 18 5 76 
5890 19 0 76 
5861 19 4 76 
5680 16 4 76 
5607 17 5 76 
5297 18 0 76 
5081 18 4 76 
4880 19 1 76 
4864 19 3 76 
4804 17 0 76 
4398 17 4 76 
4360 18 1 76 
4054 18 3 76 
3469 19 2 76 
1596 17 1 76 
1561 17 3 76 
1268 18 2 76 
699 9 4 76 
663 11 4 76 
5924 16 3 76 
5902 17 2 76 
5869 9 3 76 
4799 10 4 76 
4543 11 3 76 
4436 12 4 76 
4191 14 4 76 
3946 15 3 76 
3565 16 2 76 
2152 9 2 76 
2039 10 3 76 
1833 12 3 76 
920 13 4 76 
95 14 3 76 
5484 15 2 76 
5392 16 1 76 
4828 9 1 76 
4474 10 2 76 
3111 13 3 76 
3070 14 2 76 
2987 15 1 76 
1283 16 0 76 
1263 9 0 76 
5885 10 1 76 
5375 11 2 76 
5180 13 2 76 
4872 14 1 76 
4736 15 0 76 
2931 10 0 76 
2833 11 1 76 
2006 12 2 76 
1080 13 1 76 
1078 14 0 76 
931 11 0 76 
5994 12 1 76 
5610 13 0 76 
5507 12 0 76 
1299 18 1 91 
1819 17 8 92 
905 18 8 92 
4324 13 6 93 
4765 12 6 93 
449 13 9 94 
1235 14 9 94 
4784 12 13 94 
4666 12 14 95 
5219 15 12 95 
3786 9 13 96 
408 7 8 96 
1680 9 14 96 
2081 18 11 97 
63 5 7 98 
520 4 9 98 
