1838
4796 19 13 1 
4389 19 19 1 
4300 18 13 1 
4271 18 19 1 
3904 19 14 1 
3403 19 18 1 
3257 9 19 1 
3247 17 13 1 
3138 17 19 1 
2974 18 14 1 
2885 18 18 1 
2702 19 15 1 
2339 19 17 1 
2073 9 18 1 
1799 10 19 1 
1780 16 13 1 
1484 16 19 1 
977 17 14 1 
928 17 18 1 
732 18 15 1 
4821 18 17 1 
4434 19 16 1 
4162 9 17 1 
4138 10 18 1 
4088 11 19 1 
3943 15 13 1 
3764 15 19 1 
3667 16 14 1 
3633 16 18 1 
3552 17 15 1 
3473 17 17 1 
3429 18 16 1 
3266 0 13 1 
3120 0 19 1 
2973 9 16 1 
2845 10 17 1 
2585 11 18 1 
2570 12 19 1 
2008 14 19 1 
1456 15 14 1 
1208 15 18 1 
782 16 15 1 
727 16 17 1 
666 17 16 1 
575 0 14 1 
500 0 18 1 
444 1 13 1 
321 1 19 1 
139 9 15 1 
4809 10 16 1 
4531 11 17 1 
4379 12 18 1 
4279 13 19 1 
4116 14 18 1 
3687 15 15 1 
3333 15 17 1 
3144 16 16 1 
3039 0 15 1 
3023 0 17 1 
2859 1 14 1 
2720 1 18 1 
2652 2 13 1 
2553 2 19 1 
2500 9 14 1 
2347 10 15 1 
2269 11 16 1 
2156 12 17 1 
1696 13 18 1 
1511 14 17 1 
1478 15 16 1 
1406 19 0 1 
1330 0 0 1 
1319 0 16 1 
1028 1 15 1 
1009 1 17 1 
631 2 14 1 
608 2 18 1 
589 3 13 1 
338 3 19 1 
91 6 0 1 
4484 10 14 1 
4395 11 15 1 
4359 12 16 1 
4304 13 17 1 
4268 14 16 1 
4267 18 0 1 
4221 19 1 1 
4062 0 1 1 
4029 1 0 1 
3947 1 16 1 
3868 2 15 1 
3792 2 17 1 
3748 3 14 1 
3694 3 18 1 
3671 4 13 1 
3234 4 19 1 
3167 5 0 1 
3145 6 1 1 
3114 8 19 1 
2926 10 13 1 
2864 11 14 1 
2839 12 15 1 
2823 13 16 1 
2787 14 15 1 
2546 15 0 1 
2446 17 0 1 
2376 18 1 1 
2111 19 2 1 
2041 0 2 1 
1744 0 8 1 
1367 1 1 1 
962 2 0 1 
878 2 16 1 
697 3 15 1 
566 3 17 1 
192 4 0 1 
4807 4 14 1 
4782 4 18 1 
4523 5 1 1 
4272 5 19 1 
4269 6 2 1 
4093 7 19 1 
3769 8 18 1 
3749 10 12 1 
3746 11 13 1 
3706 12 14 1 
3556 13 15 1 
3400 14 14 1 
3381 15 1 1 
3237 16 0 1 
3221 17 1 1 
3151 18 2 1 
2657 19 3 1 
2507 0 3 1 
2375 0 7 1 
2352 1 2 1 
2303 1 8 1 
2261 2 1 1 
2059 3 0 1 
1995 3 16 1 
1946 4 1 1 
1777 4 15 1 
1245 4 17 1 
1232 5 2 1 
1221 5 14 1 
1161 5 18 1 
1133 6 19 1 
1038 7 18 1 
866 8 17 1 
680 10 11 1 
664 11 12 1 
252 12 13 1 
112 13 14 1 
4729 14 13 1 
4712 15 2 1 
4697 16 1 1 
4614 17 2 1 
4298 18 3 1 
4027 19 4 1 
3990 19 12 1 
3918 0 4 1 
3734 0 6 1 
3461 0 12 1 
2548 1 3 1 
2498 1 7 1 
2483 2 2 1 
2372 2 8 1 
2225 3 1 1 
2152 4 2 1 
1805 4 16 1 
1440 5 15 1 
1248 5 17 1 
1166 6 18 1 
926 7 17 1 
699 8 16 1 
317 10 10 1 
126 11 11 1 
37 12 12 1 
4610 13 13 1 
4381 15 3 1 
3822 16 2 1 
3686 17 3 1 
3608 18 4 1 
3282 18 12 1 
3256 19 5 1 
3132 19 11 1 
3107 0 5 1 
2857 0 11 1 
2847 1 4 1 
2676 1 6 1 
2605 1 12 1 
2165 2 3 1 
2133 2 7 1 
1804 3 2 1 
1450 3 8 1 
1364 5 16 1 
1000 6 17 1 
932 7 16 1 
707 8 15 1 
672 11 10 1 
370 12 11 1 
288 13 12 1 
218 15 4 1 
144 16 3 1 
4788 17 4 1 
4625 17 12 1 
4385 18 5 1 
4338 18 11 1 
3858 19 6 1 
3705 19 10 1 
3669 0 10 1 
3659 1 5 1 
3535 1 11 1 
3275 2 4 1 
3223 2 6 1 
2942 2 12 1 
2861 3 3 1 
2593 3 7 1 
2460 4 8 1 
2334 6 16 1 
1953 7 15 1 
1817 8 14 1 
1750 9 13 1 
1542 12 10 1 
1455 13 11 1 
1204 14 12 1 
1168 15 5 1 
1156 16 4 1 
1136 16 12 1 
1125 17 5 1 
809 17 11 1 
763 18 6 1 
704 18 10 1 
379 19 7 1 
241 19 9 1 
237 0 9 1 
232 1 10 1 
111 2 5 1 
4489 2 11 1 
4168 3 4 1 
3989 3 6 1 
3986 3 12 1 
3818 4 3 1 
3747 4 7 1 
3075 6 15 1 
2854 7 14 1 
2659 8 13 1 
2602 9 12 1 
2544 13 10 1 
2134 14 11 1 
2117 15 12 1 
1816 16 5 1 
1749 16 11 1 
1099 17 6 1 
1010 17 10 1 
496 18 7 1 
30 18 9 1 
4731 19 8 1 
4569 1 9 1 
4230 2 10 1 
4131 3 5 1 
3972 3 11 1 
3690 4 4 1 
3427 4 6 1 
3404 4 12 1 
3369 5 3 1 
3297 5 13 1 
3139 6 14 1 
3018 7 13 1 
2888 8 12 1 
2697 9 11 1 
2666 14 10 1 
2467 15 11 1 
2346 16 6 1 
2317 16 10 1 
2174 17 7 1 
2085 17 9 1 
2047 18 8 1 
2026 2 9 1 
1918 3 10 1 
1774 4 5 1 
1715 4 11 1 
1642 5 4 1 
1606 5 12 1 
1356 6 3 1 
1017 6 13 1 
856 7 12 1 
49 8 11 1 
4645 15 10 1 
4419 16 7 1 
4362 16 9 1 
4249 17 8 1 
4167 3 9 1 
4121 4 10 1 
4049 5 5 1 
3905 5 11 1 
3737 6 4 1 
3456 6 12 1 
3187 7 11 1 
2470 15 9 1 
2335 16 8 1 
2244 4 9 1 
2239 5 6 1 
2162 5 10 1 
2071 6 5 1 
1736 6 11 1 
1705 14 5 1 
1669 14 9 1 
1572 15 6 1 
1570 15 8 1 
1403 5 7 1 
1355 5 9 1 
1288 6 6 1 
784 6 10 1 
757 7 5 1 
99 13 5 1 
4724 13 9 1 
4578 14 6 1 
4536 14 8 1 
4423 15 7 1 
3925 5 8 1 
3881 6 7 1 
3573 6 9 1 
3566 7 6 1 
3239 7 10 1 
3035 12 5 1 
2805 12 9 1 
2628 13 6 1 
2549 13 8 1 
1603 14 7 1 
1321 6 8 1 
1177 7 7 1 
1101 7 9 1 
953 8 10 1 
802 11 9 1 
768 12 6 1 
387 12 8 1 
170 13 7 1 
57 14 0 1 
4564 7 8 1 
3980 8 9 1 
3723 9 10 1 
3480 10 9 1 
3443 11 8 1 
2574 12 7 1 
2222 13 0 1 
2185 14 1 1 
1279 8 8 1 
1031 9 9 1 
1023 10 8 1 
973 11 7 1 
949 12 0 1 
714 13 1 1 
594 14 2 1 
4499 14 4 1 
4473 8 7 1 
4302 9 8 1 
4148 10 7 1 
3758 11 0 1 
3399 11 6 1 
2931 12 1 1 
2641 13 2 1 
2010 13 4 1 
1961 14 3 1 
950 8 6 1 
201 9 7 1 
185 10 6 1 
109 11 1 1 
39 11 5 1 
4450 12 2 1 
4075 12 4 1 
3924 13 3 1 
3447 7 4 1 
3150 8 5 1 
2646 9 6 1 
2604 10 5 1 
2601 11 2 1 
2367 11 4 1 
2186 12 3 1 
1648 7 3 1 
1261 8 4 1 
1235 9 5 1 
793 10 4 1 
585 11 3 1 
168 7 2 1 
4456 8 3 1 
4325 9 4 1 
4043 10 3 1 
3454 7 1 1 
2409 8 2 1 
2262 9 3 1 
1499 10 2 1 
702 7 0 1 
4593 8 1 1 
4495 9 2 1 
3538 10 1 1 
1810 8 0 1 
88 9 1 1 
74 10 0 1 
4719 9 0 1 
2482 9 1 12 
325 8 1 12 
1044 9 2 12 
649 8 2 13 
2145 9 3 13 
850 8 3 13 
1393 10 4 14 
1459 9 6 14 
3696 10 5 14 
1095 12 3 14 
115 9 7 15 
1271 12 2 14 
1344 13 3 14 
3898 9 8 15 
1397 12 1 15 
1651 13 2 15 
3206 10 8 16 
3273 13 1 16 
3496 8 9 16 
1076 11 8 16 
1460 6 8 17 
1608 7 9 17 
3675 12 8 17 
4196 13 7 17 
4463 6 7 17 
4584 6 9 17 
3163 13 6 17 
3956 13 8 17 
384 14 7 17 
401 6 6 18 
440 14 8 17 
1193 5 10 18 
1597 4 10 18 
1999 5 11 18 
2645 6 12 18 
3253 3 10 19 
3654 4 11 19 
304 5 4 19 
486 7 12 19 
1820 16 9 18 
2095 17 8 18 
2584 2 10 19 
3041 3 11 19 
3921 4 4 19 
260 7 13 19 
632 8 12 19 
1611 15 11 19 
1764 16 10 19 
1966 17 7 19 
2495 17 9 19 
2896 18 8 19 
3238 1 10 21 
3681 2 11 20 
4261 3 6 20 
4440 7 14 20 
215 14 11 20 
779 16 11 20 
792 17 6 20 
2078 17 10 20 
3528 18 7 20 
3991 18 9 20 
4666 1 11 21 
4816 19 13 26 
4398 19 19 26 
4273 18 13 26 
4235 18 19 26 
3998 19 14 26 
3160 19 18 26 
2923 9 19 26 
2525 17 13 26 
2306 17 19 26 
2139 18 14 26 
2132 18 18 26 
2101 19 15 26 
1965 19 17 26 
1932 9 18 26 
1911 10 19 26 
1858 16 13 26 
1792 16 19 26 
1521 17 14 26 
1339 17 18 26 
1258 18 15 26 
1070 18 17 26 
1030 19 16 26 
837 9 17 26 
489 10 18 26 
19 11 19 26 
11 15 13 26 
4834 15 19 26 
4631 16 14 26 
4598 16 18 26 
4009 17 15 26 
3888 17 17 26 
3745 18 16 26 
3517 0 13 26 
3491 0 19 26 
3361 9 16 26 
2940 10 17 26 
2899 11 18 26 
2889 12 19 26 
2644 14 19 26 
2578 15 14 26 
2455 15 18 26 
2285 16 15 26 
1988 16 17 26 
1967 17 16 26 
1850 0 14 26 
1493 0 18 26 
1077 1 13 26 
1035 1 19 26 
892 9 15 26 
848 10 16 26 
716 11 17 26 
580 12 18 26 
557 13 19 26 
411 14 18 26 
393 15 15 26 
315 15 17 26 
312 16 16 26 
270 0 15 26 
4672 0 17 26 
4477 1 14 26 
4326 1 18 26 
4276 2 13 26 
4241 2 19 26 
4182 9 14 26 
3919 10 15 26 
3763 11 16 26 
3715 12 17 26 
3602 13 18 26 
3597 14 17 26 
3588 15 16 26 
3583 19 0 26 
3527 0 0 26 
3479 0 16 26 
3437 1 15 26 
3233 1 17 26 
2925 2 14 26 
2916 2 18 26 
2894 3 13 26 
2801 3 19 26 
2768 6 0 26 
2690 10 14 26 
2563 11 15 26 
2502 12 16 26 
2378 13 17 26 
2329 14 16 26 
2297 18 0 26 
1973 19 1 26 
1962 0 1 26 
1869 1 0 26 
1639 1 16 26 
1501 2 15 26 
1255 2 17 26 
1169 3 14 26 
914 3 18 26 
800 4 13 26 
576 4 19 26 
555 5 0 26 
375 6 1 26 
352 8 19 26 
198 10 13 26 
4776 11 14 26 
4589 12 15 26 
4471 13 16 26 
4340 14 15 26 
4262 15 0 26 
4099 17 0 26 
4000 18 1 26 
3920 19 2 26 
3762 0 2 26 
3540 0 8 26 
3397 1 1 26 
3143 2 0 26 
2816 2 16 26 
2796 3 15 26 
2767 3 17 26 
2766 4 0 26 
2597 4 14 26 
2415 4 18 26 
2394 5 1 26 
2280 5 19 26 
2012 6 2 26 
1685 7 19 26 
1680 8 18 26 
1520 10 12 26 
1329 11 13 26 
944 12 14 26 
883 13 15 26 
872 14 14 26 
721 15 1 26 
688 16 0 26 
553 17 1 26 
465 18 2 26 
291 19 3 26 
229 0 3 26 
4842 0 7 26 
4583 1 2 26 
4479 1 8 26 
4281 2 1 26 
4016 3 0 26 
4015 3 16 26 
3612 4 1 26 
3444 4 15 26 
3430 4 17 26 
3370 5 2 26 
2892 5 14 26 
2838 5 18 26 
2405 6 19 26 
2151 7 18 26 
1985 8 17 26 
1943 10 11 26 
1483 11 12 26 
1472 12 13 26 
1368 13 14 26 
1307 14 13 26 
910 15 2 26 
511 16 1 26 
287 17 2 26 
184 18 3 26 
160 19 4 26 
108 19 12 26 
92 0 4 26 
90 0 6 26 
4665 0 12 26 
4524 1 3 26 
4386 1 7 26 
4183 2 2 26 
4150 2 8 26 
4087 3 1 26 
3911 4 2 26 
3864 4 16 26 
3819 5 15 26 
3802 5 17 26 
3455 6 18 26 
3280 7 17 26 
3265 8 16 26 
3083 10 10 26 
2898 11 11 26 
2722 12 12 26 
2711 13 13 26 
2685 15 3 26 
2550 16 2 26 
2249 17 3 26 
2043 18 4 26 
1447 18 12 26 
1369 19 5 26 
1264 19 11 26 
1187 0 5 26 
1069 0 11 26 
978 1 4 26 
607 1 6 26 
510 1 12 26 
138 2 3 26 
102 2 7 26 
4849 3 2 26 
4803 3 8 26 
4802 5 16 26 
4577 6 17 26 
4548 7 16 26 
4487 8 15 26 
4475 11 10 26 
4437 12 11 26 
4215 13 12 26 
4200 15 4 26 
4073 16 3 26 
3889 17 4 26 
3814 17 12 26 
3672 18 5 26 
3625 18 11 26 
3536 19 6 26 
3311 19 10 26 
2906 0 10 26 
2776 1 5 26 
2749 1 11 26 
2609 2 4 26 
2437 2 6 26 
1839 2 12 26 
1584 3 3 26 
1470 3 7 26 
1285 4 8 26 
1189 6 16 26 
1173 7 15 26 
1111 8 14 26 
1100 9 13 26 
1047 12 10 26 
961 13 11 26 
947 14 12 26 
835 15 5 26 
636 16 4 26 
402 16 12 26 
399 17 5 26 
205 17 11 26 
113 18 6 26 
4744 18 10 26 
4604 19 7 26 
4143 19 9 26 
4046 0 9 26 
3695 1 10 26 
3685 2 5 26 
3508 2 11 26 
3149 3 4 26 
2849 3 6 26 
2755 3 12 26 
2695 4 3 26 
1371 4 7 26 
1203 6 15 26 
1198 7 14 26 
1186 8 13 26 
1181 9 12 26 
1043 13 10 26 
517 14 11 26 
466 15 12 26 
195 16 5 26 
191 16 11 26 
23 17 6 26 
10 17 10 26 
4771 18 7 26 
4725 18 9 26 
4512 19 8 26 
4430 1 9 26 
4397 2 10 26 
4254 3 5 26 
4191 3 11 26 
4112 4 4 26 
3892 4 6 26 
3245 4 12 26 
2754 5 3 26 
2689 5 13 26 
2581 6 14 26 
2432 7 13 26 
2337 8 12 26 
1993 9 11 26 
1822 14 10 26 
1772 15 11 26 
1690 16 6 26 
1654 16 10 26 
1129 17 7 26 
472 17 9 26 
355 18 8 26 
26 2 9 26 
4750 3 10 26 
4650 4 5 26 
4620 4 11 26 
4522 5 4 26 
4287 5 12 26 
4189 6 3 26 
4079 6 13 26 
3869 7 12 26 
3673 8 11 26 
3607 15 10 26 
3012 16 7 26 
2817 16 9 26 
2258 17 8 26 
2105 3 9 26 
2028 4 10 26 
1865 5 5 26 
1738 5 11 26 
1733 6 4 26 
1604 6 12 26 
1599 7 11 26 
1579 15 9 26 
1431 16 8 26 
1260 4 9 26 
1092 5 6 26 
1084 5 10 26 
1068 6 5 26 
979 6 11 26 
4617 14 5 26 
4517 14 9 26 
3809 15 6 26 
3609 15 8 26 
3563 5 7 26 
3363 5 9 26 
3003 6 6 26 
2468 6 10 26 
2433 7 5 26 
2198 13 5 26 
2163 13 9 26 
1968 14 6 26 
1577 14 8 26 
1270 15 7 26 
1223 5 8 26 
909 6 7 26 
616 6 9 26 
578 7 6 26 
570 7 10 26 
82 12 5 26 
4727 12 9 26 
4710 13 6 26 
4570 13 8 26 
4488 14 7 26 
4283 6 8 26 
4245 7 7 26 
3740 7 9 26 
3465 8 10 26 
3405 11 9 26 
2452 12 6 26 
2158 12 8 26 
1861 13 7 26 
1630 14 0 26 
1015 7 8 26 
823 8 9 26 
619 9 10 26 
296 10 9 26 
239 11 8 26 
4224 12 7 26 
4156 13 0 26 
3862 14 1 26 
3839 8 8 26 
3520 9 9 26 
3450 10 8 26 
3428 11 7 26 
2972 12 0 26 
2390 13 1 26 
2310 14 2 26 
1725 14 4 26 
1679 8 7 26 
1061 9 8 26 
1019 10 7 26 
777 11 0 26 
627 11 6 26 
502 12 1 26 
4770 13 2 26 
4741 13 4 26 
4566 14 3 26 
4453 8 6 26 
3708 9 7 26 
3605 10 6 26 
3534 11 1 26 
3409 11 5 26 
2934 12 2 26 
2772 12 4 26 
2465 13 3 26 
2089 7 4 26 
1964 8 5 26 
1509 9 6 26 
1335 10 5 26 
349 11 2 26 
323 11 4 26 
4435 12 3 26 
3854 7 3 26 
2424 8 4 26 
1851 9 5 26 
1014 10 4 26 
906 11 3 26 
638 7 2 26 
590 8 3 26 
397 9 4 26 
226 10 3 26 
4641 7 1 26 
4203 8 2 26 
4171 9 3 26 
3811 10 2 26 
3497 7 0 26 
1890 8 1 26 
1707 9 2 26 
70 10 1 26 
4768 8 0 26 
3414 9 1 26 
3070 10 0 26 
2936 9 0 26 
326 9 1 37 
3952 8 1 38 
907 9 2 38 
2520 8 2 38 
433 9 3 38 
1410 8 3 39 
1741 10 4 39 
1991 9 6 40 
350 10 5 40 
612 12 3 39 
847 9 7 40 
1815 12 2 40 
1924 13 3 40 
2384 9 8 41 
2929 12 1 41 
2968 13 2 40 
4746 10 8 41 
1320 13 1 41 
1963 8 9 42 
3213 11 8 42 
3385 6 8 42 
4212 7 9 42 
73 12 8 42 
933 13 7 42 
2788 6 7 43 
1012 6 9 43 
1242 13 6 42 
2077 13 8 42 
2363 14 7 42 
2879 6 6 43 
2948 14 8 43 
3326 5 10 44 
3929 4 10 44 
36 5 11 44 
1183 6 12 44 
1267 3 10 44 
4371 4 11 44 
4407 5 4 44 
4628 7 12 44 
4675 16 9 44 
28 17 8 44 
1257 2 10 45 
1824 3 11 45 
2021 4 4 45 
2299 7 13 45 
2696 8 12 45 
3123 15 11 45 
4380 16 10 45 
4760 17 7 45 
97 17 9 45 
665 18 8 45 
1234 1 10 46 
1540 2 11 46 
1681 3 6 46 
2177 7 14 46 
2511 14 11 46 
2952 16 11 46 
3034 17 6 46 
4002 17 10 46 
4766 18 7 45 
4677 19 13 51 
4396 19 19 51 
4328 18 13 51 
4305 18 19 51 
3844 19 14 51 
3815 19 18 51 
3779 9 19 51 
3759 17 13 51 
3584 17 19 51 
3505 18 14 51 
2844 18 18 51 
2810 19 15 51 
2675 19 17 51 
2545 9 18 51 
2323 10 19 51 
2316 16 13 51 
2112 16 19 51 
2020 17 14 51 
1977 17 18 51 
1762 18 15 51 
1402 18 17 51 
1382 19 16 51 
1333 9 17 51 
1194 10 18 51 
742 11 19 51 
492 15 13 51 
373 15 19 51 
129 16 14 51 
4718 16 18 51 
4671 17 15 51 
4605 17 17 51 
4082 18 16 51 
4081 0 13 51 
3500 0 19 51 
3113 9 16 51 
3022 10 17 51 
2789 11 18 51 
2562 12 19 51 
2559 14 19 51 
2451 15 14 51 
2241 15 18 51 
2237 16 15 51 
2102 16 17 51 
2016 17 16 51 
1559 0 14 51 
1462 0 18 51 
1388 1 13 51 
1365 1 19 51 
1157 9 15 51 
992 10 16 51 
959 11 17 51 
679 12 18 51 
584 13 19 51 
293 14 18 51 
4848 15 15 51 
4723 15 17 51 
4676 16 16 51 
4599 0 15 51 
4447 0 17 51 
4297 1 14 51 
4219 1 18 51 
4122 2 13 51 
4051 2 19 51 
4037 9 14 51 
3942 10 15 51 
3866 11 16 51 
3604 12 17 51 
3365 13 18 51 
3351 14 17 51 
3222 15 16 51 
3191 19 0 51 
3178 0 0 51 
2950 0 16 51 
2943 1 15 51 
2753 1 17 51 
2665 2 14 51 
2395 2 18 51 
2380 3 13 51 
2271 3 19 51 
2070 6 0 51 
2053 10 14 51 
1848 11 15 51 
1516 12 16 51 
1492 13 17 51 
1266 14 16 51 
1062 18 0 51 
886 19 1 51 
846 0 1 51 
842 1 0 51 
803 1 16 51 
611 2 15 51 
550 2 17 51 
524 3 14 51 
427 3 18 51 
43 4 13 51 
4797 4 19 51 
4742 5 0 51 
4720 6 1 51 
4563 8 19 51 
4494 10 13 51 
4324 11 14 51 
4320 12 15 51 
4192 13 16 51 
4175 14 15 51 
3840 15 0 51 
3768 17 0 51 
3760 18 1 51 
3753 19 2 51 
3545 0 2 51 
3325 0 8 51 
3002 1 1 51 
2938 2 0 51 
2868 2 16 51 
2779 3 15 51 
2248 3 17 51 
2216 4 0 51 
2118 4 14 51 
1761 4 18 51 
1746 5 1 51 
1653 5 19 51 
1550 6 2 51 
1461 7 19 51 
1423 8 18 51 
1322 10 12 51 
1214 11 13 51 
1050 12 14 51 
857 13 15 51 
618 14 14 51 
464 15 1 51 
316 16 0 51 
156 17 1 51 
4823 18 2 51 
4778 19 3 51 
4597 0 3 51 
4443 0 7 51 
4352 1 2 51 
4083 1 8 51 
3592 2 1 51 
3348 3 0 51 
3340 3 16 51 
3049 4 1 51 
3021 4 15 51 
2963 4 17 51 
2761 5 2 51 
2255 5 14 51 
2084 5 18 51 
2056 6 19 51 
1714 7 18 51 
1676 8 17 51 
1574 10 11 51 
1293 11 12 51 
1154 12 13 51 
963 13 14 51 
912 14 13 51 
685 15 2 51 
593 16 1 51 
556 17 2 51 
386 18 3 51 
353 19 4 51 
342 19 12 51 
4384 0 4 51 
4258 0 6 51 
4206 0 12 51 
3977 1 3 51 
3973 1 7 51 
3908 2 2 51 
3509 2 8 51 
3486 3 1 51 
3423 4 2 51 
3183 4 16 51 
3058 5 15 51 
2680 5 17 51 
2441 6 18 51 
2396 7 17 51 
2319 8 16 51 
2270 10 10 51 
2180 11 11 51 
1934 12 12 51 
1867 13 13 51 
1860 15 3 51 
1807 16 2 51 
1575 17 3 51 
1508 18 4 51 
1110 18 12 51 
1056 19 5 51 
794 19 11 51 
613 0 5 51 
571 0 11 51 
4728 1 4 51 
4409 1 6 51 
4390 1 12 51 
4301 2 3 51 
4104 2 7 51 
3983 3 2 51 
3364 3 8 51 
3235 5 16 51 
3220 6 17 51 
3084 7 16 51 
3059 8 15 51 
3006 11 10 51 
2869 12 11 51 
2756 13 12 51 
2729 15 4 51 
2573 16 3 51 
2492 17 4 51 
2418 17 12 51 
2358 18 5 51 
2037 18 11 51 
2003 19 6 51 
1443 19 10 51 
1147 0 10 51 
993 1 5 51 
924 1 11 51 
561 2 4 51 
4736 2 6 51 
4316 2 12 51 
4214 3 3 51 
4017 3 7 51 
3934 4 8 51 
3382 6 16 51 
3074 7 15 51 
3048 8 14 51 
2918 9 13 51 
2679 12 10 51 
2564 13 11 51 
1921 14 12 51 
1889 15 5 51 
1882 16 4 51 
1843 16 12 51 
1827 17 5 51 
1536 17 11 51 
1102 18 6 51 
1022 18 10 51 
940 19 7 51 
601 19 9 51 
327 0 9 51 
33 1 10 51 
4774 2 5 51 
4615 2 11 51 
4592 3 4 51 
4256 3 6 51 
4218 3 12 51 
4039 4 3 51 
3426 4 7 51 
2960 6 15 51 
2866 7 14 51 
2750 8 13 51 
2716 9 12 51 
2647 13 10 51 
2209 14 11 51 
1980 15 12 51 
1912 16 5 51 
1902 16 11 51 
1793 17 6 51 
1701 17 10 51 
1682 18 7 51 
1519 18 9 51 
1246 19 8 51 
1091 1 9 51 
712 2 10 51 
639 3 5 51 
434 3 11 51 
324 4 4 51 
135 4 6 51 
22 4 12 51 
4762 5 3 51 
4387 5 13 51 
4231 6 14 51 
3834 7 13 51 
3668 8 12 51 
3621 9 11 51 
3307 14 10 51 
3192 15 11 51 
3171 16 6 51 
3103 16 10 51 
3016 17 7 51 
3014 17 9 51 
2284 18 8 51 
2137 2 9 51 
1737 3 10 51 
1734 4 5 51 
1625 4 11 51 
1489 5 4 51 
1124 5 12 51 
997 6 3 51 
854 6 13 51 
487 7 12 51 
311 8 11 51 
235 15 10 51 
220 16 7 51 
66 16 9 51 
4709 17 8 51 
4358 3 9 51 
4137 4 10 51 
4069 5 5 51 
4050 5 11 51 
3954 6 4 51 
3846 6 12 51 
3420 7 11 51 
3112 15 9 51 
3098 16 8 51 
3085 4 9 51 
2781 5 6 51 
2763 5 10 51 
2379 6 5 51 
2279 6 11 51 
2107 14 5 51 
2090 14 9 51 
1894 15 6 51 
1864 15 8 51 
1794 5 7 51 
1710 5 9 51 
1585 6 6 51 
1502 6 10 51 
851 7 5 51 
725 13 5 51 
528 13 9 51 
515 14 6 51 
4140 14 8 51 
4078 15 7 51 
3938 5 8 51 
3502 6 7 51 
3185 6 9 51 
2976 7 6 51 
2686 7 10 51 
2662 12 5 51 
2167 12 9 51 
1880 13 6 51 
546 13 8 51 
451 14 7 51 
44 6 8 51 
4691 7 7 51 
4609 7 9 51 
4467 8 10 51 
4455 11 9 51 
4052 12 6 51 
4010 12 8 51 
3907 13 7 51 
3890 14 0 51 
3620 7 8 51 
3571 8 9 51 
3557 9 10 51 
3194 10 9 51 
3119 11 8 51 
2981 12 7 51 
2366 13 0 51 
2331 14 1 51 
1745 8 8 51 
1627 9 9 51 
701 10 8 51 
4640 11 7 51 
4585 12 0 51 
4186 13 1 51 
3613 14 2 51 
3371 14 4 51 
3188 8 7 51 
3175 9 8 51 
2965 10 7 51 
2961 11 0 51 
2705 11 6 51 
2672 12 1 51 
1981 13 2 51 
1883 13 4 51 
1698 14 3 51 
1237 8 6 51 
1196 9 7 51 
862 10 6 51 
21 11 1 51 
4651 11 5 51 
4633 12 2 51 
4602 12 4 51 
4465 13 3 51 
4391 7 4 51 
4323 8 5 51 
4259 9 6 51 
3867 10 5 51 
3537 11 2 51 
2798 11 4 51 
2760 12 3 51 
2040 7 3 51 
1833 8 4 51 
1695 9 5 51 
1190 10 4 51 
459 11 3 51 
122 7 2 51 
4277 8 3 51 
4169 9 4 51 
4142 10 3 51 
3981 7 1 51 
3212 8 2 51 
2996 9 3 51 
2189 10 2 51 
1800 7 0 51 
1765 8 1 51 
1473 9 2 51 
4740 10 1 51 
4198 8 0 51 
2364 9 1 51 
549 10 0 51 
267 9 0 51 
3488 9 1 62 
2052 8 1 63 
128 9 2 63 
1503 8 2 63 
1996 9 3 63 
4274 8 3 63 
825 10 4 64 
1485 9 6 64 
1812 10 5 64 
3543 12 3 64 
4295 9 7 65 
4405 12 2 64 
2153 13 3 64 
2595 9 8 65 
539 12 1 65 
1041 13 2 65 
1589 10 8 66 
2669 13 1 65 
3483 8 9 66 
16 11 8 66 
3852 6 8 67 
3999 7 9 66 
4011 12 8 66 
4313 13 7 66 
657 6 7 67 
1439 6 9 67 
1930 13 6 67 
2421 13 8 67 
2710 14 7 67 
4312 6 6 68 
4485 14 8 67 
935 5 10 68 
1901 4 10 68 
2253 5 11 68 
3330 6 12 68 
4518 3 10 69 
4541 4 11 69 
360 5 4 69 
383 7 12 69 
547 16 9 69 
1893 17 8 68 
3127 2 10 70 
4767 3 11 70 
443 4 4 70 
457 7 13 69 
1312 8 12 69 
1396 15 11 69 
2168 16 10 69 
2176 17 7 69 
2201 17 9 69 
2519 18 8 69 
3121 1 10 71 
3741 2 11 70 
4433 3 6 70 
58 7 14 70 
807 14 11 70 
1395 16 11 70 
1441 17 6 70 
2191 17 10 70 
2481 18 7 70 
2737 18 9 70 
4033 1 11 72 
4415 2 6 71 
4448 3 7 71 
4780 19 13 76 
4630 19 19 76 
4382 18 13 76 
4166 18 19 76 
4076 19 14 76 
4042 19 18 76 
3995 9 19 76 
3899 17 13 76 
3829 17 19 76 
3755 18 14 76 
3600 18 18 76 
3533 19 15 76 
3396 19 17 76 
3383 9 18 76 
3378 10 19 76 
3368 16 13 76 
2913 16 19 76 
2642 17 14 76 
2443 17 18 76 
2356 18 15 76 
2342 18 17 76 
2283 19 16 76 
2251 9 17 76 
2181 10 18 76 
2088 11 19 76 
2038 15 13 76 
2004 15 19 76 
1987 16 14 76 
1970 16 18 76 
1802 17 15 76 
1598 17 17 76 
1409 18 16 76 
1380 0 13 76 
1265 0 19 76 
1238 9 16 76 
1143 10 17 76 
927 11 18 76 
795 12 19 76 
724 14 19 76 
700 15 14 76 
221 15 18 76 
38 16 15 76 
4822 16 17 76 
4685 17 16 76 
4549 0 14 76 
4516 0 18 76 
4480 1 13 76 
4459 1 19 76 
3910 9 15 76 
3754 10 16 76 
3724 11 17 76 
3401 12 18 76 
3386 13 19 76 
3334 14 18 76 
2910 15 15 76 
2851 15 17 76 
2691 16 16 76 
2413 0 15 76 
2238 0 17 76 
2215 1 14 76 
2188 1 18 76 
2126 2 13 76 
2123 2 19 76 
2113 9 14 76 
2034 10 15 76 
1940 11 16 76 
1884 12 17 76 
1840 13 18 76 
1663 14 17 76 
1524 15 16 76 
1510 19 0 76 
1418 0 0 76 
1002 0 16 76 
776 1 15 76 
703 1 17 76 
640 2 14 76 
562 2 18 76 
548 3 13 76 
445 3 19 76 
328 6 0 76 
310 10 14 76 
143 11 15 76 
4847 12 16 76 
4833 13 17 76 
4603 14 16 76 
4572 18 0 76 
4003 19 1 76 
3917 0 1 76 
3832 1 0 76 
3803 1 16 76 
3766 2 15 76 
3680 2 17 76 
3676 3 14 76 
3168 3 18 76 
2846 4 13 76 
2529 4 19 76 
2345 5 0 76 
2019 6 1 76 
1870 8 19 76 
1832 10 13 76 
1505 11 14 76 
917 12 15 76 
849 13 16 76 
789 14 15 76 
678 15 0 76 
541 17 0 76 
404 18 1 76 
376 19 2 76 
243 0 2 76 
4831 0 8 76 
4808 1 1 76 
4607 2 0 76 
4490 2 16 76 
4238 3 15 76 
4204 3 17 76 
4127 4 0 76 
4115 4 14 76 
4109 4 18 76 
4048 5 1 76 
3843 5 19 76 
3471 6 2 76 
3357 7 19 76 
3215 8 18 76 
3203 10 12 76 
3142 11 13 76 
3111 12 14 76 
2870 13 15 76 
2741 14 14 76 
2517 15 1 76 
2309 16 0 76 
2263 17 1 76 
1787 18 2 76 
1703 19 3 76 
1565 0 3 76 
1551 0 7 76 
1523 1 2 76 
1481 1 8 76 
1452 2 1 76 
1437 3 0 76 
1296 3 16 76 
1211 4 1 76 
1192 4 15 76 
1071 4 17 76 
956 5 2 76 
813 5 14 76 
668 5 18 76 
600 6 19 76 
265 7 18 76 
167 8 17 76 
163 10 11 76 
4789 11 12 76 
4681 12 13 76 
4678 13 14 76 
4510 14 13 76 
4246 15 2 76 
4005 16 1 76 
3903 17 2 76 
3842 18 3 76 
3495 19 4 76 
3148 19 12 76 
3038 0 4 76 
2987 0 6 76 
2812 0 12 76 
2717 1 3 76 
2429 1 7 76 
2420 2 2 76 
2154 2 8 76 
1915 3 1 76 
1798 4 2 76 
1458 4 16 76 
1434 5 15 76 
1422 5 17 76 
1278 6 18 76 
1272 7 17 76 
874 8 16 76 
674 10 10 76 
658 11 11 76 
563 12 12 76 
495 13 13 76 
148 15 3 76 
83 16 2 76 
4825 17 3 76 
4172 18 4 76 
3993 18 12 76 
3848 19 5 76 
3616 19 11 76 
3360 0 5 76 
3331 0 11 76 
3230 1 4 76 
3137 1 6 76 
3057 1 12 76 
2692 2 3 76 
2459 2 7 76 
2442 3 2 76 
1814 3 8 76 
1427 5 16 76 
1259 6 17 76 
1158 7 16 76 
1145 8 15 76 
894 11 10 76 
887 12 11 76 
670 13 12 76 
558 15 4 76 
478 16 3 76 
452 17 4 76 
282 17 12 76 
155 18 5 76 
4253 18 11 76 
4118 19 6 76 
3787 19 10 76 
3780 0 10 76 
3603 1 5 76 
3419 1 11 76 
3244 2 4 76 
3146 2 6 76 
3067 2 12 76 
2953 3 3 76 
2700 3 7 76 
2195 4 8 76 
1976 6 16 76 
1601 7 15 76 
1593 8 14 76 
1534 9 13 76 
1316 12 10 76 
1302 13 11 76 
1218 14 12 76 
985 15 5 76 
952 16 4 76 
844 16 12 76 
839 17 5 76 
430 17 11 76 
371 18 6 76 
268 18 10 76 
75 19 7 76 
4461 19 9 76 
4330 0 9 76 
4317 1 10 76 
4193 2 5 76 
4146 2 11 76 
3833 3 4 76 
3798 3 6 76 
2891 3 12 76 
2878 4 3 76 
2596 4 7 76 
2350 6 15 76 
2292 7 14 76 
1910 8 13 76 
951 9 12 76 
775 13 10 76 
339 14 11 76 
257 15 12 76 
238 16 5 76 
121 16 11 76 
89 17 6 76 
4554 17 10 76 
4244 18 7 76 
4101 18 9 76 
3909 19 8 76 
3800 1 9 76 
3648 2 10 76 
3518 3 5 76 
3477 3 11 76 
3052 4 4 76 
2986 4 6 76 
2740 4 12 76 
2169 5 3 76 
2160 5 13 76 
2033 6 14 76 
1990 7 13 76 
1983 8 12 76 
1982 9 11 76 
1641 14 10 76 
1225 15 11 76 
1105 16 6 76 
870 16 10 76 
783 17 7 76 
483 17 9 76 
435 18 8 76 
337 2 9 76 
4648 3 10 76 
4151 4 5 76 
3702 4 11 76 
3644 5 4 76 
3274 5 12 76 
2836 6 3 76 
2759 6 13 76 
2164 7 12 76 
1974 8 11 76 
1873 15 10 76 
1537 16 7 76 
1471 16 9 76 
1304 17 8 76 
1085 3 9 76 
893 4 10 76 
733 5 5 76 
359 5 11 76 
346 6 4 76 
169 6 12 76 
4850 7 11 76 
4845 15 9 76 
4781 16 8 76 
4696 4 9 76 
4366 5 6 76 
3926 5 10 76 
3469 6 5 76 
3459 6 11 76 
3375 14 5 76 
3313 14 9 76 
3032 15 6 76 
3028 15 8 76 
2930 5 7 76 
2843 5 9 76 
2257 6 6 76 
1340 6 10 76 
1179 7 5 76 
1159 13 5 76 
481 13 9 76 
331 14 6 76 
32 14 8 76 
4830 15 7 76 
4820 5 8 76 
4687 6 7 76 
4670 6 9 76 
4511 7 6 76 
4428 7 10 76 
4418 12 5 76 
4236 12 9 76 
3916 13 6 76 
3786 13 8 76 
3756 14 7 76 
3506 6 8 76 
3320 7 7 76 
2655 7 9 76 
2613 8 10 76 
2227 11 9 76 
2197 12 6 76 
1989 12 8 76 
1941 13 7 76 
1626 14 0 76 
1533 7 8 76 
1275 8 9 76 
1106 9 10 76 
904 10 9 76 
888 11 8 76 
610 12 7 76 
518 13 0 76 
501 14 1 76 
403 8 8 76 
234 9 9 76 
3243 10 8 76 
3208 11 7 76 
3156 12 0 76 
2919 13 1 76 
2814 14 2 76 
2381 14 4 76 
1919 8 7 76 
1658 9 8 76 
1113 10 7 76 
737 11 0 76 
86 11 6 76 
47 12 1 76 
4574 13 2 76 
4458 13 4 76 
4436 14 3 76 
4404 8 6 76 
4370 9 7 76 
3770 10 6 76 
3652 11 1 76 
3264 11 5 76 
2860 12 2 76 
2343 12 4 76 
2290 13 3 76 
1518 7 4 76 
499 8 5 76 
251 9 6 76 
123 10 5 76 
4001 11 2 76 
3928 11 4 76 
3494 12 3 76 
3089 7 3 76 
1891 8 4 76 
1318 9 5 76 
769 10 4 76 
565 11 3 76 
461 7 2 76 
4737 8 3 76 
4337 9 4 76 
3964 10 3 76 
3485 7 1 76 
1699 8 2 76 
1317 9 3 76 
1292 10 2 76 
441 7 0 76 
437 8 1 76 
358 9 2 76 
125 10 1 76 
2893 8 0 76 
1755 9 1 76 
297 10 0 76 
59 9 0 76 
1525 9 1 87 
1556 8 1 88 
1636 9 2 88 
841 8 2 88 
1997 9 3 88 
2560 8 3 88 
4141 10 4 89 
516 9 6 90 
2472 10 5 90 
2587 12 3 89 
3209 9 7 90 
3515 12 2 90 
4164 13 3 90 
4538 9 8 91 
4748 12 1 91 
67 13 2 90 
1220 10 8 91 
1287 13 1 91 
3523 8 9 92 
2491 11 8 92 
361 6 8 92 
1554 7 9 92 
2007 12 8 92 
4187 13 7 92 
4457 6 7 92 
340 6 9 92 
1098 13 6 92 
1146 13 8 92 
1420 14 7 92 
2800 6 6 93 
3424 14 8 93 
3733 5 10 93 
4722 4 10 94 
512 5 11 94 
2212 6 12 94 
3110 3 10 94 
3896 4 11 94 
4364 5 4 94 
1290 7 12 94 
2698 16 9 94 
2933 17 8 94 
4526 2 10 95 
4772 3 11 95 
68 4 4 95 
273 7 13 95 
955 8 12 95 
2175 15 11 95 
2795 16 10 95 
3088 17 7 95 
3133 17 9 95 
3394 18 8 95 
4357 1 10 96 
