1961
5645 9 0 1 
5635 9 1 1 
5573 10 0 1 
5369 9 2 1 
4672 10 1 1 
4601 11 0 1 
4420 19 0 1 
4181 9 3 1 
4163 10 2 1 
3948 11 1 1 
3924 12 0 1 
3475 18 0 1 
3425 19 1 1 
3333 9 4 1 
3128 10 3 1 
2980 11 2 1 
2903 12 1 1 
2576 13 0 1 
2379 17 0 1 
2320 18 1 1 
1957 19 2 1 
1763 9 5 1 
1597 10 4 1 
1558 11 3 1 
1440 12 2 1 
1432 13 1 1 
1357 14 0 1 
1241 16 0 1 
620 17 1 1 
19 18 2 1 
5779 19 3 1 
5778 19 19 1 
5665 10 5 1 
5632 11 4 1 
5367 12 3 1 
5299 13 2 1 
5261 14 1 1 
5050 15 0 1 
4851 16 1 1 
4805 17 2 1 
4718 18 3 1 
4581 18 19 1 
4564 19 4 1 
4400 19 18 1 
4345 11 5 1 
4251 12 4 1 
3941 13 3 1 
3868 14 2 1 
3865 15 1 1 
3773 16 2 1 
3681 17 3 1 
3445 17 19 1 
3409 18 4 1 
3393 18 18 1 
2925 19 5 1 
2660 19 17 1 
2632 12 5 1 
2572 13 4 1 
2143 14 3 1 
2137 15 2 1 
2038 16 3 1 
1921 16 19 1 
1912 17 4 1 
1892 17 18 1 
1742 18 5 1 
1723 18 17 1 
1676 19 6 1 
1304 19 16 1 
1246 13 5 1 
1233 14 4 1 
900 15 3 1 
719 15 19 1 
571 16 4 1 
5421 16 18 1 
5053 17 5 1 
4273 17 17 1 
4174 18 6 1 
3815 18 16 1 
3776 19 7 1 
3677 19 15 1 
3673 14 5 1 
3485 14 19 1 
3474 15 4 1 
3180 15 18 1 
2661 16 5 1 
2621 16 17 1 
2415 17 6 1 
2249 17 16 1 
2156 18 7 1 
2132 18 15 1 
1878 19 8 1 
1494 19 14 1 
1474 14 18 1 
1455 15 5 1 
1406 15 17 1 
1144 16 6 1 
1037 16 16 1 
901 17 7 1 
898 17 15 1 
806 18 8 1 
653 18 14 1 
512 19 9 1 
497 19 13 1 
105 14 17 1 
23 15 6 1 
5717 15 16 1 
5662 16 7 1 
5335 16 15 1 
5288 17 8 1 
5196 17 14 1 
4957 18 9 1 
4784 18 13 1 
4779 19 10 1 
4576 19 12 1 
4509 14 6 1 
4412 14 16 1 
4289 15 7 1 
4216 15 15 1 
4012 16 8 1 
3930 16 14 1 
3517 17 9 1 
3461 17 13 1 
3442 18 10 1 
3437 18 12 1 
3226 19 11 1 
2752 0 19 1 
2712 9 6 1 
2500 13 6 1 
2373 14 7 1 
2217 14 15 1 
2211 15 8 1 
1622 15 14 1 
1236 16 9 1 
1132 16 13 1 
1000 17 10 1 
740 17 12 1 
646 18 11 1 
501 0 18 1 
500 1 19 1 
489 5 19 1 
5748 9 7 1 
5706 10 6 1 
5547 12 6 1 
5366 13 7 1 
5317 14 8 1 
5141 14 14 1 
4677 15 9 1 
4666 15 13 1 
4615 16 10 1 
4614 16 12 1 
4204 17 11 1 
4039 0 17 1 
3792 1 18 1 
3290 2 19 1 
3184 4 19 1 
3155 5 18 1 
2915 9 8 1 
2757 10 7 1 
2624 11 6 1 
2421 12 7 1 
2390 13 8 1 
2055 13 14 1 
2027 14 9 1 
2007 14 13 1 
1425 15 10 1 
1388 15 12 1 
417 16 11 1 
5686 0 16 1 
5619 1 17 1 
5453 2 18 1 
5442 3 19 1 
5241 4 18 1 
5225 5 17 1 
5170 9 9 1 
5121 10 8 1 
5062 11 7 1 
4989 12 8 1 
4980 13 9 1 
4359 13 13 1 
4045 13 19 1 
3751 14 10 1 
3558 14 12 1 
3403 15 11 1 
3364 0 15 1 
3198 1 16 1 
3156 2 17 1 
3021 3 18 1 
2831 4 17 1 
2775 5 16 1 
2193 10 9 1 
1975 11 8 1 
1752 12 9 1 
1650 12 19 1 
1589 13 10 1 
1564 13 12 1 
1538 13 18 1 
1525 14 11 1 
1517 0 14 1 
1028 1 15 1 
320 2 16 1 
5787 3 17 1 
5607 4 16 1 
5240 5 15 1 
5117 11 9 1 
5038 11 19 1 
4947 12 10 1 
4819 12 18 1 
4800 13 11 1 
4277 13 17 1 
3959 0 13 1 
3715 1 14 1 
3580 2 15 1 
3566 3 16 1 
2768 4 15 1 
2640 6 19 1 
2591 10 19 1 
2326 11 10 1 
2184 11 18 1 
2161 12 11 1 
2089 12 17 1 
1872 13 16 1 
1514 0 12 1 
1278 1 13 1 
899 2 14 1 
383 3 15 1 
367 6 18 1 
5556 7 19 1 
5186 9 19 1 
5074 10 10 1 
5022 10 18 1 
4423 11 11 1 
3888 11 17 1 
3783 12 12 1 
3595 12 16 1 
3225 13 15 1 
2912 0 11 1 
2636 1 12 1 
2622 2 13 1 
2601 3 14 1 
2436 6 17 1 
2350 7 18 1 
2261 8 19 1 
2231 9 10 1 
2088 9 18 1 
1755 10 11 1 
1476 10 17 1 
1215 11 12 1 
682 11 16 1 
368 12 13 1 
51 12 15 1 
5583 0 10 1 
5362 1 11 1 
5298 2 12 1 
4946 3 13 1 
4191 4 14 1 
4035 6 16 1 
3933 7 17 1 
3470 8 18 1 
3022 9 11 1 
2353 9 17 1 
2239 10 12 1 
2236 10 16 1 
2196 11 13 1 
2020 11 15 1 
1046 12 14 1 
1032 0 9 1 
847 1 10 1 
661 2 11 1 
553 3 12 1 
449 4 13 1 
168 5 14 1 
124 6 15 1 
5702 7 16 1 
5610 8 17 1 
5534 9 12 1 
5511 9 16 1 
5449 10 13 1 
5328 10 15 1 
5322 11 14 1 
4923 0 8 1 
4904 1 9 1 
4713 2 10 1 
4548 3 11 1 
4521 4 12 1 
4151 5 13 1 
3964 6 14 1 
3856 7 15 1 
3850 8 16 1 
3661 9 13 1 
3654 9 15 1 
3604 10 14 1 
2613 0 7 1 
2322 1 8 1 
2043 2 9 1 
1970 3 10 1 
1687 4 11 1 
1305 5 12 1 
680 6 13 1 
465 7 14 1 
434 8 15 1 
159 9 14 1 
137 0 6 1 
65 1 7 1 
34 2 8 1 
5179 3 9 1 
4588 4 10 1 
3840 5 11 1 
3665 6 12 1 
2551 7 13 1 
1861 8 14 1 
1802 0 5 1 
1585 1 6 1 
830 2 7 1 
704 3 8 1 
636 4 9 1 
552 5 10 1 
5668 6 11 1 
5411 7 12 1 
4858 8 13 1 
4484 0 4 1 
4462 1 5 1 
4017 2 6 1 
3741 3 7 1 
3644 4 8 1 
3618 5 9 1 
3584 6 10 1 
3161 7 11 1 
2928 8 12 1 
2902 0 3 1 
2716 1 4 1 
2458 2 5 1 
1630 3 6 1 
1270 4 7 1 
1123 5 8 1 
604 6 9 1 
534 7 10 1 
138 8 11 1 
5792 0 2 1 
4644 1 3 1 
4243 2 4 1 
4128 3 5 1 
4006 4 6 1 
3980 5 7 1 
3556 6 8 1 
3499 7 9 1 
3057 8 10 1 
2955 0 1 1 
2599 1 2 1 
2409 2 3 1 
2250 3 4 1 
1733 4 5 1 
1625 5 6 1 
1584 6 7 1 
1248 7 8 1 
939 8 9 1 
5454 0 0 1 
5311 1 1 1 
5290 2 2 1 
5223 3 3 1 
5032 4 4 1 
4924 5 5 1 
4652 6 6 1 
4286 7 7 1 
4192 8 8 1 
3973 1 0 1 
3870 2 1 1 
3603 3 2 1 
3379 4 3 1 
3199 5 4 1 
3181 6 5 1 
2982 7 6 1 
2687 8 7 1 
1363 2 0 1 
1291 3 1 1 
1250 4 2 1 
1118 5 3 1 
438 6 4 1 
415 7 5 1 
269 8 6 1 
5617 3 0 1 
5051 4 1 1 
4813 5 2 1 
4670 6 3 1 
4084 7 4 1 
4079 8 5 1 
3708 4 0 1 
1693 5 1 1 
1174 6 2 1 
645 7 3 1 
561 8 4 1 
421 5 0 1 
5297 6 1 1 
5033 7 2 1 
2279 8 3 1 
1690 6 0 1 
5503 7 1 1 
4975 8 2 1 
4866 7 0 1 
3736 8 1 1 
3716 8 0 1 
4437 7 1 12 
3950 6 1 13 
319 7 2 13 
222 5 1 14 
888 6 2 14 
4166 7 3 14 
5118 4 1 14 
201 5 2 14 
1744 6 3 14 
2304 7 4 14 
3813 3 1 15 
285 4 2 15 
1089 5 3 15 
2843 6 4 15 
2877 7 5 15 
3362 2 1 15 
3666 3 2 15 
3917 4 3 15 
4300 6 5 15 
5244 7 6 15 
5700 1 1 15 
798 2 2 15 
805 3 3 15 
927 6 6 15 
1735 7 7 15 
2495 1 2 16 
4068 2 3 16 
4930 5 6 16 
4970 6 7 16 
5065 7 8 16 
5094 1 3 16 
5637 2 4 16 
21 5 7 16 
223 6 8 16 
338 7 9 16 
1307 1 4 17 
1551 2 5 17 
1603 5 8 17 
3070 6 9 17 
3881 7 10 17 
4003 1 5 17 
4428 2 6 17 
5627 5 9 17 
428 6 10 17 
800 7 11 17 
1639 1 6 18 
4435 4 9 18 
5115 5 10 18 
5654 6 11 17 
635 7 12 17 
809 3 9 18 
839 4 10 18 
1483 5 11 18 
1680 6 12 18 
1707 7 13 18 
3244 2 9 19 
4101 3 10 19 
4584 4 11 19 
5067 5 12 19 
5406 6 13 19 
373 7 14 19 
483 8 15 19 
717 1 9 19 
841 2 10 19 
1400 3 11 19 
1968 5 13 19 
2825 7 15 19 
2839 8 16 19 
3514 9 15 19 
3700 10 14 19 
4815 1 10 20 
4991 2 11 20 
5253 7 16 19 
5318 8 17 19 
5589 9 16 19 
456 10 13 19 
618 10 15 19 
999 11 14 19 
2192 1 11 20 
3084 2 12 20 
3107 7 17 20 
3866 8 18 20 
3972 9 17 20 
4773 10 12 20 
5028 10 16 20 
5110 11 13 20 
5327 11 15 20 
5386 1 12 21 
5671 9 0 26 
5600 9 1 26 
5427 10 0 26 
5204 9 2 26 
4807 10 1 26 
4578 11 0 26 
4562 19 0 26 
4450 9 3 26 
4198 10 2 26 
4106 11 1 26 
3896 12 0 26 
3672 18 0 26 
3522 19 1 26 
3495 9 4 26 
3426 10 3 26 
3222 11 2 26 
3094 12 1 26 
2593 13 0 26 
2563 17 0 26 
2476 18 1 26 
2335 19 2 26 
1614 9 5 26 
1451 10 4 26 
1243 11 3 26 
1214 12 2 26 
1184 13 1 26 
1068 14 0 26 
936 16 0 26 
215 17 1 26 
27 18 2 26 
5790 19 3 26 
5521 19 19 26 
5463 10 5 26 
5146 11 4 26 
4586 12 3 26 
4346 13 2 26 
4304 14 1 26 
3796 15 0 26 
3572 16 1 26 
3529 17 2 26 
3314 18 3 26 
2933 18 19 26 
2828 19 4 26 
2755 19 18 26 
2344 11 5 26 
2048 12 4 26 
2045 13 3 26 
2011 14 2 26 
1913 15 1 26 
1882 16 2 26 
1791 17 3 26 
1789 17 19 26 
1576 18 4 26 
1497 18 18 26 
1435 19 5 26 
1299 19 17 26 
1134 12 5 26 
1113 13 4 26 
1091 14 3 26 
1076 15 2 26 
949 16 3 26 
259 16 19 26 
245 17 4 26 
11 17 18 26 
5762 18 5 26 
5653 18 17 26 
5648 19 6 26 
5466 19 16 26 
5254 13 5 26 
5248 14 4 26 
5167 15 3 26 
5018 15 19 26 
4463 16 4 26 
4281 16 18 26 
4272 17 5 26 
4189 17 17 26 
3712 18 6 26 
3359 18 16 26 
3183 19 7 26 
2999 19 15 26 
2953 14 5 26 
2853 14 19 26 
2717 15 4 26 
2709 15 18 26 
2685 16 5 26 
2465 16 17 26 
2441 17 6 26 
2374 17 16 26 
1910 18 7 26 
1595 18 15 26 
1505 19 8 26 
1379 19 14 26 
1377 14 18 26 
1220 15 5 26 
1105 15 17 26 
784 16 6 26 
358 16 16 26 
342 17 7 26 
229 17 15 26 
119 18 8 26 
5764 18 14 26 
5740 19 9 26 
5631 19 13 26 
5410 14 17 26 
5161 15 6 26 
4876 15 16 26 
4870 16 7 26 
4867 16 15 26 
4560 17 8 26 
4487 17 14 26 
4479 18 9 26 
4317 18 13 26 
4143 19 10 26 
4075 19 12 26 
4047 14 6 26 
3809 14 16 26 
3745 15 7 26 
3451 15 15 26 
3185 16 8 26 
3129 16 14 26 
2391 17 9 26 
2375 17 13 26 
1983 18 10 26 
1876 18 12 26 
1828 19 11 26 
1778 0 19 26 
1776 9 6 26 
1171 13 6 26 
1121 14 7 26 
953 14 15 26 
797 15 8 26 
424 15 14 26 
197 16 9 26 
160 16 13 26 
157 17 10 26 
98 17 12 26 
5514 18 11 26 
5145 0 18 26 
5136 1 19 26 
4620 5 19 26 
4569 9 7 26 
4397 10 6 26 
4308 12 6 26 
4267 13 7 26 
4072 14 8 26 
4034 14 14 26 
3889 15 9 26 
3713 15 13 26 
3416 16 10 26 
3321 16 12 26 
3178 17 11 26 
3138 0 17 26 
3061 1 18 26 
2443 2 19 26 
2252 4 19 26 
2177 5 18 26 
2028 9 8 26 
1942 10 7 26 
1905 11 6 26 
1659 12 7 26 
1047 13 8 26 
911 13 14 26 
344 14 9 26 
209 14 13 26 
106 15 10 26 
90 15 12 26 
5417 16 11 26 
5341 0 16 26 
5169 1 17 26 
4653 2 18 26 
4538 3 19 26 
4478 4 18 26 
4098 5 17 26 
3987 9 9 26 
3928 10 8 26 
3916 11 7 26 
3275 12 8 26 
3248 13 9 26 
2780 13 13 26 
2673 13 19 26 
2275 14 10 26 
2191 14 12 26 
2052 15 11 26 
2001 0 15 26 
1985 1 16 26 
1731 2 17 26 
1332 3 18 26 
340 4 17 26 
5658 5 16 26 
5390 10 9 26 
5258 11 8 26 
5101 12 9 26 
4937 12 19 26 
4883 13 10 26 
4646 13 12 26 
4552 13 18 26 
4514 14 11 26 
4285 0 14 26 
4092 1 15 26 
4041 2 16 26 
3839 3 17 26 
3821 4 16 26 
3687 5 15 26 
3082 11 9 26 
2960 11 19 26 
2946 12 10 26 
2681 12 18 26 
2508 13 11 26 
2215 13 17 26 
2077 0 13 26 
1867 1 14 26 
1632 2 15 26 
731 3 16 26 
279 4 15 26 
5535 6 19 26 
5387 10 19 26 
5151 11 10 26 
4841 11 18 26 
3960 12 11 26 
3835 12 17 26 
3804 13 16 26 
3507 0 12 26 
3444 1 13 26 
3037 2 14 26 
3019 3 15 26 
2854 6 18 26 
2646 7 19 26 
2645 9 19 26 
2525 10 10 26 
2378 10 18 26 
2331 11 11 26 
2009 11 17 26 
1672 12 12 26 
1287 12 16 26 
1049 13 15 26 
232 0 11 26 
123 1 12 26 
5495 2 13 26 
5474 3 14 26 
5364 6 17 26 
5197 7 18 26 
5087 8 19 26 
4964 9 10 26 
4869 9 18 26 
4703 10 11 26 
4659 10 17 26 
4606 11 12 26 
4373 11 16 26 
4070 12 13 26 
3679 12 15 26 
3501 0 10 26 
3483 1 11 26 
3318 2 12 26 
3193 3 13 26 
3095 4 14 26 
3005 6 16 26 
2206 7 17 26 
2063 8 18 26 
1986 9 11 26 
1945 9 17 26 
1914 10 12 26 
1330 10 16 26 
1157 11 13 26 
838 11 15 26 
810 12 14 26 
622 0 9 26 
525 1 10 26 
491 2 11 26 
332 3 12 26 
314 4 13 26 
302 5 14 26 
211 6 15 26 
5633 7 16 26 
5537 8 17 26 
5485 9 12 26 
5444 9 16 26 
4774 10 13 26 
4540 10 15 26 
4333 11 14 26 
4142 0 8 26 
3371 1 9 26 
3132 2 10 26 
2901 3 11 26 
2858 4 12 26 
2836 5 13 26 
2498 6 14 26 
2139 7 15 26 
2124 8 16 26 
1701 9 13 26 
1035 9 15 26 
591 10 14 26 
384 0 7 26 
359 1 8 26 
289 2 9 26 
5721 3 10 26 
5487 4 11 26 
5412 5 12 26 
5049 6 13 26 
4948 7 14 26 
4850 8 15 26 
4389 9 14 26 
2677 0 6 26 
2549 1 7 26 
2148 2 8 26 
2068 3 9 26 
1327 4 10 26 
1172 5 11 26 
1041 6 12 26 
994 7 13 26 
772 8 14 26 
524 0 5 26 
473 1 6 26 
321 2 7 26 
180 3 8 26 
5477 4 9 26 
5416 5 10 26 
5208 6 11 26 
5130 7 12 26 
4612 8 13 26 
4257 0 4 26 
3944 1 5 26 
3350 2 6 26 
3177 3 7 26 
2879 4 8 26 
2873 5 9 26 
2497 6 10 26 
2386 7 11 26 
2361 8 12 26 
2272 0 3 26 
1889 1 4 26 
1582 2 5 26 
1394 3 6 26 
956 4 7 26 
886 5 8 26 
452 6 9 26 
323 7 10 26 
167 8 11 26 
165 0 2 26 
80 1 3 26 
5681 2 4 26 
5447 3 5 26 
5408 4 6 26 
5138 5 7 26 
4533 6 8 26 
4454 7 9 26 
4165 8 10 26 
4146 0 1 26 
3879 1 2 26 
3457 2 3 26 
2922 3 4 26 
2756 4 5 26 
2635 5 6 26 
1637 6 7 26 
1447 7 8 26 
1066 8 9 26 
762 0 0 26 
659 1 1 26 
298 2 2 26 
31 3 3 26 
4476 4 4 26 
4217 5 5 26 
4140 6 6 26 
4027 7 7 26 
3697 8 8 26 
3626 1 0 26 
3545 2 1 26 
3328 3 2 26 
3172 4 3 26 
2942 5 4 26 
2547 6 5 26 
1730 7 6 26 
754 8 7 26 
518 2 0 26 
74 3 1 26 
5580 4 2 26 
5539 5 3 26 
5264 6 4 26 
4547 7 5 26 
4402 8 6 26 
4344 3 0 26 
3793 4 1 26 
3668 5 2 26 
3643 6 3 26 
3523 7 4 26 
2829 8 5 26 
2169 4 0 26 
1842 5 1 26 
726 6 2 26 
603 7 3 26 
5747 8 4 26 
5309 5 0 26 
4582 6 1 26 
4489 7 2 26 
4104 8 3 26 
3878 6 0 26 
2783 7 1 26 
2537 8 2 26 
2467 7 0 26 
5523 8 1 26 
4741 8 0 26 
2979 7 1 38 
1010 6 1 38 
3126 7 2 38 
372 5 1 39 
1205 6 2 39 
2721 7 3 39 
2737 4 1 39 
4495 5 2 39 
979 6 3 39 
2247 7 4 39 
3163 3 1 40 
3989 4 2 39 
4835 5 3 39 
5159 6 4 39 
103 7 5 39 
356 2 1 40 
3757 3 2 40 
3903 4 3 40 
4028 6 5 40 
4746 7 6 40 
228 1 1 41 
824 2 2 41 
1433 3 3 41 
2008 6 6 40 
2810 7 7 40 
2931 1 2 41 
4820 2 3 41 
4915 5 6 41 
5002 6 7 41 
5222 7 8 41 
5337 1 3 42 
5713 2 4 41 
5776 5 7 41 
68 6 8 41 
171 7 9 41 
205 1 4 42 
668 2 5 42 
712 5 8 42 
1159 6 9 42 
1414 7 10 42 
2107 1 5 42 
2690 2 6 42 
2691 5 9 42 
3326 6 10 42 
4762 7 11 42 
4914 1 6 43 
93 4 9 42 
593 5 10 42 
601 6 11 42 
735 7 12 42 
1652 3 9 43 
2270 4 10 43 
2817 5 11 43 
2990 6 12 43 
3481 7 13 43 
151 2 9 44 
187 3 10 43 
606 4 11 43 
671 5 12 43 
1052 6 13 43 
1087 7 14 43 
2637 8 15 43 
2966 1 9 44 
4036 2 10 44 
4554 3 11 44 
5602 5 13 44 
492 7 15 44 
1247 8 16 44 
1350 9 15 44 
1392 10 14 44 
2642 1 10 45 
3297 2 11 45 
3559 7 16 44 
4019 8 17 44 
5293 9 16 44 
5402 10 13 44 
589 10 15 44 
685 11 14 44 
779 1 11 45 
958 2 12 45 
1133 7 17 45 
2128 8 18 45 
3106 9 17 45 
3140 10 12 45 
3176 10 16 45 
3447 11 13 45 
4355 11 15 45 
4969 1 12 46 
5203 2 13 45 
5513 7 18 45 
5636 9 18 45 
5770 10 11 45 
5661 9 0 51 
5388 9 1 51 
5308 10 0 51 
5295 9 2 51 
5182 10 1 51 
5153 11 0 51 
5080 19 0 51 
5073 9 3 51 
4940 10 2 51 
4891 11 1 51 
4755 12 0 51 
4616 18 0 51 
4048 19 1 51 
3969 9 4 51 
3774 10 3 51 
3699 11 2 51 
3616 12 1 51 
3471 13 0 51 
3441 17 0 51 
3316 18 1 51 
3287 19 2 51 
3093 9 5 51 
3081 10 4 51 
3071 11 3 51 
3029 12 2 51 
2710 13 1 51 
2671 14 0 51 
2611 16 0 51 
2422 17 1 51 
2213 18 2 51 
2166 19 3 51 
2102 19 19 51 
2076 10 5 51 
2059 11 4 51 
1987 12 3 51 
1760 13 2 51 
1522 14 1 51 
1336 15 0 51 
1280 16 1 51 
1197 17 2 51 
1025 18 3 51 
788 18 19 51 
721 19 4 51 
629 19 18 51 
582 11 5 51 
290 12 4 51 
282 13 3 51 
181 14 2 51 
164 15 1 51 
71 16 2 51 
5754 17 3 51 
5558 17 19 51 
5319 18 4 51 
5283 18 18 51 
5243 19 5 51 
4992 19 17 51 
4971 12 5 51 
4750 13 4 51 
4382 14 3 51 
4082 15 2 51 
3995 16 3 51 
3906 16 19 51 
3777 17 4 51 
3756 17 18 51 
3694 18 5 51 
3691 18 17 51 
3686 19 6 51 
3631 19 16 51 
3288 13 5 51 
3164 14 4 51 
3101 15 3 51 
2930 15 19 51 
2913 16 4 51 
2734 16 18 51 
2708 17 5 51 
2682 17 17 51 
2555 18 6 51 
2452 18 16 51 
2303 19 7 51 
2291 19 15 51 
2227 14 5 51 
2180 14 19 51 
2119 15 4 51 
1840 15 18 51 
1777 16 5 51 
1082 16 17 51 
860 17 6 51 
794 17 16 51 
650 18 7 51 
515 18 15 51 
121 19 8 51 
87 19 14 51 
5685 14 18 51 
5666 15 5 51 
5566 15 17 51 
5552 16 6 51 
5516 16 16 51 
5168 17 7 51 
5099 17 15 51 
5093 18 8 51 
4981 18 14 51 
4900 19 9 51 
4697 19 13 51 
4424 14 17 51 
4353 15 6 51 
4342 15 16 51 
4306 16 7 51 
4254 16 15 51 
4137 17 8 51 
4016 17 14 51 
3970 18 9 51 
3372 18 13 51 
3009 19 10 51 
2889 19 12 51 
1954 14 6 51 
1711 14 16 51 
1217 15 7 51 
1212 15 15 51 
975 16 8 51 
207 16 14 51 
158 17 9 51 
79 17 13 51 
5373 18 10 51 
5228 18 12 51 
5015 19 11 51 
4497 0 19 51 
4414 9 6 51 
4407 13 6 51 
4377 14 7 51 
4260 14 15 51 
4196 15 8 51 
4148 15 14 51 
3894 16 9 51 
3838 16 13 51 
3832 17 10 51 
3744 17 12 51 
3739 18 11 51 
3609 0 18 51 
3354 1 19 51 
3142 5 19 51 
3014 9 7 51 
2806 10 6 51 
2802 12 6 51 
2318 13 7 51 
2287 14 8 51 
2029 14 14 51 
1929 15 9 51 
1787 15 13 51 
1532 16 10 51 
1396 16 12 51 
1384 17 11 51 
1338 0 17 51 
1317 1 18 51 
1292 2 19 51 
1101 4 19 51 
1067 5 18 51 
787 9 8 51 
608 10 7 51 
381 11 6 51 
281 12 7 51 
277 13 8 51 
174 13 14 51 
36 14 9 51 
5557 14 13 51 
4811 15 10 51 
4771 15 12 51 
4474 16 11 51 
4008 0 16 51 
3720 1 17 51 
3641 2 18 51 
3562 3 19 51 
3266 4 18 51 
3083 5 17 51 
2357 9 9 51 
2226 10 8 51 
2002 11 7 51 
1951 12 8 51 
1934 13 9 51 
1854 13 13 51 
1685 13 19 51 
1362 14 10 51 
1116 14 12 51 
748 15 11 51 
546 0 15 51 
513 1 16 51 
337 2 17 51 
104 3 18 51 
5640 4 17 51 
5630 5 16 51 
5363 10 9 51 
5219 11 8 51 
5149 12 9 51 
5058 12 19 51 
4856 13 10 51 
4828 13 12 51 
4821 13 18 51 
4796 14 11 51 
4738 0 14 51 
4712 1 15 51 
4696 2 16 51 
4671 3 17 51 
4642 4 16 51 
4635 5 15 51 
4561 11 9 51 
4421 11 19 51 
4348 12 10 51 
4190 12 18 51 
4056 13 11 51 
4051 13 17 51 
3951 0 13 51 
3947 1 14 51 
2949 2 15 51 
2475 3 16 51 
2349 4 15 51 
1843 6 19 51 
1092 10 19 51 
5486 11 10 51 
5448 11 18 51 
4809 12 11 51 
4728 12 17 51 
4639 13 16 51 
4607 0 12 51 
4504 1 13 51 
4057 2 14 51 
3911 3 15 51 
3678 6 18 51 
3565 7 19 51 
3404 9 19 51 
3255 10 10 51 
2970 10 18 51 
2834 11 11 51 
2705 11 17 51 
2665 12 12 51 
2159 12 16 51 
2158 13 15 51 
1492 0 11 51 
1458 1 12 51 
811 2 13 51 
45 3 14 51 
5677 6 17 51 
5533 7 18 51 
5528 8 19 51 
5210 9 10 51 
5175 9 18 51 
4932 10 11 51 
4789 10 17 51 
4723 11 12 51 
4234 11 16 51 
4077 12 13 51 
3935 12 15 51 
3823 0 10 51 
3671 1 11 51 
3663 2 12 51 
3041 3 13 51 
2983 4 14 51 
2952 6 16 51 
2909 7 17 51 
2256 8 18 51 
1937 9 11 51 
1677 9 17 51 
1669 10 12 51 
1434 10 16 51 
1203 11 13 51 
986 11 15 51 
749 12 14 51 
728 0 9 51 
605 1 10 51 
220 2 11 51 
88 3 12 51 
5690 4 13 51 
5555 5 14 51 
5355 6 15 51 
5201 7 16 51 
5198 8 17 51 
4665 9 12 51 
3848 9 16 51 
3576 10 13 51 
3215 10 15 51 
2509 11 14 51 
2091 0 8 51 
1700 1 9 51 
1239 2 10 51 
783 3 11 51 
387 4 12 51 
184 5 13 51 
5392 6 14 51 
4855 7 15 51 
4602 8 16 51 
4179 9 13 51 
3612 9 15 51 
3564 10 14 51 
3455 0 7 51 
3232 1 8 51 
3096 2 9 51 
2935 3 10 51 
2872 4 11 51 
2523 5 12 51 
2337 6 13 51 
1746 7 14 51 
1223 8 15 51 
1129 9 14 51 
577 0 6 51 
443 1 7 51 
411 2 8 51 
5597 3 9 51 
5525 4 10 51 
4910 5 11 51 
4701 6 12 51 
4608 7 13 51 
4442 8 14 51 
4318 0 5 51 
4287 1 6 51 
3904 2 7 51 
3806 3 8 51 
2807 4 9 51 
2238 5 10 51 
2012 6 11 51 
1958 7 12 51 
1085 8 13 51 
535 0 4 51 
5359 1 5 51 
5296 2 6 51 
4939 3 7 51 
4895 4 8 51 
4543 5 9 51 
3635 6 10 51 
3385 7 11 51 
3242 8 12 51 
2777 0 3 51 
2766 1 4 51 
2750 2 5 51 
2688 3 6 51 
2644 4 7 51 
2610 5 8 51 
2513 6 9 51 
2330 7 10 51 
2262 8 11 51 
2174 0 2 51 
2080 1 3 51 
1920 2 4 51 
1891 3 5 51 
1817 4 6 51 
1813 5 7 51 
1416 6 8 51 
799 7 9 51 
750 8 10 51 
5515 0 1 51 
5174 1 2 51 
5045 2 3 51 
5010 3 4 51 
4705 4 5 51 
4446 5 6 51 
4284 6 7 51 
4280 7 8 51 
4241 8 9 51 
3357 0 0 51 
2932 1 1 51 
2876 2 2 51 
2781 3 3 51 
2589 4 4 51 
2051 5 5 51 
2031 6 6 51 
1863 7 7 51 
1609 8 8 51 
1562 1 0 51 
1293 2 1 51 
134 3 2 51 
5742 4 3 51 
5564 5 4 51 
5545 6 5 51 
5428 7 6 51 
4745 8 7 51 
4570 2 0 51 
4182 3 1 51 
4078 4 2 51 
3104 5 3 51 
2878 6 4 51 
2257 7 5 51 
2004 8 6 51 
1965 3 0 51 
827 4 1 51 
5575 5 2 51 
5193 6 3 51 
3433 7 4 51 
2026 8 5 51 
1267 4 0 51 
148 5 1 51 
59 6 2 51 
5590 7 3 51 
5116 8 4 51 
4761 5 0 51 
4156 6 1 51 
4005 7 2 51 
3334 8 3 51 
3055 6 0 51 
2083 7 1 51 
1653 8 2 51 
1573 7 0 51 
633 8 1 51 
1528 8 0 51 
2480 7 1 63 
2208 6 1 63 
543 7 2 63 
3027 5 1 64 
3052 6 2 64 
4223 7 3 63 
556 4 1 65 
905 5 2 64 
988 6 3 64 
2202 7 4 64 
4544 3 1 65 
539 4 2 65 
2095 5 3 65 
2388 6 4 65 
2569 7 5 65 
3115 2 1 66 
3284 3 2 66 
3880 4 3 65 
4113 6 5 65 
4894 7 6 65 
454 1 1 66 
1106 2 2 66 
3122 3 3 66 
3476 6 6 66 
4093 7 7 66 
5123 1 2 66 
5591 2 3 66 
291 5 6 66 
793 6 7 66 
943 7 8 66 
1648 1 3 67 
1869 2 4 67 
3703 5 7 67 
4083 6 8 67 
4536 7 9 67 
4929 1 4 67 
5183 2 5 67 
25 5 8 67 
369 6 9 67 
572 7 10 67 
1534 1 5 67 
1720 2 6 67 
1999 5 9 67 
2714 6 10 67 
2729 7 11 67 
3191 1 6 68 
3788 4 9 68 
3886 5 10 68 
4065 6 11 68 
4517 7 12 68 
5207 3 9 68 
5657 4 10 68 
210 5 11 68 
597 6 12 68 
846 7 13 68 
1328 2 9 69 
1563 3 10 69 
1621 4 11 69 
2764 5 12 69 
3190 6 13 69 
3472 7 14 69 
3939 8 15 69 
4573 1 9 70 
5663 2 10 70 
5722 3 11 70 
742 5 13 70 
2032 7 15 69 
2075 8 16 69 
2097 9 15 69 
2432 10 14 69 
4037 1 10 71 
4202 2 11 71 
5456 7 16 70 
142 8 17 70 
317 9 16 70 
649 10 13 70 
1242 10 15 70 
1783 11 14 70 
3443 1 11 71 
3589 2 12 71 
3649 7 17 71 
4505 8 18 71 
4757 9 17 71 
5615 9 0 76 
5594 9 1 76 
5481 10 0 76 
5257 9 2 76 
4777 10 1 76 
4643 11 0 76 
4468 19 0 76 
4464 9 3 76 
4403 10 2 76 
4021 11 1 76 
3831 12 0 76 
3689 18 0 76 
2896 19 1 76 
2840 9 4 76 
2784 10 3 76 
2731 11 2 76 
2543 12 1 76 
2092 13 0 76 
1935 17 0 76 
1689 18 1 76 
1513 19 2 76 
1385 9 5 76 
1112 10 4 76 
947 11 3 76 
930 12 2 76 
921 13 1 76 
808 14 0 76 
804 16 0 76 
313 17 1 76 
224 18 2 76 
5692 19 3 76 
5655 19 19 76 
5644 10 5 76 
5505 11 4 76 
5399 12 3 76 
5379 13 2 76 
5275 14 1 76 
4583 15 0 76 
4447 16 1 76 
3623 17 2 76 
3622 18 3 76 
3615 18 19 76 
3611 19 4 76 
3553 19 18 76 
3406 11 5 76 
3108 12 4 76 
2847 13 3 76 
2771 14 2 76 
2658 15 1 76 
2363 16 2 76 
2176 17 3 76 
2022 17 19 76 
1916 18 4 76 
1830 18 18 76 
1490 19 5 76 
1164 19 17 76 
1097 12 5 76 
1003 13 4 76 
935 14 3 76 
918 15 2 76 
725 16 3 76 
625 16 19 76 
469 17 4 76 
448 17 18 76 
58 18 5 76 
5781 18 17 76 
5482 19 6 76 
5235 19 16 76 
5034 13 5 76 
4496 14 4 76 
4381 15 3 76 
4361 15 19 76 
4329 16 4 76 
4322 16 18 76 
4194 17 5 76 
4139 17 17 76 
4071 18 6 76 
3978 18 16 76 
3494 19 7 76 
3145 19 15 76 
3054 14 5 76 
2805 14 19 76 
2605 15 4 76 
2438 15 18 76 
1994 16 5 76 
1927 16 17 76 
1901 17 6 76 
1859 17 16 76 
1411 18 7 76 
1074 18 15 76 
965 19 8 76 
871 19 14 76 
867 14 18 76 
862 15 5 76 
574 15 17 76 
169 16 6 76 
120 16 16 76 
5622 17 7 76 
5404 17 15 76 
5340 18 8 76 
4842 18 14 76 
4812 19 9 76 
4720 19 13 76 
4215 14 17 76 
4193 15 6 76 
3943 15 16 76 
3737 16 7 76 
3427 16 15 76 
3237 17 8 76 
3058 17 14 76 
3002 18 9 76 
2699 18 13 76 
2609 19 10 76 
2526 19 12 76 
2370 14 6 76 
2109 14 16 76 
2013 15 7 76 
1831 15 15 76 
1827 16 8 76 
1498 16 14 76 
1418 17 9 76 
558 17 13 76 
386 18 10 76 
280 18 12 76 
13 19 11 76 
5277 0 19 76 
4928 9 6 76 
4265 13 6 76 
4253 14 7 76 
4183 14 15 76 
3883 15 8 76 
3710 15 14 76 
3511 16 9 76 
3464 16 13 76 
2745 17 10 76 
2401 17 12 76 
2175 18 11 76 
2149 0 18 76 
1962 1 19 76 
594 5 19 76 
476 9 7 76 
420 10 6 76 
287 12 6 76 
188 13 7 76 
10 14 8 76 
8 14 14 76 
5549 15 9 76 
5483 15 13 76 
5331 16 10 76 
5128 16 12 76 
4945 17 11 76 
4912 0 17 76 
4557 1 18 76 
4439 2 19 76 
4390 4 19 76 
4055 5 18 76 
4023 9 8 76 
3624 10 7 76 
3586 11 6 76 
3298 12 7 76 
3079 13 8 76 
3063 13 14 76 
2824 14 9 76 
2629 14 13 76 
2510 15 10 76 
2442 15 12 76 
2404 16 11 76 
2241 0 16 76 
2163 1 17 76 
2140 2 18 76 
2106 3 19 76 
2019 4 18 76 
1713 5 17 76 
1439 9 9 76 
1419 10 8 76 
1059 11 7 76 
925 12 8 76 
389 13 9 76 
5613 13 13 76 
4862 13 19 76 
4529 14 10 76 
4276 14 12 76 
4042 15 11 76 
3958 0 15 76 
3926 1 16 76 
3399 2 17 76 
3363 3 18 76 
3292 4 17 76 
3246 5 16 76 
2947 10 9 76 
2704 11 8 76 
2695 12 9 76 
2670 12 19 76 
2446 13 10 76 
2339 13 12 76 
1520 13 18 76 
1504 14 11 76 
1484 0 14 76 
1040 1 15 76 
674 2 16 76 
559 3 17 76 
336 4 16 76 
145 5 15 76 
18 11 9 76 
5543 11 19 76 
5526 12 10 76 
5279 12 18 76 
4944 13 11 76 
4798 13 17 76 
4763 0 13 76 
4734 1 14 76 
4707 2 15 76 
4638 3 16 76 
4457 4 15 76 
4444 6 19 76 
4325 10 19 76 
3936 11 10 76 
3914 11 18 76 
3847 12 11 76 
3540 12 17 76 
3217 13 16 76 
2926 0 12 76 
2676 1 13 76 
2667 2 14 76 
2651 3 15 76 
2528 6 18 76 
2460 7 19 76 
2459 9 19 76 
2070 10 10 76 
1982 10 18 76 
1829 11 11 76 
1457 11 17 76 
1340 12 12 76 
1321 12 16 76 
1260 13 15 76 
1255 0 11 76 
1187 1 12 76 
1072 2 13 76 
964 3 14 76 
859 6 17 76 
734 7 18 76 
527 8 19 76 
468 9 10 76 
5763 9 18 76 
5394 10 11 76 
5282 10 17 76 
5122 11 12 76 
4893 11 16 76 
4824 12 13 76 
4655 12 15 76 
4513 0 10 76 
4282 1 11 76 
3153 2 12 76 
3026 3 13 76 
2427 4 14 76 
2364 6 16 76 
2154 7 17 76 
1977 8 18 76 
1933 9 11 76 
1873 9 17 76 
1489 10 12 76 
1478 10 16 76 
1094 11 13 76 
5643 11 15 76 
5424 12 14 76 
5111 0 9 76 
4892 1 10 76 
4791 2 11 76 
4657 3 12 76 
4501 4 13 76 
4370 5 14 76 
4161 6 15 76 
4112 7 16 76 
3899 8 17 76 
3685 9 12 76 
2789 9 16 76 
2772 10 13 76 
2619 10 15 76 
2618 11 14 76 
2470 0 8 76 
2267 1 9 76 
1936 2 10 76 
1708 3 11 76 
1529 4 12 76 
1153 5 13 76 
1152 6 14 76 
1104 7 15 76 
960 8 16 76 
869 9 13 76 
773 9 15 76 
400 10 14 76 
5536 0 7 76 
5459 1 8 76 
5155 2 9 76 
5091 3 10 76 
4958 4 11 76 
4792 5 12 76 
4587 6 13 76 
4417 7 14 76 
4311 8 15 76 
4199 9 14 76 
4170 0 6 76 
4038 1 7 76 
2643 2 8 76 
2503 3 9 76 
2425 4 10 76 
1856 5 11 76 
1756 6 12 76 
1661 7 13 76 
1487 8 14 76 
1331 0 5 76 
1021 1 6 76 
1006 2 7 76 
482 3 8 76 
15 4 9 76 
5300 5 10 76 
5217 6 11 76 
5014 7 12 76 
4742 8 13 76 
4409 0 4 76 
4279 1 5 76 
4201 2 6 76 
4126 3 7 76 
3458 4 8 76 
3251 5 9 76 
2963 6 10 76 
2841 7 11 76 
2387 8 12 76 
2201 0 3 76 
1971 1 4 76 
1959 2 5 76 
1881 3 6 76 
1800 4 7 76 
1796 5 8 76 
1722 6 9 76 
1654 7 10 76 
1642 8 11 76 
1636 0 2 76 
1607 1 3 76 
1356 2 4 76 
1288 3 5 76 
5538 4 6 76 
5377 5 7 76 
5276 6 8 76 
5039 7 9 76 
4868 8 10 76 
4708 0 1 76 
4680 1 2 76 
3921 2 3 76 
3816 3 4 76 
3625 4 5 76 
3240 5 6 76 
2773 6 7 76 
2541 7 8 76 
2368 8 9 76 
825 0 0 76 
710 1 1 76 
488 2 2 76 
5092 3 3 76 
4884 4 4 76 
4783 5 5 76 
4632 6 6 76 
4566 7 7 76 
4410 8 8 76 
3937 1 0 76 
3113 2 1 76 
2450 3 2 76 
2125 4 3 76 
2033 5 4 76 
569 6 5 76 
5354 7 6 76 
5041 8 7 76 
4531 2 0 76 
4299 3 1 76 
4230 4 2 76 
4168 5 3 76 
3985 6 4 76 
3977 7 5 76 
3952 8 6 76 
3814 3 0 76 
3370 4 1 76 
2936 5 2 76 
2765 6 3 76 
2527 7 4 76 
2411 8 5 76 
2142 4 0 76 
1989 5 1 76 
1917 6 2 76 
1430 7 3 76 
1366 8 4 76 
792 5 0 76 
777 6 1 76 
202 7 2 76 
4863 8 3 76 
2978 6 0 76 
5233 7 1 76 
3078 8 2 76 
2248 7 0 76 
1732 8 1 76 
1565 8 0 76 
38 7 1 87 
2918 6 1 89 
2919 7 2 89 
3606 5 1 89 
2835 6 2 89 
2871 7 3 89 
3659 4 1 89 
186 5 2 89 
412 6 3 89 
2916 7 4 89 
3060 3 1 89 
3664 4 2 89 
4730 5 3 89 
5069 6 4 89 
115 7 5 89 
122 2 1 90 
190 3 2 90 
462 4 3 90 
1825 6 5 90 
1886 7 6 89 
4118 1 1 91 
522 2 2 91 
641 3 3 90 
1079 6 6 90 
2307 7 7 90 
2345 1 2 91 
2583 2 3 91 
2819 5 6 91 
3518 6 7 91 
3922 7 8 91 
4790 1 3 92 
487 2 4 92 
507 5 7 91 
934 6 8 91 
1207 7 9 91 
1471 1 4 92 
2297 2 5 92 
3450 5 8 92 
3834 6 9 92 
4973 7 10 92 
581 1 5 92 
1923 2 6 92 
2371 5 9 92 
2741 6 10 92 
4069 7 11 92 
5344 1 6 93 
5682 4 9 93 
970 5 10 92 
1080 6 11 92 
1682 7 12 92 
2382 3 9 93 
2479 4 10 93 
2924 5 11 93 
3340 6 12 93 
3375 7 13 93 
3381 2 9 93 
3711 3 10 93 
3771 4 11 93 
3787 5 12 93 
5231 6 13 93 
5351 7 14 93 
5460 8 15 93 
5461 1 9 94 
5789 2 10 94 
264 3 11 94 
675 5 13 94 
678 7 15 94 
820 8 16 94 
1042 9 15 94 
1208 10 14 94 
1273 1 10 94 
1510 2 11 94 
1549 7 16 94 
2855 8 17 94 
4014 9 16 94 
4136 10 13 94 
4629 10 15 94 
5029 11 14 94 
63 1 11 95 
172 2 12 95 
563 7 17 95 
695 8 18 95 
700 9 17 95 
702 10 12 95 
741 10 16 95 
1303 11 13 95 
1410 11 15 94 
1646 1 12 96 
2246 2 13 96 
3239 7 18 96 
3637 9 18 95 
3753 10 11 95 
4404 10 17 95 
4628 11 12 95 
4663 11 16 95 
4770 1 13 96 
5195 2 14 96 
5490 10 18 96 
