1950
6799 0 0 1 
6770 0 1 1 
6371 0 9 1 
6288 1 0 1 
6185 0 2 1 
6124 0 8 1 
6056 1 1 1 
6023 1 9 1 
5795 2 0 1 
5710 0 3 1 
5274 0 7 1 
5029 1 2 1 
4913 1 8 1 
4779 2 1 1 
4604 2 9 1 
4541 3 0 1 
4413 0 4 1 
4346 0 6 1 
4186 1 3 1 
4114 1 7 1 
4044 2 2 1 
4042 2 8 1 
4016 3 1 1 
3604 3 9 1 
3487 4 0 1 
3483 0 5 1 
3404 1 4 1 
3187 1 6 1 
3143 2 3 1 
3136 2 7 1 
3022 3 2 1 
3015 3 8 1 
2791 4 1 1 
2538 4 9 1 
2380 5 0 1 
2252 1 5 1 
1979 2 4 1 
1946 2 6 1 
1826 3 3 1 
1795 3 7 1 
1162 4 2 1 
890 4 8 1 
375 5 1 1 
280 5 9 1 
252 6 0 1 
163 0 19 1 
6780 2 5 1 
6771 3 4 1 
6731 3 6 1 
6679 4 3 1 
6659 4 7 1 
6592 5 2 1 
6567 5 8 1 
6441 6 1 1 
6372 7 0 1 
6237 0 18 1 
5841 1 19 1 
5803 3 5 1 
5617 4 4 1 
5035 4 6 1 
5006 5 3 1 
4661 5 7 1 
4576 6 2 1 
4344 7 1 1 
4102 8 0 1 
3937 0 17 1 
3854 1 18 1 
3799 2 19 1 
3590 4 5 1 
3589 5 4 1 
3474 5 6 1 
3356 6 3 1 
2887 7 2 1 
2487 8 1 1 
2473 9 0 1 
2326 0 10 1 
2269 0 16 1 
2239 1 17 1 
1883 2 18 1 
1773 3 19 1 
1567 5 5 1 
1295 6 4 1 
1255 7 3 1 
1050 8 2 1 
789 9 1 1 
649 10 0 1 
496 0 11 1 
126 0 15 1 
6743 1 10 1 
6501 1 16 1 
6286 2 17 1 
6160 3 18 1 
6112 4 19 1 
5846 6 5 1 
5624 7 4 1 
4924 8 3 1 
4893 9 2 1 
4767 10 1 1 
4682 0 12 1 
4496 0 14 1 
4239 1 11 1 
4158 1 15 1 
4079 2 10 1 
3742 2 16 1 
3053 3 17 1 
2779 4 18 1 
2733 5 19 1 
2667 6 6 1 
2562 7 5 1 
2157 8 4 1 
2101 9 3 1 
1641 10 2 1 
1389 0 13 1 
1297 1 12 1 
602 1 14 1 
302 2 11 1 
27 2 15 1 
6603 3 10 1 
6387 3 16 1 
5741 4 17 1 
5407 5 18 1 
5400 6 7 1 
5316 6 19 1 
5185 7 6 1 
4545 8 5 1 
4414 9 4 1 
4305 10 3 1 
4184 1 13 1 
4069 2 12 1 
3708 2 14 1 
3703 3 11 1 
3698 3 15 1 
3216 4 10 1 
3087 4 16 1 
2892 5 17 1 
2664 6 8 1 
2589 6 18 1 
1684 7 7 1 
1548 7 19 1 
1510 8 6 1 
1459 9 5 1 
1228 10 4 1 
856 2 13 1 
688 3 12 1 
458 3 14 1 
256 4 11 1 
6714 4 15 1 
6110 5 10 1 
5875 5 16 1 
5766 6 9 1 
5548 6 17 1 
4942 7 8 1 
4291 7 18 1 
4152 8 7 1 
4142 8 19 1 
3919 9 6 1 
3761 10 5 1 
3643 3 13 1 
3351 4 12 1 
3029 4 14 1 
2996 5 11 1 
2935 5 15 1 
2267 6 10 1 
2242 6 16 1 
2121 7 9 1 
2079 7 17 1 
2022 8 8 1 
1721 8 18 1 
1628 9 7 1 
1090 9 19 1 
732 10 6 1 
197 19 19 1 
160 4 13 1 
77 5 12 1 
6460 5 14 1 
6145 6 11 1 
6077 6 15 1 
5912 7 10 1 
5663 7 16 1 
5641 8 9 1 
5500 8 17 1 
5351 9 8 1 
5197 9 18 1 
5074 10 7 1 
4290 10 19 1 
4266 18 19 1 
4241 19 18 1 
3811 5 13 1 
3663 6 12 1 
3506 6 14 1 
3410 7 11 1 
3333 7 15 1 
3107 8 10 1 
2406 8 16 1 
2082 9 9 1 
1997 9 17 1 
1981 10 8 1 
1340 10 18 1 
1045 11 19 1 
1002 17 19 1 
888 18 18 1 
809 19 17 1 
741 6 13 1 
650 7 12 1 
325 7 14 1 
190 8 11 1 
6755 8 15 1 
6750 9 10 1 
6713 9 16 1 
6189 10 9 1 
6162 10 17 1 
5585 11 18 1 
5338 12 19 1 
5240 16 19 1 
5215 17 18 1 
5057 18 17 1 
4174 19 16 1 
4163 7 13 1 
3987 8 12 1 
3898 8 14 1 
3449 9 11 1 
2932 9 15 1 
2480 10 10 1 
2255 10 16 1 
2102 11 17 1 
1644 12 18 1 
1350 13 19 1 
1037 15 19 1 
469 16 18 1 
211 17 17 1 
6082 18 16 1 
5911 19 15 1 
5830 8 13 1 
5630 9 12 1 
5403 9 14 1 
4839 10 11 1 
4092 10 15 1 
3978 11 16 1 
3849 12 17 1 
3755 13 18 1 
3656 14 19 1 
3425 15 18 1 
3270 16 17 1 
3034 17 16 1 
2751 18 15 1 
2436 19 14 1 
1995 9 13 1 
1780 10 12 1 
1728 10 14 1 
1574 11 15 1 
1571 12 16 1 
1532 13 17 1 
754 14 18 1 
609 15 17 1 
461 16 16 1 
267 17 15 1 
6327 18 14 1 
6244 19 13 1 
5996 10 13 1 
5780 11 14 1 
5754 12 15 1 
5368 13 16 1 
5122 14 17 1 
5025 15 16 1 
4894 16 15 1 
4726 17 14 1 
4723 18 13 1 
4554 19 12 1 
4279 11 13 1 
4117 12 14 1 
4091 13 15 1 
3852 14 16 1 
3841 15 15 1 
3714 16 14 1 
3481 17 13 1 
3113 18 12 1 
2897 19 11 1 
2393 12 13 1 
2345 13 14 1 
2249 14 15 1 
1806 15 14 1 
1697 16 13 1 
1415 17 12 1 
1384 18 11 1 
1133 19 10 1 
1127 13 13 1 
1027 14 14 1 
183 15 13 1 
6708 16 12 1 
6273 17 11 1 
6211 18 10 1 
6129 19 9 1 
5915 11 12 1 
5685 14 13 1 
5398 15 12 1 
5280 16 11 1 
4785 17 10 1 
4639 18 9 1 
4614 19 8 1 
4429 11 11 1 
4234 12 12 1 
3661 14 12 1 
3528 15 11 1 
3306 16 10 1 
3275 17 9 1 
3108 18 8 1 
2941 19 7 1 
2926 11 10 1 
2692 12 11 1 
2314 13 12 1 
2132 14 11 1 
1638 15 10 1 
1620 16 9 1 
1326 17 8 1 
1325 18 7 1 
186 11 9 1 
50 12 10 1 
6570 13 11 1 
6465 14 10 1 
6419 15 9 1 
6137 16 8 1 
6090 17 7 1 
5896 11 8 1 
5760 12 9 1 
5476 13 10 1 
5475 14 9 1 
5150 15 8 1 
5147 16 7 1 
5075 11 7 1 
4798 12 8 1 
4310 13 9 1 
4140 14 8 1 
4127 15 7 1 
3710 11 6 1 
3283 12 7 1 
3133 13 8 1 
2842 14 7 1 
2582 19 6 1 
2017 11 5 1 
1561 12 6 1 
1494 13 7 1 
1073 18 6 1 
816 19 5 1 
678 11 4 1 
185 12 5 1 
6443 13 6 1 
5603 17 6 1 
5518 18 5 1 
5478 19 4 1 
5435 11 3 1 
5288 12 4 1 
5119 13 5 1 
3845 14 6 1 
3647 16 6 1 
3626 17 5 1 
3387 18 4 1 
2885 19 3 1 
2259 11 2 1 
2248 12 3 1 
2014 13 4 1 
1899 14 5 1 
1869 15 6 1 
360 16 5 1 
6756 17 4 1 
6687 18 3 1 
6479 19 2 1 
6205 11 1 1 
6188 12 2 1 
6032 13 3 1 
5272 14 4 1 
5238 15 5 1 
4887 16 4 1 
4357 17 3 1 
3251 18 2 1 
3020 19 1 1 
3016 11 0 1 
2977 12 1 1 
2827 13 2 1 
2748 14 3 1 
1669 15 4 1 
1065 16 3 1 
759 17 2 1 
168 18 1 1 
6121 19 0 1 
5571 12 0 1 
4946 13 1 1 
3532 14 2 1 
2749 15 3 1 
2549 16 2 1 
1172 17 1 1 
403 18 0 1 
3185 13 0 1 
2649 14 1 1 
2108 15 2 1 
1123 16 1 1 
5261 17 0 1 
4568 14 0 1 
4480 15 1 1 
3252 16 0 1 
2998 15 0 1 
1179 15 1 13 
56 14 1 14 
1675 15 2 14 
3652 16 1 14 
3701 13 1 15 
753 14 2 15 
2271 15 3 15 
3364 16 2 15 
3993 17 1 15 
4690 12 1 16 
5768 13 2 16 
1792 14 3 16 
2063 15 4 16 
2701 16 3 16 
2778 17 2 16 
3603 18 1 16 
3640 12 2 16 
3940 13 3 16 
4017 14 4 16 
5219 15 5 16 
5362 16 4 16 
699 17 3 16 
1021 18 2 16 
1508 12 3 17 
2724 13 4 17 
3579 14 5 17 
4401 16 5 17 
4482 17 4 16 
4693 18 3 16 
5622 12 4 17 
5772 13 5 17 
6764 17 5 17 
274 18 4 17 
1221 12 5 18 
2019 18 5 17 
2148 12 6 18 
2236 12 7 18 
4221 13 8 18 
4588 12 8 18 
6573 13 9 18 
6574 14 8 18 
1281 12 9 18 
2175 13 10 18 
3031 14 9 18 
3951 15 8 18 
4725 12 10 19 
4847 13 11 18 
5079 14 10 18 
5125 15 9 18 
5933 16 8 18 
6773 12 11 19 
1005 14 11 19 
2352 15 10 19 
2683 16 9 19 
3619 17 8 19 
3926 15 11 19 
5021 16 10 19 
5771 17 9 19 
6133 18 8 19 
6354 15 12 19 
584 16 11 19 
1407 17 10 19 
1533 18 9 19 
2180 14 14 20 
3095 15 13 20 
3628 16 12 19 
4192 17 11 19 
4307 18 10 19 
5350 13 14 20 
6164 14 15 20 
6262 15 14 20 
6294 16 13 20 
6319 17 12 20 
718 18 11 20 
2200 12 14 20 
3733 13 15 20 
4204 14 16 20 
4574 15 15 20 
4685 16 14 20 
4844 17 13 20 
5165 18 12 20 
6289 11 14 20 
6001 0 0 26 
5889 0 1 26 
4620 0 9 26 
4531 1 0 26 
4461 0 2 26 
4338 0 8 26 
4311 1 1 26 
3998 1 9 26 
3967 2 0 26 
3717 0 3 26 
3484 0 7 26 
3403 1 2 26 
3379 1 8 26 
3323 2 1 26 
3318 2 9 26 
3242 3 0 26 
3217 0 4 26 
3139 0 6 26 
2975 1 3 26 
2964 1 7 26 
2652 2 2 26 
2540 2 8 26 
2412 3 1 26 
1890 3 9 26 
1578 4 0 26 
1402 0 5 26 
1332 1 4 26 
1014 1 6 26 
791 2 3 26 
265 2 7 26 
132 3 2 26 
31 3 8 26 
18 4 1 26 
6752 4 9 26 
6597 5 0 26 
6458 1 5 26 
6268 2 4 26 
6234 2 6 26 
5759 3 3 26 
5646 3 7 26 
5495 4 2 26 
5334 4 8 26 
5107 5 1 26 
4889 5 9 26 
4753 6 0 26 
4668 0 19 26 
4444 2 5 26 
4101 3 4 26 
3965 3 6 26 
3872 4 3 26 
3833 4 7 26 
3766 5 2 26 
3680 5 8 26 
3239 6 1 26 
2824 7 0 26 
2818 0 18 26 
2793 1 19 26 
2657 3 5 26 
2570 4 4 26 
2523 4 6 26 
2205 5 3 26 
2125 5 7 26 
1939 6 2 26 
1214 7 1 26 
1003 8 0 26 
797 0 17 26 
555 1 18 26 
498 2 19 26 
120 4 5 26 
38 5 4 26 
6620 5 6 26 
6528 6 3 26 
6368 7 2 26 
6364 8 1 26 
6355 9 0 26 
6312 0 10 26 
6073 0 16 26 
6005 1 17 26 
5777 2 18 26 
5577 3 19 26 
5503 5 5 26 
5472 6 4 26 
4644 7 3 26 
4164 8 2 26 
4080 9 1 26 
4035 10 0 26 
3934 0 11 26 
3918 0 15 26 
3526 1 10 26 
3106 1 16 26 
1955 2 17 26 
1725 3 18 26 
1692 4 19 26 
1249 6 5 26 
896 7 4 26 
735 8 3 26 
665 9 2 26 
663 10 1 26 
48 0 12 26 
6615 0 14 26 
6493 1 11 26 
5983 1 15 26 
5572 2 10 26 
5306 2 16 26 
5265 3 17 26 
4950 4 18 26 
4873 5 19 26 
4602 6 6 26 
4348 7 5 26 
4341 8 4 26 
4296 9 3 26 
4283 10 2 26 
4136 0 13 26 
3920 1 12 26 
3842 1 14 26 
3636 2 11 26 
3607 2 15 26 
3130 3 10 26 
2994 3 16 26 
2773 4 17 26 
2517 5 18 26 
2399 6 7 26 
2246 6 19 26 
1923 7 6 26 
1734 8 5 26 
1618 9 4 26 
1519 10 3 26 
1414 1 13 26 
1382 2 12 26 
1320 2 14 26 
1298 3 11 26 
1289 3 15 26 
1284 4 10 26 
1203 4 16 26 
981 5 17 26 
743 6 8 26 
580 6 18 26 
578 7 7 26 
399 7 19 26 
78 8 6 26 
6285 9 5 26 
6280 10 4 26 
6092 2 13 26 
5974 3 12 26 
5229 3 14 26 
5016 4 11 26 
4514 4 15 26 
3828 5 10 26 
3659 5 16 26 
3583 6 9 26 
3297 6 17 26 
3253 7 8 26 
3093 7 18 26 
2843 8 7 26 
2408 8 19 26 
2313 9 6 26 
1957 10 5 26 
1489 3 13 26 
1159 4 12 26 
1040 4 14 26 
594 5 11 26 
500 5 15 26 
385 6 10 26 
333 6 16 26 
307 7 9 26 
293 7 17 26 
75 8 8 26 
6503 8 18 26 
6438 9 7 26 
6432 9 19 26 
6328 10 6 26 
6242 19 19 26 
6231 4 13 26 
6202 5 12 26 
5569 5 14 26 
5549 6 11 26 
5154 6 15 26 
5012 7 10 26 
4122 7 16 26 
4002 8 9 26 
3806 8 17 26 
3756 9 8 26 
3716 9 18 26 
3682 10 7 26 
3631 10 19 26 
3202 18 19 26 
3183 19 18 26 
2807 5 13 26 
2511 6 12 26 
2374 6 14 26 
2097 7 11 26 
1610 7 15 26 
1592 8 10 26 
1223 8 16 26 
1013 9 9 26 
978 9 17 26 
882 10 8 26 
842 10 18 26 
389 11 19 26 
386 17 19 26 
134 18 18 26 
65 19 17 26 
6726 6 13 26 
6429 7 12 26 
6349 7 14 26 
6331 8 11 26 
6156 8 15 26 
6155 9 10 26 
5562 9 16 26 
5504 10 9 26 
4663 10 17 26 
4426 11 18 26 
4206 12 19 26 
4172 16 19 26 
4157 17 18 26 
3969 18 17 26 
3862 19 16 26 
3843 7 13 26 
3601 8 12 26 
3480 8 14 26 
3309 9 11 26 
3215 9 15 26 
2705 10 10 26 
2555 10 16 26 
2081 11 17 26 
2038 12 18 26 
1853 13 19 26 
1486 15 19 26 
1301 16 18 26 
908 17 17 26 
710 18 16 26 
695 19 15 26 
611 8 13 26 
411 9 12 26 
306 9 14 26 
199 10 11 26 
6785 10 15 26 
6782 11 16 26 
6677 12 17 26 
6365 13 18 26 
6323 14 19 26 
5935 15 18 26 
5700 16 17 26 
5581 17 16 26 
5322 18 15 26 
5032 19 14 26 
4208 9 13 26 
4154 10 12 26 
3201 10 14 26 
3162 11 15 26 
2872 12 16 26 
2858 13 17 26 
2616 14 18 26 
2554 15 17 26 
2490 16 16 26 
2159 17 15 26 
1852 18 14 26 
1575 19 13 26 
1258 10 13 26 
991 11 14 26 
879 12 15 26 
606 13 16 26 
423 14 17 26 
6334 15 16 26 
6169 16 15 26 
5667 17 14 26 
4763 18 13 26 
4696 19 12 26 
3678 11 13 26 
3117 12 14 26 
2602 13 15 26 
2206 14 16 26 
1962 15 15 26 
1805 16 14 26 
1799 17 13 26 
1686 18 12 26 
1582 19 11 26 
1243 12 13 26 
977 13 14 26 
872 14 15 26 
790 15 14 26 
680 16 13 26 
332 17 12 26 
76 18 11 26 
70 19 10 26 
6691 13 13 26 
6462 14 14 26 
6217 15 13 26 
6149 16 12 26 
6075 17 11 26 
5785 18 10 26 
5719 19 9 26 
5457 11 12 26 
5076 14 13 26 
4265 15 12 26 
3988 16 11 26 
3922 17 10 26 
3777 18 9 26 
3465 19 8 26 
3127 11 11 26 
2565 12 12 26 
2532 14 12 26 
2450 15 11 26 
2372 16 10 26 
1560 17 9 26 
1514 18 8 26 
823 19 7 26 
673 11 10 26 
6709 12 11 26 
6653 13 12 26 
5987 14 11 26 
5657 15 10 26 
5143 16 9 26 
4945 17 8 26 
4911 18 7 26 
4375 11 9 26 
4026 12 10 26 
3887 13 11 26 
3869 14 10 26 
3326 15 9 26 
3229 16 8 26 
2208 17 7 26 
2149 11 8 26 
2098 12 9 26 
1862 13 10 26 
1844 14 9 26 
1616 15 8 26 
1588 16 7 26 
1419 11 7 26 
1207 12 8 26 
1019 13 9 26 
438 14 8 26 
363 15 7 26 
63 11 6 26 
6521 12 7 26 
5793 13 8 26 
5594 14 7 26 
5390 19 6 26 
5008 11 5 26 
3534 12 6 26 
3507 13 7 26 
3440 18 6 26 
3426 19 5 26 
2479 11 4 26 
2478 12 5 26 
2337 13 6 26 
2184 17 6 26 
1660 18 5 26 
1416 19 4 26 
1126 11 3 26 
880 12 4 26 
803 13 5 26 
671 14 6 26 
310 16 6 26 
6794 17 5 26 
6793 18 4 26 
6674 19 3 26 
6581 11 2 26 
6271 12 3 26 
6172 13 4 26 
4481 14 5 26 
4417 15 6 26 
4076 16 5 26 
3847 17 4 26 
3509 18 3 26 
3294 19 2 26 
2846 11 1 26 
2654 12 2 26 
2641 13 3 26 
2431 14 4 26 
2178 15 5 26 
2162 16 4 26 
2033 17 3 26 
1906 18 2 26 
6523 19 1 26 
5776 11 0 26 
5686 12 1 26 
5523 13 2 26 
3942 14 3 26 
3488 15 4 26 
2902 16 3 26 
2600 17 2 26 
2388 18 1 26 
1702 19 0 26 
596 12 0 26 
398 13 1 26 
6665 14 2 26 
6028 15 3 26 
5515 16 2 26 
5443 17 1 26 
3913 18 0 26 
3195 13 0 26 
1872 14 1 26 
1769 15 2 26 
513 16 1 26 
6401 17 0 26 
5742 14 0 26 
4385 15 1 26 
2637 16 0 26 
2415 15 0 26 
5129 15 1 38 
2151 14 1 39 
3740 15 2 39 
666 16 1 39 
4967 13 1 40 
5295 14 2 39 
5580 15 3 39 
6533 16 2 39 
443 17 1 39 
523 12 1 40 
1155 13 2 40 
2057 14 3 40 
2831 15 4 40 
3123 16 3 40 
3737 17 2 40 
3859 18 1 40 
5239 12 2 41 
5459 13 3 41 
5735 14 4 41 
6224 15 5 41 
99 16 4 41 
119 17 3 41 
361 18 2 41 
898 12 3 41 
1542 13 4 41 
1746 14 5 41 
1905 16 5 41 
1908 17 4 41 
2277 18 3 41 
3366 12 4 42 
4235 13 5 42 
4332 17 5 41 
4520 18 4 41 
6547 12 5 42 
939 18 5 42 
1046 12 6 42 
2193 12 7 42 
2423 13 8 42 
3398 12 8 43 
3562 13 9 43 
4061 14 8 43 
4330 12 9 43 
4423 13 10 43 
4876 14 9 43 
1056 15 8 43 
1164 12 10 43 
2385 13 11 43 
3900 14 10 43 
4508 15 9 43 
4510 16 8 43 
5417 12 11 43 
6091 14 11 43 
6525 15 10 43 
946 16 9 43 
1170 17 8 43 
1834 15 11 44 
1982 16 10 44 
2924 17 9 44 
3173 18 8 44 
4783 15 12 44 
4985 16 11 44 
5152 17 10 44 
210 18 9 44 
546 14 14 44 
621 15 13 44 
1189 16 12 44 
1614 17 11 44 
2341 18 10 44 
2826 13 14 45 
3092 14 15 45 
4592 15 14 45 
6475 16 13 45 
188 17 12 45 
706 18 11 45 
932 12 14 45 
1145 13 15 45 
1250 14 16 45 
1490 15 15 45 
1689 16 14 45 
2387 17 13 45 
2445 18 12 45 
2606 11 14 46 
2829 12 15 46 
3172 13 16 46 
3788 14 17 46 
4313 15 16 45 
4329 16 15 45 
4366 17 14 45 
4861 18 13 45 
4866 9 13 46 
5244 10 14 46 
5623 11 15 46 
6568 0 0 51 
6407 0 1 51 
6010 0 9 51 
5967 1 0 51 
5938 0 2 51 
5928 0 8 51 
5455 1 1 51 
5393 1 9 51 
5188 2 0 51 
4386 0 3 51 
4143 0 7 51 
3831 1 2 51 
3670 1 8 51 
3646 2 1 51 
3456 2 9 51 
3429 3 0 51 
3411 0 4 51 
3018 0 6 51 
2837 1 3 51 
2833 1 7 51 
2720 2 2 51 
2525 2 8 51 
2493 3 1 51 
2474 3 9 51 
2283 4 0 51 
2231 0 5 51 
2224 1 4 51 
2036 1 6 51 
1901 2 3 51 
1791 2 7 51 
1683 3 2 51 
1608 3 8 51 
1091 4 1 51 
1069 4 9 51 
987 5 0 51 
972 1 5 51 
656 2 4 51 
415 2 6 51 
378 3 3 51 
328 3 7 51 
309 4 2 51 
113 4 8 51 
6478 5 1 51 
6210 5 9 51 
5921 6 0 51 
5874 0 19 51 
5816 2 5 51 
5713 3 4 51 
5508 3 6 51 
5196 4 3 51 
5115 4 7 51 
5051 5 2 51 
5044 5 8 51 
5023 6 1 51 
4912 7 0 51 
4755 0 18 51 
4621 1 19 51 
4563 3 5 51 
3960 4 4 51 
3836 4 6 51 
3832 5 3 51 
3675 5 7 51 
3593 6 2 51 
3070 7 1 51 
2985 8 0 51 
2978 0 17 51 
2647 1 18 51 
2086 2 19 51 
1529 4 5 51 
1239 5 4 51 
1237 5 6 51 
1204 6 3 51 
982 7 2 51 
895 8 1 51 
874 9 0 51 
223 0 10 51 
86 0 16 51 
6784 1 17 51 
6315 2 18 51 
5917 3 19 51 
5814 5 5 51 
5801 6 4 51 
5676 7 3 51 
5610 8 2 51 
4802 9 1 51 
4657 10 0 51 
4509 0 11 51 
3808 0 15 51 
3655 1 10 51 
3609 1 16 51 
3558 2 17 51 
3467 3 18 51 
3295 4 19 51 
3266 6 5 51 
2907 7 4 51 
2742 8 3 51 
2675 9 2 51 
2551 10 1 51 
2168 0 12 51 
2115 0 14 51 
2010 1 11 51 
1963 1 15 51 
1554 2 10 51 
1454 2 16 51 
1395 3 17 51 
37 4 18 51 
6356 5 19 51 
6127 6 6 51 
6105 7 5 51 
6014 8 4 51 
5941 9 3 51 
5783 10 2 51 
5330 0 13 51 
5292 1 12 51 
5269 1 14 51 
4369 2 11 51 
4051 2 15 51 
3894 3 10 51 
3865 3 16 51 
3546 4 17 51 
3419 5 18 51 
3218 6 7 51 
3082 6 19 51 
2671 7 6 51 
2488 8 5 51 
2311 9 4 51 
2211 10 3 51 
2166 1 13 51 
2078 2 12 51 
1705 2 14 51 
1477 3 11 51 
1232 3 15 51 
1038 4 10 51 
861 4 16 51 
822 5 17 51 
776 6 8 51 
709 6 18 51 
206 7 7 51 
205 7 19 51 
6685 8 6 51 
6470 9 5 51 
6274 10 4 51 
6154 2 13 51 
5920 3 12 51 
5717 3 14 51 
5499 4 11 51 
5436 4 15 51 
5310 5 10 51 
4484 5 16 51 
4278 6 9 51 
4167 6 17 51 
4083 7 8 51 
3953 7 18 51 
3786 8 7 51 
3648 8 19 51 
3542 9 6 51 
3237 10 5 51 
2505 3 13 51 
2397 4 12 51 
1749 4 14 51 
1709 5 11 51 
1657 5 15 51 
1460 6 10 51 
1338 6 16 51 
996 7 9 51 
765 7 17 51 
723 8 8 51 
624 8 18 51 
251 9 7 51 
250 9 19 51 
6399 10 6 51 
6055 19 19 51 
5678 4 13 51 
5376 5 12 51 
5248 5 14 51 
5192 6 11 51 
4760 6 15 51 
4548 7 10 51 
4065 7 16 51 
3994 8 9 51 
3384 8 17 51 
3344 9 8 51 
3157 9 18 51 
2404 10 7 51 
2113 10 19 51 
1457 18 19 51 
1452 19 18 51 
863 5 13 51 
6499 6 12 51 
6489 6 14 51 
6439 7 11 51 
6422 7 15 51 
6394 8 10 51 
6358 8 16 51 
6066 9 9 51 
5796 9 17 51 
5701 10 8 51 
5319 10 18 51 
5253 11 19 51 
4652 17 19 51 
4589 18 18 51 
4539 19 17 51 
4205 6 13 51 
4041 7 12 51 
3924 7 14 51 
3880 8 11 51 
3853 8 15 51 
3513 9 10 51 
3077 9 16 51 
3036 10 9 51 
3025 10 17 51 
2781 11 18 51 
2484 12 19 51 
2449 16 19 51 
1860 17 18 51 
1724 18 17 51 
995 19 16 51 
994 7 13 51 
698 8 12 51 
679 8 14 51 
604 9 11 51 
409 9 15 51 
222 10 10 51 
175 10 16 51 
6792 11 17 51 
6600 12 18 51 
6282 13 19 51 
6116 15 19 51 
6052 16 18 51 
6038 17 17 51 
5959 18 16 51 
5629 19 15 51 
5281 8 13 51 
5086 9 12 51 
4758 9 14 51 
4244 10 11 51 
4183 10 15 51 
4001 11 16 51 
3925 12 17 51 
3864 13 18 51 
3454 14 19 51 
3405 15 18 51 
3273 16 17 51 
2817 17 16 51 
2446 18 15 51 
2359 19 14 51 
2214 9 13 51 
2040 10 12 51 
1944 10 14 51 
1370 11 15 51 
561 12 16 51 
405 13 17 51 
6737 14 18 51 
6716 15 17 51 
6710 16 16 51 
6442 17 15 51 
6283 18 14 51 
6209 19 13 51 
5877 10 13 51 
5849 11 14 51 
5804 12 15 51 
5767 13 16 51 
5695 14 17 51 
5543 15 16 51 
5462 16 15 51 
5367 17 14 51 
5328 18 13 51 
4483 19 12 51 
4404 11 13 51 
4364 12 14 51 
4273 13 15 51 
4008 14 16 51 
3498 15 15 51 
3396 16 14 51 
3208 17 13 51 
3134 18 12 51 
2814 19 11 51 
2757 12 13 51 
2717 13 14 51 
2561 14 15 51 
2285 15 14 51 
2203 16 13 51 
2051 17 12 51 
1924 18 11 51 
1735 19 10 51 
1466 13 13 51 
1241 14 14 51 
1138 15 13 51 
501 16 12 51 
428 17 11 51 
154 18 10 51 
6725 19 9 51 
6386 11 12 51 
6206 14 13 51 
5964 15 12 51 
5897 16 11 51 
5869 17 10 51 
5718 18 9 51 
5186 19 8 51 
5056 11 11 51 
4407 12 12 51 
4361 14 12 51 
4037 15 11 51 
3824 16 10 51 
3434 17 9 51 
3353 18 8 51 
3180 19 7 51 
3141 11 10 51 
2535 12 11 51 
2481 13 12 51 
2344 14 11 51 
1034 15 10 51 
71 16 9 51 
6719 17 8 51 
6718 18 7 51 
6635 11 9 51 
6325 12 10 51 
5579 13 11 51 
5506 14 10 51 
5438 15 9 51 
5117 16 8 51 
5007 17 7 51 
4775 11 8 51 
4595 12 9 51 
3863 13 10 51 
2927 14 9 51 
2876 15 8 51 
2839 16 7 51 
2735 11 7 51 
2608 12 8 51 
2103 13 9 51 
1763 14 8 51 
1726 15 7 51 
1385 11 6 51 
1001 12 7 51 
690 13 8 51 
480 14 7 51 
349 19 6 51 
313 11 5 51 
230 12 6 51 
6728 13 7 51 
5716 18 6 51 
5449 19 5 51 
4890 11 4 51 
4566 12 5 51 
4148 13 6 51 
3973 17 6 51 
3931 18 5 51 
3825 19 4 51 
3735 11 3 51 
3390 12 4 51 
3240 13 5 51 
2953 14 6 51 
2918 16 6 51 
1139 17 5 51 
708 18 4 51 
6763 19 3 51 
5761 11 2 51 
5482 12 3 51 
4201 13 4 51 
4126 14 5 51 
4048 15 6 51 
3912 16 5 51 
3462 17 4 51 
749 18 3 51 
6715 19 2 51 
6034 11 1 51 
5981 12 2 51 
5573 13 3 51 
4992 14 4 51 
4551 15 5 51 
4292 16 4 51 
4067 17 3 51 
3114 18 2 51 
1990 19 1 51 
1359 11 0 51 
685 12 1 51 
376 13 2 51 
319 14 3 51 
82 15 4 51 
6686 16 3 51 
6230 17 2 51 
6057 18 1 51 
5217 19 0 51 
3709 12 0 51 
3514 13 1 51 
3089 14 2 51 
2873 15 3 51 
2639 16 2 51 
2411 17 1 51 
2328 18 0 51 
2085 13 0 51 
2002 14 1 51 
5856 15 2 51 
4883 16 1 51 
4173 17 0 51 
3763 14 0 51 
3538 15 1 51 
2847 16 0 51 
2794 15 0 51 
353 15 1 63 
503 14 1 64 
1265 15 2 63 
593 16 1 63 
3081 13 1 64 
4170 14 2 64 
5200 15 3 64 
5885 16 2 64 
6803 17 1 64 
2680 12 1 65 
3262 13 2 65 
3784 14 3 65 
4669 15 4 65 
1 16 3 64 
155 17 2 64 
1880 18 1 64 
1928 12 2 65 
3501 13 3 65 
3629 14 4 65 
3765 15 5 65 
3783 16 4 65 
4446 17 3 65 
4830 18 2 65 
5320 12 3 66 
6089 13 4 66 
467 14 5 66 
2183 16 5 66 
3010 17 4 66 
3023 18 3 66 
4611 12 4 67 
5526 13 5 67 
5893 17 5 67 
377 18 4 67 
613 12 5 67 
731 18 5 67 
1355 12 6 68 
1493 12 7 68 
2139 13 8 68 
1322 12 8 68 
2771 13 9 68 
3110 14 8 68 
3181 12 9 68 
5068 13 10 68 
5493 14 9 68 
6457 15 8 68 
246 12 10 68 
1116 13 11 68 
1753 14 10 68 
2230 15 9 68 
2643 16 8 68 
2703 12 11 69 
3058 14 11 69 
3704 15 10 69 
4603 16 9 69 
4780 17 8 68 
4971 15 11 69 
5013 16 10 69 
5159 17 9 69 
6019 18 8 69 
6150 15 12 69 
362 16 11 69 
490 17 10 69 
684 18 9 69 
717 14 14 70 
1304 15 13 70 
1513 16 12 70 
1933 17 11 70 
3392 18 10 70 
4640 13 14 70 
5027 14 15 70 
5137 15 14 70 
5141 16 13 70 
5379 17 12 70 
5858 18 11 70 
181 12 14 70 
255 13 15 70 
1216 14 16 70 
1522 15 15 70 
2377 16 14 70 
2463 17 13 70 
2477 18 12 70 
2646 11 14 70 
3362 12 15 70 
3551 13 16 70 
3745 14 17 70 
4268 15 16 70 
4331 16 15 70 
4392 17 14 70 
4805 18 13 70 
6656 0 0 76 
6540 0 1 76 
6448 0 9 76 
6380 1 0 76 
6329 0 2 76 
6199 0 8 76 
6007 1 1 76 
5985 1 9 76 
5924 2 0 76 
5311 0 3 76 
5287 0 7 76 
5067 1 2 76 
4674 1 8 76 
4543 2 1 76 
4486 2 9 76 
4420 3 0 76 
3512 0 4 76 
3418 0 6 76 
3260 1 3 76 
2997 1 7 76 
2585 2 2 76 
2442 2 8 76 
2409 3 1 76 
1994 3 9 76 
1882 4 0 76 
1790 0 5 76 
1742 1 4 76 
1234 1 6 76 
1060 2 3 76 
746 2 7 76 
672 3 2 76 
416 3 8 76 
366 4 1 76 
92 4 9 76 
57 5 0 76 
6502 1 5 76 
6376 2 4 76 
6332 2 6 76 
6139 3 3 76 
6132 3 7 76 
5958 4 2 76 
5618 4 8 76 
5545 5 1 76 
5245 5 9 76 
5155 6 0 76 
5123 0 19 76 
4964 2 5 76 
4886 3 4 76 
4746 3 6 76 
4701 4 3 76 
4698 4 7 76 
4511 5 2 76 
4471 5 8 76 
4267 6 1 76 
4082 7 0 76 
4070 0 18 76 
4056 1 19 76 
4040 3 5 76 
3657 4 4 76 
3446 4 6 76 
3314 5 3 76 
3211 5 7 76 
3017 6 2 76 
2955 7 1 76 
2813 8 0 76 
2502 0 17 76 
2468 1 18 76 
2462 2 19 76 
2428 4 5 76 
2325 5 4 76 
2287 5 6 76 
2083 6 3 76 
1918 7 2 76 
1688 8 1 76 
1655 9 0 76 
1388 0 10 76 
1256 0 16 76 
1254 1 17 76 
1109 2 18 76 
417 3 19 76 
6776 5 5 76 
6703 6 4 76 
6158 7 3 76 
5763 8 2 76 
5722 9 1 76 
5614 10 0 76 
5528 0 11 76 
5252 0 15 76 
5204 1 10 76 
5070 1 16 76 
4838 2 17 76 
4832 3 18 76 
4728 4 19 76 
4694 6 5 76 
4630 7 4 76 
4553 8 3 76 
4248 9 2 76 
4050 10 1 76 
3547 0 12 76 
3374 0 14 76 
3223 1 11 76 
3116 1 15 76 
3057 2 10 76 
2199 2 16 76 
1762 3 17 76 
1654 4 18 76 
1137 5 19 76 
618 6 6 76 
597 7 5 76 
527 8 4 76 
470 9 3 76 
6575 10 2 76 
6565 0 13 76 
6179 1 12 76 
5989 1 14 76 
5703 2 11 76 
5633 2 15 76 
5206 3 10 76 
5111 3 16 76 
5033 4 17 76 
4934 5 18 76 
4906 6 7 76 
4819 6 19 76 
4549 7 6 76 
4488 8 5 76 
4232 9 4 76 
4099 10 3 76 
3974 1 13 76 
3904 2 12 76 
3899 2 14 76 
3552 3 11 76 
3358 3 15 76 
3310 4 10 76 
3122 4 16 76 
3118 5 17 76 
3043 6 8 76 
2099 6 18 76 
1612 7 7 76 
1521 7 19 76 
1502 8 6 76 
1270 9 5 76 
557 10 4 76 
502 2 13 76 
392 3 12 76 
227 3 14 76 
3 4 11 76 
6774 4 15 76 
6732 5 10 76 
6482 5 16 76 
6348 6 9 76 
4791 6 17 76 
4733 7 8 76 
4450 7 18 76 
4430 8 7 76 
4367 8 19 76 
4282 9 6 76 
4185 10 5 76 
4124 3 13 76 
3803 4 12 76 
3243 4 14 76 
3102 5 11 76 
2850 5 15 76 
2759 6 10 76 
2734 6 16 76 
2629 7 9 76 
2519 7 17 76 
2518 8 8 76 
2392 8 18 76 
1801 9 7 76 
1691 9 19 76 
1599 10 6 76 
1593 19 19 76 
1361 4 13 76 
798 5 12 76 
364 5 14 76 
327 6 11 76 
174 6 15 76 
6775 7 10 76 
6759 7 16 76 
6721 8 9 76 
6193 8 17 76 
6184 9 8 76 
6101 9 18 76 
5892 10 7 76 
5396 10 19 76 
5341 18 19 76 
5149 19 18 76 
5114 5 13 76 
4897 6 12 76 
4217 6 14 76 
3409 7 11 76 
3184 7 15 76 
3121 8 10 76 
2947 8 16 76 
2790 9 9 76 
2620 9 17 76 
2234 10 8 76 
1874 10 18 76 
1662 11 19 76 
1629 17 19 76 
1440 18 18 76 
1427 19 17 76 
1418 6 13 76 
1346 7 12 76 
1344 7 14 76 
1275 8 11 76 
304 8 15 76 
52 9 10 76 
6051 9 16 76 
6025 10 9 76 
6002 10 17 76 
5724 11 18 76 
5565 12 19 76 
5467 16 19 76 
5235 17 18 76 
5015 18 17 76 
4862 19 16 76 
4818 7 13 76 
4646 8 12 76 
4583 8 14 76 
4255 9 11 76 
4103 9 15 76 
4086 10 10 76 
3724 10 16 76 
3489 11 17 76 
3241 12 18 76 
2638 13 19 76 
2521 15 19 76 
2440 16 18 76 
2381 17 17 76 
2364 18 16 76 
2360 19 15 76 
2324 8 13 76 
2192 9 12 76 
1598 9 14 76 
1235 10 11 76 
881 10 15 76 
712 11 16 76 
6748 12 17 76 
6711 13 18 76 
6522 14 19 76 
5648 15 18 76 
5336 16 17 76 
5105 17 16 76 
4867 18 15 76 
4706 19 14 76 
4393 9 13 76 
4300 10 12 76 
4203 10 14 76 
4112 11 15 76 
4064 12 16 76 
3608 13 17 76 
3560 14 18 76 
3254 15 17 76 
3179 16 16 76 
2762 17 15 76 
2035 18 14 76 
1859 19 13 76 
1539 10 13 76 
1242 11 14 76 
917 12 15 76 
437 13 16 76 
167 14 17 76 
122 15 16 76 
19 16 15 76 
17 17 14 76 
6765 18 13 76 
6753 19 12 76 
6696 11 13 76 
5934 12 14 76 
5831 13 15 76 
5672 14 16 76 
5299 15 15 76 
5290 16 14 76 
5198 17 13 76 
4194 18 12 76 
4021 19 11 76 
3779 12 13 76 
3549 13 14 76 
3347 14 15 76 
2816 15 14 76 
2761 16 13 76 
2394 17 12 76 
2212 18 11 76 
2128 19 10 76 
930 13 13 76 
6576 14 14 76 
6212 15 13 76 
6198 16 12 76 
6123 17 11 76 
4863 18 10 76 
4860 19 9 76 
4801 11 12 76 
4597 14 13 76 
4396 15 12 76 
4259 16 11 76 
3944 17 10 76 
3149 18 9 76 
2958 19 8 76 
2418 11 11 76 
2410 12 12 76 
2401 14 12 76 
2400 15 11 76 
1781 16 10 76 
1720 17 9 76 
1488 18 8 76 
1364 19 7 76 
854 11 10 76 
839 12 11 76 
598 13 12 76 
447 14 11 76 
6514 15 10 76 
6345 16 9 76 
6098 17 8 76 
6035 18 7 76 
5805 11 9 76 
5656 12 10 76 
5469 13 11 76 
5158 14 10 76 
5153 15 9 76 
4972 16 8 76 
4968 17 7 76 
4507 11 8 76 
4377 12 9 76 
4272 13 10 76 
4242 14 9 76 
4130 15 8 76 
4059 16 7 76 
4022 11 7 76 
3816 12 8 76 
3731 13 9 76 
2634 14 8 76 
2575 15 7 76 
2295 11 6 76 
2088 12 7 76 
1922 13 8 76 
1767 14 7 76 
1601 19 6 76 
1566 11 5 76 
1220 12 6 76 
495 13 7 76 
55 18 6 76 
6739 19 5 76 
6504 11 4 76 
6412 12 5 76 
6266 13 6 76 
5826 17 6 76 
5446 18 5 76 
5222 19 4 76 
4896 11 3 76 
4442 12 4 76 
4320 13 5 76 
3903 14 6 76 
2808 16 6 76 
2754 17 5 76 
2460 18 4 76 
2348 19 3 76 
2332 11 2 76 
1783 12 3 76 
1335 13 4 76 
374 14 5 76 
261 15 6 76 
159 16 5 76 
6798 17 4 76 
5932 18 3 76 
5053 19 2 76 
4411 11 1 76 
3809 12 2 76 
3748 13 3 76 
3536 14 4 76 
3413 15 5 76 
3321 16 4 76 
2663 17 3 76 
2124 18 2 76 
1970 19 1 76 
1793 11 0 76 
433 12 1 76 
6768 13 2 76 
6672 14 3 76 
5862 15 4 76 
5394 16 3 76 
4929 17 2 76 
4068 18 1 76 
3669 19 0 76 
2024 12 0 76 
1898 13 1 76 
1814 14 2 76 
835 15 3 76 
6187 16 2 76 
5561 17 1 76 
4752 18 0 76 
4625 13 0 76 
4472 14 1 76 
4394 15 2 76 
3268 16 1 76 
2736 17 0 76 
2437 14 0 76 
1476 15 1 76 
5714 16 0 76 
3884 15 0 76 
5923 15 1 89 
583 14 1 89 
3805 15 2 89 
6236 16 1 89 
444 13 1 90 
1113 14 2 90 
2310 15 3 90 
4368 16 2 89 
4596 17 1 89 
459 12 1 91 
845 13 2 90 
2069 14 3 90 
3287 15 4 90 
4593 16 3 90 
4761 17 2 90 
4771 18 1 90 
5802 12 2 91 
6168 13 3 91 
6177 14 4 91 
129 15 5 91 
151 16 4 91 
653 17 3 91 
820 18 2 91 
1202 12 3 92 
1492 13 4 92 
1943 14 5 92 
1958 16 5 92 
2874 17 4 91 
4577 18 3 91 
5757 12 4 92 
426 13 5 92 
462 17 5 92 
533 18 4 92 
2112 12 5 92 
3597 18 5 92 
4499 12 6 93 
5255 12 7 93 
6335 13 8 93 
6585 12 8 93 
231 13 9 93 
1366 14 8 93 
1425 12 9 93 
1451 13 10 93 
4834 14 9 93 
5161 15 8 93 
5225 12 10 93 
5302 13 11 93 
5451 14 10 93 
6630 15 9 93 
241 16 8 93 
243 12 11 94 
2920 14 11 94 
3332 15 10 93 
3658 16 9 93 
4093 17 8 93 
4302 15 11 94 
4469 16 10 94 
5626 17 9 94 
6147 18 8 94 
6367 15 12 94 
6666 16 11 94 
6796 17 10 94 
158 18 9 94 
315 14 14 94 
381 15 13 94 
552 16 12 94 
2486 17 11 94 
3160 18 10 94 
4045 13 14 95 
4052 14 15 95 
4340 15 14 95 
4478 16 13 95 
5277 17 12 95 
5574 18 11 95 
5927 12 14 95 
6440 13 15 95 
722 14 16 95 
1373 15 15 95 
1581 16 14 95 
1848 17 13 95 
2466 18 12 95 
2999 11 14 96 
3650 12 15 96 
6046 13 16 96 
6235 14 17 96 
6416 15 16 96 
6682 16 15 96 
