1650
6161 0 19 1 
6146 6 15 1 
5605 6 19 1 
5494 7 0 1 
5437 0 18 1 
5242 1 19 1 
5217 5 19 1 
4789 6 0 1 
4383 6 16 1 
4357 6 18 1 
4033 7 1 1 
3898 7 15 1 
3831 7 19 1 
3415 0 17 1 
3311 1 18 1 
3014 2 19 1 
2271 4 19 1 
1651 5 0 1 
1643 5 18 1 
1271 6 1 1 
1124 6 17 1 
998 7 2 1 
986 7 16 1 
652 7 18 1 
336 8 15 1 
6078 8 19 1 
5775 0 0 1 
5630 0 16 1 
5341 1 17 1 
5213 2 18 1 
5192 3 19 1 
4773 4 0 1 
4663 4 18 1 
4653 5 1 1 
4364 5 17 1 
4323 6 2 1 
4300 7 17 1 
4155 8 16 1 
4119 8 18 1 
3626 9 19 1 
3209 0 1 1 
2666 0 15 1 
2630 1 0 1 
2240 1 16 1 
1892 2 17 1 
1869 3 0 1 
1698 3 18 1 
1627 4 1 1 
970 4 17 1 
542 5 2 1 
430 5 16 1 
297 8 17 1 
262 9 18 1 
6081 10 19 1 
6016 19 16 1 
5970 0 2 1 
5902 0 14 1 
5364 1 1 1 
5175 1 15 1 
5109 2 0 1 
4918 2 16 1 
4851 3 1 1 
4391 3 17 1 
4204 4 2 1 
3999 4 16 1 
3942 5 15 1 
3823 7 3 1 
3801 9 17 1 
3674 10 18 1 
3356 11 19 1 
3133 13 19 1 
2599 18 16 1 
2437 19 17 1 
2430 19 19 1 
2418 0 3 1 
2310 0 13 1 
2251 1 2 1 
2111 1 14 1 
2083 2 1 1 
2043 2 15 1 
2033 3 2 1 
1933 3 16 1 
1631 4 3 1 
1459 4 15 1 
1379 5 14 1 
1332 6 3 1 
1328 7 4 1 
1148 9 16 1 
950 10 17 1 
896 11 18 1 
513 12 19 1 
327 13 18 1 
283 18 17 1 
274 18 19 1 
33 19 18 1 
6095 0 4 1 
5872 0 12 1 
5235 1 3 1 
5221 1 13 1 
5039 2 2 1 
4877 2 14 1 
4770 3 3 1 
4764 3 15 1 
4595 4 4 1 
4560 4 14 1 
4320 5 3 1 
4158 5 13 1 
4032 6 4 1 
4011 7 5 1 
3946 9 15 1 
3814 10 14 1 
3574 10 16 1 
3332 11 17 1 
2855 12 18 1 
1546 13 17 1 
1408 17 19 1 
1324 18 18 1 
1210 0 5 1 
1156 0 11 1 
1147 1 4 1 
190 1 12 1 
181 2 3 1 
16 2 13 1 
6265 3 4 1 
6114 3 14 1 
6023 4 13 1 
5962 5 4 1 
5845 5 10 1 
5818 5 12 1 
5784 6 5 1 
5655 7 6 1 
5638 10 15 1 
5503 11 14 1 
4790 11 16 1 
4428 12 17 1 
4414 14 19 1 
4274 16 19 1 
3905 17 18 1 
3558 0 6 1 
2580 0 8 1 
2010 0 10 1 
1948 1 5 1 
1642 1 11 1 
1580 2 4 1 
1513 2 12 1 
1119 3 13 1 
727 4 10 1 
622 4 12 1 
481 5 5 1 
258 5 11 1 
139 6 6 1 
6306 11 15 1 
6245 12 14 1 
6147 12 16 1 
5960 14 18 1 
5844 15 19 1 
5711 16 18 1 
5707 17 17 1 
5536 19 11 1 
5366 19 15 1 
4951 0 7 1 
4944 0 9 1 
4592 1 6 1 
4542 1 8 1 
4456 1 10 1 
4218 2 5 1 
4040 2 11 1 
3983 3 12 1 
3893 4 5 1 
3755 4 11 1 
3670 5 6 1 
3632 12 15 1 
3346 13 14 1 
3307 13 16 1 
2892 14 17 1 
2280 15 18 1 
2124 16 17 1 
2073 17 16 1 
2004 18 11 1 
1512 18 15 1 
1398 19 12 1 
1392 19 14 1 
1339 1 7 1 
1329 1 9 1 
1277 2 6 1 
879 2 10 1 
484 3 5 1 
460 3 11 1 
357 4 6 1 
106 13 15 1 
6006 14 16 1 
5961 15 17 1 
5896 16 16 1 
5891 17 11 1 
5777 17 15 1 
5589 18 12 1 
5573 18 14 1 
5383 19 13 1 
5339 2 7 1 
5267 2 9 1 
5209 3 6 1 
4713 3 10 1 
4134 10 11 1 
3857 11 12 1 
3731 14 15 1 
3727 15 16 1 
3705 16 11 1 
3629 16 15 1 
3312 17 12 1 
3245 17 14 1 
2744 18 13 1 
2625 2 8 1 
2479 3 7 1 
2339 3 9 1 
2318 6 14 1 
1830 9 11 1 
1628 10 12 1 
1549 11 13 1 
1481 15 11 1 
1230 15 15 1 
801 16 12 1 
752 16 14 1 
686 17 13 1 
653 3 8 1 
544 4 7 1 
353 4 9 1 
264 6 13 1 
124 7 14 1 
104 9 12 1 
9 9 14 1 
6242 10 13 1 
6204 15 12 1 
5686 15 14 1 
5662 16 13 1 
5495 4 8 1 
4841 5 7 1 
4245 6 12 1 
3717 7 13 1 
3606 8 14 1 
3556 9 13 1 
3285 14 14 1 
3200 15 13 1 
3191 5 8 1 
2968 6 7 1 
2920 6 11 1 
2184 7 12 1 
2117 8 13 1 
2087 14 13 1 
2018 19 6 1 
1803 19 10 1 
1739 5 9 1 
1615 6 8 1 
1237 6 10 1 
1186 7 7 1 
992 7 11 1 
841 8 12 1 
754 13 3 1 
680 13 13 1 
277 14 12 1 
193 15 3 1 
6279 18 6 1 
5684 18 10 1 
5617 19 3 1 
5606 19 7 1 
5592 19 9 1 
5172 6 9 1 
4941 7 8 1 
4905 7 10 1 
4485 8 11 1 
4401 12 13 1 
3668 13 0 1 
3413 13 2 1 
3092 13 12 1 
2995 14 3 1 
2865 14 11 1 
2702 17 6 1 
2607 17 10 1 
2122 18 3 1 
1946 18 7 1 
1682 18 9 1 
1677 19 0 1 
1436 19 2 1 
1130 19 8 1 
829 7 9 1 
792 8 10 1 
304 12 12 1 
6098 13 1 1 
4756 13 11 1 
3480 14 0 1 
3231 14 2 1 
2812 16 10 1 
2477 17 7 1 
2302 17 9 1 
2274 18 0 1 
2236 18 2 1 
1759 18 8 1 
1634 19 1 1 
767 8 9 1 
757 9 10 1 
6227 12 11 1 
6121 13 10 1 
5958 14 1 1 
5216 15 0 1 
5186 15 10 1 
5069 16 9 1 
4806 17 0 1 
4649 17 8 1 
3926 18 1 1 
3886 8 8 1 
2911 9 9 1 
2448 10 10 1 
2265 11 11 1 
1806 12 10 1 
1248 13 9 1 
1228 14 10 1 
1220 15 1 1 
971 15 9 1 
830 16 0 1 
527 16 6 1 
448 16 8 1 
444 17 1 1 
382 19 5 1 
217 8 7 1 
46 9 8 1 
6239 10 9 1 
6038 11 10 1 
5955 12 9 1 
5911 13 8 1 
4974 14 9 1 
4820 15 2 1 
4799 15 8 1 
4205 16 1 1 
3611 16 7 1 
3436 17 2 1 
3318 18 5 1 
3120 19 4 1 
2938 9 7 1 
1848 10 8 1 
1763 11 9 1 
1249 14 8 1 
1226 15 7 1 
1160 16 2 1 
1153 17 3 1 
330 17 5 1 
6194 18 4 1 
6180 10 7 1 
5933 11 8 1 
5908 14 7 1 
5897 15 6 1 
5325 16 3 1 
5171 16 5 1 
5078 17 4 1 
4928 11 7 1 
4808 12 8 1 
4564 13 7 1 
4349 14 6 1 
4262 15 5 1 
3858 16 4 1 
3401 11 6 1 
3114 12 7 1 
3023 13 6 1 
2636 14 5 1 
2137 15 4 1 
1583 8 6 1 
1279 12 6 1 
1260 13 5 1 
1037 14 4 1 
171 8 5 1 
6288 9 6 1 
4190 12 5 1 
3701 13 4 1 
3274 8 0 1 
3237 8 4 1 
3149 9 5 1 
2527 10 6 1 
1333 11 5 1 
6281 12 4 1 
6217 8 1 1 
5852 8 3 1 
5183 9 0 1 
5133 9 4 1 
4621 10 5 1 
4215 11 4 1 
3666 12 3 1 
2149 8 2 1 
1716 9 1 1 
1298 9 3 1 
1213 10 4 1 
1158 11 3 1 
1095 9 2 1 
1013 10 3 1 
73 10 2 1 
6164 10 1 1 
5702 11 2 1 
3379 10 0 1 
3171 11 1 1 
2691 12 2 1 
1629 11 0 1 
681 12 1 1 
506 12 0 1 
1707 11 1 13 
471 11 4 14 
1221 9 5 15 
1690 16 1 17 
2536 16 9 18 
180 7 10 20 
1030 13 12 20 
1528 18 7 20 
2143 6 8 21 
4878 7 13 21 
157 16 12 22 
6307 0 19 26 
6156 6 15 26 
6100 6 19 26 
5979 7 0 26 
5830 0 18 26 
5822 1 19 26 
5182 5 19 26 
5032 6 0 26 
4999 6 16 26 
4687 6 18 26 
4608 7 1 26 
4573 7 15 26 
4452 7 19 26 
4389 0 17 26 
4108 1 18 26 
4028 2 19 26 
3846 4 19 26 
3772 5 0 26 
3227 5 18 26 
3182 6 1 26 
2509 6 17 26 
2484 7 2 26 
1784 7 16 26 
1196 7 18 26 
1145 8 15 26 
1053 8 19 26 
563 0 0 26 
493 0 16 26 
457 1 17 26 
197 2 18 26 
5935 3 19 26 
5826 4 0 26 
5786 4 18 26 
5780 5 1 26 
5547 5 17 26 
5378 6 2 26 
5021 7 17 26 
4871 8 16 26 
4819 8 18 26 
4749 9 19 26 
4744 0 1 26 
4712 0 15 26 
4642 1 0 26 
4352 1 16 26 
4291 2 17 26 
4249 3 0 26 
4165 3 18 26 
4027 4 1 26 
3959 4 17 26 
3618 5 2 26 
2944 5 16 26 
2669 8 17 26 
2423 9 18 26 
2101 10 19 26 
2027 19 16 26 
2006 0 2 26 
1648 0 14 26 
1114 1 1 26 
777 1 15 26 
540 2 0 26 
6273 2 16 26 
5871 3 1 26 
5533 3 17 26 
5441 4 2 26 
5255 4 16 26 
5218 5 15 26 
4982 7 3 26 
4721 9 17 26 
4569 10 18 26 
4497 11 19 26 
4405 13 19 26 
3603 18 16 26 
3579 19 17 26 
3472 19 19 26 
2660 0 3 26 
2431 0 13 26 
2333 1 2 26 
1810 1 14 26 
1432 2 1 26 
1306 2 15 26 
1285 3 2 26 
1120 3 16 26 
1043 4 3 26 
1034 4 15 26 
935 5 14 26 
698 6 3 26 
245 7 4 26 
49 9 16 26 
6120 10 17 26 
5798 11 18 26 
5520 12 19 26 
5158 13 18 26 
5045 18 17 26 
4887 18 19 26 
4559 19 18 26 
4384 0 4 26 
4123 0 12 26 
3720 1 3 26 
3657 1 13 26 
3615 2 2 26 
3565 2 14 26 
3296 3 3 26 
3216 3 15 26 
3080 4 4 26 
2939 4 14 26 
2743 5 3 26 
2511 5 13 26 
2193 6 4 26 
2078 7 5 26 
1442 9 15 26 
1201 10 14 26 
976 10 16 26 
657 11 17 26 
611 12 18 26 
573 13 17 26 
305 17 19 26 
166 18 18 26 
63 0 5 26 
6283 0 11 26 
5943 1 4 26 
5700 1 12 26 
5409 2 3 26 
5143 2 13 26 
5006 3 4 26 
4708 3 14 26 
4443 4 13 26 
3940 5 4 26 
3929 5 10 26 
3688 5 12 26 
3680 6 5 26 
3349 7 6 26 
3261 10 15 26 
3249 11 14 26 
2756 11 16 26 
2557 12 17 26 
2492 14 19 26 
2284 16 19 26 
2024 17 18 26 
1949 0 6 26 
1711 0 8 26 
1708 0 10 26 
1317 1 5 26 
876 1 11 26 
825 2 4 26 
782 2 12 26 
687 3 13 26 
665 4 10 26 
491 4 12 26 
354 5 5 26 
215 5 11 26 
6274 6 6 26 
6264 11 15 26 
6261 12 14 26 
5554 12 16 26 
5393 14 18 26 
5107 15 19 26 
4072 16 18 26 
4023 17 17 26 
3977 19 11 26 
3738 19 15 26 
3613 0 7 26 
3430 0 9 26 
3410 1 6 26 
3109 1 8 26 
2708 1 10 26 
2624 2 5 26 
2410 2 11 26 
2207 3 12 26 
2148 4 5 26 
2094 4 11 26 
1461 5 6 26 
1055 12 15 26 
845 13 14 26 
734 13 16 26 
220 14 17 26 
19 15 18 26 
6106 16 17 26 
6047 17 16 26 
5750 18 11 26 
5515 18 15 26 
5166 19 12 26 
5140 19 14 26 
5139 1 7 26 
5110 1 9 26 
4939 2 6 26 
4903 2 10 26 
4834 3 5 26 
4436 3 11 26 
3780 4 6 26 
3730 13 15 26 
3571 14 16 26 
3553 15 17 26 
3268 16 16 26 
3067 17 11 26 
3007 17 15 26 
2789 18 12 26 
2777 18 14 26 
2613 19 13 26 
2604 2 7 26 
2426 2 9 26 
2405 3 6 26 
2063 3 10 26 
1765 10 11 26 
1699 11 12 26 
1406 14 15 26 
1218 15 16 26 
342 16 11 26 
341 16 15 26 
153 17 12 26 
114 17 14 26 
6275 18 13 26 
6226 2 8 26 
6138 3 7 26 
6039 3 9 26 
5928 6 14 26 
5779 9 11 26 
5756 10 12 26 
5278 11 13 26 
4733 15 11 26 
4639 15 15 26 
4488 16 12 26 
4118 16 14 26 
3994 17 13 26 
3716 3 8 26 
3520 4 7 26 
3418 4 9 26 
3157 6 13 26 
2676 7 14 26 
2667 9 12 26 
2635 9 14 26 
1982 10 13 26 
1926 15 12 26 
1868 15 14 26 
1311 16 13 26 
1051 4 8 26 
335 5 7 26 
85 6 12 26 
75 7 13 26 
3 8 14 26 
6257 9 13 26 
5934 14 14 26 
5731 15 13 26 
4924 5 8 26 
4917 6 7 26 
4652 6 11 26 
4624 7 12 26 
4415 8 13 26 
3818 14 13 26 
3704 19 6 26 
3593 19 10 26 
3575 5 9 26 
3544 6 8 26 
3217 6 10 26 
3135 7 7 26 
2558 7 11 26 
2428 8 12 26 
2359 13 3 26 
1777 13 13 26 
1750 14 12 26 
1413 15 3 26 
1253 18 6 26 
1116 18 10 26 
980 19 3 26 
464 19 7 26 
128 19 9 26 
6012 6 9 26 
5432 7 8 26 
4899 7 10 26 
4896 8 11 26 
4760 12 13 26 
4692 13 0 26 
4616 13 2 26 
4464 13 12 26 
4332 14 3 26 
4202 14 11 26 
2889 17 6 26 
2860 17 10 26 
2805 18 3 26 
2753 18 7 26 
2687 18 9 26 
1998 19 0 26 
1952 19 2 26 
1415 19 8 26 
1315 7 9 26 
1191 8 10 26 
742 12 12 26 
435 13 1 26 
198 13 11 26 
154 14 0 26 
4 14 2 26 
6052 16 10 26 
5983 17 7 26 
5782 17 9 26 
5726 18 0 26 
5514 18 2 26 
5468 18 8 26 
5464 19 1 26 
5072 8 9 26 
5028 9 10 26 
4515 12 11 26 
3954 13 10 26 
3751 14 1 26 
3708 15 0 26 
3557 15 10 26 
3435 16 9 26 
3313 17 0 26 
3056 17 8 26 
2748 18 1 26 
2234 8 8 26 
2197 9 9 26 
1647 10 10 26 
1530 11 11 26 
1364 12 10 26 
1275 13 9 26 
987 14 10 26 
934 15 1 26 
780 15 9 26 
252 16 0 26 
96 16 6 26 
6295 16 8 26 
6293 17 1 26 
6101 19 5 26 
5886 8 7 26 
5771 9 8 26 
5689 10 9 26 
5414 11 10 26 
5343 12 9 26 
5269 13 8 26 
4527 14 9 26 
4381 15 2 26 
4376 15 8 26 
4231 16 1 26 
3232 16 7 26 
3147 17 2 26 
2957 18 5 26 
2848 19 4 26 
2552 9 7 26 
2264 10 8 26 
2013 11 9 26 
1617 14 8 26 
1352 15 7 26 
1141 16 2 26 
1078 17 3 26 
1044 17 5 26 
967 18 4 26 
898 10 7 26 
723 11 8 26 
711 14 7 26 
688 15 6 26 
630 16 3 26 
584 16 5 26 
391 17 4 26 
100 11 7 26 
18 12 8 26 
6165 13 7 26 
6108 14 6 26 
5899 15 5 26 
5898 16 4 26 
5173 11 6 26 
5022 12 7 26 
4791 13 6 26 
3433 14 5 26 
3277 15 4 26 
3175 8 6 26 
3125 12 6 26 
2470 13 5 26 
2223 14 4 26 
1875 8 5 26 
1799 9 6 26 
1258 12 5 26 
1004 13 4 26 
577 8 0 26 
523 8 4 26 
314 9 5 26 
6237 10 6 26 
6003 11 5 26 
5876 12 4 26 
4388 8 1 26 
4095 8 3 26 
3881 9 0 26 
2747 9 4 26 
1742 10 5 26 
1090 11 4 26 
948 12 3 26 
6228 8 2 26 
6176 9 1 26 
5671 9 3 26 
5667 10 4 26 
5170 11 3 26 
5067 9 2 26 
3736 10 3 26 
2439 10 2 26 
2181 10 1 26 
255 11 2 26 
5508 10 0 26 
4768 11 1 26 
4541 12 2 26 
2681 11 0 26 
2080 12 1 26 
788 12 0 26 
866 11 1 38 
1385 11 4 40 
2948 9 5 41 
260 16 1 42 
4863 16 9 43 
702 7 10 44 
1362 13 12 44 
1479 18 7 44 
4609 6 8 45 
2160 7 13 46 
4847 16 12 46 
1663 2 10 47 
4154 18 14 47 
6126 1 10 48 
6224 0 19 51 
5994 6 15 51 
5767 6 19 51 
5730 7 0 51 
5720 0 18 51 
5691 1 19 51 
5666 5 19 51 
5632 6 0 51 
5555 6 16 51 
5272 6 18 51 
5035 7 1 51 
4872 7 15 51 
4818 7 19 51 
4780 0 17 51 
4625 1 18 51 
4400 2 19 51 
4248 4 19 51 
4077 5 0 51 
4039 5 18 51 
3887 6 1 51 
3802 6 17 51 
3464 7 2 51 
3443 7 16 51 
3020 7 18 51 
2692 8 15 51 
2559 8 19 51 
2433 0 0 51 
2315 0 16 51 
2294 1 17 51 
1797 2 18 51 
1421 3 19 51 
1349 4 0 51 
1205 4 18 51 
1202 5 1 51 
1151 5 17 51 
1099 6 2 51 
700 7 17 51 
570 8 16 51 
564 8 18 51 
555 9 19 51 
373 0 1 51 
356 0 15 51 
332 1 0 51 
130 1 16 51 
6222 2 17 51 
5972 3 0 51 
5889 3 18 51 
5810 4 1 51 
5681 4 17 51 
5227 5 2 51 
5106 5 16 51 
5015 8 17 51 
4965 9 18 51 
4940 10 19 51 
4579 19 16 51 
4508 0 2 51 
4225 0 14 51 
4171 1 1 51 
4139 1 15 51 
3985 2 0 51 
3862 2 16 51 
3827 3 1 51 
3816 3 17 51 
3486 4 2 51 
3297 4 16 51 
3103 5 15 51 
3004 7 3 51 
2952 9 17 51 
2886 10 18 51 
2182 11 19 51 
2166 13 19 51 
1899 18 16 51 
1368 19 17 51 
1176 19 19 51 
1082 0 3 51 
916 0 13 51 
649 1 2 51 
306 1 14 51 
54 2 1 51 
6303 2 15 51 
6128 3 2 51 
6035 3 16 51 
5895 4 3 51 
5837 4 15 51 
5693 5 14 51 
5546 6 3 51 
5457 7 4 51 
5188 9 16 51 
4961 10 17 51 
4833 11 18 51 
4354 12 19 51 
4290 13 18 51 
4227 18 17 51 
4198 18 19 51 
4068 19 18 51 
3528 0 4 51 
3354 0 12 51 
3057 1 3 51 
3055 1 13 51 
3035 2 2 51 
2913 2 14 51 
2761 3 3 51 
2453 3 15 51 
2441 4 4 51 
2388 4 14 51 
2096 5 3 51 
2012 5 13 51 
1927 6 4 51 
1871 7 5 51 
1782 9 15 51 
1714 10 14 51 
1681 10 16 51 
1545 11 17 51 
1343 12 18 51 
768 13 17 51 
585 17 19 51 
249 18 18 51 
20 0 5 51 
6197 0 11 51 
6031 1 4 51 
5708 1 12 51 
5581 2 3 51 
5544 2 13 51 
5128 3 4 51 
5011 3 14 51 
4972 4 13 51 
4777 5 4 51 
4474 5 10 51 
4351 5 12 51 
4100 6 5 51 
3803 7 6 51 
3711 10 15 51 
3610 11 14 51 
3506 11 16 51 
3402 12 17 51 
3355 14 19 51 
3337 16 19 51 
3243 17 18 51 
3221 0 6 51 
3078 0 8 51 
2851 0 10 51 
2833 1 5 51 
2140 1 11 51 
1351 2 4 51 
1229 2 12 51 
431 3 13 51 
5729 4 10 51 
5625 4 12 51 
5541 5 5 51 
5392 5 11 51 
5320 6 6 51 
5002 11 15 51 
4967 12 14 51 
4800 12 16 51 
4730 14 18 51 
4690 15 19 51 
4655 16 18 51 
4512 17 17 51 
4408 19 11 51 
4337 19 15 51 
4324 0 7 51 
4184 0 9 51 
4101 1 6 51 
3585 1 8 51 
3391 1 10 51 
3378 2 5 51 
2989 2 11 51 
2672 3 12 51 
2643 4 5 51 
2325 4 11 51 
2151 5 6 51 
2114 12 15 51 
1862 13 14 51 
1819 13 16 51 
1802 14 17 51 
1715 15 18 51 
1518 16 17 51 
1435 17 16 51 
1411 18 11 51 
1410 18 15 51 
1165 19 12 51 
852 19 14 51 
670 1 7 51 
583 1 9 51 
505 2 6 51 
244 2 10 51 
227 3 5 51 
5971 3 11 51 
5812 4 6 51 
5519 13 15 51 
5205 14 16 51 
4644 15 17 51 
3833 16 16 51 
3811 17 11 51 
3555 17 15 51 
3407 18 12 51 
3392 18 14 51 
2657 19 13 51 
2515 2 7 51 
2363 2 9 51 
1966 3 6 51 
1908 3 10 51 
1842 10 11 51 
1652 11 12 51 
836 14 15 51 
196 15 16 51 
6072 16 11 51 
5918 16 15 51 
5825 17 12 51 
5718 17 14 51 
5648 18 13 51 
5608 2 8 51 
4801 3 7 51 
4666 3 9 51 
4626 6 14 51 
4339 9 11 51 
4310 10 12 51 
3900 11 13 51 
3773 15 11 51 
3566 15 15 51 
3508 16 12 51 
3290 16 14 51 
3140 17 13 51 
3076 3 8 51 
3041 4 7 51 
2862 4 9 51 
2632 6 13 51 
2622 7 14 51 
2592 9 12 51 
2521 9 14 51 
2301 10 13 51 
1944 15 12 51 
1937 15 14 51 
1849 16 13 51 
1572 4 8 51 
1495 5 7 51 
1386 6 12 51 
590 7 13 51 
374 8 14 51 
290 9 13 51 
8 14 14 51 
5601 15 13 51 
5484 5 8 51 
5354 6 7 51 
4937 6 11 51 
4868 7 12 51 
4659 8 13 51 
4316 14 13 51 
4222 19 6 51 
4210 19 10 51 
3813 5 9 51 
3748 6 8 51 
3724 6 10 51 
3494 7 7 51 
3369 7 11 51 
3161 8 12 51 
3008 13 3 51 
2966 13 13 51 
2846 14 12 51 
2801 15 3 51 
2262 18 6 51 
1734 18 10 51 
1726 19 3 51 
545 19 7 51 
443 19 9 51 
120 6 9 51 
93 7 8 51 
6022 7 10 51 
5862 8 11 51 
5660 12 13 51 
5323 13 0 51 
5288 13 2 51 
5126 13 12 51 
5094 14 3 51 
5043 14 11 51 
4994 17 6 51 
4973 17 10 51 
4254 18 3 51 
4145 18 7 51 
4090 18 9 51 
4063 19 0 51 
3448 19 2 51 
2876 19 8 51 
2837 7 9 51 
2795 8 10 51 
2458 12 12 51 
2396 13 1 51 
2159 13 11 51 
1794 14 0 51 
1192 14 2 51 
1188 16 10 51 
1073 17 7 51 
6185 17 9 51 
5709 18 0 51 
5505 18 2 51 
5504 18 8 51 
5190 19 1 51 
4637 8 9 51 
3828 9 10 51 
3630 12 11 51 
3563 13 10 51 
3393 14 1 51 
3267 15 0 51 
3180 15 10 51 
3176 16 9 51 
3101 17 0 51 
2229 17 8 51 
2205 18 1 51 
2071 8 8 51 
1426 9 9 51 
1342 10 10 51 
1263 11 11 51 
642 12 10 51 
259 13 9 51 
140 14 10 51 
6075 15 1 51 
5827 15 9 51 
5559 16 0 51 
5525 16 6 51 
5521 16 8 51 
5467 17 1 51 
5253 19 5 51 
5112 8 7 51 
4693 9 8 51 
4513 10 9 51 
4132 11 10 51 
4092 12 9 51 
3678 13 8 51 
3183 14 9 51 
3060 15 2 51 
2982 15 8 51 
2611 16 1 51 
2298 16 7 51 
2241 17 2 51 
1936 18 5 51 
1761 19 4 51 
1378 9 7 51 
1272 10 8 51 
600 11 9 51 
121 14 8 51 
117 15 7 51 
55 16 2 51 
5836 17 3 51 
5080 17 5 51 
4987 18 4 51 
4048 10 7 51 
3850 11 8 51 
3654 14 7 51 
2306 15 6 51 
2186 16 3 51 
1835 16 5 51 
1809 17 4 51 
1533 11 7 51 
1492 12 8 51 
1488 13 7 51 
1465 14 6 51 
446 15 5 51 
5919 16 4 51 
4200 11 6 51 
4157 12 7 51 
3042 13 6 51 
3034 14 5 51 
2323 15 4 51 
2103 8 6 51 
1873 12 6 51 
1841 13 5 51 
1823 14 4 51 
1736 8 5 51 
1592 9 6 51 
1429 12 5 51 
765 13 4 51 
439 8 0 51 
384 8 4 51 
376 9 5 51 
234 10 6 51 
6133 11 5 51 
5859 12 4 51 
5489 8 1 51 
5150 8 3 51 
4360 9 0 51 
3568 9 4 51 
2188 10 5 51 
1788 11 4 51 
1468 12 3 51 
605 8 2 51 
425 9 1 51 
6092 9 3 51 
5990 10 4 51 
5194 11 3 51 
5152 9 2 51 
3969 10 3 51 
3366 10 2 51 
2867 10 1 51 
2261 11 2 51 
1031 10 0 51 
975 11 1 51 
549 12 2 51 
3105 11 0 51 
1480 12 1 51 
839 12 0 51 
1302 11 1 64 
163 11 4 65 
5447 9 5 66 
5483 16 1 68 
769 16 9 69 
4458 7 10 70 
1247 13 12 70 
2516 18 7 70 
4728 6 8 71 
1762 7 13 72 
3685 16 12 72 
6305 0 19 76 
6117 6 15 76 
5728 6 19 76 
5650 7 0 76 
5628 0 18 76 
5578 1 19 76 
5526 5 19 76 
5499 6 0 76 
5389 6 16 76 
5010 6 18 76 
4832 7 1 76 
4631 7 15 76 
4588 7 19 76 
4211 0 17 76 
4059 1 18 76 
3702 2 19 76 
3429 4 19 76 
3394 5 0 76 
3363 5 18 76 
2413 6 1 76 
2346 6 17 76 
2342 7 2 76 
2177 7 16 76 
1870 7 18 76 
1780 8 15 76 
1633 8 19 76 
1540 0 0 76 
1430 0 16 76 
1286 1 17 76 
963 2 18 76 
870 3 19 76 
824 4 0 76 
692 4 18 76 
261 5 1 76 
6254 5 17 76 
6082 6 2 76 
5906 7 17 76 
5802 8 16 76 
5759 8 18 76 
4952 9 19 76 
4857 0 1 76 
4802 0 15 76 
4742 1 0 76 
4526 1 16 76 
3934 2 17 76 
3786 3 0 76 
3784 3 18 76 
3592 4 1 76 
3445 4 17 76 
3086 5 2 76 
3083 5 16 76 
2915 8 17 76 
2798 9 18 76 
2175 10 19 76 
2077 19 16 76 
1779 0 2 76 
1033 0 14 76 
959 1 1 76 
945 1 15 76 
926 2 0 76 
923 2 16 76 
823 3 1 76 
280 3 17 76 
53 4 2 76 
6062 4 16 76 
5940 5 15 76 
5355 7 3 76 
4947 9 17 76 
4881 10 18 76 
4762 11 19 76 
4723 13 19 76 
4551 18 16 76 
4185 19 17 76 
4167 19 19 76 
3572 0 3 76 
2866 0 13 76 
2802 1 2 76 
2585 1 14 76 
2574 2 1 76 
2482 2 15 76 
1971 3 2 76 
1965 3 16 76 
1753 4 3 76 
1472 4 15 76 
1336 5 14 76 
1325 6 3 76 
1246 7 4 76 
1027 9 16 76 
997 10 17 76 
761 11 18 76 
648 12 19 76 
385 13 18 76 
367 18 17 76 
65 18 19 76 
6195 19 18 76 
5781 0 4 76 
5470 0 12 76 
5263 1 3 76 
5114 1 13 76 
5098 2 2 76 
5007 2 14 76 
4776 3 3 76 
4736 3 15 76 
4602 4 4 76 
4209 4 14 76 
4018 5 3 76 
3981 5 13 76 
3923 6 4 76 
3875 7 5 76 
3707 9 15 76 
3547 10 14 76 
3512 10 16 76 
3240 11 17 76 
3126 12 18 76 
3051 13 17 76 
2775 17 19 76 
2670 18 18 76 
2368 0 5 76 
2279 0 11 76 
1996 1 4 76 
1888 1 12 76 
1859 2 3 76 
1804 2 13 76 
1608 3 4 76 
1599 3 14 76 
1198 4 13 76 
1107 5 4 76 
931 5 10 76 
903 5 12 76 
804 6 5 76 
682 7 6 76 
456 10 15 76 
6089 11 14 76 
6077 11 16 76 
5966 12 17 76 
5914 14 19 76 
5883 16 19 76 
5417 17 18 76 
5274 0 6 76 
5254 0 8 76 
4964 0 10 76 
4827 1 5 76 
4450 1 11 76 
3944 2 4 76 
3848 2 12 76 
3826 3 13 76 
3460 4 10 76 
3403 4 12 76 
3347 5 5 76 
3344 5 11 76 
3136 6 6 76 
3070 11 15 76 
2839 12 14 76 
2389 12 16 76 
2244 14 18 76 
2125 15 19 76 
2119 16 18 76 
2107 17 17 76 
2076 19 11 76 
1520 19 15 76 
1173 0 7 76 
416 0 9 76 
194 1 6 76 
14 1 8 76 
6130 1 10 76 
6000 2 5 76 
5873 2 11 76 
5334 3 12 76 
5023 4 5 76 
4717 4 11 76 
4418 5 6 76 
4168 12 15 76 
4149 13 14 76 
4061 13 16 76 
3980 14 17 76 
3908 15 18 76 
3655 16 17 76 
3010 17 16 76 
2853 18 11 76 
2757 18 15 76 
2581 19 12 76 
2457 19 14 76 
2436 1 7 76 
2381 1 9 76 
2334 2 6 76 
2219 2 10 76 
2195 3 5 76 
2131 3 11 76 
2020 4 6 76 
1961 13 15 76 
1612 14 16 76 
1571 15 17 76 
1276 16 16 76 
1041 17 11 76 
904 17 15 76 
689 18 12 76 
504 18 14 76 
6282 19 13 76 
6055 2 7 76 
5154 2 9 76 
4929 3 6 76 
4891 3 10 76 
3939 10 11 76 
3868 11 12 76 
3703 14 15 76 
3681 15 16 76 
3591 16 11 76 
3283 16 15 76 
3260 17 12 76 
2463 17 14 76 
2456 18 13 76 
2445 2 8 76 
2422 3 7 76 
2361 3 9 76 
2050 6 14 76 
1847 9 11 76 
1832 10 12 76 
1559 11 13 76 
1522 15 11 76 
941 15 15 76 
820 16 12 76 
667 16 14 76 
601 17 13 76 
331 3 8 76 
324 4 7 76 
247 4 9 76 
195 6 13 76 
183 7 14 76 
34 9 12 76 
6296 9 14 76 
6188 10 13 76 
5890 15 12 76 
5840 15 14 76 
5449 16 13 76 
5245 4 8 76 
4596 5 7 76 
4281 6 12 76 
4141 7 13 76 
3824 8 14 76 
3588 9 13 76 
3425 14 14 76 
3362 15 13 76 
2415 5 8 76 
2155 6 7 76 
1744 6 11 76 
1691 7 12 76 
1558 8 13 76 
1239 14 13 76 
957 19 6 76 
811 19 10 76 
786 5 9 76 
467 6 8 76 
312 6 10 76 
299 7 7 76 
6001 7 11 76 
5683 8 12 76 
5345 13 3 76 
4978 13 13 76 
4633 14 12 76 
3966 15 3 76 
3896 18 6 76 
3781 18 10 76 
3636 19 3 76 
3367 19 7 76 
3348 19 9 76 
2566 6 9 76 
2327 7 8 76 
2113 7 10 76 
1723 8 11 76 
1504 12 13 76 
596 13 0 76 
378 13 2 76 
289 13 12 76 
212 14 3 76 
6061 14 11 76 
5821 17 6 76 
5550 17 10 76 
5523 18 3 76 
5496 18 7 76 
5363 18 9 76 
5031 19 0 76 
4902 19 2 76 
4766 19 8 76 
4057 7 9 76 
3740 8 10 76 
3258 12 12 76 
3033 13 1 76 
2730 13 11 76 
2724 14 0 76 
2602 14 2 76 
2596 16 10 76 
2411 17 7 76 
2332 17 9 76 
1964 18 0 76 
1093 18 2 76 
833 18 8 76 
728 19 1 76 
646 8 9 76 
352 9 10 76 
42 12 11 76 
12 13 10 76 
6203 14 1 76 
6160 15 0 76 
5618 15 10 76 
5562 16 9 76 
5163 17 0 76 
5060 17 8 76 
4137 18 1 76 
4078 8 8 76 
3726 9 9 76 
3455 10 10 76 
3357 11 11 76 
3234 12 10 76 
3044 13 9 76 
2662 14 10 76 
2530 15 1 76 
1963 15 9 76 
1880 16 0 76 
1270 16 6 76 
942 16 8 76 
730 17 1 76 
518 19 5 76 
399 8 7 76 
298 9 8 76 
24 10 9 76 
6141 11 10 76 
5858 12 9 76 
5510 13 8 76 
5501 14 9 76 
5219 15 2 76 
5203 15 8 76 
5057 16 1 76 
5053 16 7 76 
3820 17 2 76 
3815 18 5 76 
3358 19 4 76 
3302 9 7 76 
3069 10 8 76 
3021 11 9 76 
2956 14 8 76 
2376 15 7 76 
2336 16 2 76 
2217 17 3 76 
2034 17 5 76 
1610 18 4 76 
1535 10 7 76 
1360 11 8 76 
694 14 7 76 
609 15 6 76 
395 16 3 76 
5167 16 5 76 
4793 17 4 76 
1363 11 7 76 
1308 12 8 76 
1049 13 7 76 
938 14 6 76 
886 15 5 76 
826 16 4 76 
189 11 6 76 
99 12 7 76 
5277 13 6 76 
5164 14 5 76 
5038 15 4 76 
4815 8 6 76 
4674 12 6 76 
4317 13 5 76 
3832 14 4 76 
2738 8 5 76 
2440 9 6 76 
1925 12 5 76 
1534 13 4 76 
807 8 0 76 
729 8 4 76 
618 9 5 76 
454 10 6 76 
438 11 5 76 
267 12 4 76 
6076 8 1 76 
5423 8 3 76 
5180 9 0 76 
5086 9 4 76 
4822 10 5 76 
3762 11 4 76 
3477 12 3 76 
2322 8 2 76 
2019 9 1 76 
1938 9 3 76 
1705 10 4 76 
655 11 3 76 
5622 9 2 76 
5445 10 3 76 
4308 10 2 76 
2852 10 1 76 
2505 11 2 76 
2417 10 0 76 
2335 11 1 76 
2171 12 2 76 
1997 11 0 76 
1567 12 1 76 
168 12 0 76 
1002 11 1 88 
1316 11 4 89 
4013 9 5 90 
4622 16 1 92 
2487 16 9 93 
4522 7 10 95 
5415 13 12 95 
5893 18 7 94 
2293 6 8 96 
4305 7 13 96 
4483 16 12 97 
669 2 10 98 
2658 18 14 98 
2723 1 10 98 
