1865
6526 0 8 1 
6359 0 9 1 
6211 1 8 1 
6044 6 9 1 
6040 0 10 1 
5874 1 9 1 
5850 2 8 1 
5146 5 9 1 
5105 6 10 1 
5104 0 11 1 
4944 0 19 1 
4661 1 10 1 
4327 2 9 1 
4087 4 9 1 
4041 5 10 1 
3907 6 11 1 
3892 0 12 1 
3516 0 18 1 
3438 1 11 1 
3396 1 19 1 
3372 2 10 1 
3285 3 9 1 
3026 4 10 1 
2976 5 11 1 
2947 19 19 1 
2725 0 13 1 
2369 0 17 1 
2109 1 12 1 
2069 1 18 1 
1841 2 11 1 
1840 2 19 1 
1800 3 10 1 
1746 4 11 1 
1526 18 19 1 
1096 19 12 1 
683 19 18 1 
620 0 14 1 
590 0 16 1 
449 1 13 1 
325 1 17 1 
257 2 12 1 
6367 2 18 1 
6105 3 11 1 
6063 3 19 1 
5974 17 19 1 
5861 18 12 1 
5401 18 18 1 
5316 19 13 1 
5312 19 17 1 
5091 0 15 1 
4853 1 14 1 
4806 1 16 1 
4758 2 13 1 
4079 2 17 1 
4020 3 12 1 
3826 3 18 1 
3729 4 19 1 
3570 16 19 1 
3538 17 12 1 
3260 17 18 1 
3224 18 13 1 
3148 18 17 1 
2944 19 14 1 
2919 19 16 1 
2909 1 15 1 
2704 2 14 1 
2690 2 16 1 
2659 3 13 1 
2232 3 17 1 
1861 4 12 1 
1512 4 18 1 
1467 5 19 1 
1421 15 19 1 
1415 16 12 1 
1377 16 18 1 
1237 17 13 1 
941 17 17 1 
326 18 14 1 
61 18 16 1 
42 19 15 1 
6286 2 15 1 
6060 3 14 1 
6024 3 16 1 
5920 4 13 1 
5843 4 17 1 
5354 5 12 1 
5340 5 18 1 
4964 6 19 1 
4956 14 19 1 
4904 15 12 1 
4854 15 18 1 
4740 16 13 1 
4737 16 17 1 
4536 17 14 1 
4108 17 16 1 
3897 18 15 1 
3891 3 15 1 
3847 4 14 1 
3159 4 16 1 
2734 5 13 1 
2695 5 17 1 
2642 6 12 1 
2546 6 18 1 
2387 7 19 1 
1961 13 19 1 
1650 14 12 1 
1279 14 18 1 
1192 15 13 1 
1015 15 17 1 
1002 16 14 1 
758 16 16 1 
6409 17 15 1 
6372 4 15 1 
6369 5 14 1 
6322 5 16 1 
6084 6 13 1 
5887 6 17 1 
5754 7 12 1 
5627 7 18 1 
5315 8 19 1 
5156 12 19 1 
4811 13 12 1 
4672 13 18 1 
4351 14 13 1 
3734 14 17 1 
3708 15 14 1 
3301 15 16 1 
2948 16 15 1 
2911 5 15 1 
2742 6 14 1 
2663 6 16 1 
2322 7 13 1 
2292 7 17 1 
2123 8 18 1 
1428 9 19 1 
1146 11 19 1 
1105 12 18 1 
1078 13 13 1 
943 13 17 1 
852 14 14 1 
668 14 16 1 
451 15 15 1 
76 6 15 1 
6605 7 14 1 
6178 7 16 1 
6009 8 17 1 
5936 9 18 1 
5580 10 19 1 
5366 11 18 1 
5220 12 17 1 
5199 13 14 1 
5191 13 16 1 
4857 14 15 1 
4671 7 15 1 
4604 8 14 1 
4294 8 16 1 
4162 9 17 1 
3951 10 18 1 
3703 11 17 1 
3566 12 16 1 
3513 13 11 1 
2991 13 15 1 
2939 19 11 1 
2764 8 15 1 
1970 9 14 1 
1934 9 16 1 
1556 10 17 1 
1463 11 16 1 
957 12 15 1 
921 13 10 1 
863 14 11 1 
6587 18 11 1 
6524 19 10 1 
6291 9 15 1 
6264 10 16 1 
5812 11 15 1 
5797 12 14 1 
5357 13 9 1 
5319 14 10 1 
5275 15 11 1 
5086 17 11 1 
4898 18 10 1 
4560 19 9 1 
4480 0 7 1 
4467 10 15 1 
4418 11 14 1 
4185 12 13 1 
4042 14 9 1 
4018 15 10 1 
3696 16 11 1 
3679 17 10 1 
3458 18 9 1 
3385 19 8 1 
3375 0 6 1 
3206 1 7 1 
2721 10 14 1 
2665 11 13 1 
2467 12 12 1 
1663 15 9 1 
1641 16 10 1 
1638 17 9 1 
1490 18 8 1 
1003 19 7 1 
985 0 5 1 
757 1 6 1 
627 2 7 1 
578 3 8 1 
431 8 13 1 
412 10 13 1 
333 11 12 1 
6434 12 11 1 
6295 16 9 1 
6244 17 8 1 
6171 18 7 1 
6094 19 0 1 
5738 19 6 1 
5361 0 4 1 
5240 1 5 1 
5194 2 6 1 
5125 3 7 1 
5001 4 8 1 
4965 7 11 1 
4932 8 12 1 
4446 9 13 1 
4385 10 12 1 
4358 11 11 1 
4067 12 10 1 
3639 16 8 1 
3532 17 7 1 
3511 18 0 1 
3178 18 6 1 
3066 19 1 1 
2910 19 5 1 
2815 0 3 1 
2620 1 4 1 
2485 2 5 1 
2089 3 6 1 
1879 4 7 1 
1411 5 8 1 
1381 7 10 1 
1230 8 11 1 
1089 9 12 1 
1008 10 11 1 
735 11 10 1 
664 12 9 1 
185 15 8 1 
166 16 7 1 
6391 17 0 1 
6189 17 6 1 
5873 18 1 1 
5665 18 5 1 
5515 19 2 1 
5150 19 4 1 
5053 0 2 1 
4995 1 3 1 
4922 2 4 1 
4651 3 5 1 
4271 4 6 1 
3642 5 7 1 
3590 6 8 1 
3389 7 9 1 
3362 8 10 1 
3015 9 11 1 
2779 10 10 1 
2675 11 9 1 
2542 14 8 1 
2372 15 7 1 
2367 16 0 1 
2251 16 6 1 
1618 17 1 1 
1486 17 5 1 
884 18 2 1 
874 18 4 1 
306 19 3 1 
152 0 1 1 
64 1 2 1 
5927 2 3 1 
5705 3 4 1 
5431 4 5 1 
5253 5 6 1 
5109 6 7 1 
5043 7 8 1 
4750 8 9 1 
4453 9 10 1 
4370 10 9 1 
4078 13 8 1 
3895 14 7 1 
3648 15 0 1 
3374 15 6 1 
2790 16 1 1 
2555 16 5 1 
2175 17 2 1 
2139 17 4 1 
1410 18 3 1 
1247 0 0 1 
977 1 1 1 
881 2 2 1 
187 3 3 1 
153 4 4 1 
6502 5 5 1 
5828 6 6 1 
5720 7 7 1 
4970 8 8 1 
4968 9 9 1 
4870 12 8 1 
4582 13 7 1 
4380 14 0 1 
4207 14 6 1 
4121 15 1 1 
3902 15 5 1 
3633 16 2 1 
3557 16 4 1 
3520 17 3 1 
3475 1 0 1 
2894 2 1 1 
2836 3 2 1 
2640 4 3 1 
2098 5 4 1 
2033 6 5 1 
1768 7 6 1 
1121 8 7 1 
983 9 8 1 
778 11 8 1 
472 12 7 1 
259 13 0 1 
243 13 6 1 
6351 14 1 1 
6277 14 5 1 
6225 15 2 1 
6165 15 4 1 
6150 16 3 1 
5951 2 0 1 
5293 3 1 1 
5233 4 2 1 
5062 5 3 1 
4572 6 4 1 
4531 7 5 1 
4457 8 6 1 
4058 9 7 1 
3700 10 8 1 
3341 11 7 1 
3314 12 0 1 
3240 12 6 1 
2673 13 1 1 
2572 13 5 1 
2399 14 2 1 
2313 14 4 1 
1850 15 3 1 
1469 3 0 1 
674 4 1 1 
622 5 2 1 
107 6 3 1 
91 7 4 1 
6584 8 5 1 
6411 9 6 1 
6303 10 7 1 
5612 11 0 1 
5594 11 6 1 
5236 12 1 1 
5229 12 5 1 
3611 13 2 1 
3328 13 4 1 
1904 14 3 1 
1616 4 0 1 
1613 5 1 1 
1376 6 2 1 
765 7 3 1 
108 8 4 1 
53 9 5 1 
6380 10 6 1 
5309 11 1 1 
4701 11 5 1 
3756 12 2 1 
3468 12 4 1 
3378 13 3 1 
2952 5 0 1 
2349 6 1 1 
1864 7 2 1 
1767 8 3 1 
1758 9 4 1 
1728 10 5 1 
1019 11 2 1 
587 11 4 1 
165 12 3 1 
6429 6 0 1 
5636 7 1 1 
5475 8 2 1 
4775 9 3 1 
2835 10 4 1 
2017 11 3 1 
1193 7 0 1 
4335 8 1 1 
3910 9 2 1 
5162 10 3 1 
4877 8 0 1 
4303 9 1 1 
3909 10 2 1 
3404 9 0 1 
3383 10 1 1 
3076 10 0 1 
1953 9 1 13 
2601 8 1 14 
4894 9 2 14 
6580 7 1 15 
3637 8 2 15 
3641 10 4 15 
201 6 1 16 
6328 7 2 16 
141 10 5 16 
453 11 4 16 
1264 12 3 16 
2302 5 1 17 
3019 6 2 17 
4848 7 3 17 
5009 10 6 16 
5045 11 5 16 
1723 12 2 16 
1895 12 4 16 
3037 4 1 18 
6265 6 3 18 
1059 9 6 17 
1104 10 7 17 
1314 11 6 17 
4186 12 1 17 
4315 13 2 17 
4340 3 1 18 
557 8 6 18 
634 9 7 18 
2106 11 7 18 
2556 13 1 18 
2797 14 2 18 
3411 2 1 19 
5577 3 2 19 
591 7 6 19 
596 8 7 19 
606 14 1 18 
990 14 5 18 
1026 15 2 18 
2138 1 1 20 
4444 2 2 20 
5858 7 7 19 
11 8 8 19 
253 14 6 19 
1515 15 1 19 
1625 15 5 19 
2411 16 2 19 
2622 1 2 21 
3337 4 5 20 
3434 8 9 20 
3484 9 10 20 
3631 14 7 20 
4099 15 6 20 
4346 16 1 20 
5333 16 5 20 
6464 17 2 20 
74 3 5 21 
145 4 6 21 
595 8 10 21 
997 9 11 21 
1801 10 10 21 
1824 15 7 21 
2871 17 1 21 
2953 17 5 21 
2990 18 2 21 
3135 2 5 22 
5266 3 6 22 
6095 4 7 22 
6427 0 8 26 
6371 0 9 26 
6223 1 8 26 
6182 6 9 26 
5922 0 10 26 
5856 1 9 26 
5788 2 8 26 
5658 5 9 26 
5647 6 10 26 
5635 0 11 26 
5529 0 19 26 
5487 1 10 26 
5329 2 9 26 
5318 4 9 26 
5260 5 10 26 
5102 6 11 26 
5087 0 12 26 
4777 0 18 26 
4354 1 11 26 
4237 1 19 26 
4027 2 10 26 
3814 3 9 26 
3807 4 10 26 
3451 5 11 26 
3366 19 19 26 
2805 0 13 26 
2796 0 17 26 
2537 1 12 26 
2477 1 18 26 
2447 2 11 26 
2423 2 19 26 
2356 3 10 26 
1975 4 11 26 
1915 18 19 26 
1709 19 12 26 
1530 19 18 26 
1055 0 14 26 
1041 0 16 26 
886 1 13 26 
880 1 17 26 
649 2 12 26 
477 2 18 26 
211 3 11 26 
6586 3 19 26 
6517 17 19 26 
6443 18 12 26 
6350 18 18 26 
6098 19 13 26 
6038 19 17 26 
5875 0 15 26 
5779 1 14 26 
5683 1 16 26 
5574 2 13 26 
5522 2 17 26 
5428 3 12 26 
5321 3 18 26 
5117 4 19 26 
5099 16 19 26 
4937 17 12 26 
4030 17 18 26 
3349 18 13 26 
3250 18 17 26 
3230 19 14 26 
2771 19 16 26 
2578 1 15 26 
2388 2 14 26 
2190 2 16 26 
2081 3 13 26 
1873 3 17 26 
1808 4 12 26 
1749 4 18 26 
1664 5 19 26 
1658 15 19 26 
1362 16 12 26 
1131 16 18 26 
973 17 13 26 
741 17 17 26 
740 18 14 26 
714 18 16 26 
607 19 15 26 
138 2 15 26 
6170 3 14 26 
6161 3 16 26 
6029 4 13 26 
5979 4 17 26 
5872 5 12 26 
5845 5 18 26 
5771 6 19 26 
5560 14 19 26 
5388 15 12 26 
5084 15 18 26 
4899 16 13 26 
4876 16 17 26 
4866 17 14 26 
4755 17 16 26 
4563 18 15 26 
4539 3 15 26 
4055 4 14 26 
3592 4 16 26 
3504 5 13 26 
3426 5 17 26 
3204 6 12 26 
3096 6 18 26 
3072 7 19 26 
2759 13 19 26 
2595 14 12 26 
2375 14 18 26 
2141 15 13 26 
2039 15 17 26 
1981 16 14 26 
1916 16 16 26 
1786 17 15 26 
1703 4 15 26 
1668 5 14 26 
1657 5 16 26 
1647 6 13 26 
1394 6 17 26 
1262 7 12 26 
1239 7 18 26 
1209 8 19 26 
868 12 19 26 
494 13 12 26 
459 13 18 26 
335 14 13 26 
309 14 17 26 
6166 15 14 26 
6097 15 16 26 
6027 16 15 26 
5992 5 15 26 
5550 6 14 26 
5500 6 16 26 
5405 7 13 26 
5379 7 17 26 
5335 8 18 26 
5291 9 19 26 
5050 11 19 26 
4663 12 18 26 
4596 13 13 26 
3904 13 17 26 
3764 14 14 26 
3690 14 16 26 
3231 15 15 26 
2824 6 15 26 
2819 7 14 26 
2753 7 16 26 
2211 8 17 26 
2006 9 18 26 
1907 10 19 26 
1465 11 18 26 
1285 12 17 26 
934 13 14 26 
930 13 16 26 
676 14 15 26 
535 7 15 26 
39 8 14 26 
6487 8 16 26 
6433 9 17 26 
6416 10 18 26 
6081 11 17 26 
6072 12 16 26 
5919 13 11 26 
5474 13 15 26 
5060 19 11 26 
5033 8 15 26 
4649 9 14 26 
3956 9 16 26 
3816 10 17 26 
3792 11 16 26 
3629 12 15 26 
3406 13 10 26 
3359 14 11 26 
3280 18 11 26 
3058 19 10 26 
2961 9 15 26 
2828 10 16 26 
2584 11 15 26 
2558 12 14 26 
2430 13 9 26 
2029 14 10 26 
1682 15 11 26 
1159 17 11 26 
944 18 10 26 
770 19 9 26 
212 0 7 26 
127 10 15 26 
6157 11 14 26 
6096 12 13 26 
5912 14 9 26 
5370 15 10 26 
5276 16 11 26 
5206 17 10 26 
4884 18 9 26 
4658 19 8 26 
4616 0 6 26 
4532 1 7 26 
4305 10 14 26 
3950 11 13 26 
2540 12 12 26 
2323 15 9 26 
1989 16 10 26 
1977 17 9 26 
1766 18 8 26 
1615 19 7 26 
1536 0 5 26 
1395 1 6 26 
1113 2 7 26 
897 3 8 26 
835 8 13 26 
265 10 13 26 
105 11 12 26 
6491 12 11 26 
6085 16 9 26 
5790 17 8 26 
5756 18 7 26 
5466 19 0 26 
5174 19 6 26 
5137 0 4 26 
5016 1 5 26 
4867 2 6 26 
4794 3 7 26 
4470 4 8 26 
4402 7 11 26 
4374 8 12 26 
4369 9 13 26 
4314 10 12 26 
3758 11 11 26 
3702 12 10 26 
3687 16 8 26 
3595 17 7 26 
3529 18 0 26 
3440 18 6 26 
3194 19 1 26 
3035 19 5 26 
2915 0 3 26 
2409 1 4 26 
2277 2 5 26 
2121 3 6 26 
2040 4 7 26 
1980 5 8 26 
1684 7 10 26 
779 8 11 26 
151 9 12 26 
16 10 11 26 
13 11 10 26 
6564 12 9 26 
6486 15 8 26 
6247 16 7 26 
6177 17 0 26 
5938 17 6 26 
5617 18 1 26 
5097 18 5 26 
3774 19 2 26 
3354 19 4 26 
3181 0 2 26 
2994 1 3 26 
2864 2 4 26 
2648 3 5 26 
2023 4 6 26 
2004 5 7 26 
1932 6 8 26 
1472 7 9 26 
1321 8 10 26 
1181 9 11 26 
901 10 10 26 
221 11 9 26 
6243 14 8 26 
5762 15 7 26 
5758 16 0 26 
5734 16 6 26 
5155 17 1 26 
4375 17 5 26 
4318 18 2 26 
4260 18 4 26 
4048 19 3 26 
3927 0 1 26 
3567 1 2 26 
3558 2 3 26 
3439 3 4 26 
3316 4 5 26 
2902 5 6 26 
2643 6 7 26 
2265 7 8 26 
2146 8 9 26 
2097 9 10 26 
1955 10 9 26 
1307 13 8 26 
1225 14 7 26 
1141 15 0 26 
803 15 6 26 
708 16 1 26 
235 16 5 26 
233 17 2 26 
162 17 4 26 
6406 18 3 26 
6282 0 0 26 
6083 1 1 26 
6061 2 2 26 
5917 3 3 26 
5328 4 4 26 
5058 5 5 26 
4760 6 6 26 
4727 7 7 26 
4300 8 8 26 
4211 9 9 26 
4022 12 8 26 
3970 13 7 26 
3770 14 0 26 
3563 14 6 26 
3536 15 1 26 
3333 15 5 26 
2785 16 2 26 
2226 16 4 26 
1885 17 3 26 
1832 1 0 26 
1519 2 1 26 
1437 3 2 26 
998 4 3 26 
148 5 4 26 
118 6 5 26 
5632 7 6 26 
5285 8 7 26 
5205 9 8 26 
5173 11 8 26 
4557 12 7 26 
4296 13 0 26 
3862 13 6 26 
3711 14 1 26 
3338 14 5 26 
3166 15 2 26 
3013 15 4 26 
2812 16 3 26 
2719 2 0 26 
1936 3 1 26 
1434 4 2 26 
1238 5 3 26 
859 6 4 26 
797 7 5 26 
675 8 6 26 
629 9 7 26 
322 10 8 26 
164 11 7 26 
6566 12 0 26 
6534 12 6 26 
6480 13 1 26 
6327 13 5 26 
5633 14 2 26 
5083 14 4 26 
5081 15 3 26 
4732 3 0 26 
4565 4 1 26 
4289 5 2 26 
4051 6 3 26 
3960 7 4 26 
3829 8 5 26 
3695 9 6 26 
3351 10 7 26 
3293 11 0 26 
2811 11 6 26 
2736 12 1 26 
2041 12 5 26 
1488 13 2 26 
1477 13 4 26 
773 14 3 26 
391 4 0 26 
6100 5 1 26 
4417 6 2 26 
4182 7 3 26 
4145 8 4 26 
3225 9 5 26 
2740 10 6 26 
2510 11 1 26 
1481 11 5 26 
1441 12 2 26 
660 12 4 26 
626 13 3 26 
511 5 0 26 
277 6 1 26 
5608 7 2 26 
5527 8 3 26 
4591 9 4 26 
2279 10 5 26 
2275 11 2 26 
1366 11 4 26 
1060 12 3 26 
6448 6 0 26 
5546 7 1 26 
5395 8 2 26 
5241 9 3 26 
4680 10 4 26 
4243 11 3 26 
3357 7 0 26 
2635 8 1 26 
2342 9 2 26 
1443 10 3 26 
1270 8 0 26 
6573 9 1 26 
5093 10 2 26 
4955 9 0 26 
4407 10 1 26 
4148 10 0 26 
1157 9 1 38 
177 8 1 39 
2340 9 2 39 
2832 7 1 39 
566 8 2 39 
593 10 4 39 
1039 6 1 41 
1053 7 2 40 
1611 10 5 40 
2865 11 4 40 
2962 12 3 40 
3554 5 1 41 
5829 6 2 41 
1124 7 3 41 
2187 10 6 41 
2472 11 5 41 
3344 12 2 41 
3462 12 4 41 
1200 4 1 42 
1356 6 3 42 
935 9 6 42 
1161 10 7 42 
1888 11 6 42 
2869 12 1 42 
4844 13 2 42 
5008 3 1 43 
5026 8 6 43 
6604 9 7 43 
225 11 7 43 
1455 13 1 42 
1482 14 2 42 
1962 2 1 44 
3032 3 2 44 
3772 7 6 43 
3804 8 7 43 
3917 14 1 43 
4743 14 5 43 
4974 15 2 43 
5006 1 1 44 
6400 2 2 44 
544 7 7 44 
1348 8 8 44 
1757 14 6 44 
3208 15 1 44 
3654 15 5 44 
3843 16 2 44 
4411 1 2 45 
4702 4 5 45 
5343 8 9 45 
194 9 10 45 
425 14 7 45 
1721 15 6 45 
1853 16 1 45 
1863 16 5 45 
2529 17 2 45 
2533 3 5 46 
5187 4 6 46 
900 8 10 46 
1185 9 11 46 
2009 10 10 46 
2374 15 7 45 
2799 17 1 45 
2912 17 5 45 
2999 18 2 45 
4204 2 5 47 
6461 0 8 51 
6205 0 9 51 
6155 1 8 51 
6132 6 9 51 
6064 0 10 51 
5811 1 9 51 
5770 2 8 51 
5534 5 9 51 
5342 6 10 51 
5004 0 11 51 
4885 0 19 51 
4579 1 10 51 
4548 2 9 51 
4178 4 9 51 
4088 5 10 51 
3645 6 11 51 
3199 0 12 51 
3061 0 18 51 
3047 1 11 51 
2669 1 19 51 
2513 2 10 51 
2248 3 9 51 
1945 4 10 51 
1822 5 11 51 
1550 19 19 51 
1449 0 13 51 
810 0 17 51 
441 1 12 51 
301 1 18 51 
279 2 11 51 
196 2 19 51 
6408 3 10 51 
6238 4 11 51 
6180 18 19 51 
5678 19 12 51 
5628 19 18 51 
5579 0 14 51 
5469 0 16 51 
5391 1 13 51 
5071 1 17 51 
4823 2 12 51 
4796 2 18 51 
4747 3 11 51 
4357 3 19 51 
4128 17 19 51 
3867 18 12 51 
3812 18 18 51 
3083 19 13 51 
2413 19 17 51 
2079 0 15 51 
1454 1 14 51 
1340 1 16 51 
809 2 13 51 
667 2 17 51 
665 3 12 51 
420 3 18 51 
36 4 19 51 
6532 16 19 51 
6289 17 12 51 
6273 17 18 51 
5907 18 13 51 
5714 18 17 51 
5606 19 14 51 
5159 19 16 51 
5046 1 15 51 
4958 2 14 51 
4909 2 16 51 
4422 3 13 51 
4277 3 17 51 
3992 4 12 51 
3930 4 18 51 
3870 5 19 51 
3833 15 19 51 
3827 16 12 51 
3552 16 18 51 
3488 17 13 51 
3487 17 17 51 
3395 18 14 51 
3363 18 16 51 
2827 19 15 51 
2299 2 15 51 
2181 3 14 51 
1883 3 16 51 
1651 4 13 51 
1630 4 17 51 
1586 5 12 51 
1582 5 18 51 
1453 6 19 51 
1397 14 19 51 
1347 15 12 51 
844 15 18 51 
761 16 13 51 
236 16 17 51 
77 17 14 51 
6454 17 16 51 
6309 18 15 51 
6175 3 15 51 
5124 4 14 51 
5063 4 16 51 
5027 5 13 51 
4847 5 17 51 
4837 6 12 51 
4653 6 18 51 
4502 7 19 51 
4471 13 19 51 
4445 14 12 51 
4070 14 18 51 
3834 15 13 51 
3787 15 17 51 
3623 16 14 51 
3393 16 16 51 
3177 17 15 51 
2960 4 15 51 
2746 5 14 51 
2327 5 16 51 
2220 6 13 51 
2192 6 17 51 
2002 7 12 51 
1761 7 18 51 
1274 8 19 51 
801 12 19 51 
556 13 12 51 
499 13 18 51 
475 14 13 51 
375 14 17 51 
6253 15 14 51 
6241 15 16 51 
6030 16 15 51 
5993 5 15 51 
5988 6 14 51 
5808 6 16 51 
5344 7 13 51 
4833 7 17 51 
4719 8 18 51 
4677 9 19 51 
4485 11 19 51 
4466 12 18 51 
4387 13 13 51 
4249 13 17 51 
4175 14 14 51 
4105 14 16 51 
4085 15 15 51 
3815 6 15 51 
3217 7 14 51 
3212 7 16 51 
3087 8 17 51 
2791 9 18 51 
2481 10 19 51 
2235 11 18 51 
1572 12 17 51 
1438 13 14 51 
1203 13 16 51 
1160 14 15 51 
1144 7 15 51 
1115 8 14 51 
976 8 16 51 
942 9 17 51 
744 10 18 51 
725 11 17 51 
573 12 16 51 
561 13 11 51 
444 13 15 51 
304 19 11 51 
6576 8 15 51 
6572 9 14 51 
6570 9 16 51 
6251 10 17 51 
5994 11 16 51 
5981 12 15 51 
5967 13 10 51 
5903 14 11 51 
5801 18 11 51 
5555 19 10 51 
5518 9 15 51 
5356 10 16 51 
5237 11 15 51 
4929 12 14 51 
4882 13 9 51 
4263 14 10 51 
4131 15 11 51 
3612 17 11 51 
2973 18 10 51 
2694 19 9 51 
2679 0 7 51 
2256 10 15 51 
2199 11 14 51 
2083 12 13 51 
2071 14 9 51 
1900 15 10 51 
1821 16 11 51 
1747 17 10 51 
1260 18 9 51 
1100 19 8 51 
1049 0 6 51 
925 1 7 51 
857 10 14 51 
501 11 13 51 
160 12 12 51 
115 15 9 51 
78 16 10 51 
57 17 9 51 
6546 18 8 51 
6538 19 7 51 
6313 0 5 51 
6252 1 6 51 
5849 2 7 51 
5778 3 8 51 
5453 8 13 51 
5352 10 13 51 
5073 11 12 51 
5072 12 11 51 
4783 16 9 51 
4509 17 8 51 
4492 18 7 51 
4451 19 0 51 
3876 19 6 51 
3618 0 4 51 
2920 1 5 51 
2698 2 6 51 
2503 3 7 51 
2188 4 8 51 
530 7 11 51 
348 8 12 51 
133 9 13 51 
113 10 12 51 
24 11 11 51 
4 12 10 51 
6378 16 8 51 
6172 17 7 51 
6135 18 0 51 
6119 18 6 51 
5700 19 1 51 
5576 19 5 51 
5463 0 3 51 
5457 1 4 51 
5331 2 5 51 
5051 3 6 51 
4778 4 7 51 
4724 5 8 51 
4379 7 10 51 
4361 8 11 51 
4331 9 12 51 
4228 10 11 51 
4062 11 10 51 
3846 12 9 51 
3169 15 8 51 
3020 16 7 51 
3012 17 0 51 
2489 17 6 51 
2130 18 1 51 
2105 18 5 51 
1986 19 2 51 
1590 19 4 51 
690 0 2 51 
355 1 3 51 
218 2 4 51 
18 3 5 51 
6331 4 6 51 
6246 5 7 51 
6143 6 8 51 
6052 7 9 51 
5957 8 10 51 
5785 9 11 51 
5411 10 10 51 
4819 11 9 51 
4780 14 8 51 
4425 15 7 51 
4413 16 0 51 
4205 16 6 51 
4176 17 1 51 
3982 17 5 51 
3850 18 2 51 
3304 18 4 51 
2625 19 3 51 
2156 0 1 51 
2125 1 2 51 
1809 2 3 51 
1587 3 4 51 
1291 4 5 51 
1114 5 6 51 
928 6 7 51 
490 7 8 51 
352 8 9 51 
296 9 10 51 
180 10 9 51 
174 13 8 51 
34 14 7 51 
6525 15 0 51 
6405 15 6 51 
6235 16 1 51 
6036 16 5 51 
5807 17 2 51 
5557 17 4 51 
4665 18 3 51 
4368 0 0 51 
4343 1 1 51 
4218 2 2 51 
4095 3 3 51 
4071 4 4 51 
4026 5 5 51 
3893 6 6 51 
3782 7 7 51 
3719 8 8 51 
3347 9 9 51 
2800 12 8 51 
2792 13 7 51 
2662 14 0 51 
2052 14 6 51 
1802 15 1 51 
1492 15 5 51 
1071 16 2 51 
918 16 4 51 
600 17 3 51 
541 1 0 51 
446 2 1 51 
347 3 2 51 
6607 4 3 51 
6513 5 4 51 
6482 6 5 51 
6477 7 6 51 
6412 8 7 51 
5876 9 8 51 
5593 11 8 51 
5270 12 7 51 
5258 13 0 51 
4522 13 6 51 
4283 14 1 51 
4149 14 5 51 
4065 15 2 51 
3340 15 4 51 
2954 16 3 51 
2599 2 0 51 
2490 3 1 51 
2164 4 2 51 
1393 5 3 51 
837 6 4 51 
553 7 5 51 
405 8 6 51 
8 9 7 51 
6539 10 8 51 
5895 11 7 51 
4987 12 0 51 
4544 12 6 51 
4391 13 1 51 
4347 13 5 51 
4032 14 2 51 
3345 14 4 51 
3279 15 3 51 
3095 3 0 51 
3062 4 1 51 
2324 5 2 51 
1737 6 3 51 
1545 7 4 51 
1387 8 5 51 
327 9 6 51 
3 10 7 51 
5820 11 0 51 
5673 11 6 51 
5542 12 1 51 
4217 12 5 51 
4040 13 2 51 
3932 13 4 51 
3294 14 3 51 
3046 4 0 51 
2564 5 1 51 
2107 6 2 51 
1784 7 3 51 
1619 8 4 51 
1548 9 5 51 
1196 10 6 51 
6041 11 1 51 
5021 11 5 51 
4982 12 2 51 
3659 12 4 51 
3261 13 3 51 
3079 5 0 51 
2303 6 1 51 
1963 7 2 51 
1887 8 3 51 
119 9 4 51 
5877 10 5 51 
5599 11 2 51 
5056 11 4 51 
4790 12 3 51 
3477 6 0 51 
3309 7 1 51 
3207 8 2 51 
1914 9 3 51 
1744 10 4 51 
1742 11 3 51 
994 7 0 51 
793 8 1 51 
6471 9 2 51 
6292 10 3 51 
4782 8 0 51 
4487 9 1 51 
4415 10 2 51 
4081 9 0 51 
3710 10 1 51 
372 10 0 51 
987 9 1 63 
1680 8 1 64 
5671 9 2 63 
747 7 1 64 
2384 8 2 64 
2709 10 4 64 
2749 6 1 65 
5373 7 2 65 
6071 10 5 64 
1596 11 4 64 
1622 12 3 64 
4742 5 1 66 
31 6 2 66 
72 7 3 66 
83 10 6 66 
585 11 5 65 
643 12 2 65 
1506 12 4 65 
1795 4 1 67 
2405 6 3 67 
4159 9 6 67 
5508 10 7 67 
5731 11 6 66 
5854 12 1 66 
6506 13 2 66 
696 3 1 68 
1051 8 6 68 
1405 9 7 68 
1578 11 7 67 
2498 13 1 67 
2878 14 2 67 
49 2 1 69 
421 3 2 69 
555 7 6 68 
2337 8 7 68 
3048 14 1 68 
3310 14 5 68 
6488 15 2 68 
190 1 1 69 
1140 2 2 69 
1817 7 7 69 
2249 8 8 69 
3176 14 6 69 
3369 15 1 69 
3955 15 5 69 
5851 16 2 69 
6315 1 2 70 
1559 4 5 70 
2868 8 9 70 
3432 9 10 70 
4373 14 7 70 
4405 15 6 69 
4497 16 1 69 
4636 16 5 69 
5175 17 2 69 
5615 3 5 71 
640 4 6 70 
1342 8 10 70 
1344 9 11 70 
1358 10 10 70 
1538 15 7 70 
1739 17 1 70 
1862 17 5 70 
2037 18 2 70 
2257 2 5 71 
2260 3 6 71 
3810 4 7 71 
5169 9 12 71 
5400 10 11 71 
6569 0 8 76 
6507 0 9 76 
6174 1 8 76 
5924 6 9 76 
5889 0 10 76 
5768 1 9 76 
5296 2 8 76 
5171 5 9 76 
4998 6 10 76 
4728 0 11 76 
4618 0 19 76 
4203 1 10 76 
4035 2 9 76 
4019 4 9 76 
3750 5 10 76 
3653 6 11 76 
3335 0 12 76 
3068 0 18 76 
2922 1 11 76 
2903 1 19 76 
2439 2 10 76 
2326 3 9 76 
2186 4 10 76 
1876 5 11 76 
1623 19 19 76 
1593 0 13 76 
1566 0 17 76 
1252 1 12 76 
1155 1 18 76 
450 2 11 76 
384 2 19 76 
6594 3 10 76 
6591 4 11 76 
6511 18 19 76 
6505 19 12 76 
5610 19 18 76 
5556 0 14 76 
5525 0 16 76 
5367 1 13 76 
5040 1 17 76 
4757 2 12 76 
4376 2 18 76 
4147 3 11 76 
3922 3 19 76 
3856 17 19 76 
3730 18 12 76 
3474 18 18 76 
3373 19 13 76 
3339 19 17 76 
3327 0 15 76 
2674 1 14 76 
2396 1 16 76 
1815 2 13 76 
1501 2 17 76 
533 3 12 76 
299 3 18 76 
6515 4 19 76 
6354 16 19 76 
6144 17 12 76 
6129 17 18 76 
5655 18 13 76 
5642 18 17 76 
5516 19 14 76 
5495 19 16 76 
4952 1 15 76 
4888 2 14 76 
4763 2 16 76 
4648 3 13 76 
4623 3 17 76 
4545 4 12 76 
4526 4 18 76 
4483 5 19 76 
4349 15 19 76 
4190 16 12 76 
4173 16 18 76 
3941 17 13 76 
3928 17 17 76 
3835 18 14 76 
3457 18 16 76 
3276 19 15 76 
2857 2 15 76 
2782 3 14 76 
2761 3 16 76 
2696 4 13 76 
2617 4 17 76 
2600 5 12 76 
2012 5 18 76 
1899 6 19 76 
1661 14 19 76 
1050 15 12 76 
106 15 18 76 
99 16 13 76 
6055 16 17 76 
5888 17 14 76 
5752 17 16 76 
5572 18 15 76 
5563 3 15 76 
5561 4 14 76 
5491 4 16 76 
5439 5 13 76 
4697 5 17 76 
4656 6 12 76 
4609 6 18 76 
4461 7 19 76 
4290 13 19 76 
4084 14 12 76 
3836 14 18 76 
3617 15 13 76 
3402 15 17 76 
3307 16 14 76 
3123 16 16 76 
2895 17 15 76 
2676 4 15 76 
2512 5 14 76 
2368 5 16 76 
2306 6 13 76 
2173 6 17 76 
1543 7 12 76 
1504 7 18 76 
1487 8 19 76 
1372 12 19 76 
1276 13 12 76 
915 13 18 76 
820 14 13 76 
569 14 17 76 
531 15 14 76 
439 15 16 76 
271 16 15 76 
63 5 15 76 
6325 6 14 76 
6154 6 16 76 
5709 7 13 76 
5304 7 17 76 
5295 8 18 76 
5153 9 19 76 
5126 11 19 76 
4972 12 18 76 
4829 13 13 76 
4784 13 17 76 
4643 14 14 76 
4635 14 16 76 
4364 15 15 76 
4334 6 15 76 
4235 7 14 76 
4115 7 16 76 
3965 8 17 76 
3839 9 18 76 
3638 10 19 76 
3582 11 18 76 
3565 12 17 76 
3501 13 14 76 
3430 13 16 76 
2817 14 15 76 
1896 7 15 76 
1799 8 14 76 
1406 8 16 76 
1317 9 17 76 
1023 10 18 76 
949 11 17 76 
822 12 16 76 
785 13 11 76 
411 13 15 76 
351 19 11 76 
272 8 15 76 
183 9 14 76 
97 9 16 76 
6418 10 17 76 
6272 11 16 76 
6149 12 15 76 
6079 13 10 76 
6070 14 11 76 
6019 18 11 76 
5715 19 10 76 
5653 9 15 76 
5376 10 16 76 
5363 11 15 76 
5263 12 14 76 
5216 13 9 76 
5208 14 10 76 
5163 15 11 76 
5121 17 11 76 
4723 18 10 76 
4621 19 9 76 
3858 0 7 76 
3794 10 15 76 
3252 11 14 76 
3153 12 13 76 
3085 14 9 76 
3011 15 10 76 
2692 16 11 76 
2343 17 10 76 
2154 18 9 76 
1992 19 8 76 
1922 0 6 76 
1603 1 7 76 
1555 10 14 76 
1380 11 13 76 
720 12 12 76 
677 15 9 76 
288 16 10 76 
103 17 9 76 
22 18 8 76 
6437 19 7 76 
5986 0 5 76 
5844 1 6 76 
5676 2 7 76 
5648 3 8 76 
5442 8 13 76 
5434 10 13 76 
5386 11 12 76 
5384 12 11 76 
5197 16 9 76 
4969 17 8 76 
4924 18 7 76 
4836 19 0 76 
4703 19 6 76 
4660 0 4 76 
4144 1 5 76 
4139 2 6 76 
4083 3 7 76 
3887 4 8 76 
3643 7 11 76 
3556 8 12 76 
3471 9 13 76 
3265 10 12 76 
3257 11 11 76 
3249 12 10 76 
3094 16 8 76 
2955 17 7 76 
2852 18 0 76 
2382 18 6 76 
2259 19 1 76 
1676 19 5 76 
1462 0 3 76 
1334 1 4 76 
1266 2 5 76 
988 3 6 76 
947 4 7 76 
847 5 8 76 
586 7 10 76 
564 8 11 76 
281 9 12 76 
75 10 11 76 
6558 11 10 76 
6468 12 9 76 
6193 15 8 76 
6112 16 7 76 
5929 17 0 76 
5926 17 6 76 
5880 18 1 76 
5410 18 5 76 
5147 19 2 76 
4917 19 4 76 
4907 0 2 76 
4634 1 3 76 
4308 2 4 76 
3683 3 5 76 
3668 4 6 76 
3297 5 7 76 
3060 6 8 76 
2772 7 9 76 
2700 8 10 76 
2637 9 11 76 
2525 10 10 76 
2476 11 9 76 
1675 14 8 76 
575 15 7 76 
445 16 0 76 
360 16 6 76 
287 17 1 76 
204 17 5 76 
6349 18 2 76 
6285 18 4 76 
6020 19 3 76 
4657 0 1 76 
4570 1 2 76 
3924 2 3 76 
3735 3 4 76 
3716 4 5 76 
3524 5 6 76 
3358 6 7 76 
3146 7 8 76 
3137 8 9 76 
2921 9 10 76 
2893 10 9 76 
2845 13 8 76 
2576 14 7 76 
1898 15 0 76 
1539 15 6 76 
1286 16 1 76 
1110 16 5 76 
1061 17 2 76 
984 17 4 76 
799 18 3 76 
154 0 0 76 
6308 1 1 76 
5607 2 2 76 
5480 3 3 76 
4933 4 4 76 
4874 5 5 76 
4538 6 6 76 
4322 7 7 76 
2781 8 8 76 
2214 9 9 76 
1884 12 8 76 
1685 13 7 76 
1626 14 0 76 
1547 14 6 76 
1338 15 1 76 
1125 15 5 76 
504 16 2 76 
266 16 4 76 
143 17 3 76 
15 1 0 76 
1 2 1 76 
6311 3 2 76 
6090 4 3 76 
6057 5 4 76 
5913 6 5 76 
5732 7 6 76 
5259 8 7 76 
4994 9 8 76 
4706 11 8 76 
4394 12 7 76 
4100 13 0 76 
3994 13 6 76 
3875 14 1 76 
3569 14 5 76 
3494 15 2 76 
3493 15 4 76 
3288 16 3 76 
2593 2 0 76 
2491 3 1 76 
2172 4 2 76 
2046 5 3 76 
1688 6 4 76 
1445 7 5 76 
1337 8 6 76 
1296 9 7 76 
1179 10 8 76 
701 11 7 76 
410 12 0 76 
339 12 6 76 
171 13 1 76 
6466 13 5 76 
6449 14 2 76 
5626 14 4 76 
5445 15 3 76 
4002 3 0 76 
3577 4 1 76 
3546 5 2 76 
3356 6 3 76 
3236 7 4 76 
3086 8 5 76 
2478 9 6 76 
1969 10 7 76 
1714 11 0 76 
1289 11 6 76 
996 12 1 76 
6519 12 5 76 
6508 13 2 76 
6033 13 4 76 
5704 14 3 76 
5471 4 0 76 
5381 5 1 76 
5015 6 2 76 
4049 7 3 76 
3883 8 4 76 
3688 9 5 76 
3111 10 6 76 
2284 11 1 76 
2085 11 5 76 
1910 12 2 76 
1889 12 4 76 
1637 13 3 76 
6490 5 0 76 
6366 6 1 76 
5706 7 2 76 
5564 8 3 76 
5176 9 4 76 
4918 10 5 76 
4515 11 2 76 
3988 11 4 76 
3329 12 3 76 
3251 6 0 76 
2697 7 1 76 
1968 8 2 76 
1846 9 3 76 
1791 10 4 76 
157 11 3 76 
6073 7 0 76 
4928 8 1 76 
4140 9 2 76 
4103 10 3 76 
2693 8 0 76 
2483 9 1 76 
1531 10 2 76 
1169 9 0 76 
6017 10 1 76 
3842 10 0 76 
1389 9 1 89 
2733 8 1 89 
84 9 2 89 
2084 7 1 90 
2502 8 2 90 
966 10 4 90 
3364 6 1 90 
6018 7 2 90 
6593 10 5 90 
58 11 4 90 
2316 12 3 90 
2598 5 1 91 
3744 6 2 91 
3828 7 3 91 
5390 10 6 91 
231 11 5 91 
239 12 2 91 
2336 12 4 91 
2658 4 1 92 
3671 6 3 92 
3990 9 6 92 
4313 10 7 92 
4734 11 6 92 
6497 12 1 92 
48 13 2 91 
182 3 1 93 
825 8 6 93 
3007 9 7 93 
4714 11 7 93 
5135 13 1 93 
5689 14 2 92 
6357 2 1 94 
1098 3 2 93 
1119 7 6 93 
1365 8 7 93 
1935 14 1 93 
1940 14 5 93 
3334 15 2 93 
3409 1 1 94 
4886 2 2 94 
5536 7 7 94 
6031 8 8 94 
6122 14 6 94 
2103 15 1 94 
2718 15 5 94 
2978 16 2 94 
3274 1 2 95 
3559 4 5 95 
3880 8 9 95 
3985 9 10 95 
5455 14 7 95 
175 15 6 95 
323 16 1 95 
1369 16 5 95 
1827 17 2 95 
2254 3 5 96 
5114 4 6 96 
6275 8 10 96 
6398 9 11 96 
516 10 10 96 
1280 15 7 96 
1859 17 1 96 
2597 17 5 96 
2795 18 2 95 
