1920
4343 0 19 1 
4330 0 18 1 
4306 1 19 1 
4204 0 9 1 
4126 0 17 1 
3865 1 18 1 
3816 2 19 1 
3719 0 8 1 
3696 0 10 1 
3647 0 16 1 
3596 1 9 1 
3562 1 17 1 
3422 2 18 1 
3407 3 19 1 
2661 0 7 1 
1686 0 11 1 
1651 0 15 1 
1418 1 8 1 
1348 1 10 1 
1313 1 16 1 
1249 2 9 1 
1001 2 17 1 
643 3 18 1 
427 4 19 1 
279 0 0 1 
262 0 6 1 
9 0 12 1 
4345 0 14 1 
4281 1 7 1 
3997 1 11 1 
3910 1 15 1 
3851 2 8 1 
3773 2 10 1 
3739 2 16 1 
3240 3 9 1 
3125 3 17 1 
3112 4 18 1 
3047 5 19 1 
3029 0 1 1 
2736 0 5 1 
2615 0 13 1 
2373 1 0 1 
2277 1 6 1 
1965 1 12 1 
1881 1 14 1 
1855 2 7 1 
1807 2 11 1 
1390 2 15 1 
1361 3 8 1 
1344 3 10 1 
1321 3 16 1 
1006 4 9 1 
958 4 17 1 
923 5 18 1 
904 6 19 1 
754 0 2 1 
672 0 4 1 
435 1 1 1 
363 1 5 1 
327 1 13 1 
271 2 0 1 
173 2 6 1 
118 2 12 1 
106 2 14 1 
4367 3 7 1 
4305 3 11 1 
3886 3 15 1 
3867 4 10 1 
3842 4 16 1 
3661 5 17 1 
3613 6 18 1 
3572 7 19 1 
3531 0 3 1 
3505 1 2 1 
3504 1 4 1 
3394 2 1 1 
3353 2 5 1 
3301 2 13 1 
2979 3 0 1 
2767 3 6 1 
2620 3 12 1 
2583 3 14 1 
2562 4 11 1 
2283 4 15 1 
2021 5 10 1 
1900 5 16 1 
1681 6 17 1 
1650 7 18 1 
1065 8 19 1 
870 1 3 1 
812 2 2 1 
801 2 4 1 
675 3 1 1 
638 3 5 1 
503 3 13 1 
499 4 0 1 
189 4 12 1 
158 4 14 1 
3940 5 11 1 
3923 5 15 1 
3899 6 10 1 
3820 6 16 1 
3629 7 17 1 
3587 8 18 1 
3527 9 19 1 
3398 2 3 1 
3218 3 2 1 
3092 3 4 1 
2918 4 1 1 
2818 4 5 1 
2711 4 13 1 
2571 5 0 1 
2522 5 12 1 
2517 5 14 1 
2486 6 11 1 
2324 6 15 1 
2266 7 10 1 
1939 7 16 1 
1789 8 17 1 
1770 9 18 1 
1729 10 19 1 
1660 3 3 1 
1647 4 2 1 
1591 4 4 1 
1372 5 1 1 
1005 5 5 1 
898 5 13 1 
861 6 0 1 
836 6 12 1 
685 6 14 1 
680 7 11 1 
596 7 15 1 
525 8 10 1 
385 8 16 1 
321 9 17 1 
220 10 18 1 
68 11 19 1 
42 4 3 1 
10 5 2 1 
4352 5 4 1 
4339 6 1 1 
4022 6 5 1 
4001 6 13 1 
3969 7 0 1 
3788 7 12 1 
3484 7 14 1 
3268 8 11 1 
3226 8 15 1 
3159 9 10 1 
2958 9 16 1 
2848 10 17 1 
2712 11 18 1 
2694 12 19 1 
2570 5 3 1 
2555 6 2 1 
2530 6 4 1 
2218 7 1 1 
2160 7 5 1 
2090 7 13 1 
2087 8 0 1 
1998 8 12 1 
1944 8 14 1 
1265 9 11 1 
1247 9 15 1 
802 10 10 1 
795 10 16 1 
701 11 17 1 
688 12 18 1 
522 13 19 1 
491 19 19 1 
485 6 3 1 
482 7 2 1 
248 7 4 1 
193 8 1 1 
4288 8 13 1 
4218 9 0 1 
4200 9 12 1 
3953 9 14 1 
3363 10 11 1 
3300 10 15 1 
3260 11 10 1 
3172 11 16 1 
3151 12 17 1 
3017 13 18 1 
2906 14 19 1 
2862 18 19 1 
2841 19 18 1 
2799 4 6 1 
2503 7 3 1 
2485 8 2 1 
2453 9 1 1 
2157 9 13 1 
2111 10 0 1 
2092 10 12 1 
1954 10 14 1 
1892 11 11 1 
1578 11 15 1 
1276 12 16 1 
990 13 17 1 
939 14 18 1 
605 15 19 1 
466 17 19 1 
343 18 18 1 
84 19 17 1 
2 4 7 1 
4259 5 6 1 
4110 8 3 1 
4090 9 2 1 
3946 10 1 1 
3492 10 13 1 
3459 11 0 1 
3083 11 12 1 
2893 11 14 1 
2835 12 15 1 
2820 13 16 1 
2719 14 17 1 
2534 15 18 1 
2475 16 19 1 
1979 17 18 1 
1749 18 17 1 
1284 19 16 1 
1282 4 8 1 
1221 5 7 1 
1216 5 9 1 
803 6 6 1 
706 8 4 1 
662 9 3 1 
286 10 2 1 
155 11 1 1 
15 11 13 1 
4394 12 0 1 
4378 12 14 1 
4246 13 15 1 
4103 14 16 1 
4077 15 17 1 
3772 16 18 1 
3588 17 17 1 
3309 18 16 1 
2949 19 15 1 
2843 5 8 1 
2370 6 7 1 
2325 6 9 1 
1697 7 6 1 
1511 8 5 1 
1389 9 4 1 
1078 10 3 1 
981 11 2 1 
744 12 1 1 
604 12 13 1 
532 13 0 1 
527 13 14 1 
185 14 15 1 
8 15 16 1 
4254 16 17 1 
4228 17 16 1 
3835 18 15 1 
3731 19 14 1 
2890 6 8 1 
2584 7 7 1 
2482 7 9 1 
2368 8 6 1 
2333 9 5 1 
2179 10 4 1 
2067 11 3 1 
1819 12 2 1 
1271 12 12 1 
1204 13 1 1 
843 13 13 1 
743 14 14 1 
483 15 15 1 
447 16 16 1 
207 17 15 1 
11 18 14 1 
3968 19 13 1 
3938 7 8 1 
3834 8 7 1 
3712 8 9 1 
3682 9 6 1 
3576 10 5 1 
3211 11 4 1 
2965 12 3 1 
2938 13 2 1 
2875 13 12 1 
2819 14 13 1 
2664 15 14 1 
2315 16 15 1 
2296 17 14 1 
2258 18 13 1 
2183 19 12 1 
2040 8 8 1 
1874 9 7 1 
1301 9 9 1 
1242 10 6 1 
1229 11 5 1 
992 12 4 1 
875 13 3 1 
855 14 12 1 
814 15 13 1 
718 16 14 1 
359 17 13 1 
140 18 12 1 
4400 19 11 1 
4393 9 8 1 
4227 10 7 1 
3892 10 9 1 
3800 11 6 1 
3760 12 5 1 
3674 12 11 1 
3403 13 4 1 
3178 15 12 1 
2968 16 13 1 
2776 17 12 1 
2573 18 11 1 
2468 19 10 1 
2387 10 8 1 
2200 11 7 1 
2131 11 9 1 
1811 12 6 1 
1528 12 10 1 
1436 13 5 1 
1317 13 11 1 
1118 16 12 1 
1113 17 11 1 
1026 18 10 1 
925 19 9 1 
116 11 8 1 
4373 12 7 1 
4311 12 9 1 
4099 13 6 1 
3748 13 10 1 
3736 14 5 1 
3541 14 11 1 
3510 16 11 1 
3023 17 10 1 
2676 18 9 1 
1896 19 8 1 
1558 12 8 1 
1525 13 7 1 
1354 13 9 1 
1129 14 6 1 
563 14 10 1 
369 15 11 1 
304 16 10 1 
214 17 9 1 
4315 18 8 1 
4266 19 7 1 
4100 13 8 1 
3786 14 7 1 
3487 14 9 1 
3352 15 10 1 
3196 16 9 1 
2908 17 8 1 
2582 18 7 1 
2384 19 6 1 
2240 14 8 1 
1588 15 9 1 
1427 16 8 1 
1224 17 7 1 
1150 18 6 1 
203 19 5 1 
4375 15 8 1 
3297 16 7 1 
2928 17 6 1 
2880 18 5 1 
2212 19 4 1 
1508 15 7 1 
1485 16 6 1 
1457 17 5 1 
857 18 4 1 
784 19 3 1 
398 15 6 1 
4149 16 5 1 
3919 17 4 1 
3863 18 3 1 
3418 19 2 1 
1769 15 5 1 
1521 16 4 1 
1360 17 3 1 
842 18 2 1 
815 19 1 1 
625 15 4 1 
594 16 3 1 
556 17 2 1 
4322 18 1 1 
4242 19 0 1 
2999 14 4 1 
2901 15 3 1 
2313 16 2 1 
2177 17 1 1 
2083 18 0 1 
1813 14 3 1 
231 15 2 1 
108 16 1 1 
4270 17 0 1 
3977 14 2 1 
2529 15 1 1 
2340 16 0 1 
29 14 1 1 
4238 15 0 1 
3794 14 0 1 
1492 15 1 12 
2274 15 2 13 
378 16 1 13 
818 15 3 13 
901 16 2 13 
1504 17 1 13 
2182 16 3 14 
3024 17 2 14 
3965 18 1 13 
4038 16 4 14 
341 17 3 14 
647 18 2 14 
1548 16 5 14 
2118 17 4 14 
4105 18 3 14 
4307 16 6 15 
2464 17 5 15 
3174 18 4 15 
3848 16 7 15 
634 17 6 15 
739 18 5 15 
1465 15 9 16 
1726 16 8 16 
1870 17 7 16 
2465 18 6 16 
2727 13 8 16 
4042 14 9 16 
255 15 10 16 
263 16 9 16 
392 17 8 16 
920 18 7 16 
1634 12 8 17 
1901 13 7 17 
2027 13 9 17 
2237 14 10 17 
2930 16 10 17 
2972 17 9 17 
3706 18 8 16 
3836 11 8 18 
3883 12 7 17 
735 13 6 17 
799 13 10 17 
2367 17 10 17 
2821 18 9 17 
2873 10 8 18 
3025 11 7 18 
4332 12 6 18 
559 17 11 18 
791 18 10 18 
1375 9 8 18 
1593 10 7 18 
1706 11 6 18 
1862 12 5 18 
2015 16 13 18 
2326 17 12 18 
3042 18 11 18 
3549 8 8 19 
4356 9 7 19 
572 10 6 19 
988 11 5 19 
1398 12 4 19 
2206 15 13 19 
2449 16 14 19 
3062 17 13 19 
3393 18 12 19 
288 7 8 19 
546 8 7 19 
760 9 6 19 
1278 10 5 19 
1524 11 4 19 
1625 12 3 19 
2348 14 13 19 
2833 15 14 19 
2886 16 15 19 
3348 17 14 19 
3404 18 13 19 
4347 0 19 26 
4095 0 18 26 
4030 1 19 26 
3904 0 9 26 
3888 0 17 26 
3878 1 18 26 
3814 2 19 26 
3793 0 8 26 
3792 0 10 26 
3745 0 16 26 
3694 1 9 26 
3543 1 17 26 
3373 2 18 26 
3087 3 19 26 
3074 0 7 26 
2743 0 11 26 
2593 0 15 26 
2229 1 8 26 
2112 1 10 26 
1826 1 16 26 
1491 2 9 26 
1262 2 17 26 
1244 3 18 26 
1236 4 19 26 
1210 0 0 26 
1174 0 6 26 
897 0 12 26 
789 0 14 26 
668 1 7 26 
144 1 11 26 
4224 1 15 26 
4192 2 8 26 
4190 2 10 26 
4107 2 16 26 
4012 3 9 26 
3959 3 17 26 
3827 4 18 26 
3728 5 19 26 
3715 0 1 26 
3632 0 5 26 
3539 0 13 26 
3416 1 0 26 
3372 1 6 26 
3354 1 12 26 
3224 1 14 26 
2954 2 7 26 
2667 2 11 26 
2194 2 15 26 
1875 3 8 26 
1818 3 10 26 
1805 3 16 26 
1762 4 9 26 
1672 4 17 26 
1402 5 18 26 
1239 6 19 26 
1131 0 2 26 
996 0 4 26 
944 1 1 26 
903 1 5 26 
896 1 13 26 
777 2 0 26 
606 2 6 26 
562 2 12 26 
508 2 14 26 
395 3 7 26 
299 3 11 26 
246 3 15 26 
4197 4 10 26 
4111 4 16 26 
3985 5 17 26 
3818 6 18 26 
3780 7 19 26 
3692 0 3 26 
3577 1 2 26 
3522 1 4 26 
3517 2 1 26 
3452 2 5 26 
3266 2 13 26 
3165 3 0 26 
3156 3 6 26 
2813 3 12 26 
2771 3 14 26 
2752 4 11 26 
2592 4 15 26 
2388 5 10 26 
2353 5 16 26 
2337 6 17 26 
2289 7 18 26 
2172 8 19 26 
2116 1 3 26 
2080 2 2 26 
2042 2 4 26 
2006 3 1 26 
1980 3 5 26 
1168 3 13 26 
906 4 0 26 
884 4 12 26 
822 4 14 26 
740 5 11 26 
710 5 15 26 
463 6 10 26 
396 6 16 26 
278 7 17 26 
167 8 18 26 
4358 9 19 26 
4276 2 3 26 
4065 3 2 26 
4057 3 4 26 
4036 4 1 26 
3926 4 5 26 
3824 4 13 26 
3669 5 0 26 
3646 5 12 26 
3627 5 14 26 
3592 6 11 26 
3519 6 15 26 
3518 7 10 26 
3220 7 16 26 
3184 8 17 26 
2836 9 18 26 
2726 10 19 26 
2657 3 3 26 
2581 4 2 26 
2527 4 4 26 
2427 5 1 26 
2256 5 5 26 
1836 5 13 26 
1829 6 0 26 
1585 6 12 26 
1564 6 14 26 
1523 7 11 26 
1316 7 15 26 
1230 8 10 26 
1115 8 16 26 
1046 9 17 26 
788 10 18 26 
766 11 19 26 
673 4 3 26 
600 5 2 26 
549 5 4 26 
523 6 1 26 
273 6 5 26 
232 6 13 26 
174 7 0 26 
67 7 12 26 
4261 7 14 26 
4005 8 11 26 
3911 8 15 26 
3874 9 10 26 
3770 9 16 26 
3675 10 17 26 
3630 11 18 26 
3082 12 19 26 
3005 5 3 26 
2755 6 2 26 
2729 6 4 26 
2470 7 1 26 
2443 7 5 26 
2359 7 13 26 
2290 8 0 26 
1765 8 12 26 
1759 8 14 26 
1519 9 11 26 
1467 9 15 26 
1388 10 10 26 
938 10 16 26 
916 11 17 26 
840 12 18 26 
481 13 19 26 
475 19 19 26 
361 6 3 26 
77 7 2 26 
4389 7 4 26 
4236 8 1 26 
4104 8 13 26 
4055 9 0 26 
3877 9 12 26 
3509 9 14 26 
3421 10 11 26 
3255 10 15 26 
3166 11 10 26 
2967 11 16 26 
2346 12 17 26 
1948 13 18 26 
1921 14 19 26 
1873 18 19 26 
1804 19 18 26 
1802 4 6 26 
1694 7 3 26 
1609 8 2 26 
1538 9 1 26 
1391 9 13 26 
885 10 0 26 
763 10 12 26 
756 10 14 26 
704 11 11 26 
615 11 15 26 
437 12 16 26 
324 13 17 26 
102 14 18 26 
4368 15 19 26 
4131 17 19 26 
3721 18 18 26 
3181 19 17 26 
3099 4 7 26 
2649 5 6 26 
2038 8 3 26 
1885 9 2 26 
1070 10 1 26 
432 10 13 26 
274 11 0 26 
120 11 12 26 
47 11 14 26 
4338 12 15 26 
4244 13 16 26 
4023 14 17 26 
4006 15 18 26 
4002 16 19 26 
3480 17 18 26 
3008 18 17 26 
2806 19 16 26 
2794 4 8 26 
2725 5 7 26 
2389 5 9 26 
2039 6 6 26 
1851 8 4 26 
1846 9 3 26 
1794 10 2 26 
1760 11 1 26 
1661 11 13 26 
1287 12 0 26 
1121 12 14 26 
964 13 15 26 
729 14 16 26 
635 15 17 26 
411 16 18 26 
325 17 17 26 
320 18 16 26 
191 19 15 26 
111 5 8 26 
59 6 7 26 
4087 6 9 26 
4044 7 6 26 
3908 8 5 26 
3744 9 4 26 
3528 10 3 26 
3378 11 2 26 
3236 12 1 26 
3221 12 13 26 
2440 13 0 26 
2297 13 14 26 
2276 14 15 26 
2058 15 16 26 
1798 16 17 26 
1788 17 16 26 
1746 18 15 26 
1509 19 14 26 
919 6 8 26 
869 7 7 26 
736 7 9 26 
650 8 6 26 
586 9 5 26 
364 10 4 26 
335 11 3 26 
290 12 2 26 
7 12 12 26 
4342 13 1 26 
4333 13 13 26 
4203 14 14 26 
3766 15 15 26 
3634 16 16 26 
3102 17 15 26 
2896 18 14 26 
2867 19 13 26 
2463 7 8 26 
2294 8 7 26 
2094 8 9 26 
1727 9 6 26 
1688 10 5 26 
1649 11 4 26 
1583 12 3 26 
1295 13 2 26 
1157 13 12 26 
1051 14 13 26 
796 15 14 26 
765 16 15 26 
496 17 14 26 
484 18 13 26 
319 19 12 26 
222 8 8 26 
217 9 7 26 
12 9 9 26 
4160 10 6 26 
4151 11 5 26 
3855 12 4 26 
3681 13 3 26 
3294 14 12 26 
3075 15 13 26 
2945 16 14 26 
2866 17 13 26 
2709 18 12 26 
2705 19 11 26 
2413 9 8 26 
2175 10 7 26 
2086 10 9 26 
1986 11 6 26 
1763 12 5 26 
1215 12 11 26 
1048 13 4 26 
616 15 12 26 
610 16 13 26 
455 17 12 26 
379 18 11 26 
98 19 10 26 
4340 10 8 26 
4265 11 7 26 
4232 11 9 26 
3433 12 6 26 
3232 12 10 26 
3053 13 5 26 
3046 13 11 26 
2926 16 12 26 
2744 17 11 26 
2683 18 10 26 
1663 19 9 26 
1516 11 8 26 
1497 12 7 26 
1413 12 9 26 
1404 13 6 26 
1349 13 10 26 
1335 14 5 26 
980 14 11 26 
862 16 11 26 
858 17 10 26 
236 18 9 26 
133 19 8 26 
4 12 8 26 
4336 13 7 26 
4271 13 9 26 
3599 14 6 26 
3385 14 10 26 
3158 15 11 26 
2619 16 10 26 
2341 17 9 26 
2311 18 8 26 
2150 19 7 26 
2037 13 8 26 
1838 14 7 26 
1699 14 9 26 
1568 15 10 26 
1542 16 9 26 
1248 17 8 26 
962 18 7 26 
808 19 6 26 
49 14 8 26 
4037 15 9 26 
3633 16 8 26 
3107 17 7 26 
2834 18 6 26 
2136 19 5 26 
1514 15 8 26 
1130 16 7 26 
820 17 6 26 
517 18 5 26 
342 19 4 26 
311 15 7 26 
39 16 6 26 
4387 17 5 26 
4004 18 4 26 
3754 19 3 26 
3705 15 6 26 
2598 16 5 26 
2416 17 4 26 
2253 18 3 26 
1922 19 2 26 
1714 15 5 26 
922 16 4 26 
844 17 3 26 
63 18 2 26 
4298 19 1 26 
4013 15 4 26 
3983 16 3 26 
3458 17 2 26 
2912 18 1 26 
2588 19 0 26 
2342 14 4 26 
2076 15 3 26 
1756 16 2 26 
1246 17 1 26 
553 18 0 26 
181 14 3 26 
72 15 2 26 
4097 16 1 26 
3658 17 0 26 
3336 14 2 26 
2467 15 1 26 
1994 16 0 26 
1143 14 1 26 
940 15 0 26 
915 14 0 26 
2947 15 1 37 
3960 15 2 38 
26 16 1 37 
2355 15 3 38 
1040 16 2 38 
3035 17 1 38 
3861 16 3 38 
245 17 2 38 
636 18 1 38 
682 16 4 39 
722 17 3 39 
1147 18 2 39 
1184 16 5 39 
1275 17 4 39 
1853 18 3 39 
2450 16 6 40 
2678 17 5 39 
4029 18 4 39 
4088 16 7 40 
211 17 6 40 
251 18 5 40 
794 15 9 40 
1314 16 8 40 
1440 17 7 40 
1815 18 6 40 
1937 13 8 41 
2077 14 9 41 
354 15 10 41 
391 16 9 41 
687 17 8 41 
1245 18 7 41 
2931 12 8 42 
32 13 7 41 
75 13 9 41 
2195 14 10 41 
3148 16 10 41 
3343 17 9 41 
3347 18 8 41 
3615 11 8 42 
3695 12 7 42 
4293 13 6 42 
405 13 10 42 
888 17 10 42 
1357 18 9 42 
2189 10 8 42 
3231 11 7 42 
4119 12 6 42 
1 17 11 42 
272 18 10 42 
750 9 8 43 
800 10 7 43 
1380 11 6 43 
1420 12 5 43 
1655 16 13 43 
1940 17 12 43 
2030 18 11 43 
2360 8 8 44 
3710 9 7 44 
62 10 6 43 
300 11 5 43 
1171 12 4 43 
1270 15 13 43 
1605 16 14 43 
1796 17 13 43 
1987 18 12 43 
2052 7 8 44 
2257 8 7 44 
2402 9 6 44 
2994 10 5 44 
3463 11 4 44 
3807 12 3 44 
3850 14 13 44 
3990 15 14 44 
4409 16 15 44 
752 17 14 44 
943 18 13 44 
1399 6 8 45 
2141 7 7 45 
3213 9 5 45 
3302 11 3 45 
3846 12 2 45 
4062 13 13 44 
4408 0 19 51 
4331 0 18 51 
4026 1 19 51 
3920 0 9 51 
3822 0 17 51 
3668 1 18 51 
3502 2 19 51 
3449 0 8 51 
3295 0 10 51 
3278 0 16 51 
3179 1 9 51 
3123 1 17 51 
3088 2 18 51 
3077 3 19 51 
2715 0 7 51 
2708 0 11 51 
2329 0 15 51 
1866 1 8 51 
1791 1 10 51 
1787 1 16 51 
1732 2 9 51 
1645 2 17 51 
1565 3 18 51 
1563 4 19 51 
1058 0 0 51 
956 0 6 51 
911 0 12 51 
825 0 14 51 
679 1 7 51 
554 1 11 51 
514 1 15 51 
448 2 8 51 
399 2 10 51 
252 2 16 51 
74 3 9 51 
4349 3 17 51 
4346 4 18 51 
4319 5 19 51 
4178 0 1 51 
4145 0 5 51 
4136 0 13 51 
4117 1 0 51 
4081 1 6 51 
3989 1 12 51 
3533 1 14 51 
3520 2 7 51 
3201 2 11 51 
3177 2 15 51 
3167 3 8 51 
3070 3 10 51 
3007 3 16 51 
2933 4 9 51 
2923 4 17 51 
2809 5 18 51 
2792 6 19 51 
2644 0 2 51 
2499 0 4 51 
2414 1 1 51 
2374 1 5 51 
2332 1 13 51 
2301 2 0 51 
2246 2 6 51 
2073 2 12 51 
1999 2 14 51 
1828 3 7 51 
1715 3 11 51 
1396 3 15 51 
776 4 10 51 
441 4 16 51 
374 5 17 51 
312 6 18 51 
146 7 19 51 
64 0 3 51 
4318 1 2 51 
4279 1 4 51 
4269 2 1 51 
4211 2 5 51 
4124 2 13 51 
4008 3 0 51 
3799 3 6 51 
3769 3 12 51 
3727 3 14 51 
3676 4 11 51 
3600 4 15 51 
3106 5 10 51 
2978 5 16 51 
2964 6 17 51 
2523 7 18 51 
2506 8 19 51 
2493 1 3 51 
2469 2 2 51 
2328 2 4 51 
2220 3 1 51 
2057 3 5 51 
1905 3 13 51 
1740 4 0 51 
1622 4 12 51 
1599 4 14 51 
1297 5 11 51 
1181 5 15 51 
1029 6 10 51 
1015 6 16 51 
646 7 17 51 
570 8 18 51 
561 9 19 51 
6 2 3 51 
4263 3 2 51 
3906 3 4 51 
3889 4 1 51 
3775 4 5 51 
3626 4 13 51 
3526 5 0 51 
3307 5 12 51 
2950 5 14 51 
2754 6 11 51 
2605 6 15 51 
2535 7 10 51 
2176 7 16 51 
1976 8 17 51 
1687 9 18 51 
1580 10 19 51 
1484 3 3 51 
1235 4 2 51 
1161 4 4 51 
910 5 1 51 
905 5 5 51 
886 5 13 51 
530 6 0 51 
270 6 12 51 
199 6 14 51 
4405 7 11 51 
4202 7 15 51 
4184 8 10 51 
3991 8 16 51 
3366 9 17 51 
3081 10 18 51 
3048 11 19 51 
2613 4 3 51 
2446 5 2 51 
2439 5 4 51 
2381 6 1 51 
2184 6 5 51 
1430 6 13 51 
1134 7 0 51 
1063 7 12 51 
848 7 14 51 
783 8 11 51 
712 8 15 51 
565 9 10 51 
488 9 16 51 
419 10 17 51 
336 11 18 51 
4289 12 19 51 
4195 5 3 51 
4089 6 2 51 
4084 6 4 51 
3971 7 1 51 
3036 7 5 51 
2675 7 13 51 
2445 8 0 51 
2435 8 12 51 
2308 8 14 51 
2235 9 11 51 
2120 9 15 51 
1745 10 10 51 
1446 10 16 51 
1426 11 17 51 
1309 12 18 51 
1269 13 19 51 
1117 19 19 51 
1109 6 3 51 
624 7 2 51 
265 7 4 51 
250 8 1 51 
124 8 13 51 
4351 9 0 51 
4180 9 12 51 
3979 9 14 51 
3691 10 11 51 
3230 10 15 51 
3073 11 10 51 
2852 11 16 51 
2528 12 17 51 
2366 13 18 51 
2280 14 19 51 
2273 18 19 51 
2241 19 18 51 
2064 4 6 51 
2020 7 3 51 
1935 8 2 51 
1152 9 1 51 
999 9 13 51 
931 10 0 51 
813 10 12 51 
592 10 14 51 
506 11 11 51 
331 11 15 51 
244 12 16 51 
87 13 17 51 
33 14 18 51 
4253 15 19 51 
3949 17 19 51 
3826 18 18 51 
3749 19 17 51 
3672 4 7 51 
3637 5 6 51 
3610 8 3 51 
3500 9 2 51 
3351 10 1 51 
3233 10 13 51 
3203 11 0 51 
2759 11 12 51 
2627 11 14 51 
2606 12 15 51 
2442 13 16 51 
2407 14 17 51 
2362 15 18 51 
2335 16 19 51 
2317 17 18 51 
2316 18 17 51 
2139 19 16 51 
2127 4 8 51 
2091 5 7 51 
1951 5 9 51 
1882 6 6 51 
1673 8 4 51 
1648 9 3 51 
1641 10 2 51 
994 11 1 51 
677 11 13 51 
674 12 0 51 
613 12 14 51 
599 13 15 51 
494 14 16 51 
380 15 17 51 
157 16 18 51 
4317 17 17 51 
4233 18 16 51 
3918 19 15 51 
3455 5 8 51 
3228 6 7 51 
3191 6 9 51 
3129 7 6 51 
3021 8 5 51 
2996 9 4 51 
2887 10 3 51 
2811 11 2 51 
2797 12 1 51 
2697 12 13 51 
2412 13 0 51 
2390 13 14 51 
2159 14 15 51 
2114 15 16 51 
1716 16 17 51 
1597 17 16 51 
1472 18 15 51 
1412 19 14 51 
1397 6 8 51 
1341 7 7 51 
1097 7 9 51 
979 8 6 51 
955 9 5 51 
793 10 4 51 
728 11 3 51 
671 12 2 51 
470 12 12 51 
401 13 1 51 
357 13 13 51 
223 14 14 51 
4033 15 15 51 
4024 16 16 51 
3608 17 15 51 
3554 18 14 51 
3383 19 13 51 
3208 7 8 51 
3065 8 7 51 
3052 8 9 51 
3000 9 6 51 
2815 10 5 51 
2500 11 4 51 
2498 12 3 51 
2061 13 2 51 
1968 13 12 51 
1961 14 13 51 
1926 15 14 51 
1820 16 15 51 
1643 17 14 51 
1628 18 13 51 
1441 19 12 51 
1330 8 8 51 
1231 9 7 51 
792 9 9 51 
759 10 6 51 
552 11 5 51 
4154 12 4 51 
3916 13 3 51 
3896 14 12 51 
3853 15 13 51 
3638 16 14 51 
3486 17 13 51 
3464 18 12 51 
2989 19 11 51 
2984 9 8 51 
2941 10 7 51 
2510 10 9 51 
2434 11 6 51 
2292 12 5 51 
2230 12 11 51 
1925 13 4 51 
1865 15 12 51 
1685 16 13 51 
1644 17 12 51 
1572 18 11 51 
876 19 10 51 
3215 10 8 51 
2556 11 7 51 
2227 11 9 51 
2203 12 6 51 
1972 12 10 51 
1927 13 5 51 
1639 13 11 51 
1611 16 12 51 
1486 17 11 51 
1327 18 10 51 
965 19 9 51 
824 11 8 51 
519 12 7 51 
410 12 9 51 
296 13 6 51 
73 13 10 51 
4295 14 5 51 
4007 14 11 51 
4003 16 11 51 
3806 17 10 51 
3440 18 9 51 
3180 19 8 51 
3105 12 8 51 
2861 13 7 51 
2807 13 9 51 
2728 14 6 51 
2382 14 10 51 
2079 15 11 51 
1992 16 10 51 
1897 17 9 51 
1266 18 8 51 
1207 19 7 51 
1205 13 8 51 
1125 14 7 51 
1055 14 9 51 
986 15 10 51 
976 16 9 51 
442 17 8 51 
340 18 7 51 
275 19 6 51 
260 14 8 51 
235 15 9 51 
4374 16 8 51 
3933 17 7 51 
3901 18 6 51 
3870 19 5 51 
3747 15 8 51 
3476 16 7 51 
2838 17 6 51 
2645 18 5 51 
2632 19 4 51 
2117 15 7 51 
1312 16 6 51 
1252 17 5 51 
957 18 4 51 
4130 19 3 51 
3982 15 6 51 
3771 16 5 51 
3284 17 4 51 
1913 18 3 51 
1824 19 2 51 
1670 15 5 51 
1652 16 4 51 
1474 17 3 51 
1173 18 2 51 
1067 19 1 51 
868 15 4 51 
434 16 3 51 
172 17 2 51 
4187 18 1 51 
3364 19 0 51 
2634 14 4 51 
2391 15 3 51 
2156 16 2 51 
1353 17 1 51 
948 18 0 51 
145 14 3 51 
3011 15 2 51 
2772 16 1 51 
2739 17 0 51 
2178 14 2 51 
2130 15 1 51 
1698 16 0 51 
1684 14 1 51 
2625 15 0 51 
1594 14 0 51 
329 15 1 62 
131 15 2 62 
927 16 1 62 
1100 15 3 63 
2268 16 2 63 
2550 17 1 63 
1226 16 3 64 
1659 17 2 64 
2198 18 1 63 
4396 16 4 64 
849 17 3 64 
902 18 2 64 
921 16 5 64 
1385 17 4 64 
2894 18 3 64 
3683 16 6 65 
4170 17 5 65 
83 18 4 65 
389 16 7 65 
655 17 6 65 
1136 18 5 65 
1186 15 9 66 
1285 16 8 65 
3162 17 7 65 
4222 18 6 65 
486 13 8 66 
881 14 9 66 
1351 15 10 66 
1810 16 9 66 
2960 17 8 66 
3686 18 7 66 
4366 12 8 66 
152 13 7 66 
243 13 9 66 
353 14 10 66 
933 16 10 66 
1025 17 9 66 
3885 18 8 66 
1615 11 8 67 
2217 12 7 67 
2881 13 6 67 
3247 13 10 67 
3439 17 10 66 
3805 18 9 66 
4070 10 8 67 
4404 11 7 67 
382 12 6 67 
412 17 11 67 
531 18 10 67 
866 9 8 68 
1930 10 7 68 
2404 11 6 68 
2672 12 5 68 
3067 16 13 68 
326 17 12 68 
550 18 11 68 
850 8 8 69 
1149 9 7 69 
1425 10 6 69 
1529 11 5 69 
1676 12 4 68 
1678 15 13 68 
2231 16 14 68 
2870 17 13 68 
2966 18 12 68 
3032 7 8 69 
3467 8 7 69 
3796 9 6 69 
4125 10 5 69 
4214 11 4 69 
462 12 3 69 
932 14 13 69 
1669 15 14 69 
2109 16 15 69 
2455 17 14 69 
2601 18 13 69 
3138 6 8 70 
3900 7 7 70 
4019 9 5 70 
4386 0 19 76 
4240 0 18 76 
4201 1 19 76 
3887 0 9 76 
3810 0 17 76 
3785 1 18 76 
3761 2 19 76 
3679 0 8 76 
3653 0 10 76 
3606 0 16 76 
3259 1 9 76 
3040 1 17 76 
3006 2 18 76 
2998 3 19 76 
2969 0 7 76 
2914 0 11 76 
2903 0 15 76 
2885 1 8 76 
2690 1 10 76 
2595 1 16 76 
2559 2 9 76 
2474 2 17 76 
2372 3 18 76 
2356 4 19 76 
2238 0 0 76 
2228 0 6 76 
2031 0 12 76 
1957 0 14 76 
1947 1 7 76 
1890 1 11 76 
1780 1 15 76 
1728 2 8 76 
1690 2 10 76 
1671 2 16 76 
1546 3 9 76 
1378 3 17 76 
1310 4 18 76 
1208 5 19 76 
1170 0 1 76 
1114 0 5 76 
1107 0 13 76 
1032 1 0 76 
883 1 6 76 
837 1 12 76 
753 1 14 76 
653 2 7 76 
467 2 11 76 
177 2 15 76 
123 3 8 76 
112 3 10 76 
4348 3 16 76 
4221 4 9 76 
4143 4 17 76 
4066 5 18 76 
4043 6 19 76 
3976 0 2 76 
3778 0 4 76 
3601 1 1 76 
3485 1 5 76 
3423 1 13 76 
3207 2 0 76 
3003 2 6 76 
2831 2 12 76 
2765 2 14 76 
2432 3 7 76 
2299 3 11 76 
2072 3 15 76 
1623 4 10 76 
1571 4 16 76 
1490 5 17 76 
1137 6 18 76 
1081 7 19 76 
963 0 3 76 
786 1 2 76 
658 1 4 76 
507 2 1 76 
433 2 5 76 
289 2 13 76 
282 3 0 76 
229 3 6 76 
27 3 12 76 
4327 3 14 76 
4251 4 11 76 
4122 4 15 76 
3735 5 10 76 
3429 5 16 76 
3387 6 17 76 
3281 7 18 76 
3252 8 19 76 
3121 1 3 76 
3096 2 2 76 
2889 2 4 76 
2272 3 1 76 
2010 3 5 76 
1924 3 13 76 
1902 4 0 76 
1771 4 12 76 
1503 4 14 76 
1488 5 11 76 
1165 5 15 76 
967 6 10 76 
929 6 16 76 
841 7 17 76 
714 8 18 76 
293 9 19 76 
4300 2 3 76 
3868 3 2 76 
3830 3 4 76 
3752 4 1 76 
3645 4 5 76 
3490 4 13 76 
3453 5 0 76 
3441 5 12 76 
3333 5 14 76 
3190 6 11 76 
3161 6 15 76 
3085 7 10 76 
3078 7 16 76 
2876 8 17 76 
2865 9 18 76 
2832 10 19 76 
2786 3 3 76 
2658 4 2 76 
2351 4 4 76 
2247 5 1 76 
2108 5 5 76 
1816 5 13 76 
1733 6 0 76 
1606 6 12 76 
1515 6 14 76 
1480 7 11 76 
1407 7 15 76 
1382 8 10 76 
1214 8 16 76 
535 9 17 76 
318 10 18 76 
4220 11 19 76 
4121 4 3 76 
4025 5 2 76 
4018 5 4 76 
3987 6 1 76 
3957 6 5 76 
3945 6 13 76 
3825 7 0 76 
3708 7 12 76 
3631 7 14 76 
3595 8 11 76 
3187 8 15 76 
2851 9 10 76 
2778 9 16 76 
2628 10 17 76 
2580 11 18 76 
2541 12 19 76 
2489 5 3 76 
2406 6 2 76 
2403 6 4 76 
2330 7 1 76 
2215 7 5 76 
2185 7 13 76 
2107 8 0 76 
1858 8 12 76 
1795 8 14 76 
1471 9 11 76 
1438 9 15 76 
1421 10 10 76 
771 10 16 76 
764 11 17 76 
733 12 18 76 
595 13 19 76 
468 19 19 76 
4140 6 3 76 
4120 7 2 76 
4032 7 4 76 
3466 8 1 76 
3450 8 13 76 
3269 9 0 76 
2679 9 12 76 
2395 9 14 76 
2165 10 11 76 
2144 10 15 76 
1971 11 10 76 
1912 11 16 76 
1693 12 17 76 
1607 13 18 76 
1532 14 19 76 
1500 18 19 76 
1498 19 18 76 
1456 4 6 76 
1405 7 3 76 
1336 8 2 76 
1201 9 1 76 
1044 9 13 76 
657 10 0 76 
588 10 12 76 
420 10 14 76 
239 11 11 76 
227 11 15 76 
4401 12 16 76 
4308 13 17 76 
4267 14 18 76 
4168 15 19 76 
3831 17 19 76 
3624 18 18 76 
3598 19 17 76 
3570 4 7 76 
3568 5 6 76 
3290 8 3 76 
3214 9 2 76 
3145 10 1 76 
2915 10 13 76 
2883 11 0 76 
2684 11 12 76 
2497 11 14 76 
2261 12 15 76 
2199 13 16 76 
2003 14 17 76 
1710 15 18 76 
1705 16 19 76 
1665 17 18 76 
1554 18 17 76 
1442 19 16 76 
1429 4 8 76 
1307 5 7 76 
1106 5 9 76 
989 6 6 76 
797 8 4 76 
695 9 3 76 
457 10 2 76 
332 11 1 76 
287 11 13 76 
238 12 0 76 
135 12 14 76 
4392 13 15 76 
4324 14 16 76 
4309 15 17 76 
4249 16 18 76 
4217 17 17 76 
3765 18 16 76 
3723 19 15 76 
3605 5 8 76 
3535 6 7 76 
3375 6 9 76 
3188 7 6 76 
3050 8 5 76 
2973 9 4 76 
2730 10 3 76 
1786 11 2 76 
1766 12 1 76 
1704 12 13 76 
1080 13 0 76 
1021 13 14 76 
954 14 15 76 
918 15 16 76 
899 16 17 76 
528 17 16 76 
367 18 15 76 
4290 19 14 76 
4171 6 8 76 
4165 7 7 76 
3880 7 9 76 
3656 8 6 76 
3472 9 5 76 
3408 10 4 76 
2992 11 3 76 
2957 12 2 76 
2913 12 12 76 
2768 13 1 76 
2591 13 13 76 
2476 14 14 76 
2249 15 15 76 
2043 16 16 76 
1502 17 15 76 
1458 18 14 76 
1383 19 13 76 
1071 7 8 76 
852 8 7 76 
368 8 9 76 
285 9 6 76 
4176 10 5 76 
3803 11 4 76 
3777 12 3 76 
3726 13 2 76 
3699 13 12 76 
3420 14 13 76 
3357 15 14 76 
3272 16 15 76 
3098 17 14 76 
3056 18 13 76 
2825 19 12 76 
2756 8 8 76 
2409 9 7 76 
2343 9 9 76 
1801 10 6 76 
1590 11 5 76 
1510 12 4 76 
1414 13 3 76 
1218 14 12 76 
977 15 13 76 
694 16 14 76 
585 17 13 76 
493 18 12 76 
459 19 11 76 
386 9 8 76 
381 10 7 76 
3743 10 9 76 
3229 11 6 76 
2639 12 5 76 
2457 12 11 76 
1793 13 4 76 
1569 15 12 76 
1531 16 13 76 
1331 17 12 76 
1057 18 11 76 
1003 19 10 76 
656 10 8 76 
99 11 7 76 
71 11 9 76 
4256 12 6 76 
3986 12 10 76 
3684 13 5 76 
3427 13 11 76 
3227 16 12 76 
3114 17 11 76 
2784 18 10 76 
2629 19 9 76 
2569 11 8 76 
2564 12 7 76 
2524 12 9 76 
2430 13 6 76 
1785 13 10 76 
1574 14 5 76 
1566 14 11 76 
707 16 11 76 
430 17 10 76 
100 18 9 76 
4133 19 8 76 
4064 12 8 76 
4046 13 7 76 
3935 13 9 76 
3837 14 6 76 
3051 14 10 76 
2662 15 11 76 
2655 16 10 76 
2115 17 9 76 
1477 18 8 76 
1138 19 7 76 
732 13 8 76 
721 14 7 76 
598 14 9 76 
303 15 10 76 
136 16 9 76 
4388 17 8 76 
3612 18 7 76 
3380 19 6 76 
3303 14 8 76 
3267 15 9 76 
2686 16 8 76 
2262 17 7 76 
2142 18 6 76 
1808 19 5 76 
1481 15 8 76 
1038 16 7 76 
666 17 6 76 
165 18 5 76 
85 19 4 76 
43 15 7 76 
4359 16 6 76 
3390 17 5 76 
2810 18 4 76 
2478 19 3 76 
2284 15 6 76 
2245 16 5 76 
2014 17 4 76 
863 18 3 76 
465 19 2 76 
417 15 5 76 
4156 16 4 76 
3442 17 3 76 
3382 18 2 76 
2696 19 1 76 
2585 15 4 76 
2270 16 3 76 
2255 17 2 76 
2242 18 1 76 
1995 19 0 76 
1847 14 4 76 
1401 15 3 76 
1018 16 2 76 
267 17 1 76 
4075 18 0 76 
3984 14 3 76 
3790 15 2 76 
2854 16 1 76 
1243 17 0 76 
45 14 2 76 
4385 15 1 76 
4380 16 0 76 
3457 14 1 76 
3293 15 0 76 
2180 14 0 76 
2549 15 1 86 
163 15 2 87 
3435 16 1 87 
1906 15 3 88 
577 16 2 88 
3943 17 1 88 
4286 16 3 88 
3128 17 2 88 
3678 18 1 88 
3704 16 4 88 
4369 17 3 88 
79 18 2 88 
1052 16 5 89 
1439 17 4 89 
1701 18 3 89 
1923 16 6 89 
2393 17 5 89 
2554 18 4 89 
3066 16 7 90 
323 17 6 90 
473 18 5 90 
1008 15 9 90 
1346 16 8 90 
1614 17 7 90 
2286 18 6 90 
2444 13 8 91 
3097 14 9 91 
161 15 10 91 
310 16 9 91 
464 17 8 90 
1894 18 7 90 
3802 12 8 91 
4113 13 7 91 
1963 13 9 91 
2423 14 10 91 
2706 16 10 91 
2850 17 9 91 
3909 18 8 91 
4205 11 8 92 
280 12 7 92 
622 13 6 92 
726 13 10 92 
1041 17 10 92 
1253 18 9 92 
2431 10 8 93 
2484 11 7 93 
2641 12 6 92 
149 17 11 92 
649 18 10 92 
1192 9 8 94 
2192 10 7 94 
2623 11 6 93 
2791 12 5 93 
2827 16 13 93 
2891 17 12 93 
3116 18 11 93 
3368 8 8 94 
3542 9 7 94 
4208 10 6 94 
4320 11 5 94 
1049 12 4 94 
1757 15 13 94 
1857 16 14 94 
2055 17 13 94 
2149 18 12 94 
2513 7 8 95 
4058 8 7 95 
291 9 6 95 
376 10 5 94 
555 11 4 94 
1043 12 3 94 
1088 14 13 94 
1315 15 14 94 
2193 16 15 94 
2481 17 14 94 
2646 18 13 94 
2800 6 8 95 
3014 7 7 95 
3076 9 5 95 
3319 11 3 95 
3369 12 2 95 
3574 13 13 95 
4059 14 14 95 
