1950
3300 0 19 1 
3277 0 18 1 
3154 1 19 1 
3123 0 17 1 
2867 1 18 1 
2772 2 19 1 
2021 0 16 1 
1863 1 17 1 
1798 2 18 1 
1719 3 19 1 
1516 19 19 1 
1433 0 13 1 
1394 0 15 1 
1380 1 16 1 
1368 2 17 1 
1247 3 18 1 
1159 4 19 1 
1148 18 19 1 
1147 19 18 1 
969 0 14 1 
960 1 13 1 
791 1 15 1 
780 2 16 1 
596 3 17 1 
532 4 18 1 
473 5 19 1 
257 17 19 1 
144 18 18 1 
135 19 17 1 
117 1 14 1 
3620 2 13 1 
3611 2 15 1 
3481 3 16 1 
3257 4 17 1 
3217 5 18 1 
3216 6 19 1 
3169 16 19 1 
3138 17 18 1 
2963 18 17 1 
2752 19 16 1 
2713 0 12 1 
2703 2 14 1 
2563 3 13 1 
2119 3 15 1 
2067 4 16 1 
2049 5 17 1 
1849 6 18 1 
1826 7 19 1 
1783 15 19 1 
1722 16 18 1 
1662 17 17 1 
1590 18 16 1 
1387 19 15 1 
1378 0 11 1 
1333 1 12 1 
1207 3 14 1 
1045 4 13 1 
850 4 15 1 
778 5 16 1 
496 6 17 1 
353 7 18 1 
333 8 19 1 
3719 14 19 1 
3173 15 18 1 
3125 16 17 1 
3107 17 16 1 
3069 18 15 1 
3008 19 14 1 
2887 0 10 1 
2838 1 11 1 
2786 2 12 1 
2734 4 14 1 
2614 5 13 1 
2592 5 15 1 
2497 6 16 1 
2450 7 17 1 
2367 8 18 1 
2296 9 19 1 
2198 13 19 1 
2177 14 18 1 
2052 15 17 1 
1898 16 16 1 
1696 17 15 1 
1483 18 14 1 
1404 19 13 1 
1293 0 7 1 
1155 0 9 1 
878 1 10 1 
505 2 11 1 
3519 3 12 1 
3475 5 14 1 
3390 6 13 1 
3368 6 15 1 
3283 7 16 1 
3273 8 17 1 
3230 9 18 1 
3114 10 19 1 
3103 12 19 1 
3038 13 18 1 
2833 14 17 1 
2650 15 16 1 
2532 16 15 1 
2092 17 14 1 
1962 18 13 1 
1689 19 12 1 
1463 0 8 1 
1391 1 7 1 
1370 1 9 1 
1215 2 10 1 
941 3 11 1 
845 4 12 1 
773 6 14 1 
772 7 13 1 
592 7 15 1 
575 8 16 1 
336 9 17 1 
321 10 18 1 
255 11 19 1 
246 12 18 1 
77 13 17 1 
3676 14 16 1 
3572 15 15 1 
3554 16 14 1 
3485 17 13 1 
3448 18 12 1 
3001 19 11 1 
2999 1 8 1 
2903 2 7 1 
2732 2 9 1 
2681 3 10 1 
2633 4 11 1 
2113 5 12 1 
2108 7 14 1 
1423 8 13 1 
1121 8 15 1 
1119 9 16 1 
1108 10 17 1 
947 11 18 1 
900 12 17 1 
766 13 16 1 
616 14 15 1 
535 15 14 1 
118 16 13 1 
40 17 12 1 
1 18 11 1 
3704 19 0 1 
3654 19 10 1 
3442 2 8 1 
3413 3 7 1 
3034 3 9 1 
2976 4 10 1 
2962 5 11 1 
2896 6 12 1 
2708 8 14 1 
2324 9 13 1 
2317 9 15 1 
2299 10 16 1 
2220 11 17 1 
2140 12 16 1 
1593 13 15 1 
1502 14 14 1 
1202 15 13 1 
997 16 12 1 
833 17 11 1 
478 18 0 1 
460 18 10 1 
398 19 1 1 
121 19 9 1 
3603 3 8 1 
3334 4 7 1 
3302 4 9 1 
3288 5 10 1 
3026 6 11 1 
2974 7 12 1 
2942 9 14 1 
2466 10 15 1 
2290 11 16 1 
2269 12 15 1 
2214 13 14 1 
2201 14 13 1 
2105 15 12 1 
1939 16 11 1 
1937 17 0 1 
1893 17 10 1 
1842 18 1 1 
1772 18 9 1 
1591 19 2 1 
1081 19 8 1 
996 4 8 1 
884 5 7 1 
753 5 9 1 
750 6 10 1 
735 7 11 1 
713 8 12 1 
705 10 14 1 
664 11 15 1 
546 12 14 1 
503 13 13 1 
466 14 12 1 
458 15 11 1 
447 16 0 1 
273 16 10 1 
254 17 1 1 
98 17 9 1 
3680 18 2 1 
3496 18 8 1 
3464 19 3 1 
3421 19 7 1 
3364 5 8 1 
3314 6 7 1 
3304 6 9 1 
3198 7 10 1 
3119 8 11 1 
2834 9 12 1 
2768 10 13 1 
2722 11 14 1 
2578 12 13 1 
2479 13 12 1 
2453 14 11 1 
2352 15 0 1 
2002 15 10 1 
1746 16 1 1 
1636 16 9 1 
1511 17 2 1 
1446 17 8 1 
1341 18 3 1 
1335 18 7 1 
1305 19 4 1 
909 19 6 1 
654 0 6 1 
288 6 8 1 
134 7 7 1 
76 7 9 1 
5 8 10 1 
3606 9 11 1 
3583 10 12 1 
3432 11 13 1 
3425 12 12 1 
3201 13 11 1 
3090 14 0 1 
3072 14 10 1 
2765 15 1 1 
2701 15 9 1 
2403 16 2 1 
2309 16 8 1 
2262 17 3 1 
2236 17 7 1 
2116 18 4 1 
1943 18 6 1 
1920 19 5 1 
1793 0 5 1 
1709 1 6 1 
1649 7 8 1 
1606 8 7 1 
1085 8 9 1 
961 9 10 1 
712 10 11 1 
645 11 12 1 
283 12 11 1 
215 13 10 1 
58 14 1 1 
3595 14 9 1 
3492 15 2 1 
3350 15 8 1 
3165 16 3 1 
3147 16 7 1 
3144 17 4 1 
3089 17 6 1 
3075 18 5 1 
3039 0 4 1 
2811 1 5 1 
2626 2 6 1 
2564 8 8 1 
2490 9 7 1 
1896 9 9 1 
1659 10 10 1 
1587 11 11 1 
1449 12 10 1 
1326 13 9 1 
839 14 2 1 
651 14 8 1 
500 15 3 1 
407 15 7 1 
386 16 4 1 
47 16 6 1 
36 17 5 1 
3577 0 3 1 
3393 1 4 1 
3311 2 5 1 
3140 3 6 1 
3078 9 8 1 
2205 10 7 1 
1629 10 9 1 
1584 11 10 1 
1440 12 9 1 
1322 13 8 1 
1300 14 3 1 
1296 14 7 1 
1285 15 4 1 
1254 15 6 1 
1101 16 5 1 
870 0 2 1 
509 1 3 1 
428 2 4 1 
226 3 5 1 
3653 4 6 1 
3565 10 8 1 
3422 11 9 1 
3402 12 8 1 
3333 13 7 1 
2885 14 4 1 
2673 14 6 1 
2600 15 5 1 
2575 0 1 1 
2527 1 2 1 
1988 2 3 1 
1654 3 4 1 
1478 4 5 1 
1418 5 6 1 
1414 11 8 1 
1407 12 7 1 
1288 13 6 1 
621 14 5 1 
247 0 0 1 
132 1 1 1 
2875 2 2 1 
2630 3 3 1 
2501 4 4 1 
2054 5 5 1 
2001 6 6 1 
1845 11 7 1 
1754 12 6 1 
1403 13 5 1 
1272 1 0 1 
1271 2 1 1 
1270 3 2 1 
1244 4 3 1 
1210 5 4 1 
1188 6 5 1 
719 7 6 1 
471 11 6 1 
258 12 5 1 
252 13 4 1 
156 2 0 1 
3643 3 1 1 
3416 4 2 1 
3363 5 3 1 
3040 6 4 1 
2893 7 5 1 
2428 8 6 1 
2166 10 6 1 
2084 11 5 1 
1949 12 4 1 
1867 13 3 1 
1823 3 0 1 
1760 4 1 1 
1416 5 2 1 
1384 6 3 1 
1309 7 4 1 
204 8 5 1 
3244 9 6 1 
3212 10 5 1 
2376 11 4 1 
2327 12 3 1 
1952 13 2 1 
1909 4 0 1 
1792 5 1 1 
1734 6 2 1 
1461 7 3 1 
1444 8 4 1 
1105 9 5 1 
859 10 4 1 
699 11 3 1 
587 12 2 1 
195 13 1 1 
3552 5 0 1 
3162 6 1 1 
3128 7 2 1 
2897 8 3 1 
1330 9 4 1 
1197 10 3 1 
777 11 2 1 
605 12 1 1 
414 13 0 1 
107 6 0 1 
3712 7 1 1 
3502 8 2 1 
3160 9 3 1 
2643 10 2 1 
2237 11 1 1 
1714 12 0 1 
1282 7 0 1 
1177 8 1 1 
3340 9 2 1 
2221 10 1 1 
2037 11 0 1 
1710 8 0 1 
574 9 1 1 
294 10 0 1 
2356 9 0 1 
1472 9 1 11 
1381 8 1 12 
3081 9 2 11 
1190 10 1 11 
887 7 1 12 
1062 8 2 12 
1731 9 3 12 
1925 10 2 12 
2047 11 1 12 
2569 6 1 13 
2700 7 2 13 
165 8 3 13 
2344 9 4 13 
3135 10 3 13 
3194 11 2 13 
3335 12 1 13 
1023 5 1 14 
2029 6 2 14 
2730 7 3 14 
1230 8 4 14 
1601 9 5 14 
1814 10 4 14 
2036 11 3 14 
2354 12 2 14 
2829 4 1 15 
1347 5 2 15 
3157 6 3 15 
3161 7 4 15 
3197 8 5 15 
3209 10 5 14 
3530 11 4 14 
22 12 3 14 
433 3 1 15 
682 4 2 15 
882 5 3 15 
980 6 4 15 
1224 7 5 15 
2226 11 5 15 
2231 12 4 15 
2601 2 1 16 
3568 3 2 16 
163 4 3 16 
442 5 4 16 
917 6 5 16 
1366 12 5 16 
2188 1 1 17 
2477 2 2 16 
2480 3 3 16 
2697 4 4 16 
3506 5 5 16 
13 12 6 16 
224 1 2 17 
463 2 3 17 
1485 3 4 17 
1548 4 5 17 
2228 12 7 17 
2415 13 6 17 
2934 1 3 18 
211 2 4 18 
462 3 5 18 
784 11 9 17 
1289 12 8 17 
1388 13 7 17 
2034 14 6 17 
2109 15 5 17 
2242 1 4 18 
2857 2 5 18 
2954 9 8 18 
3053 10 9 18 
3268 11 10 18 
3627 12 9 18 
3688 13 8 18 
495 14 7 18 
932 15 4 18 
2761 15 6 18 
3296 16 5 18 
3455 1 5 19 
3618 8 8 19 
3504 0 19 26 
3440 0 18 26 
3316 1 19 26 
3155 0 17 26 
2947 1 18 26 
2785 2 19 26 
2784 0 16 26 
2721 1 17 26 
2666 2 18 26 
2623 3 19 26 
2516 19 19 26 
2515 0 13 26 
2441 0 15 26 
2363 1 16 26 
2280 2 17 26 
2207 3 18 26 
2148 4 19 26 
2144 18 19 26 
2122 19 18 26 
1611 0 14 26 
1501 1 13 26 
1459 1 15 26 
1398 2 16 26 
1028 3 17 26 
1004 4 18 26 
989 5 19 26 
874 17 19 26 
801 18 18 26 
668 19 17 26 
459 1 14 26 
405 2 13 26 
27 2 15 26 
14 3 16 26 
3609 4 17 26 
3578 5 18 26 
3559 6 19 26 
3468 16 19 26 
3041 17 18 26 
2918 18 17 26 
2639 19 16 26 
2498 0 12 26 
2333 2 14 26 
2306 3 13 26 
2137 3 15 26 
2110 4 16 26 
2088 5 17 26 
2050 6 18 26 
1876 7 19 26 
1747 15 19 26 
1730 16 18 26 
1678 17 17 26 
1620 18 16 26 
1604 19 15 26 
1010 0 11 26 
979 1 12 26 
933 3 14 26 
840 4 13 26 
802 4 15 26 
749 5 16 26 
536 6 17 26 
515 7 18 26 
182 8 19 26 
138 14 19 26 
24 15 18 26 
3438 16 17 26 
3428 17 16 26 
3228 18 15 26 
3207 19 14 26 
3029 0 10 26 
2798 1 11 26 
2418 2 12 26 
2332 4 14 26 
2319 5 13 26 
2078 5 15 26 
1913 6 16 26 
1887 7 17 26 
1691 8 18 26 
1551 9 19 26 
1324 13 19 26 
1201 14 18 26 
1051 15 17 26 
985 16 16 26 
690 17 15 26 
671 18 14 26 
619 19 13 26 
595 0 7 26 
551 0 9 26 
548 1 10 26 
542 2 11 26 
520 3 12 26 
454 5 14 26 
352 6 13 26 
250 6 15 26 
210 7 16 26 
7 8 17 26 
3709 9 18 26 
3682 10 19 26 
3344 12 19 26 
3159 13 18 26 
3149 14 17 26 
3051 15 16 26 
2972 16 15 26 
2959 17 14 26 
2874 18 13 26 
2865 19 12 26 
2778 0 8 26 
2685 1 7 26 
2616 1 9 26 
2603 2 10 26 
2540 3 11 26 
2433 4 12 26 
2123 6 14 26 
2077 7 13 26 
2013 7 15 26 
2006 8 16 26 
1966 9 17 26 
1900 10 18 26 
1781 11 19 26 
1660 12 18 26 
1279 13 17 26 
734 14 16 26 
497 15 15 26 
3651 16 14 26 
3570 17 13 26 
3536 18 12 26 
3501 19 11 26 
3489 1 8 26 
3323 2 7 26 
3176 2 9 26 
3122 3 10 26 
3111 4 11 26 
2989 5 12 26 
2968 7 14 26 
2930 8 13 26 
2906 8 15 26 
2830 9 16 26 
2763 10 17 26 
2548 11 18 26 
2348 12 17 26 
2301 13 16 26 
2258 14 15 26 
2156 15 14 26 
2139 16 13 26 
2132 17 12 26 
2131 18 11 26 
2097 19 0 26 
2069 19 10 26 
2044 2 8 26 
2026 3 7 26 
1982 3 9 26 
1974 4 10 26 
1945 5 11 26 
1911 6 12 26 
1653 8 14 26 
1632 9 13 26 
1616 9 15 26 
1607 10 16 26 
1568 11 17 26 
1466 12 16 26 
1367 13 15 26 
1245 14 14 26 
1209 15 13 26 
1203 16 12 26 
1098 17 11 26 
953 18 0 26 
920 18 10 26 
591 19 1 26 
519 19 9 26 
3590 3 8 26 
3491 4 7 26 
3439 4 9 26 
3380 5 10 26 
3179 6 11 26 
3110 7 12 26 
3028 9 14 26 
3006 10 15 26 
2958 11 16 26 
2936 12 15 26 
2687 13 14 26 
2653 14 13 26 
2395 15 12 26 
2380 16 11 26 
2224 17 0 26 
1989 17 10 26 
1924 18 1 26 
1180 18 9 26 
1015 19 2 26 
885 19 8 26 
799 4 8 26 
771 5 7 26 
728 5 9 26 
609 6 10 26 
469 7 11 26 
3398 8 12 26 
3315 10 14 26 
2818 11 15 26 
2727 12 14 26 
2495 13 13 26 
2470 14 12 26 
2463 15 11 26 
2429 16 0 26 
2364 16 10 26 
2335 17 1 26 
2312 17 9 26 
2238 18 2 26 
2182 18 8 26 
2178 19 3 26 
1681 19 7 26 
1628 5 8 26 
1475 6 7 26 
1243 6 9 26 
1150 7 10 26 
1126 8 11 26 
922 9 12 26 
736 10 13 26 
618 11 14 26 
404 12 13 26 
170 13 12 26 
3663 14 11 26 
3524 15 0 26 
3385 15 10 26 
3343 16 1 26 
3290 16 9 26 
2839 17 2 26 
2617 17 8 26 
1775 18 3 26 
1667 18 7 26 
1534 19 4 26 
1141 19 6 26 
1088 0 6 26 
881 6 8 26 
832 7 7 26 
718 7 9 26 
687 8 10 26 
271 9 11 26 
3726 10 12 26 
3722 11 13 26 
3698 12 12 26 
3550 13 11 26 
2948 14 0 26 
2945 14 10 26 
2908 15 1 26 
2904 15 9 26 
2715 16 2 26 
2705 16 8 26 
2451 17 3 26 
2421 17 7 26 
2414 18 4 26 
2389 18 6 26 
1803 19 5 26 
1646 0 5 26 
1249 1 6 26 
1214 7 8 26 
1170 8 7 26 
757 8 9 26 
720 9 10 26 
655 10 11 26 
642 11 12 26 
603 12 11 26 
573 13 10 26 
528 14 1 26 
3608 14 9 26 
3231 15 2 26 
3011 15 8 26 
2880 16 3 26 
2744 16 7 26 
2711 17 4 26 
2546 17 6 26 
2206 18 5 26 
1763 0 4 26 
1575 1 5 26 
1115 2 6 26 
911 8 8 26 
816 9 7 26 
566 9 9 26 
448 10 10 26 
322 11 11 26 
320 12 10 26 
300 13 9 26 
42 14 2 26 
3507 14 8 26 
3203 15 3 26 
3174 15 7 26 
3153 16 4 26 
2637 16 6 26 
2459 17 5 26 
2406 0 3 26 
2339 1 4 26 
2235 2 5 26 
1902 3 6 26 
1890 9 8 26 
1816 10 7 26 
1738 10 9 26 
1652 11 10 26 
1543 12 9 26 
1411 13 8 26 
1382 14 3 26 
1183 14 7 26 
1071 15 4 26 
910 15 6 26 
861 16 5 26 
844 0 2 26 
301 1 3 26 
203 2 4 26 
3591 3 5 26 
2691 4 6 26 
2483 10 8 26 
2349 11 9 26 
2032 12 8 26 
1515 13 7 26 
1480 14 4 26 
1315 14 6 26 
1233 15 5 26 
1074 0 1 26 
1021 1 2 26 
797 2 3 26 
624 3 4 26 
506 4 5 26 
485 5 6 26 
396 11 8 26 
155 12 7 26 
122 13 6 26 
83 14 5 26 
81 0 0 26 
3569 1 1 26 
3566 2 2 26 
3482 3 3 26 
3310 4 4 26 
3242 5 5 26 
3235 6 6 26 
2728 11 7 26 
2514 12 6 26 
2263 13 5 26 
2211 1 0 26 
2072 2 1 26 
1933 3 2 26 
1858 4 3 26 
1831 5 4 26 
1698 6 5 26 
1437 7 6 26 
1142 11 6 26 
1007 12 5 26 
962 13 4 26 
927 2 0 26 
788 3 1 26 
577 4 2 26 
385 5 3 26 
3575 6 4 26 
3484 7 5 26 
3435 8 6 26 
3099 10 6 26 
2525 11 5 26 
2492 12 4 26 
2175 13 3 26 
2130 3 0 26 
1530 4 1 26 
1128 5 2 26 
648 6 3 26 
214 7 4 26 
51 8 5 26 
3692 9 6 26 
3297 10 5 26 
3014 11 4 26 
2692 12 3 26 
2658 13 2 26 
2234 4 0 26 
2000 5 1 26 
1868 6 2 26 
1353 7 3 26 
1286 8 4 26 
666 9 5 26 
3342 10 4 26 
3121 11 3 26 
3060 12 2 26 
2793 13 1 26 
2674 5 0 26 
2665 6 1 26 
2083 7 2 26 
1978 8 3 26 
1917 9 4 26 
1292 10 3 26 
888 11 2 26 
688 12 1 26 
137 13 0 26 
3281 6 0 26 
2863 7 1 26 
2771 8 2 26 
2151 9 3 26 
2012 10 2 26 
1742 11 1 26 
661 12 0 26 
639 7 0 26 
3191 8 1 26 
2168 9 2 26 
2020 10 1 26 
3640 11 0 26 
3460 8 0 26 
3424 9 1 26 
2438 10 0 26 
2080 9 0 26 
824 9 1 35 
453 8 1 36 
3032 9 2 36 
1136 10 1 36 
1546 7 1 37 
3192 8 2 37 
1905 9 3 37 
85 10 2 37 
607 11 1 37 
901 6 1 38 
3539 7 2 38 
430 8 3 38 
810 9 4 38 
880 10 3 38 
2343 11 2 38 
2489 12 1 38 
2907 5 1 39 
3027 6 2 39 
3193 7 3 39 
236 8 4 39 
1872 9 5 39 
2090 10 4 38 
3512 11 3 38 
3599 12 2 38 
148 4 1 40 
580 5 2 40 
1041 6 3 40 
1160 7 4 40 
1409 8 5 40 
2284 10 5 39 
3263 11 4 39 
3529 12 3 39 
3720 3 1 41 
145 4 2 41 
1473 5 3 41 
1857 6 4 40 
1932 7 5 40 
2136 11 5 40 
2615 12 4 40 
2825 2 1 41 
2895 3 2 41 
512 4 3 41 
659 5 4 41 
1133 6 5 41 
1583 12 5 41 
2192 1 1 41 
2671 2 2 41 
3354 3 3 41 
3645 4 4 41 
175 5 5 41 
270 12 6 41 
501 1 2 42 
946 2 3 42 
1019 3 4 42 
1517 4 5 42 
1743 12 7 42 
2099 13 6 42 
3208 1 3 43 
3450 2 4 43 
128 3 5 42 
344 11 9 42 
464 12 8 42 
572 13 7 42 
646 14 6 42 
697 15 5 42 
935 1 4 43 
1644 2 5 43 
2111 9 8 43 
2512 10 9 43 
2675 11 10 43 
3130 12 9 43 
3146 13 8 43 
3517 14 7 43 
162 15 4 43 
277 15 6 43 
342 16 5 43 
427 1 5 44 
1200 8 8 44 
1645 9 9 44 
1840 10 10 44 
2246 11 11 44 
2767 12 10 44 
2937 13 9 44 
3086 14 8 43 
266 15 3 43 
330 15 7 43 
696 16 4 43 
814 16 6 43 
872 17 5 43 
1166 7 8 45 
1317 8 9 45 
1740 9 10 45 
2394 10 11 45 
2764 11 12 45 
2926 12 11 45 
3168 13 10 45 
3714 0 19 51 
3617 0 18 51 
3526 1 19 51 
3515 0 17 51 
3403 1 18 51 
3182 2 19 51 
2964 0 16 51 
2869 1 17 51 
2717 2 18 51 
2695 3 19 51 
2528 19 19 51 
2522 0 13 51 
2430 0 15 51 
2359 1 16 51 
2203 2 17 51 
2167 3 18 51 
1745 4 19 51 
1499 18 19 51 
1125 19 18 51 
1102 0 14 51 
867 1 13 51 
401 1 15 51 
141 2 16 51 
104 3 17 51 
72 4 18 51 
3623 5 19 51 
3472 17 19 51 
3458 18 18 51 
3299 19 17 51 
3158 1 14 51 
3131 2 13 51 
3062 2 15 51 
3058 3 16 51 
2884 4 17 51 
2642 5 18 51 
2447 6 19 51 
2330 16 19 51 
2225 17 18 51 
2176 18 17 51 
2158 19 16 51 
1623 0 12 51 
1494 2 14 51 
1490 3 13 51 
1470 3 15 51 
1306 4 16 51 
1241 5 17 51 
1117 6 18 51 
913 7 19 51 
768 15 19 51 
474 16 18 51 
373 17 17 51 
178 18 16 51 
21 19 15 51 
2 0 11 51 
3667 1 12 51 
3598 3 14 51 
3593 4 13 51 
3490 4 15 51 
3016 5 16 51 
2780 6 17 51 
2679 7 18 51 
2520 8 19 51 
2448 14 19 51 
2360 15 18 51 
2350 16 17 51 
1912 17 16 51 
1907 18 15 51 
1874 19 14 51 
1805 0 10 51 
1779 1 11 51 
1721 2 12 51 
1633 4 14 51 
1577 5 13 51 
1443 5 15 51 
1205 6 16 51 
1137 7 17 51 
1065 8 18 51 
970 9 19 51 
667 13 19 51 
571 14 18 51 
538 15 17 51 
524 16 16 51 
390 17 15 51 
354 18 14 51 
291 19 13 51 
149 0 7 51 
124 0 9 51 
3662 1 10 51 
3494 2 11 51 
3389 3 12 51 
3336 5 14 51 
3255 6 13 51 
3167 6 15 51 
2960 7 16 51 
2913 8 17 51 
2836 9 18 51 
2808 10 19 51 
2688 12 19 51 
2641 13 18 51 
2320 14 17 51 
2101 15 16 51 
2016 16 15 51 
1958 17 14 51 
1956 18 13 51 
1796 19 12 51 
1687 0 8 51 
1674 1 7 51 
1640 1 9 51 
1257 2 10 51 
1132 3 11 51 
1068 4 12 51 
725 6 14 51 
484 7 13 51 
307 7 15 51 
200 8 16 51 
172 9 17 51 
37 10 18 51 
3600 11 19 51 
3567 12 18 51 
3544 13 17 51 
3445 14 16 51 
3339 15 15 51 
3218 16 14 51 
3190 17 13 51 
3007 18 12 51 
2668 19 11 51 
2604 1 8 51 
2472 2 7 51 
2404 2 9 51 
1694 3 10 51 
1635 4 11 51 
1624 5 12 51 
1504 7 14 51 
1377 8 13 51 
1219 8 15 51 
1052 9 16 51 
857 10 17 51 
638 11 18 51 
549 12 17 51 
493 13 16 51 
487 14 15 51 
243 15 14 51 
105 16 13 51 
19 17 12 51 
3581 18 11 51 
3470 19 0 51 
3420 19 10 51 
3352 2 8 51 
3349 3 7 51 
3094 3 9 51 
2940 4 10 51 
2860 5 11 51 
2457 6 12 51 
2401 8 14 51 
2190 9 13 51 
2146 9 15 51 
1981 10 16 51 
1903 11 17 51 
1891 12 16 51 
1739 13 15 51 
1695 14 14 51 
1481 15 13 51 
1217 16 12 51 
796 17 11 51 
738 18 0 51 
683 18 10 51 
611 19 1 51 
486 19 9 51 
435 3 8 51 
334 4 7 51 
3681 4 9 51 
3597 5 10 51 
3429 6 11 51 
3423 7 12 51 
3411 9 14 51 
3379 10 15 51 
3063 11 16 51 
3013 12 15 51 
2994 13 14 51 
2835 14 13 51 
2816 15 12 51 
2651 16 11 51 
2304 17 0 51 
2183 17 10 51 
1941 18 1 51 
1841 18 9 51 
1682 19 2 51 
1420 19 8 51 
1400 4 8 51 
1399 5 7 51 
1371 5 9 51 
921 6 10 51 
875 7 11 51 
723 8 12 51 
644 10 14 51 
461 11 15 51 
446 12 14 51 
327 13 13 51 
274 14 12 51 
153 15 11 51 
3588 16 0 51 
3573 16 10 51 
3487 17 1 51 
3414 17 9 51 
3408 18 2 51 
3259 18 8 51 
3096 19 3 51 
2682 19 7 51 
2377 5 8 51 
2157 6 7 51 
2127 6 9 51 
1986 7 10 51 
1923 8 11 51 
1609 9 12 51 
1537 10 13 51 
1361 11 14 51 
1302 12 13 51 
1291 13 12 51 
1222 14 11 51 
876 15 0 51 
760 15 10 51 
600 16 1 51 
589 16 9 51 
403 17 2 51 
397 17 8 51 
261 18 3 51 
103 18 7 51 
39 19 4 51 
8 19 6 51 
3637 0 6 51 
3586 6 8 51 
3280 7 7 51 
3260 7 9 51 
3253 8 10 51 
3250 9 11 51 
3240 10 12 51 
2883 11 13 51 
2823 12 12 51 
2465 13 11 51 
2452 14 0 51 
2442 14 10 51 
2331 15 1 51 
2173 15 9 51 
1996 16 2 51 
1711 16 8 51 
1547 17 3 51 
1139 17 7 51 
1097 18 4 51 
954 18 6 51 
744 19 5 51 
716 0 5 51 
673 1 6 51 
650 7 8 51 
625 8 7 51 
599 8 9 51 
365 9 10 51 
315 10 11 51 
159 11 12 51 
3675 12 11 51 
3508 13 10 51 
3269 14 1 51 
3223 14 9 51 
3184 15 2 51 
2751 15 8 51 
2613 16 3 51 
2583 16 7 51 
2491 17 4 51 
2426 17 6 51 
2386 18 5 51 
2128 0 4 51 
1987 1 5 51 
1980 2 6 51 
1683 8 8 51 
1571 9 7 51 
1539 9 9 51 
1362 10 10 51 
1308 11 11 51 
1231 12 10 51 
1192 13 9 51 
1099 14 2 51 
1060 14 8 51 
1008 15 3 51 
567 15 7 51 
41 16 4 51 
3437 16 6 51 
3185 17 5 51 
3071 0 3 51 
2872 1 4 51 
2753 2 5 51 
2657 3 6 51 
2439 9 8 51 
2375 10 7 51 
1894 10 9 51 
1533 11 10 51 
1329 12 9 51 
1018 13 8 51 
837 14 3 51 
570 14 7 51 
417 15 4 51 
93 15 6 51 
3674 16 5 51 
3520 0 2 51 
3341 1 3 51 
3087 2 4 51 
3045 3 5 51 
2736 4 6 51 
2664 10 8 51 
2566 11 9 51 
2383 12 8 51 
1968 13 7 51 
1769 14 4 51 
1726 14 6 51 
1496 15 5 51 
1442 0 1 51 
1359 1 2 51 
795 2 3 51 
739 3 4 51 
569 4 5 51 
97 5 6 51 
3199 11 8 51 
3020 12 7 51 
2618 13 6 51 
1811 14 5 51 
1736 0 0 51 
1679 1 1 51 
1520 2 2 51 
1497 3 3 51 
1316 4 4 51 
641 5 5 51 
622 6 6 51 
533 11 7 51 
312 12 6 51 
302 13 5 51 
179 1 0 51 
78 2 1 51 
3616 3 2 51 
3394 4 3 51 
3141 5 4 51 
2311 6 5 51 
2121 7 6 51 
1833 11 6 51 
1800 12 5 51 
1503 13 4 51 
1237 2 0 51 
387 3 1 51 
357 4 2 51 
287 5 3 51 
48 6 4 51 
3665 7 5 51 
3585 8 6 51 
3562 10 6 51 
3366 11 5 51 
3187 12 4 51 
2724 13 3 51 
2696 3 0 51 
2410 4 1 51 
2387 5 2 51 
2259 6 3 51 
2243 7 4 51 
1971 8 5 51 
1935 9 6 51 
1764 10 5 51 
1642 11 4 51 
1562 12 3 51 
1304 13 2 51 
1260 4 0 51 
1220 5 1 51 
836 6 2 51 
741 7 3 51 
694 8 4 51 
452 9 5 51 
440 10 4 51 
263 11 3 51 
3723 12 2 51 
3318 13 1 51 
3017 5 0 51 
2745 6 1 51 
2612 7 2 51 
1454 8 3 51 
1091 9 4 51 
183 10 3 51 
3454 11 2 51 
3357 12 1 51 
3116 13 0 51 
2815 6 0 51 
2079 7 1 51 
1999 8 2 51 
1824 9 3 51 
1460 10 2 51 
517 11 1 51 
470 12 0 51 
209 7 0 51 
3009 8 1 51 
2943 9 2 51 
2009 10 1 51 
1685 11 0 51 
1321 8 0 51 
1106 9 1 51 
2082 10 0 51 
1080 9 0 51 
724 9 1 61 
227 8 1 61 
393 9 2 61 
1090 10 1 61 
1929 7 1 62 
2396 8 2 62 
63 9 3 62 
115 10 2 62 
561 11 1 62 
770 6 1 63 
1079 7 2 63 
1457 8 3 63 
2481 9 4 63 
2529 10 3 63 
2577 11 2 62 
32 12 1 62 
49 5 1 64 
225 6 2 64 
1156 7 3 64 
1240 8 4 64 
1294 9 5 64 
2196 10 4 64 
3134 11 3 64 
12 12 2 63 
158 4 1 64 
367 5 2 64 
593 6 3 64 
936 7 4 64 
1118 8 5 64 
1318 10 5 64 
2218 11 4 64 
2411 12 3 64 
2412 3 1 65 
2864 4 2 65 
171 5 3 65 
329 6 4 65 
523 7 5 64 
957 11 5 64 
1269 12 4 64 
1410 2 1 66 
1412 3 2 65 
1700 4 3 65 
2508 5 4 65 
2889 6 5 65 
3615 12 5 65 
904 1 1 66 
1078 2 2 66 
1599 3 3 66 
2431 4 4 66 
3225 5 5 66 
60 12 6 66 
494 1 2 67 
1116 2 3 67 
1140 3 4 67 
1493 4 5 67 
1812 12 7 66 
1930 13 6 66 
2365 1 3 67 
2561 2 4 67 
2660 3 5 67 
3264 11 9 67 
166 12 8 67 
292 13 7 67 
434 14 6 67 
691 15 5 67 
804 1 4 68 
1881 2 5 68 
1951 9 8 68 
3329 10 9 68 
3542 11 10 68 
3699 12 9 68 
25 13 8 68 
1002 14 7 68 
1120 15 4 68 
1506 15 6 68 
1576 16 5 67 
1702 1 5 69 
1915 8 8 69 
1976 9 9 69 
3171 10 10 69 
3291 11 11 69 
3636 12 10 69 
57 13 9 69 
790 14 8 69 
1161 15 3 69 
1544 15 7 69 
2586 16 4 69 
2868 16 6 68 
2951 17 5 68 
3358 7 8 70 
3580 8 9 70 
3625 0 19 76 
3513 0 18 76 
3510 1 19 76 
3444 0 17 76 
3395 1 18 76 
3095 2 19 76 
3023 0 16 76 
2955 1 17 76 
2843 2 18 76 
2530 3 19 76 
2358 19 19 76 
2273 0 13 76 
2204 0 15 76 
2008 1 16 76 
1830 2 17 76 
1782 3 18 76 
1495 4 19 76 
1374 18 19 76 
1320 19 18 76 
1164 0 14 76 
938 1 13 76 
818 1 15 76 
758 2 16 76 
742 3 17 76 
737 4 18 76 
568 5 19 76 
370 17 19 76 
359 18 18 76 
116 19 17 76 
3576 1 14 76 
3564 2 13 76 
3206 2 15 76 
2970 3 16 76 
2898 4 17 76 
2791 5 18 76 
2473 6 19 76 
2419 16 19 76 
2210 17 18 76 
2028 18 17 76 
1365 19 16 76 
1312 0 12 76 
1059 2 14 76 
1036 3 13 76 
949 3 15 76 
897 4 16 76 
700 5 17 76 
686 6 18 76 
267 7 19 76 
229 15 19 76 
213 16 18 76 
3547 17 17 76 
3523 18 16 76 
3210 19 15 76 
2944 0 11 76 
2933 1 12 76 
2920 3 14 76 
2888 4 13 76 
2698 4 15 76 
2622 5 16 76 
2538 6 17 76 
2485 7 18 76 
2373 8 19 76 
2155 14 19 76 
1985 15 18 76 
1972 16 17 76 
1810 17 16 76 
1809 18 15 76 
1768 19 14 76 
1752 0 10 76 
1708 1 11 76 
1592 2 12 76 
1586 4 14 76 
1311 5 13 76 
1149 5 15 76 
1131 6 16 76 
1110 7 17 76 
514 8 18 76 
513 9 19 76 
369 13 19 76 
265 14 18 76 
23 15 17 76 
3521 16 16 76 
3367 17 15 76 
3320 18 14 76 
3064 19 13 76 
2997 0 7 76 
2993 0 9 76 
2990 1 10 76 
2676 2 11 76 
2670 3 12 76 
2597 5 14 76 
2584 6 13 76 
2550 6 15 76 
2351 7 16 76 
2314 8 17 76 
2213 9 18 76 
2172 10 19 76 
2120 12 19 76 
2112 13 18 76 
1888 14 17 76 
1538 15 16 76 
1356 16 15 76 
1256 17 14 76 
1232 18 13 76 
999 19 12 76 
858 0 8 76 
653 1 7 76 
556 1 9 76 
337 2 10 76 
276 3 11 76 
45 4 12 76 
3607 6 14 76 
3582 7 13 76 
3375 7 15 76 
3309 8 16 76 
3097 9 17 76 
2706 10 18 76 
2511 11 19 76 
2425 12 18 76 
2423 13 17 76 
2126 14 16 76 
1621 15 15 76 
1415 16 14 76 
1258 17 13 76 
1146 18 12 76 
1094 19 11 76 
934 1 8 76 
873 2 7 76 
525 2 9 76 
349 3 10 76 
110 4 11 76 
3716 5 12 76 
3659 7 14 76 
3243 8 13 76 
3065 8 15 76 
2935 9 16 76 
2844 10 17 76 
2792 11 18 76 
2663 12 17 76 
2537 13 16 76 
2531 14 15 76 
2456 15 14 76 
2135 16 13 76 
1983 17 12 76 
1631 18 11 76 
1025 19 0 76 
925 19 10 76 
828 2 8 76 
305 3 7 76 
219 3 9 76 
174 4 10 76 
131 5 11 76 
35 6 12 76 
3612 8 14 76 
3500 9 13 76 
2985 9 15 76 
2852 10 16 76 
2840 11 17 76 
2807 12 16 76 
2766 13 15 76 
2693 14 14 76 
2542 15 13 76 
2397 16 12 76 
2302 17 11 76 
2170 18 0 76 
2147 18 10 76 
2075 19 1 76 
1948 19 9 76 
1723 3 8 76 
1703 4 7 76 
1427 4 9 76 
1339 5 10 76 
1253 6 11 76 
1143 7 12 76 
1073 9 14 76 
984 10 15 76 
331 11 16 76 
3678 12 15 76 
3656 13 14 76 
3638 14 13 76 
3534 15 12 76 
3478 16 11 76 
3446 17 0 76 
3391 17 10 76 
3378 18 1 76 
3279 18 9 76 
3186 19 2 76 
3152 19 8 76 
3132 4 8 76 
3098 5 7 76 
2992 5 9 76 
2966 6 10 76 
2938 7 11 76 
2846 8 12 76 
2690 10 14 76 
2610 11 15 76 
2482 12 14 76 
2458 13 13 76 
2449 14 12 76 
2194 15 11 76 
2068 16 0 76 
2023 16 10 76 
1992 17 1 76 
1785 17 9 76 
1755 18 2 76 
1130 18 8 76 
636 19 3 76 
380 19 7 76 
325 5 8 76 
324 6 7 76 
244 6 9 76 
208 7 10 76 
3558 8 11 76 
3548 9 12 76 
3356 10 13 76 
3247 11 14 76 
3221 12 13 76 
3120 13 12 76 
3056 14 11 76 
2862 15 0 76 
2787 15 10 76 
2731 16 1 76 
2300 16 9 76 
2272 17 2 76 
2260 17 8 76 
2251 18 3 76 
1825 18 7 76 
1788 19 4 76 
1643 19 6 76 
1173 0 6 76 
1061 6 8 76 
1032 7 7 76 
923 7 9 76 
906 8 10 76 
825 9 11 76 
707 10 12 76 
483 11 13 76 
419 12 12 76 
264 13 11 76 
80 14 0 76 
3655 14 10 76 
3457 15 1 76 
2983 15 9 76 
2921 16 2 76 
2773 16 8 76 
2648 17 3 76 
2372 17 7 76 
1964 18 4 76 
1806 18 6 76 
1303 19 5 76 
1016 0 5 76 
230 1 6 76 
222 7 8 76 
3619 8 7 76 
3613 8 9 76 
3419 9 10 76 
3325 10 11 76 
3258 11 12 76 
3204 12 11 76 
3151 13 10 76 
3142 14 1 76 
3133 14 9 76 
3070 15 2 76 
3055 15 8 76 
2667 16 3 76 
2523 16 7 76 
2517 17 4 76 
2371 17 6 76 
2184 18 5 76 
2007 0 4 76 
1963 1 5 76 
1960 2 6 76 
1953 8 8 76 
1904 9 7 76 
1657 9 9 76 
1477 10 10 76 
1216 11 11 76 
1178 12 10 76 
1017 13 9 76 
793 14 2 76 
558 14 8 76 
504 15 3 76 
479 15 7 76 
441 16 4 76 
286 16 6 76 
114 17 5 76 
106 0 3 76 
91 1 4 76 
3629 2 5 76 
3238 3 6 76 
3229 9 8 76 
2925 10 7 76 
2795 10 9 76 
2611 11 10 76 
2555 12 9 76 
2535 13 8 76 
1707 14 3 76 
1277 14 7 76 
1181 15 4 76 
1020 15 6 76 
476 16 5 76 
420 0 2 76 
381 1 3 76 
317 2 4 76 
191 3 5 76 
190 4 6 76 
126 10 8 76 
34 11 9 76 
3727 12 8 76 
3621 13 7 76 
2821 14 4 76 
2645 14 6 76 
2621 15 5 76 
2573 0 1 76 
2558 1 2 76 
2315 2 3 76 
2271 3 4 76 
2149 4 5 76 
1969 5 6 76 
1906 11 8 76 
1744 12 7 76 
1668 13 6 76 
1431 14 5 76 
1276 0 0 76 
1093 1 1 76 
981 2 2 76 
908 3 3 76 
868 4 4 76 
181 5 5 76 
73 6 6 76 
54 11 7 76 
38 12 6 76 
3604 13 5 76 
3592 1 0 76 
3543 2 1 76 
3499 3 2 76 
3200 4 3 76 
2956 5 4 76 
2950 6 5 76 
2743 7 6 76 
2392 11 6 76 
2189 12 5 76 
2174 13 4 76 
1955 2 0 76 
860 3 1 76 
787 4 2 76 
617 5 3 76 
173 6 4 76 
3328 7 5 76 
1658 8 6 76 
1597 10 6 76 
1267 11 5 76 
746 12 4 76 
586 13 3 76 
400 3 0 76 
377 4 1 76 
251 5 2 76 
239 6 3 76 
146 7 4 76 
3705 8 5 76 
3433 9 6 76 
3330 10 5 76 
3088 11 4 76 
2521 12 3 76 
2316 13 2 76 
2125 4 0 76 
2055 5 1 76 
1973 6 2 76 
1600 7 3 76 
937 8 4 76 
806 9 5 76 
268 10 4 76 
111 11 3 76 
3219 12 2 76 
2850 13 1 76 
2719 5 0 76 
2699 6 1 76 
2640 7 2 76 
2153 8 3 76 
1892 9 4 76 
1301 10 3 76 
1103 11 2 76 
1089 12 1 76 
803 13 0 76 
632 6 0 76 
511 7 1 76 
306 8 2 76 
303 9 3 76 
198 10 2 76 
3661 11 1 76 
3172 12 0 76 
2307 7 0 76 
1385 8 1 76 
931 9 2 76 
829 10 1 76 
444 11 0 76 
299 8 0 76 
3084 9 1 76 
2102 10 0 76 
1564 9 0 76 
521 9 1 85 
2892 8 1 86 
1965 9 2 86 
2427 10 1 86 
3057 7 1 87 
3170 8 2 87 
948 9 3 87 
3555 10 2 87 
304 11 1 86 
2891 6 1 87 
3270 7 2 87 
3396 8 3 87 
3728 9 4 87 
424 10 3 87 
2030 11 2 87 
2474 12 1 87 
2733 5 1 88 
2849 6 2 88 
3374 7 3 88 
3447 8 4 88 
1436 9 5 88 
2619 10 4 88 
189 11 3 88 
722 12 2 87 
809 4 1 89 
992 5 2 89 
1029 6 3 89 
1491 7 4 89 
1850 8 5 88 
1934 10 5 88 
3129 11 4 88 
3305 12 3 88 
3353 3 1 90 
411 4 2 90 
685 5 3 90 
765 6 4 90 
896 7 5 89 
956 11 5 89 
1529 12 4 89 
1861 2 1 90 
2424 3 2 90 
3587 4 3 90 
379 5 4 90 
1135 6 5 90 
2011 12 5 90 
2499 1 1 91 
3022 2 2 91 
3382 3 3 91 
167 4 4 91 
313 5 5 91 
395 12 6 91 
543 1 2 91 
864 2 3 91 
1595 3 4 91 
1666 4 5 91 
2093 12 7 91 
2366 13 6 91 
2716 1 3 92 
3148 2 4 92 
356 3 5 92 
1047 11 9 92 
1298 12 8 91 
1419 13 7 91 
2247 14 6 91 
2313 15 5 91 
2799 1 4 93 
2975 2 5 92 
3289 9 8 92 
43 10 9 92 
531 11 10 92 
1773 12 9 92 
2559 13 8 92 
2568 14 7 92 
2946 15 4 92 
3480 15 6 92 
3718 16 5 92 
256 1 5 93 
338 8 8 93 
730 9 9 93 
866 10 10 93 
1234 11 11 93 
1770 12 10 93 
2646 13 9 93 
3093 14 8 93 
3370 15 3 93 
