1656
5908 0 10 1 
5605 0 11 1 
5587 0 19 1 
5426 1 10 1 
5183 4 19 1 
5171 7 10 1 
5119 0 12 1 
4976 0 18 1 
4481 1 11 1 
4372 1 19 1 
4289 2 10 1 
3990 3 19 1 
3912 4 18 1 
3555 6 10 1 
3198 7 11 1 
2974 0 13 1 
2969 0 17 1 
2947 1 12 1 
2650 1 18 1 
2507 2 11 1 
2404 2 19 1 
2369 3 10 1 
2325 3 18 1 
2227 5 10 1 
1865 6 11 1 
1828 7 12 1 
1736 0 14 1 
1650 0 16 1 
1648 1 13 1 
1418 1 17 1 
1312 2 12 1 
421 2 18 1 
5712 3 11 1 
5590 4 10 1 
5333 5 11 1 
5223 6 12 1 
5178 7 13 1 
5138 0 15 1 
5112 1 14 1 
5053 1 16 1 
4744 2 13 1 
4621 2 17 1 
4618 3 12 1 
4305 4 11 1 
4260 5 12 1 
3913 6 13 1 
3755 1 15 1 
3678 2 14 1 
3654 2 16 1 
3549 3 13 1 
2890 3 17 1 
2886 4 12 1 
2838 5 13 1 
2783 2 15 1 
2767 3 14 1 
2751 3 16 1 
2695 4 13 1 
2339 6 19 1 
2118 3 15 1 
1874 4 14 1 
1699 5 19 1 
1633 6 18 1 
1604 4 15 1 
1602 4 17 1 
1376 5 14 1 
1118 5 18 1 
624 6 17 1 
48 4 16 1 
5849 5 15 1 
5780 5 17 1 
5395 6 14 1 
5170 5 16 1 
5087 6 15 1 
4944 7 14 1 
4926 6 16 1 
4871 7 15 1 
4715 7 16 1 
4697 7 17 1 
4286 7 19 1 
3847 19 15 1 
3842 19 19 1 
3805 7 18 1 
3479 8 17 1 
3452 8 19 1 
3321 18 15 1 
2982 18 19 1 
2933 19 16 1 
2863 19 18 1 
2622 8 18 1 
2564 9 17 1 
1759 9 19 1 
1617 17 15 1 
1117 17 19 1 
1023 18 16 1 
847 18 18 1 
437 19 17 1 
415 9 18 1 
275 10 17 1 
228 10 19 1 
12 16 19 1 
5706 17 16 1 
5355 17 18 1 
5317 18 17 1 
5222 10 18 1 
4796 11 19 1 
4630 15 19 1 
4337 16 18 1 
4173 17 17 1 
4089 11 18 1 
3956 12 19 1 
3924 14 19 1 
3827 15 18 1 
3443 16 17 1 
3041 12 18 1 
2865 13 19 1 
2828 14 18 1 
2434 15 17 1 
2328 16 16 1 
2126 12 17 1 
2103 13 18 1 
1972 14 17 1 
1565 15 16 1 
1551 16 15 1 
1498 8 14 1 
1436 8 16 1 
1314 13 17 1 
846 14 16 1 
837 15 15 1 
776 8 15 1 
597 9 14 1 
444 9 16 1 
235 13 16 1 
6067 14 15 1 
5638 9 15 1 
5337 10 14 1 
5063 10 16 1 
4843 11 17 1 
4653 12 16 1 
4376 13 3 1 
4363 13 15 1 
4247 10 15 1 
4196 11 16 1 
3681 12 15 1 
3596 13 0 1 
3393 13 2 1 
3230 13 14 1 
2324 14 3 1 
1988 16 9 1 
1784 19 0 1 
1626 19 10 1 
1549 19 14 1 
1442 11 15 1 
1332 12 14 1 
1291 13 1 1 
1263 13 13 1 
989 14 0 1 
931 14 2 1 
853 14 14 1 
723 16 10 1 
699 18 0 1 
622 18 10 1 
616 18 14 1 
544 19 1 1 
29 19 9 1 
5924 19 11 1 
5686 19 13 1 
5319 8 13 1 
4865 11 14 1 
4054 12 13 1 
3761 14 1 1 
3728 14 13 1 
3576 15 0 1 
3130 15 14 1 
3022 17 0 1 
2891 17 10 1 
2664 17 14 1 
2547 18 1 1 
2253 18 9 1 
1767 18 11 1 
1599 18 13 1 
1553 19 2 1 
1546 19 8 1 
1519 19 12 1 
1377 8 10 1 
1301 8 12 1 
1208 9 13 1 
1156 11 13 1 
835 15 1 1 
752 15 13 1 
623 16 0 1 
417 16 14 1 
73 17 1 1 
2 17 9 1 
6000 17 11 1 
5934 17 13 1 
5446 18 2 1 
5347 18 8 1 
5306 18 12 1 
5231 19 3 1 
5230 19 5 1 
4955 19 7 1 
4720 8 11 1 
4511 9 10 1 
4148 9 12 1 
3903 10 13 1 
3850 15 2 1 
3733 16 1 1 
3255 16 13 1 
3247 17 2 1 
3229 17 8 1 
2906 17 12 1 
2616 18 3 1 
2384 18 5 1 
2288 18 7 1 
2214 19 4 1 
1904 19 6 1 
1732 9 11 1 
1610 10 10 1 
1420 10 12 1 
1151 15 3 1 
1079 16 2 1 
1061 16 8 1 
1050 16 12 1 
1000 17 3 1 
857 17 7 1 
738 18 4 1 
665 18 6 1 
209 10 11 1 
161 11 10 1 
3 11 12 1 
5642 15 8 1 
5456 15 12 1 
5143 16 3 1 
4661 16 7 1 
4549 16 11 1 
4265 17 4 1 
4057 17 6 1 
3636 11 11 1 
3499 12 10 1 
3389 12 12 1 
3057 14 8 1 
2797 14 12 1 
2459 15 9 1 
2267 15 11 1 
1783 16 4 1 
922 16 6 1 
647 17 5 1 
78 12 11 1 
6052 13 12 1 
6001 14 9 1 
5746 14 11 1 
5652 15 4 1 
5626 15 6 1 
5578 15 10 1 
5513 16 5 1 
5367 13 11 1 
5291 14 4 1 
5132 14 10 1 
5084 15 5 1 
4966 7 0 1 
4610 7 2 1 
4525 13 4 1 
4216 13 10 1 
4186 14 5 1 
4184 7 1 1 
4000 8 0 1 
3849 8 2 1 
3493 12 0 1 
3084 13 5 1 
3079 13 9 1 
3036 14 6 1 
2991 15 7 1 
2866 8 1 1 
2642 9 0 1 
2447 9 2 1 
2444 11 0 1 
2093 12 1 1 
411 12 5 1 
346 12 9 1 
137 13 6 1 
62 13 8 1 
5925 14 7 1 
5653 9 1 1 
5629 10 0 1 
5416 11 1 1 
5247 11 9 1 
5232 12 2 1 
4555 12 6 1 
4464 12 8 1 
4036 13 7 1 
3643 8 9 1 
3603 10 1 1 
3492 10 9 1 
3448 11 2 1 
3410 11 8 1 
3005 12 3 1 
2757 12 7 1 
2676 8 8 1 
2529 9 9 1 
2511 10 2 1 
2503 10 8 1 
2480 11 3 1 
2290 11 5 1 
2286 11 7 1 
1938 12 4 1 
1410 9 8 1 
1402 10 3 1 
740 10 5 1 
721 10 7 1 
668 11 4 1 
610 11 6 1 
5987 7 9 1 
5465 9 3 1 
4636 9 7 1 
4535 10 4 1 
4516 10 6 1 
4392 0 9 1 
3718 6 9 1 
3694 7 8 1 
2049 8 3 1 
2006 8 7 1 
1981 9 4 1 
1761 9 6 1 
871 0 8 1 
799 1 9 1 
772 5 9 1 
600 6 8 1 
139 7 7 1 
30 8 4 1 
5873 8 6 1 
5659 9 5 1 
4631 0 7 1 
4483 1 8 1 
3724 2 9 1 
3627 4 9 1 
3581 5 8 1 
3488 6 7 1 
2618 7 6 1 
2437 8 5 1 
2321 1 7 1 
1991 2 8 1 
1973 3 9 1 
1567 4 8 1 
1464 5 7 1 
1060 6 6 1 
561 7 5 1 
5175 2 7 1 
5156 3 8 1 
4984 4 7 1 
4155 5 6 1 
4134 6 5 1 
3559 7 4 1 
2102 0 6 1 
1839 2 6 1 
1347 3 7 1 
1215 4 6 1 
6036 5 5 1 
5952 6 0 1 
5881 6 4 1 
5684 7 3 1 
5681 0 5 1 
5671 1 6 1 
5045 3 6 1 
4711 4 5 1 
4261 5 0 1 
3540 5 4 1 
3514 6 1 1 
2983 6 3 1 
2925 0 4 1 
2654 1 5 1 
1851 3 5 1 
1668 4 0 1 
1613 4 4 1 
1357 5 1 1 
1128 5 3 1 
1101 6 2 1 
888 0 3 1 
386 1 4 1 
5048 2 5 1 
4684 3 0 1 
3626 3 4 1 
3512 4 1 1 
3325 4 3 1 
2949 5 2 1 
2943 1 3 1 
2858 2 4 1 
2826 3 1 1 
1738 3 3 1 
1695 4 2 1 
1267 2 3 1 
870 3 2 1 
467 2 2 1 
6078 1 2 1 
3557 2 1 1 
3376 0 2 1 
3131 1 1 1 
3056 2 0 1 
2490 0 1 1 
2046 1 0 1 
1472 0 0 1 
4505 1 1 13 
248 1 4 15 
2174 4 1 14 
83 5 1 15 
5060 4 6 16 
277 2 8 17 
3609 1 8 17 
3989 7 6 17 
3468 11 1 19 
5422 12 8 19 
39 8 1 20 
4851 9 11 22 
2670 9 12 22 
5866 0 10 26 
5624 0 11 26 
5412 0 19 26 
5364 1 10 26 
5307 4 19 26 
5202 7 10 26 
5064 0 12 26 
4920 0 18 26 
4884 1 11 26 
4873 1 19 26 
4790 2 10 26 
4632 3 19 26 
4449 4 18 26 
4208 6 10 26 
3682 7 11 26 
3622 0 13 26 
3551 0 17 26 
3123 1 12 26 
3082 1 18 26 
2909 2 11 26 
2504 2 19 26 
2275 3 10 26 
2106 3 18 26 
1970 5 10 26 
1037 6 11 26 
969 7 12 26 
939 0 14 26 
701 0 16 26 
177 1 13 26 
6015 1 17 26 
6004 2 12 26 
5761 2 18 26 
5756 3 11 26 
5621 4 10 26 
5568 5 11 26 
5388 6 12 26 
4887 7 13 26 
4754 0 15 26 
4753 1 14 26 
4723 1 16 26 
4709 2 13 26 
4396 2 17 26 
4136 3 12 26 
3926 4 11 26 
3630 5 12 26 
3541 6 13 26 
3390 1 15 26 
3307 2 14 26 
3012 2 16 26 
2971 3 13 26 
2844 3 17 26 
2647 4 12 26 
2470 5 13 26 
2429 2 15 26 
2413 3 14 26 
2410 3 16 26 
2395 4 13 26 
2184 6 19 26 
1993 3 15 26 
1690 4 14 26 
1459 5 19 26 
1400 6 18 26 
1299 4 15 26 
683 4 17 26 
331 5 14 26 
269 5 18 26 
101 6 17 26 
5941 4 16 26 
5931 5 15 26 
5776 5 17 26 
5755 6 14 26 
5390 5 16 26 
5257 6 15 26 
5217 7 14 26 
5148 6 16 26 
4964 7 15 26 
4776 7 16 26 
4589 7 17 26 
4094 7 19 26 
3815 19 15 26 
3709 19 19 26 
3426 7 18 26 
3382 8 17 26 
3141 8 19 26 
3044 18 15 26 
3019 18 19 26 
2855 19 16 26 
2846 19 18 26 
2372 8 18 26 
2073 9 17 26 
2023 9 19 26 
1962 17 15 26 
1619 17 19 26 
1582 18 16 26 
1384 18 18 26 
1216 19 17 26 
588 9 18 26 
555 10 17 26 
446 10 19 26 
240 16 19 26 
212 17 16 26 
164 17 18 26 
156 18 17 26 
76 10 18 26 
5719 11 19 26 
5165 15 19 26 
5123 16 18 26 
4975 17 17 26 
4778 11 18 26 
4770 12 19 26 
4398 14 19 26 
4246 15 18 26 
4038 16 17 26 
3947 12 18 26 
3848 13 19 26 
3826 14 18 26 
3239 15 17 26 
2879 16 16 26 
2684 12 17 26 
2604 13 18 26 
2569 14 17 26 
2528 15 16 26 
2284 16 15 26 
1863 8 14 26 
1743 8 16 26 
1627 13 17 26 
908 14 16 26 
607 15 15 26 
367 8 15 26 
358 9 14 26 
196 9 16 26 
140 13 16 26 
105 14 15 26 
6029 9 15 26 
5860 10 14 26 
5781 10 16 26 
5635 11 17 26 
5475 12 16 26 
5340 13 3 26 
5329 13 15 26 
5252 10 15 26 
5203 11 16 26 
5003 12 15 26 
4921 13 0 26 
4885 13 2 26 
4813 13 14 26 
4254 14 3 26 
3705 16 9 26 
3639 19 0 26 
3575 19 10 26 
3206 19 14 26 
3168 11 15 26 
2526 12 14 26 
2454 13 1 26 
2416 13 13 26 
2326 14 0 26 
2236 14 2 26 
2033 14 14 26 
1924 16 10 26 
1782 18 0 26 
1379 18 10 26 
1288 18 14 26 
1065 19 1 26 
940 19 9 26 
884 19 11 26 
638 19 13 26 
480 8 13 26 
396 11 14 26 
338 12 13 26 
268 14 1 26 
155 14 13 26 
6017 15 0 26 
5734 15 14 26 
5713 17 0 26 
5450 17 10 26 
5449 17 14 26 
4839 18 1 26 
4773 18 9 26 
4658 18 11 26 
4423 18 13 26 
4067 19 2 26 
3781 19 8 26 
3759 19 12 26 
3513 8 10 26 
3315 8 12 26 
3148 9 13 26 
3124 11 13 26 
3111 15 1 26 
2673 15 13 26 
2668 16 0 26 
2605 16 14 26 
2341 17 1 26 
2070 17 9 26 
2012 17 11 26 
1734 17 13 26 
1532 18 2 26 
1009 18 8 26 
420 18 12 26 
370 19 3 26 
166 19 5 26 
5838 19 7 26 
5561 8 11 26 
5543 9 10 26 
5525 9 12 26 
5462 10 13 26 
5322 15 2 26 
5271 16 1 26 
5177 16 13 26 
5104 17 2 26 
4999 17 8 26 
4811 17 12 26 
4741 18 3 26 
4733 18 5 26 
4674 18 7 26 
4662 19 4 26 
4333 19 6 26 
4188 9 11 26 
4025 10 10 26 
3665 10 12 26 
3465 15 3 26 
3234 16 2 26 
2677 16 8 26 
2527 16 12 26 
2428 17 3 26 
2353 17 7 26 
2348 18 4 26 
1660 18 6 26 
1554 10 11 26 
1500 11 10 26 
1374 11 12 26 
844 15 8 26 
641 15 12 26 
511 16 3 26 
267 16 7 26 
6074 16 11 26 
5424 17 4 26 
5297 17 6 26 
5134 11 11 26 
4909 12 10 26 
4527 12 12 26 
3773 14 8 26 
3284 14 12 26 
3174 15 9 26 
3154 15 11 26 
2913 16 4 26 
2143 16 6 26 
2064 17 5 26 
1942 12 11 26 
1836 13 12 26 
1550 14 9 26 
1422 14 11 26 
1190 15 4 26 
1141 15 6 26 
1087 15 10 26 
899 16 5 26 
815 13 11 26 
479 14 4 26 
171 14 10 26 
5968 15 5 26 
5937 7 0 26 
5668 7 2 26 
5579 13 4 26 
5573 13 10 26 
5534 14 5 26 
5255 7 1 26 
5101 8 0 26 
5041 8 2 26 
4713 12 0 26 
4553 13 5 26 
4533 13 9 26 
3859 14 6 26 
3184 15 7 26 
3052 8 1 26 
2261 9 0 26 
1847 9 2 26 
1729 11 0 26 
1578 12 1 26 
1148 12 5 26 
1146 12 9 26 
992 13 6 26 
412 13 8 26 
4957 14 7 26 
4756 9 1 26 
3963 10 0 26 
3774 11 1 26 
3716 11 9 26 
3189 12 2 26 
2824 12 6 26 
2737 12 8 26 
2632 13 7 26 
2476 8 9 26 
1696 10 1 26 
1675 10 9 26 
1522 11 2 26 
1317 11 8 26 
1187 12 3 26 
1017 12 7 26 
912 8 8 26 
796 9 9 26 
496 10 2 26 
5669 10 8 26 
5077 11 3 26 
4859 11 5 26 
4734 11 7 26 
4541 12 4 26 
4144 9 8 26 
3752 10 3 26 
3704 10 5 26 
3485 10 7 26 
3337 11 4 26 
3177 11 6 26 
2162 7 9 26 
1605 9 3 26 
1407 9 7 26 
1196 10 4 26 
1174 10 6 26 
1099 0 9 26 
1005 6 9 26 
497 7 8 26 
256 8 3 26 
207 8 7 26 
5906 9 4 26 
5803 9 6 26 
5029 0 8 26 
4676 1 9 26 
4284 5 9 26 
3950 6 8 26 
3865 7 7 26 
3611 8 4 26 
3610 8 6 26 
3588 9 5 26 
2747 0 7 26 
2471 1 8 26 
1979 2 9 26 
1694 4 9 26 
1693 5 8 26 
1682 6 7 26 
1320 7 6 26 
1078 8 5 26 
383 1 7 26 
233 2 8 26 
77 3 9 26 
5953 4 8 26 
5852 5 7 26 
5595 6 6 26 
5487 7 5 26 
5145 2 7 26 
4913 3 8 26 
4707 4 7 26 
4629 5 6 26 
4552 6 5 26 
4543 7 4 26 
4161 0 6 26 
3744 2 6 26 
3470 3 7 26 
3384 4 6 26 
3298 5 5 26 
2780 6 0 26 
2755 6 4 26 
2217 7 3 26 
1963 0 5 26 
1912 1 6 26 
5951 3 6 26 
5948 4 5 26 
5122 5 0 26 
5071 5 4 26 
4384 6 1 26 
4306 6 3 26 
3983 0 4 26 
3726 1 5 26 
3432 3 5 26 
2698 4 0 26 
2067 4 4 26 
1325 5 1 26 
743 5 3 26 
686 6 2 26 
559 0 3 26 
283 1 4 26 
6002 2 5 26 
5610 3 0 26 
5237 3 4 26 
5090 4 1 26 
4663 4 3 26 
4322 5 2 26 
4227 1 3 26 
3341 2 4 26 
3157 3 1 26 
2739 3 3 26 
2593 4 2 26 
1834 2 3 26 
1404 3 2 26 
1282 2 2 26 
942 1 2 26 
834 2 1 26 
200 0 2 26 
5988 1 1 26 
5939 2 0 26 
4812 0 1 26 
4704 1 0 26 
4931 0 0 26 
4637 1 1 38 
4154 1 4 40 
4643 4 1 39 
4679 5 1 40 
1330 4 6 41 
6061 2 8 42 
25 1 8 42 
59 7 6 42 
810 11 1 44 
1435 12 8 44 
5526 8 1 45 
2215 9 11 47 
1143 9 12 47 
5664 0 10 51 
5531 0 11 51 
5030 0 19 51 
3935 1 10 51 
3764 4 19 51 
3608 7 10 51 
3522 0 12 51 
2790 0 18 51 
2521 1 11 51 
2494 1 19 51 
2406 2 10 51 
2303 3 19 51 
2248 4 18 51 
1541 6 10 51 
1394 7 11 51 
1300 0 13 51 
1294 0 17 51 
1247 1 12 51 
950 1 18 51 
645 2 11 51 
550 2 19 51 
295 3 10 51 
189 3 18 51 
175 5 10 51 
118 6 11 51 
91 7 12 51 
6051 0 14 51 
5945 0 16 51 
5812 1 13 51 
5717 1 17 51 
5409 2 12 51 
5404 2 18 51 
5199 3 11 51 
4915 4 10 51 
4898 5 11 51 
4867 6 12 51 
4849 7 13 51 
4721 0 15 51 
4240 1 14 51 
4212 1 16 51 
4195 2 13 51 
4078 2 17 51 
3909 3 12 51 
3806 4 11 51 
3720 5 12 51 
3599 6 13 51 
3387 1 15 51 
3216 2 14 51 
3047 2 16 51 
2839 3 13 51 
2694 3 17 51 
2336 4 12 51 
2259 5 13 51 
2218 2 15 51 
1976 3 14 51 
1832 3 16 51 
1772 4 13 51 
1583 6 19 51 
1485 3 15 51 
1237 4 14 51 
1234 5 19 51 
830 6 18 51 
785 4 15 51 
737 4 17 51 
609 5 14 51 
505 5 18 51 
341 6 17 51 
250 4 16 51 
6041 5 15 51 
5758 5 17 51 
5161 6 14 51 
4755 5 16 51 
4716 6 15 51 
4230 7 14 51 
3765 6 16 51 
3642 7 15 51 
3535 7 16 51 
3528 7 17 51 
3196 7 19 51 
3074 19 15 51 
2800 19 19 51 
2648 7 18 51 
2482 8 17 51 
2337 8 19 51 
2222 18 15 51 
2221 18 19 51 
2201 19 16 51 
2176 19 18 51 
2171 8 18 51 
1997 9 17 51 
1681 9 19 51 
585 17 15 51 
378 17 19 51 
375 18 16 51 
311 18 18 51 
296 19 17 51 
5915 9 18 51 
5859 10 17 51 
5545 10 19 51 
5376 16 19 51 
5253 17 16 51 
5159 17 18 51 
5133 18 17 51 
4735 10 18 51 
4700 11 19 51 
4547 15 19 51 
4369 16 18 51 
4226 17 17 51 
4033 11 18 51 
3927 12 19 51 
3677 14 19 51 
3671 15 18 51 
3628 16 17 51 
3601 12 18 51 
3536 13 19 51 
3506 14 18 51 
3496 15 17 51 
3491 16 16 51 
3427 12 17 51 
3311 13 18 51 
3305 14 17 51 
3192 15 16 51 
3000 16 15 51 
2554 8 14 51 
2207 8 16 51 
1853 13 17 51 
1486 14 16 51 
1470 15 15 51 
1432 8 15 51 
1349 9 14 51 
1127 9 16 51 
687 13 16 51 
428 14 15 51 
144 9 15 51 
9 10 14 51 
6026 10 16 51 
5598 11 17 51 
5493 12 16 51 
5351 13 3 51 
5254 13 15 51 
4833 10 15 51 
4544 11 16 51 
4434 12 15 51 
4210 13 0 51 
4084 13 2 51 
3743 13 14 51 
3742 14 3 51 
3631 16 9 51 
2466 19 0 51 
2133 19 10 51 
2128 19 14 51 
2112 11 15 51 
2019 12 14 51 
1769 13 1 51 
1624 13 13 51 
948 14 0 51 
890 14 2 51 
763 14 14 51 
653 16 10 51 
646 18 0 51 
263 18 10 51 
193 18 14 51 
160 19 1 51 
5974 19 9 51 
5788 19 11 51 
5759 19 13 51 
5555 8 13 51 
5466 11 14 51 
5394 12 13 51 
5239 14 1 51 
5049 14 13 51 
5025 15 0 51 
5009 15 14 51 
4738 17 0 51 
4457 17 10 51 
3915 17 14 51 
3586 18 1 51 
3116 18 9 51 
3066 18 11 51 
3040 18 13 51 
2657 19 2 51 
2508 19 8 51 
2271 19 12 51 
2200 8 10 51 
2187 8 12 51 
2021 9 13 51 
1965 11 13 51 
1704 15 1 51 
901 15 13 51 
404 16 0 51 
362 16 14 51 
6073 17 1 51 
5691 17 9 51 
5463 17 11 51 
5294 17 13 51 
5164 18 2 51 
4855 18 8 51 
4315 18 12 51 
4133 19 3 51 
3981 19 5 51 
3807 19 7 51 
3666 8 11 51 
2899 9 10 51 
2711 9 12 51 
2567 10 13 51 
2465 15 2 51 
2458 16 1 51 
2347 16 13 51 
2134 17 2 51 
2018 17 8 51 
1903 17 12 51 
1850 18 3 51 
1509 18 5 51 
1367 18 7 51 
1236 19 4 51 
1201 19 6 51 
1183 9 11 51 
1077 10 10 51 
896 10 12 51 
670 15 3 51 
272 16 2 51 
217 16 8 51 
79 16 12 51 
26 17 3 51 
5892 17 7 51 
5702 18 4 51 
5285 18 6 51 
5258 10 11 51 
5111 11 10 51 
4750 11 12 51 
4395 15 8 51 
4217 15 12 51 
4203 16 3 51 
3864 16 7 51 
3604 16 11 51 
3567 17 4 51 
3531 17 6 51 
3369 11 11 51 
3344 12 10 51 
3232 12 12 51 
2687 14 8 51 
2380 14 12 51 
2250 15 9 51 
2166 15 11 51 
1994 16 4 51 
1869 16 6 51 
1806 17 5 51 
1588 12 11 51 
1570 13 12 51 
1517 14 9 51 
679 14 11 51 
661 15 4 51 
504 15 6 51 
112 15 10 51 
5808 16 5 51 
5692 13 11 51 
5500 14 4 51 
5461 14 10 51 
5389 15 5 51 
5216 7 0 51 
5080 7 2 51 
4499 13 4 51 
4330 13 10 51 
4275 14 5 51 
4257 7 1 51 
4202 8 0 51 
4064 8 2 51 
3790 12 0 51 
2945 13 5 51 
2550 13 9 51 
2492 14 6 51 
1873 15 7 51 
1801 8 1 51 
1789 9 0 51 
1739 9 2 51 
1719 11 0 51 
1678 12 1 51 
1121 12 5 51 
973 12 9 51 
959 13 6 51 
502 13 8 51 
486 14 7 51 
326 9 1 51 
6070 10 0 51 
5811 11 1 51 
5777 11 9 51 
5454 12 2 51 
5366 12 6 51 
5179 12 8 51 
5110 13 7 51 
4820 8 9 51 
4611 10 1 51 
4279 10 9 51 
4022 11 2 51 
3955 11 8 51 
3487 12 3 51 
3469 12 7 51 
2995 8 8 51 
2975 9 9 51 
2878 10 2 51 
2185 10 8 51 
2159 11 3 51 
2009 11 5 51 
1813 11 7 51 
1703 12 4 51 
1614 9 8 51 
1321 10 3 51 
726 10 5 51 
239 10 7 51 
93 11 4 51 
5536 11 6 51 
5473 7 9 51 
5338 9 3 51 
5282 9 7 51 
5005 10 4 51 
5001 10 6 51 
4896 0 9 51 
4522 6 9 51 
4510 7 8 51 
3101 8 3 51 
3091 8 7 51 
3030 9 4 51 
2927 9 6 51 
2900 0 8 51 
2628 1 9 51 
2486 5 9 51 
2467 6 8 51 
2455 7 7 51 
2355 8 4 51 
2251 8 6 51 
2056 9 5 51 
1478 0 7 51 
1381 1 8 51 
406 2 9 51 
237 4 9 51 
5913 5 8 51 
5603 6 7 51 
4517 7 6 51 
4491 8 5 51 
4342 1 7 51 
4096 2 8 51 
2967 3 9 51 
2766 4 8 51 
2519 5 7 51 
2312 6 6 51 
1745 7 5 51 
936 2 7 51 
252 3 8 51 
6063 4 7 51 
5575 5 6 51 
5023 6 5 51 
4749 7 4 51 
4573 0 6 51 
3355 2 6 51 
2860 3 7 51 
2584 4 6 51 
2473 5 5 51 
2430 6 0 51 
1862 6 4 51 
1316 7 3 51 
586 0 5 51 
361 1 6 51 
225 3 6 51 
5805 4 5 51 
4638 5 0 51 
4554 5 4 51 
4382 6 1 51 
4366 6 3 51 
3931 0 4 51 
3804 1 5 51 
3494 3 5 51 
2988 4 0 51 
2499 4 4 51 
2417 5 1 51 
1607 5 3 51 
1397 6 2 51 
982 0 3 51 
794 1 4 51 
788 2 5 51 
754 3 0 51 
132 3 4 51 
5955 4 1 51 
5357 4 3 51 
5197 5 2 51 
4714 1 3 51 
4339 2 4 51 
3661 3 1 51 
3454 3 3 51 
3027 4 2 51 
2719 2 3 51 
2678 3 2 51 
2669 2 2 51 
1206 1 2 51 
543 2 1 51 
259 0 2 51 
1507 1 1 51 
1274 2 0 51 
1254 0 1 51 
1137 1 0 51 
1134 0 0 51 
3782 1 1 63 
322 1 4 65 
334 4 1 64 
1823 5 1 65 
1305 4 6 66 
5496 2 8 67 
1285 1 8 68 
2233 7 6 67 
978 11 1 69 
1080 12 8 69 
5470 8 1 70 
1714 9 11 72 
3674 9 12 72 
1467 18 1 73 
3140 18 11 73 
5993 0 10 76 
5989 0 11 76 
5725 0 19 76 
5701 1 10 76 
5683 4 19 76 
5594 7 10 76 
5504 0 12 76 
5478 0 18 76 
5196 1 11 76 
4922 1 19 76 
4758 2 10 76 
4576 3 19 76 
4467 4 18 76 
4444 6 10 76 
4341 7 11 76 
4249 0 13 76 
4183 0 17 76 
3570 1 12 76 
3381 1 18 76 
3248 2 11 76 
3118 2 19 76 
2958 3 10 76 
2750 3 18 76 
2533 5 10 76 
2226 6 11 76 
1950 7 12 76 
1502 0 14 76 
1408 0 16 76 
1388 1 13 76 
1207 1 17 76 
1188 2 12 76 
1139 2 18 76 
697 3 11 76 
5553 4 10 76 
5185 5 11 76 
5126 6 12 76 
5011 7 13 76 
4856 0 15 76 
4641 1 14 76 
4616 1 16 76 
4581 2 13 76 
4561 2 17 76 
4107 3 12 76 
4032 4 11 76 
4018 5 12 76 
3985 6 13 76 
3471 1 15 76 
3342 2 14 76 
3283 2 16 76 
3233 3 13 76 
3173 3 17 76 
3146 4 12 76 
2928 5 13 76 
2829 2 15 76 
2736 3 14 76 
2117 3 16 76 
2029 4 13 76 
1804 6 19 76 
1713 3 15 76 
1559 4 14 76 
1358 5 19 76 
717 6 18 76 
656 4 15 76 
573 4 17 76 
393 5 14 76 
353 5 18 76 
52 6 17 76 
44 4 16 76 
5599 5 15 76 
5506 5 17 76 
5310 6 14 76 
5227 5 16 76 
4622 6 15 76 
4462 7 14 76 
4234 6 16 76 
4229 7 15 76 
3997 7 16 76 
3870 7 17 76 
3763 7 19 76 
3354 19 15 76 
3334 19 19 76 
3250 7 18 76 
2792 8 17 76 
2645 8 19 76 
2366 18 15 76 
2285 18 19 76 
2268 19 16 76 
2177 19 18 76 
2172 8 18 76 
2002 9 17 76 
1982 9 19 76 
1572 17 15 76 
1067 17 19 76 
1059 18 16 76 
1047 18 18 76 
825 19 17 76 
640 9 18 76 
587 10 17 76 
507 10 19 76 
92 16 19 76 
82 17 16 76 
46 17 18 76 
6037 18 17 76 
5505 10 18 76 
5483 11 19 76 
5326 15 19 76 
5323 16 18 76 
5280 17 17 76 
5276 11 18 76 
5264 12 19 76 
5160 14 19 76 
5093 15 18 76 
4691 16 17 76 
4650 12 18 76 
4586 13 19 76 
4062 14 18 76 
4040 15 17 76 
3851 16 16 76 
3814 12 17 76 
3795 13 18 76 
3594 14 17 76 
2830 15 16 76 
2523 16 15 76 
2461 8 14 76 
2383 8 16 76 
2257 13 17 76 
2040 14 16 76 
1653 15 15 76 
1497 8 15 76 
1180 9 14 76 
1086 9 16 76 
745 13 16 76 
705 14 15 76 
567 9 15 76 
509 10 14 76 
5342 10 16 76 
5332 11 17 76 
5208 12 16 76 
5076 13 3 76 
4997 13 15 76 
4822 10 15 76 
4748 11 16 76 
4556 12 15 76 
4520 13 0 76 
4418 13 2 76 
4141 13 14 76 
4097 14 3 76 
3758 16 9 76 
3620 19 0 76 
3215 19 10 76 
3073 19 14 76 
2842 11 15 76 
2610 12 14 76 
2206 13 1 76 
2052 13 13 76 
1951 14 0 76 
1629 14 2 76 
1390 14 14 76 
954 16 10 76 
915 18 0 76 
858 18 10 76 
747 18 14 76 
529 19 1 76 
464 19 9 76 
264 19 11 76 
6040 19 13 76 
5837 8 13 76 
5480 11 14 76 
5439 12 13 76 
5318 14 1 76 
5267 14 13 76 
5246 15 0 76 
5099 15 14 76 
5097 17 0 76 
4951 17 10 76 
4917 17 14 76 
4760 18 1 76 
4469 18 9 76 
4409 18 11 76 
4373 18 13 76 
4156 19 2 76 
4035 19 8 76 
3692 19 12 76 
3593 8 10 76 
3447 8 12 76 
3297 9 13 76 
3271 11 13 76 
3227 15 1 76 
3076 15 13 76 
2833 16 0 76 
2805 16 14 76 
2456 17 1 76 
2007 17 9 76 
1858 17 11 76 
1803 17 13 76 
1534 18 2 76 
1429 18 8 76 
1199 18 12 76 
1030 19 3 76 
974 19 5 76 
878 19 7 76 
203 8 11 76 
5735 9 10 76 
5718 9 12 76 
5651 10 13 76 
5630 15 2 76 
5277 16 1 76 
5018 16 13 76 
4923 17 2 76 
4893 17 8 76 
4848 17 12 76 
4835 18 3 76 
4803 18 5 76 
4764 18 7 76 
4664 19 4 76 
4456 19 6 76 
4076 9 11 76 
4030 10 10 76 
3508 10 12 76 
3152 15 3 76 
2922 16 2 76 
2914 16 8 76 
2263 16 12 76 
1841 17 3 76 
1778 17 7 76 
1445 18 4 76 
1160 18 6 76 
1068 10 11 76 
1036 11 10 76 
881 11 12 76 
216 15 8 76 
5999 15 12 76 
5970 16 3 76 
5917 16 7 76 
5374 16 11 76 
5263 17 4 76 
4798 17 6 76 
4681 11 11 76 
4595 12 10 76 
4443 12 12 76 
4416 14 8 76 
4346 14 12 76 
3598 15 9 76 
3592 15 11 76 
3546 16 4 76 
3180 16 6 76 
2883 17 5 76 
2442 12 11 76 
2044 13 12 76 
1786 14 9 76 
1494 14 11 76 
1119 15 4 76 
579 15 6 76 
560 15 10 76 
211 16 5 76 
71 13 11 76 
6045 14 4 76 
6011 14 10 76 
5980 15 5 76 
5933 7 0 76 
5767 7 2 76 
5757 13 4 76 
5675 13 10 76 
5510 14 5 76 
5495 7 1 76 
5336 8 0 76 
5107 8 2 76 
4953 12 0 76 
4685 13 5 76 
4546 13 9 76 
4281 14 6 76 
3996 15 7 76 
3894 8 1 76 
3400 9 0 76 
3221 9 2 76 
3003 11 0 76 
2938 12 1 76 
2722 12 5 76 
2399 12 9 76 
2202 13 6 76 
2136 13 8 76 
1222 14 7 76 
1172 9 1 76 
45 10 0 76 
5909 11 1 76 
5601 11 9 76 
5393 12 2 76 
5391 12 6 76 
5167 12 8 76 
4659 13 7 76 
4318 8 9 76 
4301 10 1 76 
4122 10 9 76 
3922 11 2 76 
3273 11 8 76 
3060 12 3 76 
2672 12 7 76 
2649 8 8 76 
2620 9 9 76 
2314 10 2 76 
2092 10 8 76 
1920 11 3 76 
1491 11 5 76 
1277 11 7 76 
829 12 4 76 
574 9 8 76 
453 10 3 76 
22 10 5 76 
5842 10 7 76 
5824 11 4 76 
5583 11 6 76 
4814 7 9 76 
4780 9 3 76 
4694 9 7 76 
4397 10 4 76 
4252 10 6 76 
4099 0 9 76 
3745 6 9 76 
3480 7 8 76 
3324 8 3 76 
3110 8 7 76 
3054 9 4 76 
2901 9 6 76 
2574 0 8 76 
2084 1 9 76 
1891 5 9 76 
1663 6 8 76 
1378 7 7 76 
1248 8 4 76 
987 8 6 76 
157 9 5 76 
6039 0 7 76 
5918 1 8 76 
5562 2 9 76 
5399 4 9 76 
5339 5 8 76 
4314 6 7 76 
3923 7 6 76 
3746 8 5 76 
3062 1 7 76 
2239 2 8 76 
1943 3 9 76 
1867 4 8 76 
1455 5 7 76 
1158 6 6 76 
932 7 5 76 
749 2 7 76 
725 3 8 76 
434 4 7 76 
174 5 6 76 
5359 6 5 76 
5268 7 4 76 
4900 0 6 76 
4526 2 6 76 
4436 3 7 76 
4181 4 6 76 
3430 5 5 76 
1928 6 0 76 
1040 6 4 76 
883 7 3 76 
484 0 5 76 
292 1 6 76 
5602 3 6 76 
5592 4 5 76 
5019 5 0 76 
4649 5 4 76 
4577 6 1 76 
4320 6 3 76 
4297 0 4 76 
4171 1 5 76 
4108 3 5 76 
3291 4 0 76 
2531 4 4 76 
2180 5 1 76 
1915 5 3 76 
1788 6 2 76 
1706 0 3 76 
1240 1 4 76 
1026 2 5 76 
739 3 0 76 
702 3 4 76 
42 4 1 76 
6079 4 3 76 
6046 5 2 76 
5078 1 3 76 
4937 2 4 76 
4680 3 1 76 
4070 3 3 76 
3702 4 2 76 
3282 2 3 76 
2156 3 2 76 
2099 2 2 76 
1658 1 2 76 
1016 2 1 76 
774 0 2 76 
6005 1 1 76 
5105 2 0 76 
3262 0 1 76 
1019 1 0 76 
4060 0 0 76 
38 1 1 88 
1852 1 4 90 
2376 4 1 90 
154 5 1 90 
4016 4 6 91 
2598 2 8 92 
4564 1 8 92 
5512 7 6 92 
4792 11 1 94 
129 12 8 94 
2959 8 1 95 
1916 9 11 97 
5067 9 12 97 
5804 18 1 98 
5844 18 11 98 
