1868
4480 0 19 1 
4314 0 0 1 
4293 0 18 1 
4183 1 19 1 
4053 0 1 1 
3998 0 11 1 
3737 0 17 1 
3648 1 0 1 
3611 1 18 1 
3596 2 19 1 
3214 0 2 1 
2944 0 6 1 
2853 0 10 1 
2848 0 16 1 
2496 1 1 1 
2451 1 11 1 
2302 1 17 1 
2275 2 0 1 
2268 2 18 1 
2212 3 19 1 
2209 9 19 1 
2114 0 3 1 
1901 0 7 1 
1898 0 9 1 
1831 0 15 1 
1545 1 2 1 
1462 1 6 1 
1372 1 10 1 
1271 1 16 1 
1212 2 1 1 
1139 2 11 1 
1054 2 17 1 
446 3 0 1 
417 3 18 1 
122 4 19 1 
120 8 19 1 
4593 9 18 1 
4572 0 4 1 
4502 0 8 1 
4350 0 14 1 
4339 1 3 1 
4310 1 7 1 
4155 1 9 1 
4139 1 15 1 
4091 2 2 1 
4009 2 6 1 
3770 2 10 1 
3547 2 16 1 
3474 3 1 1 
3313 3 11 1 
3271 3 17 1 
2819 4 0 1 
2597 4 18 1 
2444 5 19 1 
2391 7 19 1 
2315 8 18 1 
2280 9 17 1 
2246 0 5 1 
1742 0 13 1 
1467 1 4 1 
1244 1 8 1 
1223 1 14 1 
949 2 3 1 
617 2 7 1 
576 2 9 1 
500 2 15 1 
419 3 2 1 
332 3 10 1 
194 3 16 1 
172 4 1 1 
137 4 11 1 
4484 4 17 1 
3711 5 0 1 
3582 5 18 1 
3448 6 11 1 
3426 6 19 1 
3323 7 18 1 
3246 8 17 1 
3232 9 0 1 
3000 0 12 1 
2902 1 5 1 
2694 1 13 1 
2552 2 4 1 
2416 2 8 1 
2414 2 14 1 
2331 3 3 1 
2296 3 9 1 
2198 3 15 1 
2036 4 2 1 
1868 4 10 1 
1823 4 16 1 
1716 5 1 1 
1699 5 11 1 
1639 5 17 1 
1506 6 0 1 
1352 6 10 1 
1192 6 18 1 
907 7 17 1 
672 8 0 1 
480 9 1 1 
223 1 12 1 
4561 2 5 1 
4506 2 13 1 
4440 3 4 1 
4031 3 8 1 
3935 3 14 1 
3902 4 3 1 
3889 4 9 1 
3753 4 15 1 
3478 5 2 1 
3022 5 10 1 
2906 5 16 1 
2350 6 1 1 
2349 6 9 1 
2064 6 17 1 
2014 7 0 1 
1990 8 1 1 
1879 9 2 1 
1738 2 12 1 
1680 3 5 1 
1668 3 7 1 
1593 3 13 1 
804 4 4 1 
702 4 8 1 
635 4 14 1 
371 5 3 1 
299 5 9 1 
224 5 15 1 
4545 6 2 1 
4500 6 8 1 
4348 6 16 1 
4328 7 1 1 
4181 8 2 1 
4038 9 3 1 
4003 3 6 1 
3896 3 12 1 
3569 4 5 1 
3527 4 7 1 
3508 4 13 1 
3275 5 4 1 
3107 5 8 1 
2915 5 14 1 
2651 6 3 1 
2591 6 7 1 
2413 6 15 1 
2227 7 2 1 
2094 7 16 1 
1774 8 3 1 
896 9 4 1 
368 10 19 1 
32 4 6 1 
3 4 12 1 
4618 5 5 1 
4600 5 7 1 
4465 5 13 1 
4434 6 4 1 
4292 6 14 1 
4241 7 3 1 
4032 7 15 1 
3798 8 4 1 
3722 8 16 1 
3720 10 18 1 
3222 11 19 1 
3118 19 19 1 
3105 5 6 1 
2903 5 12 1 
2727 6 5 1 
2563 6 13 1 
2502 7 4 1 
2240 7 14 1 
1646 8 15 1 
1309 9 16 1 
1300 10 17 1 
1279 11 18 1 
1112 12 5 1 
1071 12 19 1 
1032 14 19 1 
992 18 19 1 
926 19 18 1 
769 6 6 1 
675 6 12 1 
503 7 5 1 
491 7 13 1 
483 8 14 1 
405 9 15 1 
350 10 16 1 
193 11 5 1 
14 11 17 1 
2 12 6 1 
4425 12 18 1 
4375 13 19 1 
4231 14 18 1 
4167 17 19 1 
3927 18 18 1 
3523 19 17 1 
3520 7 6 1 
3439 7 12 1 
3329 8 5 1 
3019 8 13 1 
3007 9 14 1 
2987 10 5 1 
2840 10 15 1 
2721 11 6 1 
2620 11 16 1 
2505 12 7 1 
2479 12 17 1 
2229 13 18 1 
2010 14 17 1 
1743 16 19 1 
1347 17 18 1 
1180 18 17 1 
555 19 16 1 
377 7 7 1 
239 7 11 1 
66 8 6 1 
8 8 12 1 
4550 9 5 1 
4539 9 13 1 
4498 10 6 1 
4331 10 14 1 
4088 11 7 1 
4027 11 15 1 
3904 12 16 1 
3692 13 17 1 
3682 14 16 1 
3541 15 19 1 
3522 16 18 1 
2553 17 17 1 
2506 18 16 1 
2485 19 15 1 
2431 7 8 1 
1861 7 10 1 
1659 8 7 1 
1464 8 11 1 
1419 9 6 1 
1362 9 12 1 
1205 10 7 1 
1028 10 13 1 
408 11 14 1 
4566 12 15 1 
4533 13 16 1 
4472 14 15 1 
4429 15 18 1 
4195 16 17 1 
4005 17 16 1 
4002 18 15 1 
3897 19 14 1 
3610 7 9 1 
3485 8 8 1 
3416 8 10 1 
3391 9 7 1 
3116 9 11 1 
2969 10 12 1 
2883 11 13 1 
2790 12 14 1 
2436 13 15 1 
2202 15 17 1 
1981 16 16 1 
1828 17 15 1 
1768 18 14 1 
1674 19 13 1 
1640 8 9 1 
1504 9 8 1 
1353 9 10 1 
1334 10 11 1 
942 11 12 1 
667 12 13 1 
149 13 14 1 
3882 15 16 1 
3765 16 15 1 
3708 17 14 1 
3349 18 13 1 
3090 19 12 1 
2905 9 9 1 
2701 10 8 1 
2640 10 10 1 
2473 11 11 1 
2254 12 12 1 
1821 13 13 1 
1810 14 14 1 
1612 15 15 1 
1511 16 14 1 
1317 17 13 1 
1263 18 12 1 
1006 10 9 1 
894 11 8 1 
877 11 10 1 
846 12 11 1 
832 13 12 1 
765 14 13 1 
603 15 14 1 
118 16 13 1 
24 17 12 1 
4603 11 9 1 
4453 12 8 1 
3971 12 10 1 
3940 13 11 1 
3741 14 12 1 
3700 15 13 1 
3337 16 12 1 
3156 19 11 1 
2951 12 9 1 
2723 13 10 1 
2428 14 11 1 
2334 15 12 1 
1849 18 11 1 
1814 19 10 1 
1775 13 9 1 
1696 14 10 1 
1660 15 11 1 
1243 17 11 1 
872 18 10 1 
724 19 9 1 
211 14 9 1 
4423 15 10 1 
4413 16 11 1 
4316 17 10 1 
4228 18 9 1 
4047 19 8 1 
3763 15 9 1 
3629 16 10 1 
3328 17 9 1 
2912 18 8 1 
2867 19 7 1 
2852 16 9 1 
2589 17 8 1 
2467 18 7 1 
2373 19 6 1 
2150 10 0 1 
2116 16 8 1 
1293 17 7 1 
1059 18 6 1 
787 19 5 1 
754 10 1 1 
609 11 0 1 
602 13 8 1 
531 15 8 1 
325 16 7 1 
4476 17 6 1 
4360 18 5 1 
4216 19 4 1 
3961 10 2 1 
3959 10 4 1 
3853 11 1 1 
3732 12 0 1 
3593 13 7 1 
2804 14 8 1 
2319 15 7 1 
2137 16 6 1 
1705 17 5 1 
1647 18 4 1 
1492 19 3 1 
1351 10 3 1 
1330 11 2 1 
1257 11 4 1 
1219 12 1 1 
4221 13 0 1 
3969 13 6 1 
3895 14 7 1 
3797 15 6 1 
3727 16 5 1 
3509 17 4 1 
3465 18 3 1 
3231 19 2 1 
2964 11 3 1 
2893 12 2 1 
2434 12 4 1 
2317 13 1 1 
1201 13 5 1 
4325 14 6 1 
4157 15 5 1 
3771 16 4 1 
3762 17 3 1 
3519 18 2 1 
3355 19 1 1 
3312 12 3 1 
2672 13 2 1 
2613 13 4 1 
2596 14 5 1 
1957 15 4 1 
21 16 3 1 
2748 17 2 1 
2717 18 1 1 
2069 19 0 1 
2024 13 3 1 
1429 14 4 1 
888 15 3 1 
841 16 2 1 
551 17 1 1 
439 18 0 1 
126 14 3 1 
4219 15 2 1 
4122 16 1 1 
3403 17 0 1 
3295 14 2 1 
3130 15 1 1 
2778 16 0 1 
1563 14 1 1 
4114 15 0 1 
3421 14 0 1 
805 15 1 12 
1305 15 2 12 
2474 16 1 12 
1578 14 4 13 
262 15 3 13 
438 16 2 13 
1537 17 1 13 
50 12 3 14 
741 14 5 14 
775 15 4 14 
875 17 2 13 
3614 18 1 13 
359 11 3 15 
475 12 2 15 
647 14 6 14 
853 15 5 14 
1471 18 2 14 
2460 11 2 16 
2923 12 1 16 
3875 14 7 15 
4290 15 6 15 
42 16 5 15 
80 11 1 16 
1310 15 7 16 
3268 17 5 16 
3703 18 5 16 
3993 17 8 17 
28 16 10 17 
2021 17 9 17 
2713 18 8 17 
4127 15 10 17 
713 17 10 17 
2324 18 9 17 
3003 14 10 18 
3661 18 10 18 
4034 13 10 18 
4337 14 11 18 
397 11 9 18 
543 12 10 18 
559 13 11 18 
591 14 12 18 
597 15 13 18 
807 10 9 19 
1011 11 10 19 
1597 13 12 19 
2220 14 13 19 
2448 16 13 19 
3163 9 9 19 
4263 10 10 19 
993 13 13 19 
1081 16 14 19 
1359 17 13 19 
1650 8 9 20 
2837 9 10 20 
2945 12 13 20 
3149 16 15 19 
3217 17 14 19 
3774 18 13 19 
3820 8 8 20 
69 8 10 20 
231 11 13 20 
342 12 14 20 
442 16 16 20 
910 17 15 20 
1851 18 14 20 
2707 8 7 21 
3174 9 6 21 
3281 10 13 21 
4492 11 14 21 
4428 0 19 26 
4304 0 0 26 
4215 0 18 26 
4165 1 19 26 
4138 0 1 26 
4035 0 11 26 
3791 0 17 26 
3570 1 0 26 
3536 1 18 26 
3270 2 19 26 
3225 0 2 26 
3179 0 6 26 
3032 0 10 26 
3029 0 16 26 
2874 1 1 26 
2868 1 11 26 
2738 1 17 26 
2592 2 0 26 
2528 2 18 26 
2520 3 19 26 
2337 9 19 26 
1964 0 3 26 
1941 0 7 26 
1938 0 9 26 
1638 0 15 26 
1246 1 2 26 
1159 1 6 26 
1153 1 10 26 
1148 1 16 26 
1128 2 1 26 
1120 2 11 26 
1015 2 17 26 
695 3 0 26 
533 3 18 26 
450 4 19 26 
414 8 19 26 
144 9 18 26 
127 0 4 26 
95 0 8 26 
26 0 14 26 
4591 1 3 26 
4393 1 7 26 
4371 1 9 26 
4354 1 15 26 
4323 2 2 26 
4296 2 6 26 
4134 2 10 26 
3814 2 16 26 
3795 3 1 26 
3691 3 11 26 
3581 3 17 26 
3571 4 0 26 
3287 4 18 26 
3259 5 19 26 
3244 7 19 26 
2929 8 18 26 
2495 9 17 26 
2486 0 5 26 
2407 0 13 26 
2401 1 4 26 
1984 1 8 26 
1924 1 14 26 
1812 2 3 26 
1392 2 7 26 
1343 2 9 26 
920 2 15 26 
814 3 2 26 
806 3 10 26 
776 3 16 26 
742 4 1 26 
459 4 11 26 
258 4 17 26 
166 5 0 26 
4299 5 18 26 
4253 6 11 26 
4140 6 19 26 
4110 7 18 26 
4098 8 17 26 
4016 9 0 26 
3844 0 12 26 
3782 1 5 26 
3537 1 13 26 
3514 2 4 26 
3291 2 8 26 
3245 2 14 26 
3063 3 3 26 
2746 3 9 26 
2547 3 15 26 
2532 4 2 26 
2328 4 10 26 
2261 4 16 26 
2086 5 1 26 
2025 5 11 26 
2006 5 17 26 
1553 6 0 26 
1290 6 10 26 
1197 6 18 26 
1115 7 17 26 
1072 8 0 26 
966 9 1 26 
820 1 12 26 
174 2 5 26 
132 2 13 26 
53 3 4 26 
4403 3 8 26 
4307 3 14 26 
4259 4 3 26 
4145 4 9 26 
4010 4 15 26 
3868 5 2 26 
3818 5 10 26 
3578 5 16 26 
3472 6 1 26 
3438 6 9 26 
3309 6 17 26 
3043 7 0 26 
2982 8 1 26 
2562 9 2 26 
2357 2 12 26 
1934 3 5 26 
1922 3 7 26 
1815 3 13 26 
1605 4 4 26 
1445 4 8 26 
1390 4 14 26 
1010 5 3 26 
885 5 9 26 
506 5 15 26 
434 6 2 26 
272 6 8 26 
260 6 16 26 
85 7 1 26 
65 8 2 26 
4582 9 3 26 
4329 3 6 26 
4295 3 12 26 
4136 4 5 26 
4093 4 7 26 
4007 4 13 26 
3815 5 4 26 
3653 5 8 26 
3471 5 14 26 
3345 6 3 26 
3203 6 7 26 
3057 6 15 26 
3054 7 2 26 
2892 7 16 26 
2862 8 3 26 
2557 9 4 26 
2539 10 19 26 
2303 4 6 26 
2088 4 12 26 
1907 5 5 26 
1729 5 7 26 
1718 5 13 26 
1461 6 4 26 
1435 6 14 26 
1118 7 3 26 
1084 7 15 26 
780 8 4 26 
751 8 16 26 
737 10 18 26 
706 11 19 26 
494 19 19 26 
315 5 6 26 
245 5 12 26 
190 6 5 26 
78 6 13 26 
4508 7 4 26 
4479 7 14 26 
4240 8 15 26 
4191 9 16 26 
3944 10 17 26 
3602 11 18 26 
3533 12 5 26 
3262 12 19 26 
3128 14 19 26 
3014 18 19 26 
2772 19 18 26 
2659 6 6 26 
2295 6 12 26 
2216 7 5 26 
2152 7 13 26 
2087 8 14 26 
1874 9 15 26 
1517 10 16 26 
1447 11 5 26 
1423 11 17 26 
1270 12 6 26 
801 12 18 26 
380 13 19 26 
210 14 18 26 
173 17 19 26 
140 18 18 26 
4144 19 17 26 
4008 7 6 26 
3673 7 12 26 
3501 8 5 26 
3432 8 13 26 
3307 9 14 26 
3282 10 5 26 
3076 10 15 26 
3020 11 6 26 
2693 11 16 26 
2345 12 7 26 
2170 12 17 26 
1903 13 18 26 
1837 14 17 26 
1706 16 19 26 
1604 17 18 26 
1586 18 17 26 
1321 19 16 26 
1315 7 7 26 
1080 7 11 26 
821 8 6 26 
707 8 12 26 
279 9 5 26 
57 9 13 26 
7 10 6 26 
4556 10 14 26 
4486 11 7 26 
4385 11 15 26 
4154 12 16 26 
3827 13 17 26 
3551 14 16 26 
3483 15 19 26 
3374 16 18 26 
3241 17 17 26 
3047 18 16 26 
2919 19 15 26 
2877 7 8 26 
2800 7 10 26 
2760 8 7 26 
2459 8 11 26 
2148 9 6 26 
2130 9 12 26 
2068 10 7 26 
2044 10 13 26 
1906 11 14 26 
1806 12 15 26 
1747 13 16 26 
1259 14 15 26 
1031 15 18 26 
590 16 17 26 
400 17 16 26 
63 18 15 26 
4571 19 14 26 
4527 7 9 26 
4515 8 8 26 
4435 8 10 26 
4066 9 7 26 
3979 9 11 26 
3681 10 12 26 
3595 11 13 26 
3558 12 14 26 
2977 13 15 26 
2957 15 17 26 
2699 16 16 26 
2593 17 15 26 
2503 18 14 26 
2366 19 13 26 
1998 8 9 26 
1920 9 8 26 
1684 9 10 26 
1019 10 11 26 
950 11 12 26 
4378 12 13 26 
4235 13 14 26 
4178 15 16 26 
4085 16 15 26 
4062 17 14 26 
3880 18 13 26 
3745 19 12 26 
3517 9 9 26 
3339 10 8 26 
3299 10 10 26 
3243 11 11 26 
3169 12 12 26 
2873 13 13 26 
2803 14 14 26 
2396 15 15 26 
1636 16 14 26 
1540 17 13 26 
1275 18 12 26 
1129 10 9 26 
977 11 8 26 
333 11 10 26 
129 12 11 26 
4594 13 12 26 
4471 14 13 26 
4029 15 14 26 
3888 16 13 26 
3646 17 12 26 
3612 11 9 26 
2954 12 8 26 
2879 12 10 26 
2876 13 11 26 
2529 14 12 26 
2371 15 13 26 
2160 16 12 26 
2019 19 11 26 
1866 12 9 26 
1759 13 10 26 
1069 14 11 26 
891 15 12 26 
879 18 11 26 
778 19 10 26 
195 13 9 26 
4258 14 10 26 
3784 15 11 26 
3048 17 11 26 
2860 18 10 26 
2735 19 9 26 
2483 14 9 26 
1893 15 10 26 
1873 16 11 26 
1770 17 10 26 
1698 18 9 26 
1420 19 8 26 
1350 15 9 26 
1175 16 10 26 
745 17 9 26 
719 18 8 26 
676 19 7 26 
670 16 9 26 
665 17 8 26 
11 18 7 26 
4606 19 6 26 
4347 10 0 26 
4164 16 8 26 
3833 17 7 26 
3713 18 6 26 
3560 19 5 26 
3449 10 1 26 
2918 11 0 26 
2858 13 8 26 
2742 15 8 26 
2394 16 7 26 
2172 17 6 26 
2117 18 5 26 
2008 19 4 26 
1817 10 2 26 
1624 10 4 26 
1582 11 1 26 
1513 12 0 26 
1459 13 7 26 
1245 14 8 26 
1232 15 7 26 
752 16 6 26 
687 17 5 26 
614 18 4 26 
367 19 3 26 
267 10 3 26 
4441 11 2 26 
4301 11 4 26 
3740 12 1 26 
3651 13 0 26 
3458 13 6 26 
3189 14 7 26 
2984 15 6 26 
2695 16 5 26 
2450 17 4 26 
2389 18 3 26 
220 19 2 26 
4399 11 3 26 
2590 12 2 26 
2438 12 4 26 
2418 13 1 26 
2297 13 5 26 
1453 14 6 26 
1298 15 5 26 
1214 16 4 26 
634 17 3 26 
601 18 2 26 
331 19 1 26 
4125 12 3 26 
3216 13 2 26 
3164 13 4 26 
2811 14 5 26 
1609 15 4 26 
1383 16 3 26 
1230 17 2 26 
1162 18 1 26 
978 19 0 26 
824 13 3 26 
495 14 4 26 
383 15 3 26 
4121 16 2 26 
3890 17 1 26 
3746 18 0 26 
3544 14 3 26 
3227 15 2 26 
2928 16 1 26 
1560 17 0 26 
1510 14 2 26 
3199 15 1 26 
2993 16 0 26 
1867 14 1 26 
1651 15 0 26 
1589 14 0 26 
1673 15 1 36 
947 15 2 37 
364 16 1 37 
983 14 4 38 
4560 15 3 38 
508 16 2 37 
572 17 1 37 
4565 12 3 38 
269 14 5 38 
335 15 4 38 
524 17 2 38 
837 18 1 38 
957 11 3 39 
1687 12 2 39 
2168 14 6 39 
2353 15 5 39 
4605 18 2 39 
1626 11 2 40 
4094 12 1 40 
153 14 7 40 
276 15 6 40 
436 16 5 40 
1852 11 1 41 
3591 15 7 41 
3604 17 5 41 
4119 18 5 41 
1530 17 8 42 
1956 16 10 42 
2617 17 9 42 
2832 18 8 42 
4280 15 10 42 
674 17 10 42 
1048 18 9 42 
2566 14 10 42 
3064 18 10 42 
3804 13 10 43 
587 14 11 43 
653 11 9 43 
1147 12 10 43 
2476 13 11 43 
2988 14 12 43 
98 15 13 43 
834 10 9 44 
1915 11 10 44 
2480 13 12 43 
3139 14 13 43 
3353 16 13 43 
227 9 9 44 
791 10 10 44 
1216 13 13 44 
1258 16 14 44 
1769 17 13 44 
2507 8 9 45 
4194 9 10 45 
4408 12 13 44 
4612 16 15 44 
452 17 14 44 
1026 18 13 44 
1242 8 8 45 
1554 8 10 45 
1905 11 13 45 
2510 12 14 45 
3265 16 16 45 
3619 17 15 45 
4109 18 14 45 
4592 8 7 46 
4599 0 19 51 
4522 0 0 51 
4427 0 18 51 
4332 1 19 51 
3908 0 1 51 
3865 0 11 51 
3816 0 17 51 
3799 1 0 51 
3686 1 18 51 
3668 2 19 51 
3601 0 2 51 
3511 0 6 51 
3423 0 10 51 
3277 0 16 51 
3264 1 1 51 
3224 1 11 51 
3176 1 17 51 
3167 2 0 51 
3106 2 18 51 
3037 3 19 51 
2759 9 19 51 
2369 0 3 51 
2279 0 7 51 
2269 0 9 51 
2237 0 15 51 
2066 1 2 51 
2055 1 6 51 
1344 1 10 51 
1333 1 16 51 
1265 2 1 51 
1078 2 11 51 
878 2 17 51 
718 3 0 51 
522 3 18 51 
425 4 19 51 
422 8 19 51 
209 9 18 51 
115 0 4 51 
93 0 8 51 
77 0 14 51 
4383 1 3 51 
4342 1 7 51 
4330 1 9 51 
4172 1 15 51 
4141 2 2 51 
3899 2 6 51 
3664 2 10 51 
3587 2 16 51 
3397 3 1 51 
3373 3 11 51 
3351 3 17 51 
3170 4 0 51 
3126 4 18 51 
3053 5 19 51 
2606 7 19 51 
2430 8 18 51 
2211 9 17 51 
1695 0 5 51 
1456 0 13 51 
1432 1 4 51 
1397 1 8 51 
1224 1 14 51 
1130 2 3 51 
898 2 7 51 
571 2 9 51 
476 2 15 51 
426 3 2 51 
203 3 10 51 
119 3 16 51 
105 4 1 51 
4353 4 11 51 
4269 4 17 51 
4028 5 0 51 
3928 5 18 51 
3912 6 11 51 
3633 6 19 51 
3371 7 18 51 
3289 8 17 51 
3111 9 0 51 
2770 0 12 51 
2569 1 5 51 
2484 1 13 51 
2412 2 4 51 
2243 2 8 51 
2120 2 14 51 
1895 3 3 51 
1546 3 9 51 
1524 3 15 51 
1440 4 2 51 
1278 4 10 51 
1100 4 16 51 
485 5 1 51 
389 5 11 51 
5 5 17 51 
4553 6 0 51 
4352 6 10 51 
4261 6 18 51 
4205 7 17 51 
4092 8 0 51 
3876 9 1 51 
3662 1 12 51 
3643 2 5 51 
3158 2 13 51 
3089 3 4 51 
3001 3 8 51 
2976 3 14 51 
2911 4 3 51 
2792 4 9 51 
2618 4 15 51 
2463 5 2 51 
2377 5 10 51 
2282 5 16 51 
2185 6 1 51 
1999 6 9 51 
1919 6 17 51 
1833 7 0 51 
1709 8 1 51 
1585 9 2 51 
1552 2 12 51 
1304 3 5 51 
914 3 7 51 
729 3 13 51 
648 4 4 51 
547 4 8 51 
411 4 14 51 
370 5 3 51 
208 5 9 51 
12 5 15 51 
4468 6 2 51 
4412 6 8 51 
3962 6 16 51 
3812 7 1 51 
3453 8 2 51 
2914 9 3 51 
2898 3 6 51 
2671 3 12 51 
2355 4 5 51 
2182 4 7 51 
2175 4 13 51 
2142 5 4 51 
2003 5 8 51 
1841 5 14 51 
1730 6 3 51 
1701 6 7 51 
1581 6 15 51 
1518 7 2 51 
1313 7 16 51 
1268 8 3 51 
1254 9 4 51 
1239 10 19 51 
856 4 6 51 
293 4 12 51 
213 5 5 51 
152 5 7 51 
4214 5 13 51 
4096 6 4 51 
4044 6 14 51 
3953 7 3 51 
3878 7 15 51 
3859 8 4 51 
3719 8 16 51 
3440 10 18 51 
3387 11 19 51 
3173 19 19 51 
3045 5 6 51 
2922 5 12 51 
2824 6 5 51 
2683 6 13 51 
2512 7 4 51 
2509 7 14 51 
2499 8 15 51 
2169 9 16 51 
1784 10 17 51 
1653 11 18 51 
1637 12 5 51 
1625 12 19 51 
1591 14 19 51 
1487 18 19 51 
1277 19 18 51 
1226 6 6 51 
1095 6 12 51 
545 7 5 51 
326 7 13 51 
90 8 14 51 
4617 9 15 51 
4512 10 16 51 
4246 11 5 51 
4105 11 17 51 
3394 12 6 51 
3334 12 18 51 
3296 13 19 51 
3125 14 18 51 
3103 17 19 51 
2741 18 18 51 
2487 19 17 51 
2256 7 6 51 
2135 7 12 51 
2111 8 5 51 
1992 8 13 51 
1711 9 14 51 
1681 10 5 51 
1571 10 15 51 
1345 11 6 51 
897 11 16 51 
379 12 7 51 
320 12 17 51 
22 13 18 51 
4552 14 17 51 
4490 16 19 51 
4391 17 18 51 
3521 18 17 51 
3186 19 16 51 
3094 7 7 51 
3031 7 11 51 
2806 8 6 51 
2475 8 12 51 
2193 9 5 51 
2121 9 13 51 
2108 10 6 51 
1991 10 14 51 
1923 11 7 51 
1811 11 15 51 
1606 12 16 51 
1481 13 17 51 
1326 14 16 51 
1289 15 19 51 
1238 16 18 51 
810 17 17 51 
696 18 16 51 
473 19 15 51 
467 7 8 51 
191 7 10 51 
74 8 7 51 
4610 8 11 51 
4369 9 6 51 
4149 9 12 51 
3884 10 7 51 
3678 10 13 51 
3659 11 14 51 
3386 12 15 51 
3290 13 16 51 
3083 14 15 51 
2981 15 18 51 
2165 16 17 51 
2073 17 16 51 
2049 18 15 51 
1843 19 14 51 
1834 7 9 51 
1573 8 8 51 
1342 8 10 51 
1303 9 7 51 
1249 9 11 51 
1173 10 12 51 
985 11 13 51 
794 12 14 51 
783 13 15 51 
726 15 17 51 
708 16 16 51 
636 17 15 51 
330 18 14 51 
289 19 13 51 
283 8 9 51 
4495 9 8 51 
4380 9 10 51 
4297 10 11 51 
3980 11 12 51 
3715 12 13 51 
3695 13 14 51 
3525 15 16 51 
3467 16 15 51 
3360 17 14 51 
3061 18 13 51 
2658 19 12 51 
2511 9 9 51 
2477 10 8 51 
2339 10 10 51 
2285 11 11 51 
2226 12 12 51 
1745 13 13 51 
1631 14 14 51 
1283 15 15 51 
892 16 14 51 
813 17 13 51 
646 18 12 51 
486 10 9 51 
318 11 8 51 
4361 11 10 51 
4074 12 11 51 
3852 13 12 51 
3752 14 13 51 
3689 15 14 51 
2932 16 13 51 
2920 17 12 51 
2745 11 9 51 
2387 12 8 51 
1995 12 10 51 
1607 13 11 51 
1595 14 12 51 
1499 15 13 51 
939 16 12 51 
859 19 11 51 
715 12 9 51 
604 13 10 51 
163 14 11 51 
4374 15 12 51 
4346 18 11 51 
4222 19 10 51 
4180 13 9 51 
4128 14 10 51 
3966 15 11 51 
3830 17 11 51 
3494 18 10 51 
3411 19 9 51 
3319 14 9 51 
3297 15 10 51 
2845 16 11 51 
2515 17 10 51 
2365 18 9 51 
2364 19 8 51 
2247 15 9 51 
1902 16 10 51 
1610 17 9 51 
1527 18 8 51 
1386 19 7 51 
1158 16 9 51 
1146 17 8 51 
1064 18 7 51 
969 19 6 51 
880 10 0 51 
876 16 8 51 
833 17 7 51 
743 18 6 51 
600 19 5 51 
470 10 1 51 
29 11 0 51 
4607 13 8 51 
4557 15 8 51 
4491 16 7 51 
4104 17 6 51 
3660 18 5 51 
3431 19 4 51 
2698 10 2 51 
2134 10 4 51 
2079 11 1 51 
2007 12 0 51 
1829 13 7 51 
1740 14 8 51 
1645 15 7 51 
1575 16 6 51 
1299 17 5 51 
1252 18 4 51 
1056 19 3 51 
1001 10 3 51 
987 11 2 51 
822 11 4 51 
753 12 1 51 
16 13 0 51 
3409 13 6 51 
3384 14 7 51 
3201 15 6 51 
3124 16 5 51 
2482 17 4 51 
2360 18 3 51 
2293 19 2 51 
1983 11 3 51 
1795 12 2 51 
1442 12 4 51 
1196 13 1 51 
4587 13 5 51 
4065 14 6 51 
3333 15 5 51 
2144 16 4 51 
1724 17 3 51 
1720 18 2 51 
1613 19 1 51 
1538 12 3 51 
933 13 2 51 
870 13 4 51 
652 14 5 51 
366 15 4 51 
4188 16 3 51 
4171 17 2 51 
4015 18 1 51 
3892 19 0 51 
3247 13 3 51 
3145 14 4 51 
2517 15 3 51 
1783 16 2 51 
1746 17 1 51 
1335 18 0 51 
1264 14 3 51 
1169 15 2 51 
402 16 1 51 
4388 17 0 51 
3796 14 2 51 
2850 15 1 51 
1947 16 0 51 
1692 14 1 51 
861 15 0 51 
471 14 0 51 
488 15 1 62 
4548 15 2 63 
2730 16 1 63 
2880 14 4 63 
297 15 3 63 
460 16 2 63 
808 17 1 63 
2763 12 3 64 
3452 14 5 64 
4289 15 4 64 
428 17 2 63 
613 18 1 63 
1690 11 3 65 
798 12 2 65 
1113 14 6 64 
1126 15 5 64 
3251 18 2 64 
683 11 2 66 
738 12 1 66 
797 14 7 65 
829 15 6 65 
1117 16 5 65 
1608 11 1 66 
1858 15 7 66 
2023 17 5 66 
463 18 5 66 
511 17 8 67 
1536 16 10 67 
1779 17 9 67 
2236 18 8 67 
2385 15 10 67 
2568 17 10 67 
3113 18 9 67 
3196 14 10 67 
3350 18 10 67 
356 13 10 68 
1124 14 11 68 
1137 11 9 68 
1168 12 10 68 
1869 13 11 68 
1929 14 12 68 
2224 15 13 68 
4220 10 9 69 
346 11 10 68 
499 13 12 68 
510 14 13 68 
616 16 13 68 
1122 9 9 69 
1887 10 10 69 
1909 13 13 69 
2105 16 14 69 
2494 17 13 69 
3943 8 9 70 
43 9 10 69 
608 12 13 69 
638 16 15 69 
1076 17 14 69 
1620 18 13 69 
2980 8 8 70 
4401 8 10 70 
64 11 13 70 
1587 12 14 70 
1792 16 16 70 
2719 17 15 70 
2777 18 14 70 
2955 8 7 71 
3656 9 6 70 
3997 10 13 70 
4390 11 14 70 
4575 0 19 76 
4414 0 0 76 
4217 0 18 76 
4166 1 19 76 
3843 0 1 76 
3636 0 11 76 
3515 0 17 76 
3492 1 0 76 
3441 1 18 76 
3413 2 19 76 
3393 0 2 76 
3242 0 6 76 
3142 0 10 76 
3049 0 16 76 
2959 1 1 76 
2714 1 11 76 
2455 1 17 76 
2265 2 0 76 
2217 2 18 76 
1966 3 19 76 
1877 9 19 76 
1643 0 3 76 
1512 0 7 76 
1354 0 9 76 
1336 0 15 76 
1314 1 2 76 
1221 1 6 76 
1087 1 10 76 
857 1 16 76 
796 2 1 76 
792 2 11 76 
630 2 17 76 
618 3 0 76 
478 3 18 76 
447 4 19 76 
309 8 19 76 
99 9 18 76 
4523 0 4 76 
4494 0 8 76 
4162 0 14 76 
4089 1 3 76 
4076 1 7 76 
3901 1 9 76 
3769 1 15 76 
3704 2 2 76 
3263 2 6 76 
3132 2 10 76 
2961 2 16 76 
2871 3 1 76 
2647 3 11 76 
2461 3 17 76 
2443 4 0 76 
2442 4 18 76 
2186 5 19 76 
2138 7 19 76 
2067 8 18 76 
2011 9 17 76 
1872 0 5 76 
1790 0 13 76 
1771 1 4 76 
1539 1 8 76 
1514 1 14 76 
980 2 3 76 
954 2 7 76 
945 2 9 76 
883 2 15 76 
731 3 2 76 
697 3 10 76 
625 3 16 76 
579 4 1 76 
504 4 11 76 
444 4 17 76 
307 5 0 76 
178 5 18 76 
4520 6 11 76 
4370 6 19 76 
4322 7 18 76 
4108 8 17 76 
4060 9 0 76 
3972 0 12 76 
3437 1 5 76 
3315 1 13 76 
3147 2 4 76 
3143 2 8 76 
2965 2 14 76 
2710 3 3 76 
2470 3 9 76 
2304 3 15 76 
2255 4 2 76 
2199 4 10 76 
1739 4 16 76 
1727 5 1 76 
1570 5 11 76 
1522 5 17 76 
1519 6 0 76 
1428 6 10 76 
1262 6 18 76 
1016 7 17 76 
730 8 0 76 
558 9 1 76 
538 1 12 76 
286 2 5 76 
184 2 13 76 
61 3 4 76 
9 3 8 76 
6 3 14 76 
4596 4 3 76 
4409 4 9 76 
4373 4 15 76 
4234 5 2 76 
4115 5 10 76 
4075 5 16 76 
4052 6 1 76 
3946 6 9 76 
3751 6 17 76 
3717 7 0 76 
3663 8 1 76 
3456 9 2 76 
3331 2 12 76 
3327 3 5 76 
3184 3 7 76 
3141 3 13 76 
2970 4 4 76 
2884 4 8 76 
2744 4 14 76 
2538 5 3 76 
2498 5 9 76 
2222 5 15 76 
2127 6 2 76 
1757 6 8 76 
1371 6 16 76 
1194 7 1 76 
1029 8 2 76 
565 9 3 76 
198 3 6 76 
128 3 12 76 
4574 4 5 76 
4406 4 7 76 
4320 4 13 76 
4287 5 4 76 
4086 5 8 76 
4058 5 14 76 
4057 6 3 76 
3974 6 7 76 
3855 6 15 76 
3848 7 2 76 
3705 7 16 76 
3568 8 3 76 
3435 9 4 76 
3322 10 19 76 
3240 4 6 76 
3104 4 12 76 
3071 5 5 76 
3015 5 7 76 
2376 5 13 76 
2146 6 4 76 
1864 6 14 76 
1826 7 3 76 
1284 7 15 76 
1218 8 4 76 
970 8 16 76 
254 10 18 76 
4537 11 19 76 
4463 19 19 76 
4416 5 6 76 
4276 5 12 76 
4248 6 5 76 
4199 6 13 76 
4078 7 4 76 
3688 7 14 76 
3672 8 15 76 
3634 9 16 76 
3272 10 17 76 
3172 11 18 76 
3144 12 5 76 
2904 12 19 76 
2886 14 19 76 
2657 18 19 76 
2652 19 18 76 
2576 6 6 76 
2556 6 12 76 
2311 7 5 76 
2294 7 13 76 
2221 8 14 76 
2187 9 15 76 
2173 10 16 76 
1900 11 5 76 
1825 11 17 76 
1463 12 6 76 
1241 12 18 76 
1166 13 19 76 
1025 14 18 76 
968 17 19 76 
835 18 18 76 
826 19 17 76 
70 7 6 76 
4584 7 12 76 
4549 8 5 76 
4521 8 13 76 
4499 9 14 76 
4466 10 5 76 
4255 10 15 76 
3776 11 6 76 
3669 11 16 76 
3481 12 7 76 
3375 12 17 76 
3062 13 18 76 
3011 14 17 76 
2985 16 19 76 
2894 17 18 76 
2725 18 17 76 
2500 19 16 76 
2214 7 7 76 
2063 7 11 76 
1930 8 6 76 
1590 8 12 76 
1484 9 5 76 
1094 9 13 76 
918 10 6 76 
831 10 14 76 
762 11 7 76 
479 11 15 76 
278 12 16 76 
135 13 17 76 
4547 14 16 76 
4133 15 19 76 
4100 16 18 76 
4063 17 17 76 
3941 18 16 76 
3854 19 15 76 
3775 7 8 76 
3731 7 10 76 
3401 8 7 76 
3266 8 11 76 
3100 9 6 76 
3052 9 12 76 
2972 10 7 76 
2909 10 13 76 
2865 11 14 76 
2817 12 15 76 
2325 13 16 76 
2124 14 15 76 
2039 15 18 76 
1977 16 17 76 
1316 17 16 76 
1052 18 15 76 
746 19 14 76 
740 7 9 76 
583 8 8 76 
487 8 10 76 
204 9 7 76 
4306 9 11 76 
4257 10 12 76 
4077 11 13 76 
3973 12 14 76 
3903 13 15 76 
3807 15 17 76 
3712 16 16 76 
3625 17 15 76 
3389 18 14 76 
3192 19 13 76 
2998 8 9 76 
2967 9 8 76 
2901 9 10 76 
2446 10 11 76 
2153 11 12 76 
2077 12 13 76 
1989 13 14 76 
1505 15 16 76 
720 16 15 76 
507 17 14 76 
154 18 13 76 
4227 19 12 76 
3985 9 9 76 
3960 10 8 76 
3693 10 10 76 
3590 11 11 76 
3420 12 12 76 
3178 13 13 76 
3024 14 14 76 
2664 15 15 76 
2540 16 14 76 
2423 17 13 76 
2308 18 12 76 
2301 10 9 76 
2103 11 8 76 
2038 11 10 76 
1888 12 11 76 
1803 13 12 76 
1756 14 13 76 
292 15 14 76 
4569 16 13 76 
4474 17 12 76 
4419 11 9 76 
4394 12 8 76 
3238 12 10 76 
3168 13 11 76 
3023 14 12 76 
2409 15 13 76 
2400 16 12 76 
2359 19 11 76 
2262 12 9 76 
2260 13 10 76 
2005 14 11 76 
1945 15 12 76 
1881 18 11 76 
1726 19 10 76 
1662 13 9 76 
1073 14 10 76 
1067 15 11 76 
908 17 11 76 
669 18 10 76 
341 19 9 76 
37 14 9 76 
4202 15 10 76 
4069 16 11 76 
3764 17 10 76 
3671 18 9 76 
3605 19 8 76 
3428 15 9 76 
2660 16 10 76 
2550 17 9 76 
2283 18 8 76 
1979 19 7 76 
1911 16 9 76 
1688 17 8 76 
1356 18 7 76 
1341 19 6 76 
1106 10 0 76 
714 16 8 76 
255 17 7 76 
97 18 6 76 
4457 19 5 76 
4442 10 1 76 
3879 11 0 76 
3866 13 8 76 
3767 15 8 76 
3500 16 7 76 
3210 17 6 76 
3072 18 5 76 
2931 19 4 76 
2930 10 2 76 
2864 10 4 76 
2580 11 1 76 
2493 12 0 76 
2123 13 7 76 
1948 14 8 76 
1594 15 7 76 
1301 16 6 76 
564 17 5 76 
280 18 4 76 
3936 19 3 76 
3761 10 3 76 
3680 11 2 76 
3666 11 4 76 
3382 12 1 76 
3325 13 0 76 
2839 13 6 76 
2818 14 7 76 
2420 15 6 76 
2248 16 5 76 
2230 17 4 76 
1732 18 3 76 
1648 19 2 76 
1051 11 3 76 
656 12 2 76 
586 12 4 76 
125 13 1 76 
4356 13 5 76 
4187 14 6 76 
4070 15 5 76 
3434 16 4 76 
3417 17 3 76 
2996 18 2 76 
2793 19 1 76 
2747 12 3 76 
2668 13 2 76 
2513 13 4 76 
2338 14 5 76 
847 15 4 76 
689 16 3 76 
679 17 2 76 
316 18 1 76 
47 19 0 76 
10 13 3 76 
4477 14 4 76 
2457 15 3 76 
2348 16 2 76 
905 17 1 76 
862 18 0 76 
186 14 3 76 
4019 15 2 76 
3931 16 1 76 
3579 17 0 76 
2995 14 2 76 
2947 15 1 76 
2917 16 0 76 
2454 14 1 76 
2107 15 0 76 
1666 14 0 76 
4335 15 1 87 
189 15 2 87 
1758 16 1 87 
1528 14 4 88 
2990 15 3 88 
339 16 2 88 
1846 17 1 88 
2058 12 3 89 
1332 14 5 89 
1808 15 4 89 
2586 17 2 89 
2709 18 1 89 
133 11 3 90 
505 12 2 90 
1697 14 6 89 
1777 15 5 89 
1813 18 2 89 
2035 11 2 90 
2808 12 1 90 
2968 14 7 90 
3419 15 6 90 
4124 16 5 90 
1 11 1 91 
413 15 7 91 
1355 17 5 91 
1475 18 5 91 
3026 17 8 92 
3502 16 10 92 
4201 17 9 92 
384 18 8 92 
542 15 10 92 
827 17 10 92 
1339 18 9 92 
2191 14 10 93 
2697 18 10 93 
2841 13 10 93 
651 14 11 93 
1398 11 9 93 
2587 12 10 93 
2807 13 11 93 
2935 14 12 93 
111 15 13 93 
1700 10 9 94 
4264 11 10 94 
4321 13 12 94 
177 14 13 94 
206 16 13 93 
392 9 9 94 
501 10 10 94 
1174 13 13 94 
1288 16 14 94 
1558 17 13 94 
2013 8 9 95 
2525 9 10 95 
2581 12 13 95 
2895 16 15 95 
3530 17 14 95 
4224 18 13 95 
1798 8 8 96 
2045 8 10 96 
2921 11 13 95 
3344 12 14 95 
3829 16 16 95 
4573 17 15 95 
