1927
5846 0 0 1 
5741 0 1 1 
5596 1 0 1 
5427 0 2 1 
4961 1 1 1 
4795 2 0 1 
4752 0 3 1 
4680 1 2 1 
4574 2 1 1 
4006 3 0 1 
3931 0 4 1 
3777 1 3 1 
3571 2 2 1 
3329 3 1 1 
3156 4 0 1 
3155 0 5 1 
2899 0 19 1 
2788 1 4 1 
2665 2 3 1 
2349 3 2 1 
2188 4 1 1 
1529 5 0 1 
1396 0 6 1 
794 0 18 1 
679 1 5 1 
285 1 19 1 
271 2 4 1 
267 3 3 1 
3 4 2 1 
5634 5 1 1 
5609 6 0 1 
5542 0 7 1 
5456 0 17 1 
5359 1 6 1 
5220 1 18 1 
5024 2 5 1 
4939 2 19 1 
4654 3 4 1 
4507 4 3 1 
4464 5 2 1 
4260 6 1 1 
4255 0 8 1 
3962 0 16 1 
3649 1 7 1 
3623 1 17 1 
3548 2 6 1 
3530 2 18 1 
3280 3 5 1 
2865 3 19 1 
2493 4 4 1 
2430 5 3 1 
2375 6 2 1 
2213 19 19 1 
2020 0 9 1 
1732 0 15 1 
1081 1 8 1 
1001 1 16 1 
752 2 7 1 
646 2 17 1 
594 3 6 1 
321 3 18 1 
276 4 5 1 
5825 4 19 1 
5761 5 4 1 
5749 6 3 1 
5726 18 19 1 
5710 19 18 1 
5518 0 10 1 
5496 0 14 1 
5218 1 9 1 
5213 1 15 1 
5066 2 8 1 
5052 2 16 1 
4784 3 7 1 
4432 3 17 1 
4357 4 6 1 
4355 4 18 1 
4159 5 5 1 
4147 5 19 1 
4073 6 4 1 
3950 17 19 1 
3903 18 18 1 
3680 19 13 1 
3664 19 17 1 
3568 0 11 1 
3380 0 13 1 
3326 1 10 1 
3189 1 14 1 
3173 2 9 1 
2578 2 15 1 
2499 3 8 1 
2352 3 16 1 
2221 4 7 1 
2141 4 17 1 
2124 5 6 1 
2014 5 18 1 
1804 6 5 1 
597 6 19 1 
529 16 19 1 
5482 17 18 1 
5315 18 13 1 
5136 18 17 1 
4859 19 14 1 
4444 19 16 1 
4042 0 12 1 
3709 1 11 1 
3152 1 13 1 
2797 2 10 1 
2661 2 14 1 
2453 3 9 1 
2393 3 15 1 
2149 4 8 1 
2073 4 16 1 
1807 5 7 1 
1750 5 17 1 
1673 6 6 1 
1478 6 18 1 
998 7 19 1 
893 15 19 1 
832 16 18 1 
706 17 13 1 
548 17 17 1 
517 18 14 1 
376 18 16 1 
224 19 15 1 
5891 1 12 1 
5614 2 11 1 
5610 2 13 1 
5579 3 10 1 
5369 3 14 1 
5345 4 9 1 
5060 4 15 1 
5031 5 8 1 
4863 5 16 1 
4589 6 7 1 
4386 6 17 1 
3841 7 18 1 
3549 8 19 1 
3102 14 19 1 
3033 15 18 1 
2832 16 13 1 
2307 16 17 1 
2226 17 14 1 
1969 17 16 1 
1900 18 15 1 
1697 2 12 1 
1497 3 11 1 
1095 3 13 1 
524 4 10 1 
339 4 14 1 
327 5 9 1 
162 5 15 1 
151 6 8 1 
73 6 16 1 
5483 7 17 1 
5479 8 18 1 
5411 9 19 1 
5360 13 19 1 
5336 14 18 1 
4844 15 13 1 
4763 15 17 1 
4316 16 14 1 
4311 16 16 1 
4276 17 15 1 
4248 3 12 1 
4184 4 11 1 
4134 4 13 1 
4048 5 10 1 
3891 5 14 1 
3671 6 9 1 
3572 6 15 1 
3227 7 8 1 
3079 7 16 1 
2870 8 17 1 
2758 9 18 1 
2618 10 19 1 
2604 12 19 1 
2586 13 18 1 
2379 14 13 1 
2190 14 17 1 
2054 15 14 1 
1751 15 16 1 
1678 16 15 1 
1324 4 12 1 
1319 5 11 1 
782 5 13 1 
618 6 10 1 
32 6 14 1 
5681 7 9 1 
5602 7 15 1 
5455 8 8 1 
4783 8 16 1 
4737 9 17 1 
4651 10 18 1 
4438 11 19 1 
4401 12 18 1 
4180 13 13 1 
4148 13 17 1 
4001 14 14 1 
3995 14 16 1 
3801 15 15 1 
3447 5 12 1 
3401 6 11 1 
3354 6 13 1 
3212 7 10 1 
3198 7 14 1 
3127 8 9 1 
3110 8 15 1 
3045 9 16 1 
2644 10 17 1 
2353 11 18 1 
2175 12 13 1 
2101 12 17 1 
2047 13 14 1 
1841 13 16 1 
1553 14 15 1 
1535 6 12 1 
1135 7 11 1 
825 7 13 1 
625 8 10 1 
375 8 14 1 
133 9 15 1 
66 10 16 1 
61 11 17 1 
5909 12 14 1 
5608 12 16 1 
5467 13 15 1 
5358 7 12 1 
5142 8 11 1 
4440 8 13 1 
4230 9 14 1 
4120 10 15 1 
4062 11 16 1 
4027 12 15 1 
3843 8 12 1 
3707 9 13 1 
3450 10 14 1 
3271 11 15 1 
3219 9 12 1 
2605 10 13 1 
2597 11 14 1 
2552 7 7 1 
2542 9 11 1 
2186 10 12 1 
1822 11 13 1 
1665 7 0 1 
1196 7 6 1 
653 8 7 1 
5822 9 10 1 
5510 10 11 1 
5352 11 12 1 
5322 7 1 1 
5277 7 5 1 
5190 8 0 1 
5064 8 6 1 
5021 9 7 1 
5014 9 9 1 
4887 10 10 1 
4618 11 11 1 
4505 12 12 1 
3949 7 2 1 
3922 7 4 1 
3864 8 1 1 
3650 8 5 1 
3351 9 0 1 
3316 9 6 1 
3283 9 8 1 
2431 10 7 1 
2418 10 9 1 
2177 11 10 1 
2105 12 11 1 
1924 13 12 1 
1871 7 3 1 
1855 8 2 1 
1207 8 4 1 
631 9 1 1 
475 9 5 1 
373 10 0 1 
331 10 6 1 
304 10 8 1 
19 11 9 1 
5530 12 10 1 
5525 13 11 1 
4858 14 12 1 
4493 8 3 1 
4452 9 2 1 
4285 9 4 1 
4139 10 1 1 
4039 10 5 1 
3760 11 0 1 
3578 11 8 1 
3342 12 9 1 
3145 13 10 1 
2895 14 11 1 
2347 15 12 1 
1970 19 12 1 
1770 9 3 1 
1635 10 2 1 
1425 10 4 1 
1398 11 1 1 
1174 11 7 1 
647 12 0 1 
508 12 8 1 
182 13 9 1 
5833 14 10 1 
5513 15 11 1 
5395 16 12 1 
5089 18 12 1 
4904 19 11 1 
4472 10 3 1 
4402 11 2 1 
4215 11 6 1 
4154 12 1 1 
3848 12 7 1 
3791 13 0 1 
3483 13 8 1 
3210 14 9 1 
3142 15 10 1 
2477 16 11 1 
2475 17 12 1 
2005 18 11 1 
1951 19 10 1 
1650 11 3 1 
1636 11 5 1 
1293 12 2 1 
523 12 6 1 
497 13 1 1 
232 13 7 1 
184 14 0 1 
5802 14 8 1 
5592 15 9 1 
5535 16 10 1 
5445 17 11 1 
5019 18 10 1 
4937 19 9 1 
4919 11 4 1 
4870 12 3 1 
4676 12 5 1 
4622 13 2 1 
4485 13 6 1 
4122 14 1 1 
3783 14 7 1 
3368 15 0 1 
3066 15 8 1 
2372 16 9 1 
2099 17 10 1 
1975 18 9 1 
1955 19 8 1 
1801 12 4 1 
870 13 3 1 
654 13 5 1 
619 14 2 1 
322 14 6 1 
315 15 1 1 
60 15 7 1 
5905 16 8 1 
5589 17 9 1 
5559 18 8 1 
4982 19 7 1 
4065 13 4 1 
3897 14 3 1 
3827 14 5 1 
3500 15 2 1 
2671 15 6 1 
2581 16 7 1 
1438 17 8 1 
617 18 7 1 
584 19 6 1 
349 14 4 1 
2 15 3 1 
5676 15 5 1 
4963 16 6 1 
4872 17 7 1 
4541 18 6 1 
4331 19 5 1 
3812 15 4 1 
3746 16 5 1 
3722 17 6 1 
2771 18 5 1 
1405 19 4 1 
1385 16 4 1 
658 17 5 1 
5834 18 4 1 
5831 19 3 1 
5766 16 3 1 
4503 17 4 1 
4475 18 3 1 
4459 19 2 1 
2531 16 2 1 
1912 17 3 1 
1663 18 2 1 
1550 19 1 1 
1408 16 1 1 
44 17 2 1 
4593 18 1 1 
4352 19 0 1 
3323 16 0 1 
1833 17 1 1 
5179 18 0 1 
4337 17 0 1 
767 17 1 13 
2735 17 2 14 
4313 18 1 13 
175 17 3 14 
460 18 2 14 
2741 17 4 14 
670 18 3 14 
822 17 5 15 
2423 18 4 14 
3308 16 5 15 
3789 17 6 15 
879 18 5 15 
3012 14 4 16 
4896 15 5 15 
5224 16 6 15 
5627 17 7 15 
49 18 6 15 
692 13 4 16 
2795 14 3 16 
3420 14 5 16 
4750 15 6 16 
4818 16 7 16 
5703 17 8 16 
431 18 7 16 
480 12 4 17 
703 13 3 17 
755 13 5 17 
821 14 2 17 
1348 14 6 17 
2273 15 7 17 
2312 17 9 16 
2989 18 8 16 
3335 12 3 17 
4548 12 5 17 
5155 13 2 17 
5435 14 1 17 
5698 14 7 17 
186 17 10 17 
448 18 9 17 
455 12 2 18 
501 13 1 18 
897 14 8 17 
1338 17 11 17 
1539 18 10 17 
2189 11 2 18 
2674 12 1 18 
4117 14 9 18 
4427 18 11 18 
5403 9 3 19 
5527 10 2 19 
390 11 1 19 
1062 13 9 19 
1588 14 10 18 
1615 8 3 19 
1967 9 2 19 
2171 9 4 19 
2288 10 1 19 
3919 12 9 19 
4241 13 10 19 
4242 14 11 19 
5368 8 2 20 
1105 8 4 20 
1162 9 1 20 
2161 9 5 20 
2179 11 9 20 
2516 12 10 19 
2892 13 11 19 
3140 8 1 20 
3248 8 5 20 
3815 9 6 20 
4210 10 9 20 
4592 11 10 20 
4947 12 11 20 
5682 8 6 20 
78 10 10 20 
286 11 11 20 
320 10 11 20 
571 10 12 21 
615 10 13 21 
1355 9 13 21 
1884 10 14 21 
2428 7 12 21 
2965 8 13 21 
4789 9 14 21 
5502 10 15 21 
5812 0 0 26 
5793 0 1 26 
5788 1 0 26 
5667 0 2 26 
5083 1 1 26 
5063 2 0 26 
4648 0 3 26 
3838 1 2 26 
3543 2 1 26 
3498 3 0 26 
3453 0 4 26 
3393 1 3 26 
3330 2 2 26 
2760 3 1 26 
2530 4 0 26 
1895 0 5 26 
1624 0 19 26 
1456 1 4 26 
1395 2 3 26 
1163 3 2 26 
985 4 1 26 
856 5 0 26 
711 0 6 26 
511 0 18 26 
363 1 5 26 
233 1 19 26 
143 2 4 26 
5649 3 3 26 
5356 4 2 26 
4779 5 1 26 
4578 6 0 26 
4517 0 7 26 
4207 0 17 26 
4107 1 6 26 
3803 1 18 26 
3770 2 5 26 
3768 2 19 26 
3476 3 4 26 
3306 4 3 26 
2984 5 2 26 
2820 6 1 26 
2658 0 8 26 
2492 0 16 26 
1626 1 7 26 
1134 1 17 26 
1112 2 6 26 
962 2 18 26 
580 3 5 26 
108 3 19 26 
5799 4 4 26 
5727 5 3 26 
5611 6 2 26 
5489 19 19 26 
5430 0 9 26 
5339 0 15 26 
5334 1 8 26 
5317 1 16 26 
5316 2 7 26 
5307 2 17 26 
5297 3 6 26 
4985 3 18 26 
4849 4 5 26 
4828 4 19 26 
4635 5 4 26 
4567 6 3 26 
4318 18 19 26 
4142 19 18 26 
3920 0 10 26 
3589 0 14 26 
3409 1 9 26 
3085 1 15 26 
3009 2 8 26 
2856 2 16 26 
2852 3 7 26 
2809 3 17 26 
2709 4 6 26 
2608 4 18 26 
2551 5 5 26 
2168 5 19 26 
1690 6 4 26 
1679 17 19 26 
1592 18 18 26 
1585 19 13 26 
1487 19 17 26 
1337 0 11 26 
1296 0 13 26 
629 1 10 26 
174 1 14 26 
142 2 9 26 
5659 2 15 26 
5429 3 8 26 
5235 3 16 26 
5042 4 7 26 
4879 4 17 26 
4659 5 6 26 
4624 5 18 26 
4098 6 5 26 
4037 6 19 26 
3982 16 19 26 
3747 17 18 26 
3457 18 13 26 
3441 18 17 26 
3422 19 14 26 
3332 19 16 26 
3120 0 12 26 
3091 1 11 26 
3039 1 13 26 
2879 2 10 26 
2727 2 14 26 
2699 3 9 26 
2627 3 15 26 
2491 4 8 26 
2342 4 16 26 
2263 5 7 26 
1791 5 17 26 
1572 6 6 26 
1350 6 18 26 
1218 7 19 26 
791 15 19 26 
590 16 18 26 
469 17 13 26 
420 17 17 26 
350 18 14 26 
298 18 16 26 
253 19 15 26 
203 1 12 26 
74 2 11 26 
5792 2 13 26 
5707 3 10 26 
5260 3 14 26 
5071 4 9 26 
5034 4 15 26 
4497 5 8 26 
4460 5 16 26 
4394 6 7 26 
4389 6 17 26 
3842 7 18 26 
3821 8 19 26 
3563 14 19 26 
3397 15 18 26 
2986 16 13 26 
2928 16 17 26 
2926 17 14 26 
2901 17 16 26 
2829 18 15 26 
2732 2 12 26 
2641 3 11 26 
2601 3 13 26 
2280 4 10 26 
2258 4 14 26 
1986 5 9 26 
1957 5 15 26 
1630 6 8 26 
1142 6 16 26 
812 7 17 26 
760 8 18 26 
697 9 19 26 
454 13 19 26 
5860 14 18 26 
5838 15 13 26 
5422 15 17 26 
5381 16 14 26 
5284 16 16 26 
4950 17 15 26 
4945 3 12 26 
4692 4 11 26 
4526 4 13 26 
4504 5 10 26 
4423 5 14 26 
3981 6 9 26 
3739 6 15 26 
3586 7 8 26 
3458 7 16 26 
3017 8 17 26 
3014 9 18 26 
2969 10 19 26 
2871 12 19 26 
2743 13 18 26 
2427 14 13 26 
2185 14 17 26 
1633 15 14 26 
1627 15 16 26 
1547 16 15 26 
1503 4 12 26 
1461 5 11 26 
1375 5 13 26 
1371 6 10 26 
1227 6 14 26 
684 7 9 26 
466 7 15 26 
5797 8 8 26 
5590 8 16 26 
5428 9 17 26 
5245 10 18 26 
5205 11 19 26 
5171 12 18 26 
4457 13 13 26 
4132 13 17 26 
4104 14 14 26 
3781 14 16 26 
3699 15 15 26 
3630 5 12 26 
3404 6 11 26 
3047 6 13 26 
2548 7 10 26 
1789 7 14 26 
1563 8 9 26 
1446 8 15 26 
1429 9 16 26 
1300 10 17 26 
1078 11 18 26 
561 12 13 26 
263 12 17 26 
5896 13 14 26 
5894 13 16 26 
5764 14 15 26 
5582 6 12 26 
5385 7 11 26 
4936 7 13 26 
4862 8 10 26 
4607 8 14 26 
4425 9 15 26 
4143 10 16 26 
4118 11 17 26 
3533 12 14 26 
3462 12 16 26 
3284 13 15 26 
3258 7 12 26 
2463 8 11 26 
2043 8 13 26 
1874 9 14 26 
1683 10 15 26 
1610 11 16 26 
1243 12 15 26 
1039 8 12 26 
1038 9 13 26 
800 10 14 26 
737 11 15 26 
639 9 12 26 
169 10 13 26 
5414 11 14 26 
5308 7 7 26 
5278 9 11 26 
4877 10 12 26 
4819 11 13 26 
4363 7 0 26 
4192 7 6 26 
4183 8 7 26 
4173 9 10 26 
4168 10 11 26 
4123 11 12 26 
4113 7 1 26 
3496 7 5 26 
3474 8 0 26 
3125 8 6 26 
2920 9 7 26 
2645 9 9 26 
2458 10 10 26 
2343 11 11 26 
2314 12 12 26 
2233 7 2 26 
2199 7 4 26 
2167 8 1 26 
1992 8 5 26 
1888 9 0 26 
1674 9 6 26 
1621 9 8 26 
1541 10 7 26 
1521 10 9 26 
1441 11 10 26 
813 12 11 26 
451 13 12 26 
45 7 3 26 
5863 8 2 26 
5477 8 4 26 
5387 9 1 26 
5143 9 5 26 
5054 10 0 26 
4841 10 6 26 
4477 10 8 26 
3376 11 9 26 
3134 12 10 26 
2697 13 11 26 
2568 14 12 26 
2481 8 3 26 
2451 9 2 26 
1435 9 4 26 
1419 10 1 26 
1288 10 5 26 
1251 11 0 26 
1220 11 8 26 
1145 12 9 26 
1092 13 10 26 
838 14 11 26 
827 15 12 26 
54 19 12 26 
5866 9 3 26 
5606 10 2 26 
5094 10 4 26 
4837 11 1 26 
4832 11 7 26 
4689 12 0 26 
4640 12 8 26 
4580 13 9 26 
4551 14 10 26 
4299 15 11 26 
4052 16 12 26 
3719 18 12 26 
3161 19 11 26 
2366 10 3 26 
2008 11 2 26 
1843 11 6 26 
1723 12 1 26 
1314 12 7 26 
1236 13 0 26 
1160 13 8 26 
798 14 9 26 
644 15 10 26 
235 16 11 26 
5800 17 12 26 
5548 18 11 26 
5073 19 10 26 
4773 11 3 26 
3758 11 5 26 
3055 12 2 26 
2824 12 6 26 
1829 13 1 26 
1797 13 7 26 
1687 14 0 26 
642 14 8 26 
641 15 9 26 
521 16 10 26 
472 17 11 26 
365 18 10 26 
5725 19 9 26 
5724 11 4 26 
5679 12 3 26 
5423 12 5 26 
4999 13 2 26 
4046 13 6 26 
3551 14 1 26 
3319 14 7 26 
2905 15 0 26 
2470 15 8 26 
2305 16 9 26 
2106 17 10 26 
1761 18 9 26 
1420 19 8 26 
1118 12 4 26 
1104 13 3 26 
1018 13 5 26 
549 14 2 26 
427 14 6 26 
128 15 1 26 
5814 15 7 26 
5646 16 8 26 
5605 17 9 26 
5425 18 8 26 
5238 19 7 26 
5015 13 4 26 
4271 14 3 26 
4186 14 5 26 
3867 15 2 26 
3270 15 6 26 
3230 16 7 26 
2639 17 8 26 
2038 18 7 26 
1738 19 6 26 
1737 14 4 26 
123 15 3 26 
5739 15 5 26 
5499 16 6 26 
4917 17 7 26 
4353 18 6 26 
3788 19 5 26 
3424 15 4 26 
3414 16 5 26 
2424 17 6 26 
2236 18 5 26 
1481 19 4 26 
1091 16 4 26 
1079 17 5 26 
733 18 4 26 
183 19 3 26 
6 16 3 26 
5259 17 4 26 
4666 18 3 26 
2827 19 2 26 
2217 16 2 26 
1929 17 3 26 
1862 18 2 26 
1831 19 1 26 
382 16 1 26 
5871 17 2 26 
5447 18 1 26 
4867 19 0 26 
3423 16 0 26 
3221 17 1 26 
940 18 0 26 
307 17 0 26 
1498 17 1 37 
5393 17 2 37 
500 18 1 37 
4247 17 3 38 
408 18 2 38 
1544 17 4 38 
2682 18 3 38 
2140 17 5 39 
2903 18 4 39 
2910 16 5 39 
3762 17 6 39 
148 18 5 39 
1511 14 4 40 
2244 15 5 39 
2443 16 6 39 
2557 17 7 39 
2987 18 6 39 
5207 13 4 40 
5357 14 3 40 
103 14 5 40 
811 15 6 40 
1711 16 7 40 
2785 17 8 40 
4321 18 7 40 
4653 12 4 41 
5056 13 3 41 
246 13 5 41 
668 14 2 41 
975 14 6 41 
1647 15 7 40 
1856 17 9 40 
2034 18 8 40 
2413 12 3 41 
2534 12 5 41 
2992 13 2 41 
3558 14 1 41 
3660 14 7 41 
4476 17 10 41 
4597 18 9 41 
5219 12 2 42 
306 13 1 42 
1121 14 8 42 
1618 17 11 42 
2270 18 10 42 
4111 11 2 43 
4661 12 1 43 
4902 14 9 43 
4998 18 11 42 
871 9 3 43 
1360 10 2 43 
1696 11 1 43 
2127 13 9 43 
2210 14 10 43 
3054 8 3 44 
3713 9 2 44 
4655 9 4 44 
5434 10 1 44 
121 12 9 44 
830 13 10 44 
833 14 11 44 
1023 8 2 44 
1437 8 4 44 
2027 9 1 44 
2464 9 5 44 
2575 11 9 44 
3517 12 10 44 
3564 13 11 44 
4838 8 1 45 
5120 8 5 45 
219 9 6 45 
345 10 9 45 
1384 11 10 45 
1449 12 11 45 
1879 8 6 45 
2679 10 10 45 
2880 11 11 45 
3030 10 11 45 
3162 10 12 45 
4322 10 13 46 
4473 9 13 46 
5291 10 14 46 
5759 7 12 46 
38 8 13 46 
907 9 14 46 
1182 10 15 46 
1202 11 16 46 
1390 6 12 46 
2195 7 11 46 
3688 7 13 46 
4303 8 14 46 
4461 10 16 46 
5910 0 0 51 
5645 0 1 51 
5440 1 0 51 
5361 0 2 51 
5236 1 1 51 
5161 2 0 51 
5026 0 3 51 
4756 1 2 51 
4647 2 1 51 
4569 3 0 51 
4340 0 4 51 
4290 1 3 51 
4179 2 2 51 
4049 3 1 51 
3767 4 0 51 
3550 0 5 51 
2619 0 19 51 
2590 1 4 51 
2528 2 3 51 
2383 3 2 51 
2313 4 1 51 
2282 5 0 51 
2156 0 6 51 
1788 0 18 51 
1465 1 5 51 
1152 1 19 51 
1054 2 4 51 
999 3 3 51 
980 4 2 51 
796 5 1 51 
758 6 0 51 
729 0 7 51 
611 0 17 51 
374 1 6 51 
92 1 18 51 
53 2 5 51 
50 2 19 51 
9 3 4 51 
5826 4 3 51 
5285 5 2 51 
4390 6 1 51 
4131 0 8 51 
4097 0 16 51 
3989 1 7 51 
3952 1 17 51 
3951 2 6 51 
3878 2 18 51 
3865 3 5 51 
3725 3 19 51 
3537 4 4 51 
3484 5 3 51 
3468 6 2 51 
2801 19 19 51 
2685 0 9 51 
2559 0 15 51 
2522 1 8 51 
2344 1 16 51 
2211 2 7 51 
2137 2 17 51 
1885 3 6 51 
1854 3 18 51 
1638 4 5 51 
1365 4 19 51 
1277 5 4 51 
1228 6 3 51 
1068 18 19 51 
441 19 18 51 
299 0 10 51 
5851 0 14 51 
5758 1 9 51 
5656 1 15 51 
5577 2 8 51 
5538 2 16 51 
5392 3 7 51 
5338 3 17 51 
5114 4 6 51 
4598 4 18 51 
4437 5 5 51 
4358 5 19 51 
3959 6 4 51 
3620 17 19 51 
3277 18 18 51 
3255 19 13 51 
3233 19 17 51 
3116 0 11 51 
2876 0 13 51 
2740 1 10 51 
2643 1 14 51 
2600 2 9 51 
2509 2 15 51 
2441 3 8 51 
2128 3 16 51 
2063 4 7 51 
2045 4 17 51 
2036 5 6 51 
1802 5 18 51 
1609 6 5 51 
1204 6 19 51 
1108 16 19 51 
948 17 18 51 
859 18 13 51 
819 18 17 51 
790 19 14 51 
504 19 16 51 
403 0 12 51 
284 1 11 51 
39 1 13 51 
5746 2 10 51 
5694 2 14 51 
5607 3 9 51 
5504 3 15 51 
5375 4 8 51 
5221 4 16 51 
4764 5 7 51 
4397 5 17 51 
4350 6 6 51 
4226 6 18 51 
3869 7 19 51 
3607 15 19 51 
3504 16 18 51 
3394 17 13 51 
3226 17 17 51 
3195 18 14 51 
2701 18 16 51 
2560 19 15 51 
2454 1 12 51 
2214 2 11 51 
2173 2 13 51 
2060 3 10 51 
1950 3 14 51 
1739 4 9 51 
1714 4 15 51 
1611 5 8 51 
1600 5 16 51 
1599 6 7 51 
1298 6 17 51 
978 7 18 51 
946 8 19 51 
883 14 19 51 
831 15 18 51 
335 16 13 51 
5912 16 17 51 
5760 17 14 51 
5697 17 16 51 
5643 18 15 51 
5621 2 12 51 
5561 3 11 51 
5318 3 13 51 
5130 4 10 51 
4899 4 14 51 
4857 5 9 51 
4745 5 15 51 
4611 6 8 51 
4467 6 16 51 
4236 7 17 51 
3894 8 18 51 
3695 9 19 51 
3608 13 19 51 
3597 14 18 51 
3493 15 13 51 
3348 15 17 51 
3340 16 14 51 
2877 16 16 51 
2690 17 15 51 
2678 3 12 51 
2646 4 11 51 
2536 4 13 51 
2429 5 10 51 
2293 5 14 51 
2274 6 9 51 
2100 6 15 51 
1670 7 8 51 
1568 7 16 51 
1041 8 17 51 
903 9 18 51 
146 10 19 51 
127 12 19 51 
5839 13 18 51 
5691 14 13 51 
5668 14 17 51 
5629 15 14 51 
5555 15 16 51 
5514 16 15 51 
5432 4 12 51 
5225 5 11 51 
5183 5 13 51 
5106 6 10 51 
5041 6 14 51 
5009 7 9 51 
4826 7 15 51 
4814 8 8 51 
4812 8 16 51 
4500 9 17 51 
4293 10 18 51 
3883 11 19 51 
3799 12 18 51 
2512 13 13 51 
2407 13 17 51 
2301 14 14 51 
2142 14 16 51 
2132 15 15 51 
1468 5 12 51 
1459 6 11 51 
1352 6 13 51 
1223 7 10 51 
861 7 14 51 
804 8 9 51 
593 8 15 51 
124 9 16 51 
79 10 17 51 
18 11 18 51 
5917 12 13 51 
5811 12 17 51 
5583 13 14 51 
5121 13 16 51 
5065 14 15 51 
4913 6 12 51 
4710 7 11 51 
4200 7 13 51 
4069 8 10 51 
4057 8 14 51 
3936 9 15 51 
3663 10 16 51 
3285 11 17 51 
3202 12 14 51 
3063 12 16 51 
2607 13 15 51 
2478 7 12 51 
2406 8 11 51 
2255 8 13 51 
1991 9 14 51 
1845 10 15 51 
1776 11 16 51 
1709 12 15 51 
1382 8 12 51 
1136 9 13 51 
932 10 14 51 
839 11 15 51 
792 9 12 51 
786 10 13 51 
506 11 14 51 
274 7 7 51 
171 9 11 51 
4529 10 12 51 
4408 11 13 51 
4235 7 0 51 
4145 7 6 51 
4035 8 7 51 
3977 9 10 51 
3774 10 11 51 
3389 11 12 51 
3246 7 1 51 
3068 7 5 51 
3029 8 0 51 
2978 8 6 51 
2756 9 7 51 
2327 9 9 51 
2291 10 10 51 
2247 11 11 51 
1689 12 12 51 
1666 7 2 51 
1612 7 4 51 
1376 8 1 51 
468 8 5 51 
357 9 0 51 
330 9 6 51 
294 9 8 51 
185 10 7 51 
70 10 9 51 
5865 11 10 51 
5728 12 11 51 
5716 13 12 51 
5400 7 3 51 
5344 8 2 51 
5321 8 4 51 
4696 9 1 51 
4579 9 5 51 
4227 10 0 51 
3690 10 6 51 
3629 10 8 51 
3485 11 9 51 
2648 12 10 51 
1681 13 11 51 
1391 14 12 51 
1261 8 3 51 
979 9 2 51 
820 9 4 51 
531 10 1 51 
212 10 5 51 
158 11 0 51 
155 11 8 51 
5773 12 9 51 
5257 13 10 51 
5027 14 11 51 
4537 15 12 51 
4127 19 12 51 
4126 9 3 51 
3366 10 2 51 
2918 10 4 51 
2874 11 1 51 
2698 11 7 51 
2440 12 0 51 
2052 12 8 51 
2019 13 9 51 
1857 14 10 51 
1815 15 11 51 
1194 16 12 51 
1129 18 12 51 
1016 19 11 51 
941 10 3 51 
888 11 2 51 
802 11 6 51 
795 12 1 51 
608 12 7 51 
544 13 0 51 
467 13 8 51 
5849 14 9 51 
5470 15 10 51 
5410 16 11 51 
5242 17 12 51 
4979 18 11 51 
4681 19 10 51 
4570 11 3 51 
3128 11 5 51 
3005 12 2 51 
2814 12 6 51 
2764 13 1 51 
2037 13 7 51 
1783 14 0 51 
1492 14 8 51 
799 15 9 51 
554 16 10 51 
208 17 11 51 
166 18 10 51 
5314 19 9 51 
5287 11 4 51 
5211 12 3 51 
4901 12 5 51 
4336 13 2 51 
4079 13 6 51 
3585 14 1 51 
3448 14 7 51 
3431 15 0 51 
3160 15 8 51 
2731 16 9 51 
2550 17 10 51 
2498 18 9 51 
1545 19 8 51 
1176 12 4 51 
1042 13 3 51 
1028 13 5 51 
869 14 2 51 
411 14 6 51 
5875 15 1 51 
5745 15 7 51 
5503 16 8 51 
5319 17 9 51 
3879 18 8 51 
3276 19 7 51 
3028 13 4 51 
2812 14 3 51 
2706 14 5 51 
2702 15 2 51 
2623 15 6 51 
2588 16 7 51 
1351 17 8 51 
602 18 7 51 
179 19 6 51 
5782 14 4 51 
5274 15 3 51 
4996 15 5 51 
4911 16 6 51 
4243 17 7 51 
4034 18 6 51 
3390 19 5 51 
2591 15 4 51 
894 16 5 51 
707 17 6 51 
240 18 5 51 
152 19 4 51 
5622 16 4 51 
5546 17 5 51 
5058 18 4 51 
5032 19 3 51 
3904 16 3 51 
3201 17 4 51 
3101 18 3 51 
2416 19 2 51 
2390 16 2 51 
725 17 3 51 
5753 18 2 51 
5497 19 1 51 
4181 16 1 51 
3015 17 2 51 
2647 18 1 51 
1549 19 0 51 
1014 16 0 51 
854 17 1 51 
716 18 0 51 
5200 17 0 51 
3218 17 1 63 
1402 17 2 63 
1669 18 1 63 
1702 17 3 64 
2109 18 2 63 
3281 17 4 64 
4044 18 3 64 
4596 17 5 64 
4673 18 4 64 
621 16 5 65 
2009 17 6 65 
2459 18 5 65 
5229 14 4 65 
5320 15 5 65 
5718 16 6 65 
1238 17 7 65 
1597 18 6 65 
1925 13 4 66 
2205 14 3 66 
477 14 5 66 
891 15 6 66 
1198 16 7 66 
1364 17 8 66 
3371 18 7 66 
539 12 4 67 
934 13 3 67 
982 13 5 67 
1403 14 2 67 
2755 14 6 67 
3013 15 7 66 
3250 17 9 66 
3367 18 8 66 
3905 12 3 67 
4333 12 5 67 
5293 13 2 67 
5511 14 1 67 
323 14 7 67 
392 17 10 67 
628 18 9 67 
1252 12 2 68 
1813 13 1 68 
2057 14 8 68 
2977 17 11 68 
3830 18 10 68 
4064 11 2 69 
5210 12 1 69 
5836 14 9 68 
91 18 11 68 
105 9 3 69 
1025 10 2 69 
1170 11 1 69 
1933 13 9 69 
2563 14 10 69 
3818 8 3 70 
4608 9 2 70 
225 9 4 70 
461 10 1 70 
1537 12 9 69 
1772 13 10 69 
2250 14 11 69 
2483 8 2 70 
2506 8 4 70 
2939 9 1 70 
3970 9 5 70 
3998 11 9 70 
4384 12 10 70 
4478 13 11 70 
4530 8 1 71 
5029 8 5 71 
2466 9 6 71 
2923 10 9 71 
4367 11 10 70 
4566 12 11 70 
5626 8 6 71 
5647 10 10 71 
5743 11 11 71 
5648 0 0 76 
5588 0 1 76 
5556 1 0 76 
4923 0 2 76 
4840 1 1 76 
4563 2 0 76 
3965 0 3 76 
3946 1 2 76 
3724 2 1 76 
3562 3 0 76 
3519 0 4 76 
3429 1 3 76 
3426 2 2 76 
3406 3 1 76 
3064 4 0 76 
3050 0 5 76 
3043 0 19 76 
2887 1 4 76 
2821 2 3 76 
2399 3 2 76 
1906 4 1 76 
1805 5 0 76 
1747 0 6 76 
1475 0 18 76 
1362 1 5 76 
1294 1 19 76 
1093 2 4 76 
1012 3 3 76 
705 4 2 76 
581 5 1 76 
570 6 0 76 
488 0 7 76 
450 0 17 76 
354 1 6 76 
249 1 18 76 
119 2 5 76 
98 2 19 76 
27 3 4 76 
8 4 3 76 
5786 5 2 76 
5651 6 1 76 
5557 0 8 76 
5541 0 16 76 
5406 1 7 76 
5367 1 17 76 
5209 2 6 76 
5208 2 18 76 
4827 3 5 76 
4782 3 19 76 
4609 4 4 76 
4587 5 3 76 
4510 6 2 76 
4502 19 19 76 
4400 0 9 76 
4326 0 15 76 
4156 1 8 76 
4033 1 16 76 
4032 2 7 76 
4022 2 17 76 
3836 3 6 76 
2890 3 18 76 
2810 4 5 76 
2622 4 19 76 
2611 5 4 76 
2422 6 3 76 
2403 18 19 76 
2163 19 18 76 
1863 0 10 76 
1295 0 14 76 
910 1 9 76 
718 1 15 76 
638 2 8 76 
606 2 16 76 
156 3 7 76 
36 3 17 76 
5842 4 6 76 
5279 4 18 76 
5091 5 5 76 
4843 5 19 76 
4679 6 4 76 
4455 17 19 76 
4099 18 18 76 
4011 19 13 76 
3129 19 17 76 
2956 0 11 76 
2781 0 13 76 
2579 1 10 76 
2259 1 14 76 
2203 2 9 76 
1939 2 15 76 
1720 3 8 76 
1695 3 16 76 
1634 4 7 76 
1466 4 17 76 
1271 5 6 76 
627 5 18 76 
370 6 5 76 
164 6 19 76 
5908 16 19 76 
5872 17 18 76 
5852 18 13 76 
5827 18 17 76 
5498 19 14 76 
5466 19 16 76 
5446 0 12 76 
5289 1 11 76 
5268 1 13 76 
5111 2 10 76 
4924 2 14 76 
4821 3 9 76 
4796 3 15 76 
4458 4 8 76 
4447 4 16 76 
4093 5 7 76 
4000 5 17 76 
3907 6 6 76 
3587 6 18 76 
3528 7 19 76 
3408 15 19 76 
3081 16 18 76 
2973 17 13 76 
2972 17 17 76 
2863 18 14 76 
2380 18 16 76 
2067 19 15 76 
1824 1 12 76 
1578 2 11 76 
1272 2 13 76 
841 3 10 76 
763 3 14 76 
655 4 9 76 
643 4 15 76 
495 5 8 76 
291 5 16 76 
197 6 7 76 
134 6 17 76 
111 7 18 76 
26 8 19 76 
5914 14 19 76 
5784 15 18 76 
5768 16 13 76 
5612 16 17 76 
5532 17 14 76 
5383 17 16 76 
5149 18 15 76 
5051 2 12 76 
4020 3 11 76 
3849 3 13 76 
3797 4 10 76 
3518 4 14 76 
3475 5 9 76 
3473 5 15 76 
3347 6 8 76 
3322 6 16 76 
3259 7 17 76 
2913 8 18 76 
2836 9 19 76 
2666 13 19 76 
2634 14 18 76 
2620 15 13 76 
1760 15 17 76 
1672 16 14 76 
1552 16 16 76 
772 17 15 76 
479 3 12 76 
436 4 11 76 
303 4 13 76 
57 5 10 76 
5449 5 14 76 
5264 6 9 76 
5176 6 15 76 
4829 7 8 76 
4604 7 16 76 
4470 8 17 76 
4420 9 18 76 
4399 10 19 76 
4335 12 19 76 
4294 13 18 76 
4026 14 13 76 
3685 14 17 76 
3370 15 14 76 
3232 15 16 76 
3171 16 15 76 
3138 4 12 76 
3059 5 11 76 
2936 5 13 76 
2850 6 10 76 
2830 6 14 76 
2767 7 9 76 
2467 7 15 76 
2385 8 8 76 
2072 8 16 76 
1718 9 17 76 
1506 10 18 76 
1433 11 19 76 
777 12 18 76 
483 13 13 76 
360 13 17 76 
172 14 14 76 
4970 14 16 76 
4930 15 15 76 
4882 5 12 76 
4748 6 11 76 
4490 6 13 76 
4239 7 10 76 
4218 7 14 76 
4129 8 9 76 
4051 8 15 76 
3811 9 16 76 
3787 10 17 76 
3611 11 18 76 
3321 12 13 76 
3264 12 17 76 
3223 13 14 76 
3215 13 16 76 
3187 14 15 76 
3166 6 12 76 
2931 7 11 76 
2433 7 13 76 
2158 8 10 76 
1988 8 14 76 
1982 9 15 76 
1793 10 16 76 
1736 11 17 76 
1426 12 14 76 
1368 12 16 76 
1343 13 15 76 
1264 7 12 76 
1017 8 11 76 
852 8 13 76 
698 9 14 76 
592 10 15 76 
435 11 16 76 
387 12 15 76 
346 8 12 76 
5751 9 13 76 
5711 10 14 76 
5631 11 15 76 
5174 9 12 76 
4760 10 13 76 
4670 11 14 76 
4392 7 7 76 
4101 9 11 76 
4078 10 12 76 
3809 11 13 76 
3730 7 0 76 
3217 7 6 76 
3108 8 7 76 
3024 9 10 76 
2959 10 11 76 
2881 11 12 76 
2813 7 1 76 
2675 7 5 76 
2196 8 0 76 
1602 8 6 76 
1560 9 7 76 
1367 9 9 76 
1341 10 10 76 
1197 11 11 76 
835 12 12 76 
815 7 2 76 
665 7 4 76 
645 8 1 76 
245 8 5 76 
114 9 0 76 
5879 9 6 76 
5563 9 8 76 
5373 10 7 76 
4765 10 9 76 
4632 11 10 76 
4488 12 11 76 
4474 13 12 76 
4465 7 3 76 
4323 8 2 76 
3853 8 4 76 
3481 9 1 76 
3395 9 5 76 
2840 10 0 76 
2610 10 6 76 
2479 10 8 76 
1944 11 9 76 
1851 12 10 76 
1557 13 11 76 
1522 14 12 76 
1262 8 3 76 
1169 9 2 76 
984 9 4 76 
947 10 1 76 
453 10 5 76 
77 11 0 76 
55 11 8 76 
5876 12 9 76 
5818 13 10 76 
5687 14 11 76 
5653 15 12 76 
5050 19 12 76 
4834 9 3 76 
4641 10 2 76 
4256 10 4 76 
4151 11 1 76 
3697 11 7 76 
3616 12 0 76 
3365 12 8 76 
2710 13 9 76 
2087 14 10 76 
2035 15 11 76 
1620 16 12 76 
1304 18 12 76 
1048 19 11 76 
585 10 3 76 
510 11 2 76 
75 11 6 76 
5604 12 1 76 
5543 12 7 76 
5526 13 0 76 
5507 13 8 76 
5472 14 9 76 
5471 15 10 76 
5303 16 11 76 
5077 17 12 76 
4746 18 11 76 
4733 19 10 76 
4377 11 3 76 
3957 11 5 76 
3889 12 2 76 
3798 12 6 76 
3209 13 1 76 
2664 13 7 76 
2415 14 0 76 
2225 14 8 76 
1934 15 9 76 
1785 16 10 76 
1768 17 11 76 
1255 18 10 76 
1201 19 9 76 
899 11 4 76 
383 12 3 76 
82 12 5 76 
5791 13 2 76 
5692 13 6 76 
5635 14 1 76 
5475 14 7 76 
5390 15 0 76 
5016 15 8 76 
4544 16 9 76 
4366 17 10 76 
4292 18 9 76 
4163 19 8 76 
4053 12 4 76 
3681 13 3 76 
3444 13 5 76 
3056 14 2 76 
2966 14 6 76 
2849 15 1 76 
1213 15 7 76 
1022 16 8 76 
735 17 9 76 
558 18 8 76 
300 19 7 76 
181 13 4 76 
5675 14 3 76 
5261 14 5 76 
4891 15 2 76 
3835 15 6 76 
3706 16 7 76 
3060 17 8 76 
2846 18 7 76 
2750 19 6 76 
2449 14 4 76 
2402 15 3 76 
2041 15 5 76 
2022 16 6 76 
2017 17 7 76 
1960 18 6 76 
1440 19 5 76 
1219 15 4 76 
5906 16 5 76 
4781 17 6 76 
3595 18 5 76 
2889 19 4 76 
2370 16 4 76 
1428 17 5 76 
1357 18 4 76 
5855 19 3 76 
5706 16 3 76 
5462 17 4 76 
5391 18 3 76 
4562 19 2 76 
3592 16 2 76 
2873 17 3 76 
2321 18 2 76 
1603 19 1 76 
954 16 1 76 
905 17 2 76 
3823 18 1 76 
3273 19 0 76 
2311 16 0 76 
1203 17 1 76 
682 18 0 76 
5531 17 0 76 
4805 17 1 88 
5194 17 2 89 
5565 18 1 88 
759 17 3 89 
1289 18 2 89 
1724 17 4 89 
2062 18 3 89 
140 17 5 90 
379 18 4 90 
969 16 5 90 
1526 17 6 90 
1810 18 5 90 
3610 14 4 91 
5804 15 5 91 
2632 16 6 91 
3133 17 7 91 
241 18 6 91 
1146 13 4 92 
2614 14 3 91 
2843 14 5 91 
2952 15 6 91 
3497 16 7 91 
5099 17 8 91 
5103 18 7 91 
730 12 4 92 
836 13 3 92 
881 13 5 92 
2669 14 2 92 
4004 14 6 92 
5755 15 7 92 
421 17 9 92 
904 18 8 92 
1316 12 3 93 
4056 12 5 93 
4229 13 2 92 
4769 14 1 92 
4959 14 7 92 
5022 17 10 92 
5313 18 9 92 
5586 12 2 93 
417 13 1 93 
784 14 8 93 
1076 17 11 93 
1715 18 10 93 
3203 11 2 94 
3267 12 1 93 
3459 14 9 93 
4018 18 11 93 
4089 9 3 94 
4278 10 2 94 
4694 11 1 94 
5239 13 9 94 
560 14 10 94 
712 8 3 95 
1253 9 2 95 
1268 9 4 95 
1775 10 1 95 
2169 12 9 94 
2320 13 10 94 
3105 14 11 94 
3708 8 2 95 
3930 8 4 95 
4061 9 1 95 
4853 9 5 95 
4964 11 9 95 
5536 12 10 95 
5613 13 11 95 
2187 8 1 96 
3144 8 5 96 
3208 9 6 95 
3487 10 9 95 
3600 11 10 95 
4162 12 11 95 
4847 8 6 96 
5915 10 10 96 
