1946
3675 0 19 1 
3606 0 18 1 
3332 1 19 1 
3323 0 17 1 
3112 1 18 1 
2596 2 19 1 
2557 0 16 1 
2429 1 17 1 
2188 2 18 1 
2096 3 19 1 
2059 0 15 1 
1842 1 16 1 
1814 2 17 1 
1632 3 18 1 
1631 4 19 1 
1594 0 14 1 
1535 1 15 1 
1514 2 16 1 
1401 3 17 1 
1370 4 18 1 
1300 5 19 1 
1121 0 13 1 
444 1 14 1 
427 2 15 1 
316 3 16 1 
54 4 17 1 
20 5 18 1 
3753 6 19 1 
3642 0 12 1 
3574 1 13 1 
3424 2 14 1 
3420 3 15 1 
3267 4 16 1 
3129 5 17 1 
3127 6 18 1 
2831 7 19 1 
2829 0 11 1 
2555 1 12 1 
2548 2 13 1 
2438 3 14 1 
2378 4 15 1 
2259 5 16 1 
2135 6 17 1 
2128 7 18 1 
2114 8 19 1 
2033 0 10 1 
2005 1 11 1 
1939 2 12 1 
1879 3 13 1 
1867 4 14 1 
1847 5 15 1 
1499 6 16 1 
1396 7 17 1 
1387 8 18 1 
1356 9 19 1 
1203 19 19 1 
1014 0 9 1 
821 1 10 1 
817 2 11 1 
792 3 12 1 
620 4 13 1 
503 5 14 1 
340 6 15 1 
313 7 16 1 
271 8 17 1 
202 9 18 1 
107 10 19 1 
3786 18 19 1 
3698 19 18 1 
3644 0 8 1 
3451 1 9 1 
3371 2 10 1 
3257 3 11 1 
3251 4 12 1 
3028 5 13 1 
2864 6 14 1 
2807 7 15 1 
2471 8 16 1 
2231 9 17 1 
2115 10 18 1 
2087 11 19 1 
1723 17 19 1 
1708 18 18 1 
1147 19 17 1 
987 0 7 1 
858 1 8 1 
826 2 9 1 
687 3 10 1 
265 4 11 1 
220 5 12 1 
150 6 13 1 
148 7 14 1 
125 8 15 1 
58 9 16 1 
3781 10 17 1 
3670 11 18 1 
3457 12 19 1 
3382 16 19 1 
3330 17 18 1 
3211 18 17 1 
3033 19 16 1 
2999 0 6 1 
2961 1 7 1 
2893 2 8 1 
2887 3 9 1 
2624 4 10 1 
2563 5 11 1 
2162 6 12 1 
2152 7 13 1 
1640 8 14 1 
1596 9 15 1 
1577 10 16 1 
1519 11 17 1 
1454 12 18 1 
1231 13 19 1 
953 15 19 1 
884 16 18 1 
769 17 17 1 
743 18 16 1 
661 19 15 1 
418 0 5 1 
334 1 6 1 
3681 2 7 1 
3504 3 8 1 
3473 4 9 1 
3450 5 10 1 
3314 6 11 1 
3286 7 12 1 
2811 8 13 1 
2770 9 14 1 
2577 10 15 1 
2547 11 16 1 
2232 12 17 1 
2174 13 18 1 
2119 14 19 1 
2004 15 18 1 
1733 16 17 1 
1627 17 16 1 
1462 18 15 1 
1188 19 14 1 
1179 0 4 1 
1166 1 5 1 
920 2 6 1 
390 3 7 1 
324 4 8 1 
322 5 9 1 
194 6 10 1 
3777 7 11 1 
3748 8 12 1 
3271 9 13 1 
3153 10 14 1 
3091 11 15 1 
3084 12 16 1 
3073 13 17 1 
3047 14 18 1 
3029 15 17 1 
2977 16 16 1 
2886 17 15 1 
2518 18 14 1 
2425 19 13 1 
2236 0 3 1 
2143 1 4 1 
2133 2 5 1 
1969 3 6 1 
1946 4 7 1 
1760 5 8 1 
1737 6 9 1 
1355 7 10 1 
1335 8 11 1 
1309 9 12 1 
1160 10 13 1 
988 11 14 1 
531 12 15 1 
447 13 16 1 
3750 14 17 1 
3634 15 16 1 
3437 16 15 1 
3380 17 14 1 
3012 18 13 1 
2944 0 2 1 
2888 1 3 1 
2775 2 4 1 
2605 3 5 1 
2418 4 6 1 
2400 5 7 1 
1982 6 8 1 
1809 7 9 1 
1263 8 10 1 
956 9 11 1 
763 10 12 1 
595 11 13 1 
433 12 14 1 
325 13 15 1 
321 14 16 1 
304 15 15 1 
267 16 14 1 
182 17 13 1 
119 0 1 1 
3722 1 2 1 
3711 2 3 1 
3415 3 4 1 
3104 4 5 1 
3085 5 6 1 
2535 6 7 1 
2505 7 8 1 
2399 8 9 1 
2351 9 10 1 
2334 10 11 1 
2139 11 12 1 
2075 12 13 1 
2018 13 14 1 
1953 14 15 1 
1746 15 14 1 
1724 16 13 1 
1533 0 0 1 
1200 1 1 1 
808 2 2 1 
631 3 3 1 
389 4 4 1 
3677 5 5 1 
3558 6 6 1 
3443 7 7 1 
3365 8 8 1 
3325 9 9 1 
3262 10 10 1 
3246 11 11 1 
3119 12 12 1 
2943 13 13 1 
2718 14 14 1 
2239 15 13 1 
2035 1 0 1 
1952 2 1 1 
1670 3 2 1 
1446 4 3 1 
1432 5 4 1 
1100 6 5 1 
1097 7 6 1 
911 8 7 1 
828 9 8 1 
721 10 9 1 
436 11 10 1 
365 12 11 1 
331 13 12 1 
216 14 13 1 
195 2 0 1 
1 3 1 1 
3754 4 2 1 
3704 5 3 1 
3559 6 4 1 
3547 7 5 1 
3280 8 6 1 
2764 9 7 1 
2359 10 8 1 
2209 11 9 1 
1971 12 10 1 
1917 13 11 1 
1790 14 12 1 
1732 3 0 1 
1428 4 1 1 
1408 5 2 1 
1388 6 3 1 
1350 7 4 1 
1271 8 5 1 
1054 9 6 1 
921 10 7 1 
543 11 8 1 
452 12 9 1 
429 13 10 1 
401 14 11 1 
213 15 12 1 
139 4 0 1 
85 5 1 1 
12 6 2 1 
3705 7 3 1 
3625 8 4 1 
3569 9 5 1 
3561 10 6 1 
3554 11 7 1 
3517 12 8 1 
3484 13 9 1 
3327 14 10 1 
3312 15 11 1 
3204 16 12 1 
3182 5 0 1 
2962 6 1 1 
2694 7 2 1 
2544 8 3 1 
2488 9 4 1 
2472 10 5 1 
2432 11 6 1 
2278 12 7 1 
2256 13 8 1 
2124 14 9 1 
2044 15 10 1 
1709 16 11 1 
1684 17 12 1 
1522 6 0 1 
1192 7 1 1 
742 8 2 1 
681 9 3 1 
622 10 4 1 
516 11 5 1 
177 12 6 1 
3683 13 7 1 
3674 14 8 1 
3643 15 9 1 
3121 16 10 1 
2835 17 11 1 
2664 18 12 1 
2568 7 0 1 
2363 8 1 1 
1998 9 2 1 
1666 10 3 1 
1421 11 4 1 
1386 12 5 1 
942 13 6 1 
713 14 7 1 
435 15 8 1 
314 16 9 1 
226 17 10 1 
3243 18 11 1 
2993 19 12 1 
2946 8 0 1 
2677 9 1 1 
2662 10 2 1 
2025 11 3 1 
1812 12 4 1 
1676 13 5 1 
1487 14 6 1 
1403 15 7 1 
951 16 8 1 
930 17 9 1 
807 18 10 1 
674 19 11 1 
404 9 0 1 
315 10 1 1 
3697 11 2 1 
3488 12 3 1 
3396 13 4 1 
3023 14 5 1 
2958 15 6 1 
2774 16 7 1 
2550 17 8 1 
2322 18 9 1 
2190 19 10 1 
2084 10 0 1 
2043 11 1 1 
1992 12 2 1 
1890 13 3 1 
1695 14 4 1 
1689 15 5 1 
1607 16 6 1 
1429 17 7 1 
1391 18 8 1 
977 19 9 1 
914 11 0 1 
909 12 1 1 
853 13 2 1 
706 14 3 1 
3743 15 4 1 
3205 16 5 1 
3090 17 6 1 
2936 18 7 1 
2650 19 8 1 
1956 12 0 1 
1673 13 1 1 
1547 14 2 1 
1467 15 3 1 
1035 16 4 1 
945 17 5 1 
499 18 6 1 
266 19 7 1 
184 13 0 1 
178 14 1 1 
11 15 2 1 
3741 16 3 1 
3169 17 4 1 
3058 18 5 1 
2945 19 6 1 
2108 14 0 1 
1885 15 1 1 
1622 16 2 1 
1286 17 3 1 
1110 18 4 1 
766 19 5 1 
339 15 0 1 
3414 16 1 1 
3132 17 2 1 
2955 18 3 1 
2356 19 4 1 
2264 16 0 1 
1825 17 1 1 
3228 18 2 1 
2909 19 3 1 
1051 17 0 1 
1016 18 1 1 
496 19 2 1 
292 18 0 1 
3118 19 1 1 
2452 19 0 1 
924 18 1 11 
1143 17 1 12 
2181 18 2 11 
355 16 1 12 
469 17 2 12 
1165 18 3 12 
97 15 1 13 
836 16 2 13 
1865 17 3 13 
3076 18 4 13 
101 14 1 14 
972 15 2 14 
2643 16 3 13 
3100 17 4 13 
3252 18 5 13 
3774 13 1 14 
162 14 2 14 
616 15 3 14 
1443 16 4 14 
1888 17 5 14 
2371 18 6 14 
2990 12 1 15 
3530 13 2 15 
510 14 3 15 
640 15 4 14 
1106 16 5 14 
1516 17 6 14 
1687 18 7 14 
1874 11 1 15 
2614 12 2 15 
3217 13 3 15 
3650 14 4 15 
3770 15 5 15 
277 16 6 15 
618 17 7 15 
824 18 8 15 
1022 10 1 16 
1049 11 2 15 
1244 12 3 15 
2261 13 4 15 
2741 14 5 15 
3000 15 6 15 
3520 16 7 15 
3546 17 8 15 
3591 18 9 15 
289 9 1 16 
736 10 2 16 
794 11 3 16 
1062 12 4 16 
1138 13 5 16 
1150 14 6 16 
2040 15 7 16 
62 16 8 16 
225 17 9 16 
344 18 10 16 
354 8 1 17 
511 9 2 17 
831 10 3 17 
840 11 4 17 
899 12 5 17 
2145 13 6 17 
2423 15 8 17 
2466 16 9 17 
3215 17 10 17 
3238 18 11 16 
3602 7 1 18 
3653 8 2 18 
238 9 3 18 
403 10 4 18 
584 11 5 18 
1513 12 6 18 
1613 15 9 17 
1754 16 10 17 
2093 17 11 17 
3101 6 1 18 
577 7 2 18 
917 8 3 18 
999 9 4 18 
2626 10 5 18 
3389 11 6 18 
3630 14 9 18 
1672 15 10 18 
1808 16 11 18 
1924 5 1 19 
2762 6 2 19 
2988 7 3 18 
3057 8 4 18 
3788 0 19 26 
3655 0 18 26 
3586 1 19 26 
3533 0 17 26 
3442 1 18 26 
3370 2 19 26 
3331 0 16 26 
3209 1 17 26 
2998 2 18 26 
2933 3 19 26 
2680 0 15 26 
2565 1 16 26 
2503 2 17 26 
2475 3 18 26 
2293 4 19 26 
2189 0 14 26 
2080 1 15 26 
2039 2 16 26 
1861 3 17 26 
1853 4 18 26 
1591 5 19 26 
1170 0 13 26 
1154 1 14 26 
904 2 15 26 
758 3 16 26 
731 4 17 26 
565 5 18 26 
312 6 19 26 
199 0 12 26 
161 1 13 26 
72 2 14 26 
3535 3 15 26 
3303 4 16 26 
2853 5 17 26 
2789 6 18 26 
2622 7 19 26 
2597 0 11 26 
2546 1 12 26 
2409 2 13 26 
2406 3 14 26 
2382 4 15 26 
2339 5 16 26 
2016 6 17 26 
1999 7 18 26 
1919 8 19 26 
1881 0 10 26 
1839 1 11 26 
1827 2 12 26 
1821 3 13 26 
1734 4 14 26 
1624 5 15 26 
1214 6 16 26 
1194 7 17 26 
1127 8 18 26 
919 9 19 26 
857 19 19 26 
761 0 9 26 
502 1 10 26 
186 2 11 26 
3762 3 12 26 
3528 4 13 26 
3386 5 14 26 
3377 6 15 26 
3366 7 16 26 
3348 8 17 26 
3289 9 18 26 
3180 10 19 26 
3048 18 19 26 
3045 19 18 26 
2724 0 8 26 
2658 1 9 26 
2545 2 10 26 
2473 3 11 26 
2387 4 12 26 
2296 5 13 26 
2211 6 14 26 
2047 7 15 26 
1981 8 16 26 
1972 9 17 26 
1966 10 18 26 
1916 11 19 26 
1597 17 19 26 
1581 18 18 26 
1264 19 17 26 
1246 0 7 26 
1103 1 8 26 
1086 2 9 26 
1058 3 10 26 
946 4 11 26 
937 5 12 26 
895 6 13 26 
757 7 14 26 
167 8 15 26 
3497 9 16 26 
3475 10 17 26 
3347 11 18 26 
3213 12 19 26 
3176 16 19 26 
3160 17 18 26 
3109 18 17 26 
2940 19 16 26 
2885 0 6 26 
2804 1 7 26 
2736 2 8 26 
2722 3 9 26 
2695 4 10 26 
2667 5 11 26 
2485 6 12 26 
2436 7 13 26 
2412 8 14 26 
1983 9 15 26 
1970 10 16 26 
1871 11 17 26 
1696 12 18 26 
1478 13 19 26 
1415 15 19 26 
1305 16 18 26 
1304 17 17 26 
1071 18 16 26 
950 19 15 26 
885 0 5 26 
793 1 6 26 
738 2 7 26 
662 3 8 26 
619 4 9 26 
588 5 10 26 
439 6 11 26 
397 7 12 26 
299 8 13 26 
287 9 14 26 
3400 10 15 26 
3184 11 16 26 
3159 12 17 26 
3133 13 18 26 
2980 14 19 26 
2930 15 18 26 
2670 16 17 26 
2540 17 16 26 
2332 18 15 26 
2204 19 14 26 
2063 0 4 26 
1975 1 5 26 
1941 2 6 26 
1816 3 7 26 
1444 4 8 26 
1208 5 9 26 
1095 6 10 26 
1064 7 11 26 
887 8 12 26 
724 9 13 26 
689 10 14 26 
575 11 15 26 
553 12 16 26 
523 13 17 26 
425 14 18 26 
197 15 17 26 
174 16 16 26 
33 17 15 26 
21 18 14 26 
3720 19 13 26 
3422 0 3 26 
3067 1 4 26 
2979 2 5 26 
2916 3 6 26 
2813 4 7 26 
2579 5 8 26 
2578 6 9 26 
2519 7 10 26 
2494 8 11 26 
2262 9 12 26 
2230 10 13 26 
2083 11 14 26 
2082 12 15 26 
1726 13 16 26 
1595 14 17 26 
1141 15 16 26 
1038 16 15 26 
959 17 14 26 
803 18 13 26 
751 0 2 26 
720 1 3 26 
501 2 4 26 
393 3 5 26 
307 4 6 26 
260 5 7 26 
39 6 8 26 
3761 7 9 26 
3605 8 10 26 
3483 9 11 26 
3406 10 12 26 
3394 11 13 26 
3361 12 14 26 
3163 13 15 26 
2968 14 16 26 
2877 15 15 26 
2822 16 14 26 
2640 17 13 26 
2484 0 1 26 
2098 1 2 26 
1756 2 3 26 
1747 3 4 26 
1549 4 5 26 
1475 5 6 26 
1418 6 7 26 
1399 7 8 26 
1225 8 9 26 
912 9 10 26 
558 10 11 26 
521 11 12 26 
520 12 13 26 
279 13 14 26 
243 14 15 26 
60 15 14 26 
3671 16 13 26 
3445 0 0 26 
3218 1 1 26 
3207 2 2 26 
3149 3 3 26 
2844 4 4 26 
2679 5 5 26 
2060 6 6 26 
1858 7 7 26 
1410 8 8 26 
1377 9 9 26 
1308 10 10 26 
560 11 11 26 
445 12 12 26 
274 13 13 26 
3423 14 14 26 
3344 15 13 26 
3116 1 0 26 
3106 2 1 26 
3099 3 2 26 
3014 4 3 26 
2872 5 4 26 
2780 6 5 26 
2527 7 6 26 
2263 8 7 26 
2132 9 8 26 
2029 10 9 26 
1854 11 10 26 
1560 12 11 26 
1473 13 12 26 
1069 14 13 26 
1025 2 0 26 
1005 3 1 26 
879 4 2 26 
855 5 3 26 
778 6 4 26 
760 7 5 26 
754 8 6 26 
568 9 7 26 
300 10 8 26 
31 11 9 26 
3659 12 10 26 
3434 13 11 26 
3378 14 12 26 
3197 3 0 26 
3082 4 1 26 
3020 5 2 26 
2994 6 3 26 
2957 7 4 26 
2922 8 5 26 
2704 9 6 26 
2645 10 7 26 
2404 11 8 26 
2401 12 9 26 
2026 13 10 26 
1878 14 11 26 
1661 15 12 26 
1413 4 0 26 
1369 5 1 26 
1260 6 2 26 
1122 7 3 26 
630 8 4 26 
599 9 5 26 
593 10 6 26 
489 11 7 26 
323 12 8 26 
276 13 9 26 
228 14 10 26 
222 15 11 26 
128 16 12 26 
3597 5 0 26 
3509 6 1 26 
3505 7 2 26 
3177 8 3 26 
2967 9 4 26 
2884 10 5 26 
2851 11 6 26 
2238 12 7 26 
1548 13 8 26 
1279 14 9 26 
518 15 10 26 
441 16 11 26 
345 17 12 26 
318 6 0 26 
25 7 1 26 
3676 8 2 26 
3140 9 3 26 
2969 10 4 26 
2849 11 5 26 
2625 12 6 26 
2553 13 7 26 
2532 14 8 26 
2104 15 9 26 
1773 16 10 26 
1442 17 11 26 
1441 18 12 26 
1288 7 0 26 
1027 8 1 26 
928 9 2 26 
596 10 3 26 
562 11 4 26 
273 12 5 26 
227 13 6 26 
205 14 7 26 
3783 15 8 26 
3470 16 9 26 
3367 17 10 26 
3200 18 11 26 
3105 19 12 26 
3013 8 0 26 
2906 9 1 26 
2904 10 2 26 
2682 11 3 26 
2666 12 4 26 
2655 13 5 26 
2618 14 6 26 
1690 15 7 26 
1589 16 8 26 
1562 17 9 26 
1543 18 10 26 
1518 19 11 26 
1240 9 0 26 
1048 10 1 26 
984 11 2 26 
3779 12 3 26 
3329 13 4 26 
3239 14 5 26 
3041 15 6 26 
2744 16 7 26 
2366 17 8 26 
2221 18 9 26 
2172 19 10 26 
2120 10 0 26 
2007 11 1 26 
1945 12 2 26 
1668 13 3 26 
1426 14 4 26 
1021 15 5 26 
962 16 6 26 
913 17 7 26 
726 18 8 26 
686 19 9 26 
578 11 0 26 
198 12 1 26 
3548 13 2 26 
3540 14 3 26 
3356 15 4 26 
2707 16 5 26 
2641 17 6 26 
2498 18 7 26 
1841 19 8 26 
1394 12 0 26 
1132 13 1 26 
952 14 2 26 
629 15 3 26 
544 16 4 26 
509 17 5 26 
449 18 6 26 
84 19 7 26 
3768 13 0 26 
3385 14 1 26 
3043 15 2 26 
2997 16 3 26 
2687 17 4 26 
2499 18 5 26 
2434 19 6 26 
2178 14 0 26 
2019 15 1 26 
1767 16 2 26 
1497 17 3 26 
1393 18 4 26 
470 19 5 26 
41 15 0 26 
3428 16 1 26 
2917 17 2 26 
2802 18 3 26 
2788 19 4 26 
2517 16 0 26 
2311 17 1 26 
1850 18 2 26 
866 19 3 26 
2384 17 0 26 
1845 18 1 26 
3699 19 2 26 
3113 18 0 26 
1649 19 1 26 
1276 19 0 26 
856 18 1 36 
380 17 1 37 
426 18 2 37 
113 16 1 37 
369 17 2 37 
1647 18 3 37 
1735 15 1 38 
3594 16 2 38 
56 17 3 38 
2283 18 4 38 
2511 14 1 38 
3773 15 2 38 
488 16 3 38 
2326 17 4 38 
2634 18 5 38 
231 13 1 39 
476 14 2 39 
527 15 3 39 
741 16 4 39 
1173 17 5 39 
1852 18 6 39 
3134 12 1 40 
3166 13 2 39 
73 14 3 39 
1091 15 4 39 
1294 16 5 39 
1303 17 6 39 
1436 18 7 39 
2333 11 1 40 
2478 12 2 40 
7 13 3 40 
70 14 4 40 
233 15 5 40 
248 16 6 40 
460 17 7 40 
1167 18 8 40 
1344 10 1 41 
1574 11 2 41 
2717 12 3 40 
3181 13 4 40 
3615 14 5 40 
749 15 6 40 
1108 16 7 40 
1931 17 8 40 
2175 18 9 40 
2226 9 1 41 
3295 10 2 41 
3622 11 3 41 
136 12 4 41 
264 13 5 41 
335 14 6 41 
990 15 7 41 
1162 16 8 41 
1431 17 9 41 
1553 18 10 41 
2414 8 1 42 
2447 9 2 42 
2604 10 3 42 
172 11 4 42 
370 12 5 42 
1202 13 6 42 
1211 15 8 41 
1367 16 9 41 
1570 17 10 41 
1801 18 11 41 
2726 7 1 43 
2878 8 2 42 
432 9 3 42 
908 10 4 42 
971 11 5 42 
1772 12 6 42 
1843 15 9 42 
2776 16 10 42 
3054 17 11 42 
3599 6 1 43 
3388 0 19 51 
3296 0 18 51 
3150 1 19 51 
2972 0 17 51 
2738 1 18 51 
2592 2 19 51 
2564 0 16 51 
2437 1 17 51 
2427 2 18 51 
2171 3 19 51 
2157 0 15 51 
1984 1 16 51 
1720 2 17 51 
1502 3 18 51 
1333 4 19 51 
1206 0 14 51 
979 1 15 51 
936 2 16 51 
564 3 17 51 
462 4 18 51 
384 5 19 51 
376 0 13 51 
333 1 14 51 
330 2 15 51 
327 3 16 51 
185 4 17 51 
3646 5 18 51 
3587 6 19 51 
3544 0 12 51 
3543 1 13 51 
3341 2 14 51 
3292 3 15 51 
2747 4 16 51 
2710 5 17 51 
2580 6 18 51 
2541 7 19 51 
2307 0 11 51 
2289 1 12 51 
2125 2 13 51 
2121 3 14 51 
2086 4 15 51 
2071 5 16 51 
1848 6 17 51 
1817 7 18 51 
1722 8 19 51 
1608 0 10 51 
1251 1 11 51 
745 2 12 51 
733 3 13 51 
548 4 14 51 
546 5 15 51 
419 6 16 51 
343 7 17 51 
262 8 18 51 
156 9 19 51 
67 19 19 51 
61 0 9 51 
3696 1 10 51 
3241 2 11 51 
3219 3 12 51 
3195 4 13 51 
3139 5 14 51 
3081 6 15 51 
3074 7 16 51 
2926 8 17 51 
2806 9 18 51 
2590 10 19 51 
2469 18 19 51 
2463 19 18 51 
2410 0 8 51 
2088 1 9 51 
2015 2 10 51 
1787 3 11 51 
1781 4 12 51 
1628 5 13 51 
1554 6 14 51 
1351 7 15 51 
1253 8 16 51 
976 9 17 51 
890 10 18 51 
875 11 19 51 
841 17 19 51 
652 18 18 51 
635 19 17 51 
163 0 7 51 
118 1 8 51 
3637 2 9 51 
3627 3 10 51 
3575 4 11 51 
3510 5 12 51 
3507 6 13 51 
3390 7 14 51 
3311 8 15 51 
3273 9 16 51 
3143 10 17 51 
3024 11 18 51 
2832 12 19 51 
2817 16 19 51 
2631 17 18 51 
2433 18 17 51 
2349 19 16 51 
2348 0 6 51 
2199 1 7 51 
1988 2 8 51 
1785 3 9 51 
1758 4 10 51 
1753 5 11 51 
1665 6 12 51 
1542 7 13 51 
1434 8 14 51 
1284 9 15 51 
1270 10 16 51 
1196 11 17 51 
1115 12 18 51 
587 13 19 51 
438 15 19 51 
437 16 18 51 
399 17 17 51 
346 18 16 51 
96 19 15 51 
3702 0 5 51 
3598 1 6 51 
3531 2 7 51 
3459 3 8 51 
3383 4 9 51 
2975 5 10 51 
2889 6 11 51 
2786 7 12 51 
2651 8 13 51 
1856 9 14 51 
1701 10 15 51 
1427 11 16 51 
1146 12 17 51 
1085 13 18 51 
1037 14 19 51 
889 15 18 51 
771 16 17 51 
765 17 16 51 
498 18 15 51 
456 19 14 51 
377 0 4 51 
168 1 5 51 
74 2 6 51 
3738 3 7 51 
3667 4 8 51 
3619 5 9 51 
3570 6 10 51 
3485 7 11 51 
3342 8 12 51 
3007 9 13 51 
2914 10 14 51 
2905 11 15 51 
2759 12 16 51 
2652 13 17 51 
2369 14 18 51 
2227 15 17 51 
2154 16 16 51 
1899 17 15 51 
1872 18 14 51 
1863 19 13 51 
1397 0 3 51 
1358 1 4 51 
1186 2 5 51 
583 3 6 51 
371 4 7 51 
189 5 8 51 
32 6 9 51 
3173 7 10 51 
3137 8 11 51 
3062 9 12 51 
2897 10 13 51 
2659 11 14 51 
2636 12 15 51 
2457 13 16 51 
2442 14 17 51 
2138 15 16 51 
1926 16 15 51 
1685 17 14 51 
1598 18 13 51 
1573 0 2 51 
1402 1 3 51 
1312 2 4 51 
1083 3 5 51 
993 4 6 51 
939 5 7 51 
727 6 8 51 
697 7 9 51 
579 8 10 51 
541 9 11 51 
487 10 12 51 
359 11 13 51 
285 12 14 51 
82 13 15 51 
3489 14 16 51 
3373 15 15 51 
3094 16 14 51 
3063 17 13 51 
3046 0 1 51 
2992 1 2 51 
2799 2 3 51 
2639 3 4 51 
2638 4 5 51 
2465 5 6 51 
2142 6 7 51 
2008 7 8 51 
1922 8 9 51 
1873 9 10 51 
1583 10 11 51 
1476 11 12 51 
1057 12 13 51 
922 13 14 51 
829 14 15 51 
776 15 14 51 
756 16 13 51 
653 0 0 51 
392 1 1 51 
2847 2 2 51 
2779 3 3 51 
2745 4 4 51 
2691 5 5 51 
2589 6 6 51 
2526 7 7 51 
2217 8 8 51 
2200 9 9 51 
1862 10 10 51 
1803 11 11 51 
1381 12 12 51 
1185 13 13 51 
1063 14 14 51 
787 15 13 51 
634 1 0 51 
581 2 1 51 
368 3 2 51 
303 4 3 51 
253 5 4 51 
3573 6 5 51 
2984 7 6 51 
2234 8 7 51 
2159 9 8 51 
2081 10 9 51 
2076 11 10 51 
1980 12 11 51 
1951 13 12 51 
1851 14 13 51 
1793 2 0 51 
1615 3 1 51 
1557 4 2 51 
1534 5 3 51 
1491 6 4 51 
1297 7 5 51 
1220 8 6 51 
1159 9 7 51 
810 10 8 51 
494 11 9 51 
463 12 10 51 
459 13 11 51 
405 14 12 51 
90 3 0 51 
3691 4 1 51 
3418 5 2 51 
2698 6 3 51 
2403 7 4 51 
1947 8 5 51 
1870 9 6 51 
1578 10 7 51 
1118 11 8 51 
1090 12 9 51 
1059 13 10 51 
1041 14 11 51 
648 15 12 51 
326 4 0 51 
130 5 1 51 
37 6 2 51 
3767 7 3 51 
3632 8 4 51 
3601 9 5 51 
3580 10 6 51 
3080 11 7 51 
2782 12 8 51 
2439 13 9 51 
2361 14 10 51 
2354 15 11 51 
2310 16 12 51 
2300 5 0 51 
2203 6 1 51 
2079 7 2 51 
1882 8 3 51 
1755 9 4 51 
1539 10 5 51 
1400 11 6 51 
1237 12 7 51 
1077 13 8 51 
1012 14 9 51 
781 15 10 51 
458 16 11 51 
448 17 12 51 
192 6 0 51 
149 7 1 51 
3472 8 2 51 
3141 9 3 51 
2973 10 4 51 
2377 11 5 51 
1835 12 6 51 
1612 13 7 51 
1275 14 8 51 
969 15 9 51 
906 16 10 51 
848 17 11 51 
696 18 12 51 
366 7 0 51 
66 8 1 51 
3693 9 2 51 
3657 10 3 51 
3588 11 4 51 
3490 12 5 51 
3265 13 6 51 
3126 14 7 51 
2912 15 8 51 
2728 16 9 51 
2341 17 10 51 
2305 18 11 51 
2258 19 12 51 
1989 8 0 51 
1663 9 1 51 
1587 10 2 51 
1563 11 3 51 
1485 12 4 51 
1379 13 5 51 
1307 14 6 51 
1006 15 7 51 
693 16 8 51 
383 17 9 51 
140 18 10 51 
3765 19 11 51 
3571 9 0 51 
3464 10 1 51 
3384 11 2 51 
3268 12 3 51 
3222 13 4 51 
3069 14 5 51 
3056 15 6 51 
3001 16 7 51 
2827 17 8 51 
2394 18 9 51 
2292 19 10 51 
2126 10 0 51 
2048 11 1 51 
1965 12 2 51 
1605 13 3 51 
1472 14 4 51 
1416 15 5 51 
1306 16 6 51 
1171 17 7 51 
1065 18 8 51 
901 19 9 51 
685 11 0 51 
284 12 1 51 
3614 13 2 51 
3582 14 3 51 
3060 15 4 51 
2841 16 5 51 
2716 17 6 51 
2627 18 7 51 
2228 19 8 51 
1990 12 0 51 
1447 13 1 51 
1066 14 2 51 
512 15 3 51 
258 16 4 51 
127 17 5 51 
117 18 6 51 
3654 19 7 51 
3608 13 0 51 
3550 14 1 51 
3402 15 2 51 
2910 16 3 51 
2784 17 4 51 
2689 18 5 51 
1875 19 6 51 
1550 14 0 51 
880 15 1 51 
714 16 2 51 
3739 17 3 51 
3725 18 4 51 
3709 19 5 51 
3131 15 0 51 
2931 16 1 51 
2751 17 2 51 
2285 18 3 51 
2068 19 4 51 
1280 16 0 51 
1076 17 1 51 
850 18 2 51 
71 19 3 51 
2858 17 0 51 
2660 18 1 51 
1923 19 2 51 
1759 18 0 51 
1529 19 1 51 
1256 19 0 51 
408 18 1 60 
3595 17 1 61 
2823 18 2 61 
2 16 1 61 
272 17 2 61 
381 18 3 61 
505 15 1 62 
1642 16 2 62 
1944 17 3 61 
2765 18 4 61 
552 14 1 62 
809 15 2 62 
1412 16 3 62 
1838 17 4 62 
1932 18 5 62 
3649 13 1 63 
3735 14 2 63 
1950 15 3 63 
2431 16 4 63 
3448 17 5 63 
103 18 6 63 
542 12 1 64 
1667 13 2 63 
1765 14 3 63 
2041 15 4 63 
2896 16 5 63 
3077 17 6 63 
388 18 7 63 
838 11 1 64 
1494 12 2 64 
1652 13 3 64 
1987 14 4 64 
2150 15 5 64 
2169 16 6 64 
2684 17 7 64 
3354 18 8 64 
3374 10 1 64 
3713 11 2 64 
591 12 3 64 
943 13 4 64 
1043 14 5 64 
1198 15 6 64 
1775 16 7 64 
1909 17 8 64 
2158 18 9 64 
2857 9 1 65 
3203 10 2 65 
352 11 3 65 
744 12 4 65 
1114 13 5 65 
1229 14 6 65 
1604 15 7 65 
1830 16 8 65 
2215 17 9 65 
2246 18 10 65 
2291 8 1 66 
2635 9 2 65 
3021 10 3 65 
3260 11 4 65 
3461 12 5 65 
3537 13 6 65 
151 15 8 65 
964 16 9 65 
1032 17 10 65 
1310 18 11 65 
1376 7 1 67 
1479 8 2 66 
2417 9 3 66 
3088 10 4 66 
3151 11 5 66 
3191 12 6 66 
3399 15 9 66 
3542 16 10 66 
3787 17 11 66 
960 6 1 67 
1040 7 2 67 
1357 8 3 67 
1392 9 4 67 
2038 10 5 67 
2130 11 6 67 
2164 14 9 67 
2490 15 10 67 
3187 16 11 67 
3469 5 1 68 
586 6 2 68 
1342 7 3 67 
1406 8 4 67 
3135 9 5 67 
3284 10 6 67 
3665 13 9 67 
472 14 10 67 
672 15 11 67 
1949 4 1 68 
2245 5 2 68 
3019 6 3 68 
3746 0 19 76 
3724 0 18 76 
3716 1 19 76 
3652 0 17 76 
3645 1 18 76 
3617 2 19 76 
3552 0 16 76 
3440 1 17 76 
3096 2 18 76 
3070 3 19 76 
2901 0 15 76 
2787 1 16 76 
2508 2 17 76 
2424 3 18 76 
2329 4 19 76 
2271 0 14 76 
2257 1 15 76 
2058 2 16 76 
1789 3 17 76 
1788 4 18 76 
1738 5 19 76 
1715 0 13 76 
1654 1 14 76 
1635 2 15 76 
1404 3 16 76 
1302 4 17 76 
1125 5 18 76 
1117 6 19 76 
1047 0 12 76 
1001 1 13 76 
854 2 14 76 
852 3 15 76 
506 4 16 76 
229 5 17 76 
206 6 18 76 
52 7 19 76 
3776 0 11 76 
3729 1 12 76 
3616 2 13 76 
3527 3 14 76 
3474 4 15 76 
3359 5 16 76 
3123 6 17 76 
2932 7 18 76 
2824 8 19 76 
2642 0 10 76 
2602 1 11 76 
2584 2 12 76 
2571 3 13 76 
2179 4 14 76 
2160 5 15 76 
2003 6 16 76 
1887 7 17 76 
1721 8 18 76 
1600 9 19 76 
1282 19 19 76 
1226 0 9 76 
1175 1 10 76 
925 2 11 76 
842 3 12 76 
812 4 13 76 
783 5 14 76 
664 6 15 76 
536 7 16 76 
491 8 17 76 
454 9 18 76 
453 10 19 76 
145 18 19 76 
4 19 18 76 
3733 0 8 76 
3647 1 9 76 
3491 2 10 76 
3462 3 11 76 
3432 4 12 76 
3287 5 13 76 
3256 6 14 76 
3223 7 15 76 
3221 8 16 76 
2903 9 17 76 
2846 10 18 76 
2818 11 19 76 
2792 17 19 76 
2757 18 18 76 
2407 19 17 76 
2374 0 7 76 
2122 1 8 76 
1997 2 9 76 
1942 3 10 76 
1823 4 11 76 
1780 5 12 76 
1697 6 13 76 
1671 7 14 76 
1464 8 15 76 
1093 9 16 76 
710 10 17 76 
613 11 18 76 
545 12 19 76 
495 16 19 76 
378 17 18 76 
200 18 17 76 
80 19 16 76 
6 0 6 76 
3454 1 7 76 
3355 2 8 76 
3216 3 9 76 
2470 4 10 76 
2275 5 11 76 
2255 6 12 76 
2146 7 13 76 
2066 8 14 76 
1831 9 15 76 
1741 10 16 76 
1636 11 17 76 
1614 12 18 76 
1593 13 19 76 
1571 15 19 76 
954 16 18 76 
918 17 17 76 
746 18 16 76 
166 19 15 76 
3714 0 5 76 
3494 1 6 76 
3452 2 7 76 
3372 3 8 76 
3300 4 9 76 
3250 5 10 76 
3179 6 11 76 
2929 7 12 76 
2820 8 13 76 
2814 9 14 76 
2701 10 15 76 
2616 11 16 76 
2315 12 17 76 
2301 13 18 76 
2196 14 19 76 
2123 15 18 76 
2091 16 17 76 
2034 17 16 76 
1744 18 15 76 
1536 19 14 76 
1481 0 4 76 
1363 1 5 76 
1330 2 6 76 
1153 3 7 76 
1123 4 8 76 
1067 5 9 76 
995 6 10 76 
926 7 11 76 
486 8 12 76 
214 9 13 76 
111 10 14 76 
109 11 15 76 
57 12 16 76 
3695 13 17 76 
3658 14 18 76 
3541 15 17 76 
3412 16 16 76 
3175 17 15 76 
2703 18 14 76 
2609 19 13 76 
2542 0 3 76 
2386 1 4 76 
2252 2 5 76 
2106 3 6 76 
2023 4 7 76 
1986 5 8 76 
1977 6 9 76 
1829 7 10 76 
1752 8 11 76 
1233 9 12 76 
1074 10 13 76 
1056 11 14 76 
867 12 15 76 
827 13 16 76 
788 14 17 76 
625 15 16 76 
550 16 15 76 
534 17 14 76 
485 18 13 76 
465 0 2 76 
421 1 3 76 
3744 2 4 76 
3740 3 5 76 
3623 4 6 76 
3620 5 7 76 
3392 6 8 76 
3128 7 9 76 
2861 8 10 76 
2781 9 11 76 
2729 10 12 76 
2719 11 13 76 
2649 12 14 76 
2530 13 15 76 
2272 14 16 76 
2095 15 15 76 
1764 16 14 76 
1508 17 13 76 
1235 0 1 76 
1209 1 2 76 
1172 2 3 76 
1136 3 4 76 
966 4 5 76 
813 5 6 76 
786 6 7 76 
759 7 8 76 
670 8 9 76 
540 9 10 76 
525 10 11 76 
241 11 12 76 
3566 12 13 76 
3337 13 14 76 
3269 14 15 76 
2942 15 14 76 
2862 16 13 76 
2750 0 0 76 
2732 1 1 76 
2669 2 2 76 
2644 3 3 76 
2537 4 4 76 
2451 5 5 76 
2073 6 6 76 
2000 7 7 76 
1894 8 8 76 
1771 9 9 76 
1659 10 10 76 
1384 11 11 76 
1340 12 12 76 
1230 13 13 76 
668 14 14 76 
477 15 13 76 
398 1 0 76 
100 2 1 76 
16 3 2 76 
3005 4 3 76 
2986 5 4 76 
2915 6 5 76 
2913 7 6 76 
2874 8 7 76 
2865 9 8 76 
2856 10 9 76 
2700 11 10 76 
2648 12 11 76 
2525 13 12 76 
1979 14 13 76 
1904 2 0 76 
1866 3 1 76 
1834 4 2 76 
1461 5 3 76 
1390 6 4 76 
1337 7 5 76 
1204 8 6 76 
609 9 7 76 
413 10 8 76 
396 11 9 76 
259 12 10 76 
3500 13 11 76 
3379 14 12 76 
3369 3 0 76 
2836 4 1 76 
2795 5 2 76 
2582 6 3 76 
2558 7 4 76 
2421 8 5 76 
2229 9 6 76 
2163 10 7 76 
2062 11 8 76 
2036 12 9 76 
1807 13 10 76 
1757 14 11 76 
1658 15 12 76 
1449 4 0 76 
1411 5 1 76 
1187 6 2 76 
1181 7 3 76 
907 8 4 76 
839 9 5 76 
799 10 6 76 
594 11 7 76 
409 12 8 76 
302 13 9 76 
138 14 10 76 
134 15 11 76 
95 16 12 76 
3664 5 0 76 
3456 6 1 76 
3108 7 2 76 
3064 8 3 76 
3053 9 4 76 
2731 10 5 76 
2723 11 6 76 
2560 12 7 76 
2464 13 8 76 
2224 14 9 76 
2053 15 10 76 
2045 16 11 76 
2037 17 12 76 
2031 6 0 76 
1985 7 1 76 
1927 8 2 76 
1492 9 3 76 
1116 10 4 76 
570 11 5 76 
3283 12 6 76 
3087 13 7 76 
2976 14 8 76 
2692 15 9 76 
2673 16 10 76 
2502 17 11 76 
2486 18 12 76 
2223 7 0 76 
2022 8 1 76 
1963 9 2 76 
1959 10 3 76 
1705 11 4 76 
1645 12 5 76 
1617 13 6 76 
1327 14 7 76 
1281 15 8 76 
1113 16 9 76 
1061 17 10 76 
902 18 11 76 
391 19 12 76 
367 8 0 76 
280 9 1 76 
86 10 2 76 
3317 11 3 76 
3290 12 4 76 
3190 13 5 76 
2928 14 6 76 
2843 15 7 76 
2468 16 8 76 
2290 17 9 76 
2280 18 10 76 
1976 19 11 76 
1770 9 0 76 
1060 10 1 76 
1008 11 2 76 
282 12 3 76 
23 13 4 76 
3603 14 5 76 
3321 15 6 76 
3055 16 7 76 
2749 17 8 76 
2458 18 9 76 
1751 19 10 76 
1691 10 0 76 
703 11 1 76 
658 12 2 76 
450 13 3 76 
250 14 4 76 
208 15 5 76 
142 16 6 76 
3726 17 7 76 
3721 18 8 76 
3416 19 9 76 
3294 11 0 76 
3236 12 1 76 
2595 13 2 76 
2137 14 3 76 
1876 15 4 76 
1729 16 5 76 
1699 17 6 76 
816 18 7 76 
604 19 8 76 
538 12 0 76 
78 13 1 76 
3199 14 2 76 
2989 15 3 76 
2808 16 4 76 
2011 17 5 76 
2010 18 6 76 
1920 19 7 76 
1836 13 0 76 
1698 14 1 76 
1579 15 2 76 
1422 16 3 76 
1257 17 4 76 
1227 18 5 76 
983 19 6 76 
780 14 0 76 
204 15 1 76 
3624 16 2 76 
2995 17 3 76 
2908 18 4 76 
2676 19 5 76 
2176 15 0 76 
1811 16 1 76 
991 17 2 76 
627 18 3 76 
592 19 4 76 
3512 16 0 76 
3391 17 1 76 
3319 18 2 76 
2753 19 3 76 
2391 17 0 76 
1930 18 1 76 
533 19 2 76 
3707 18 0 76 
1299 19 1 76 
1050 19 0 76 
137 18 1 86 
3186 17 1 86 
1921 18 2 86 
2002 16 1 87 
10 17 2 87 
1423 18 3 87 
2302 15 1 88 
3031 16 2 87 
3066 17 3 87 
567 18 4 87 
1955 14 1 88 
2140 15 2 88 
3393 16 3 88 
35 17 4 88 
805 18 5 88 
967 13 1 89 
1385 14 2 88 
1762 15 3 88 
2165 16 4 88 
2265 17 5 88 
2554 18 6 88 
358 12 1 89 
628 13 2 89 
1901 14 3 89 
3263 15 4 89 
3749 16 5 89 
106 17 6 89 
350 18 7 89 
416 11 1 90 
859 12 2 90 
1189 13 3 90 
1490 14 4 90 
2445 15 5 90 
2600 16 6 90 
2678 17 7 89 
2737 18 8 89 
715 10 1 91 
718 11 2 91 
3266 12 3 91 
3519 13 4 91 
417 14 5 90 
845 15 6 90 
1295 16 7 90 
1638 17 8 90 
1824 18 9 90 
2674 9 1 92 
3115 10 2 92 
3403 11 3 91 
522 12 4 91 
1000 13 5 91 
1119 14 6 91 
1528 15 7 91 
3095 16 8 91 
3264 17 9 91 
3447 18 10 91 
442 8 1 92 
974 9 2 92 
1380 10 3 92 
1707 11 4 92 
2208 12 5 92 
2830 13 6 92 
3678 15 8 92 
257 16 9 92 
507 17 10 92 
1017 18 11 92 
1045 7 1 93 
1152 8 2 93 
1261 9 3 93 
1319 10 4 93 
1458 11 5 93 
2001 12 6 92 
2974 15 9 92 
3006 16 10 92 
3430 17 11 92 
3648 6 1 93 
116 7 2 93 
217 8 3 93 
255 9 4 93 
382 10 5 93 
892 11 6 93 
1028 14 9 93 
1272 15 10 93 
1745 16 11 93 
1903 5 1 94 
1961 6 2 94 
2099 7 3 94 
3017 8 4 94 
3584 9 5 94 
3684 10 6 94 
