1671
3586 5 8 1 
3407 4 8 1 
3384 5 9 1 
3376 3 8 1 
3305 4 9 1 
3061 5 10 1 
3030 5 12 1 
3011 0 8 1 
2938 2 8 1 
2834 3 9 1 
2611 4 10 1 
2603 4 12 1 
1909 5 11 1 
1835 0 9 1 
1685 1 8 1 
1641 2 9 1 
1079 3 10 1 
997 3 12 1 
993 4 11 1 
809 0 10 1 
784 1 9 1 
755 2 10 1 
720 3 11 1 
665 0 11 1 
626 1 10 1 
547 2 11 1 
455 0 12 1 
357 1 11 1 
244 0 13 1 
133 1 12 1 
3983 0 14 1 
3937 1 13 1 
3909 2 12 1 
3862 3 13 1 
3761 0 15 1 
3697 0 19 1 
3663 1 14 1 
3356 2 13 1 
3242 3 14 1 
3185 0 16 1 
3088 0 18 1 
2952 1 15 1 
2830 1 19 1 
2648 2 14 1 
2397 0 17 1 
2392 1 16 1 
1957 1 18 1 
1829 2 15 1 
1818 2 19 1 
1797 4 13 1 
1706 1 17 1 
1441 2 16 1 
694 2 18 1 
587 3 15 1 
389 3 19 1 
372 4 14 1 
204 5 13 1 
84 2 17 1 
3845 3 16 1 
3759 3 18 1 
3442 4 15 1 
3372 4 19 1 
3286 5 14 1 
2915 3 17 1 
2631 4 16 1 
2384 4 18 1 
2354 5 15 1 
2336 5 19 1 
2288 12 16 1 
2133 13 19 1 
2106 4 17 1 
1907 5 16 1 
1898 5 18 1 
1840 6 19 1 
1659 11 16 1 
1301 12 17 1 
1270 12 19 1 
1259 13 18 1 
1220 14 19 1 
1169 5 17 1 
858 6 18 1 
835 7 19 1 
820 11 17 1 
657 11 19 1 
3949 12 18 1 
3936 13 17 1 
3933 14 18 1 
3891 15 19 1 
3708 6 13 1 
3689 6 17 1 
3531 7 18 1 
3529 8 19 1 
3498 10 19 1 
3445 11 18 1 
3193 13 16 1 
2856 14 17 1 
2745 15 18 1 
2576 16 19 1 
2251 6 14 1 
1928 6 16 1 
1746 7 13 1 
1575 7 17 1 
1406 8 18 1 
1264 9 19 1 
999 10 18 1 
941 13 15 1 
894 14 16 1 
848 15 17 1 
762 16 18 1 
473 17 19 1 
433 19 19 1 
378 6 15 1 
208 7 14 1 
115 7 16 1 
3920 8 13 1 
3868 8 17 1 
3692 9 18 1 
3574 10 17 1 
3545 12 15 1 
3416 14 15 1 
3082 15 16 1 
3016 16 17 1 
2972 17 18 1 
2678 18 19 1 
2612 19 18 1 
2527 7 15 1 
2407 8 14 1 
2405 8 16 1 
2351 9 17 1 
2241 10 16 1 
2163 11 15 1 
2138 12 14 1 
1969 15 15 1 
1523 16 16 1 
1378 17 17 1 
1303 18 18 1 
1039 19 17 1 
1007 8 15 1 
851 9 16 1 
838 10 15 1 
831 11 14 1 
807 12 13 1 
731 16 15 1 
538 17 16 1 
430 18 17 1 
396 19 16 1 
264 9 15 1 
159 10 14 1 
3950 11 13 1 
3900 12 12 1 
3853 17 15 1 
3715 18 16 1 
3276 19 15 1 
3197 9 14 1 
2931 10 13 1 
2893 11 12 1 
2851 12 11 1 
2843 18 15 1 
2451 19 14 1 
2229 6 12 1 
2144 9 13 1 
2137 10 12 1 
2076 11 11 1 
1871 12 10 1 
1462 18 14 1 
1405 19 13 1 
1381 6 11 1 
1290 7 12 1 
1282 9 12 1 
1237 10 11 1 
1193 11 10 1 
729 13 14 1 
446 17 14 1 
297 18 13 1 
247 19 12 1 
53 6 10 1 
3873 7 11 1 
3838 8 12 1 
3707 9 11 1 
3342 10 10 1 
3341 13 13 1 
3105 14 14 1 
2953 16 14 1 
2886 17 13 1 
2519 18 12 1 
2318 19 11 1 
2233 6 9 1 
2197 7 10 1 
2161 8 5 1 
2100 8 11 1 
1626 9 10 1 
1375 14 13 1 
1307 15 14 1 
1305 16 13 1 
1265 17 12 1 
1154 18 11 1 
850 19 10 1 
671 4 0 1 
610 6 8 1 
352 7 9 1 
331 8 6 1 
286 8 10 1 
3944 9 5 1 
3926 9 9 1 
3882 15 13 1 
3832 16 12 1 
3703 17 11 1 
3621 18 10 1 
3494 19 9 1 
3455 3 0 1 
3343 4 1 1 
2835 4 3 1 
2823 7 8 1 
2744 8 7 1 
2712 8 9 1 
2158 9 6 1 
2054 10 5 1 
1915 13 12 1 
1838 15 12 1 
1836 16 11 1 
1565 17 10 1 
1321 18 9 1 
763 19 0 1 
692 19 8 1 
102 0 0 1 
81 2 0 1 
3783 3 1 1 
3753 3 3 1 
3563 4 2 1 
3223 8 8 1 
3040 9 7 1 
2768 10 6 1 
2636 13 11 1 
2466 14 12 1 
2460 15 11 1 
2176 16 10 1 
2142 17 9 1 
2059 18 0 1 
1805 18 8 1 
1673 19 1 1 
1574 19 7 1 
991 0 1 1 
817 1 0 1 
735 2 1 1 
672 2 3 1 
578 3 2 1 
240 9 8 1 
111 10 7 1 
15 10 9 1 
3789 13 10 1 
3728 14 11 1 
3605 15 0 1 
3452 15 10 1 
3319 16 9 1 
3215 17 0 1 
3214 17 6 1 
3190 17 8 1 
3124 18 1 1 
3091 18 7 1 
2860 19 2 1 
2850 19 6 1 
2508 0 2 1 
2280 1 1 1 
2227 2 2 1 
2155 10 8 1 
2102 11 9 1 
1993 13 9 1 
1954 14 10 1 
1781 15 1 1 
1347 15 9 1 
1160 16 0 1 
871 16 6 1 
691 16 8 1 
574 17 1 1 
126 17 7 1 
77 18 2 1 
3641 18 6 1 
3606 19 3 1 
2728 19 5 1 
2616 0 3 1 
2583 1 2 1 
2420 11 8 1 
2217 12 9 1 
1682 13 8 1 
1555 14 9 1 
1398 15 2 1 
1117 15 8 1 
837 16 1 1 
639 16 7 1 
632 17 2 1 
415 18 3 1 
407 18 5 1 
395 19 4 1 
380 0 4 1 
3946 1 3 1 
3722 11 7 1 
3420 12 8 1 
3334 14 8 1 
3327 15 3 1 
3308 15 7 1 
3155 16 2 1 
3122 17 3 1 
2945 17 5 1 
2933 18 4 1 
2538 0 5 1 
2469 0 7 1 
2205 1 4 1 
2157 11 6 1 
1783 12 7 1 
1571 14 7 1 
1458 15 6 1 
1296 16 3 1 
1230 16 5 1 
1215 17 4 1 
856 0 6 1 
351 1 5 1 
253 1 7 1 
79 2 4 1 
3859 11 5 1 
3770 12 6 1 
3608 13 7 1 
3287 14 6 1 
3114 15 5 1 
3006 16 4 1 
2773 1 6 1 
2770 2 5 1 
2679 2 7 1 
2660 3 4 1 
2655 12 5 1 
2626 13 6 1 
2022 14 5 1 
1885 15 4 1 
1756 2 6 1 
1697 3 5 1 
982 3 7 1 
922 13 5 1 
337 14 0 1 
3743 14 4 1 
3683 3 6 1 
1773 4 7 1 
1647 11 4 1 
1400 13 0 1 
594 13 4 1 
169 14 1 1 
136 14 3 1 
3945 4 6 1 
3922 5 7 1 
3823 7 7 1 
3284 11 3 1 
3004 12 4 1 
2912 13 1 1 
2738 13 3 1 
2705 14 2 1 
2591 4 5 1 
2393 5 6 1 
2191 6 7 1 
2185 7 6 1 
2079 12 3 1 
2060 13 2 1 
1994 4 4 1 
1886 5 5 1 
1854 6 6 1 
1753 7 5 1 
1109 8 4 1 
1026 10 4 1 
877 12 2 1 
644 5 4 1 
503 6 5 1 
3335 7 4 1 
3331 9 4 1 
3237 10 3 1 
3046 11 2 1 
2568 12 1 1 
2282 5 3 1 
2206 6 4 1 
1364 9 3 1 
1285 10 2 1 
972 11 1 1 
818 12 0 1 
353 5 2 1 
180 6 3 1 
3883 8 3 1 
3690 9 2 1 
3095 10 1 1 
2845 11 0 1 
2532 5 1 1 
2387 6 2 1 
2300 7 3 1 
617 8 2 1 
3128 9 1 1 
2820 10 0 1 
2702 5 0 1 
2486 6 1 1 
2281 7 2 1 
2175 8 1 1 
1880 9 0 1 
2426 6 0 1 
1910 7 1 1 
1666 8 0 1 
1643 7 0 1 
3295 8 1 11 
673 13 3 14 
2109 12 6 16 
2265 17 4 17 
1353 18 4 17 
582 14 9 18 
2284 1 1 19 
602 14 10 19 
1031 14 11 19 
2293 18 1 19 
684 9 7 20 
2327 17 9 20 
3914 9 6 21 
658 18 9 21 
1178 7 9 22 
1935 16 12 21 
3870 5 8 26 
3358 4 8 26 
3264 5 9 26 
2991 3 8 26 
2817 4 9 26 
2812 5 10 26 
2747 5 12 26 
2552 0 8 26 
2550 2 8 26 
2504 3 9 26 
2381 4 10 26 
2364 4 12 26 
2032 5 11 26 
1975 0 9 26 
1895 1 8 26 
1881 2 9 26 
1776 3 10 26 
1709 3 12 26 
1698 4 11 26 
1655 0 10 26 
1601 1 9 26 
1510 2 10 26 
1202 3 11 26 
1134 0 11 26 
1112 1 10 26 
1107 2 11 26 
1067 0 12 26 
907 1 11 26 
785 0 13 26 
315 1 12 26 
152 0 14 26 
3982 1 13 26 
3916 2 12 26 
3899 3 13 26 
3819 0 15 26 
3711 0 19 26 
3548 1 14 26 
3180 2 13 26 
3171 3 14 26 
2948 0 16 26 
2756 0 18 26 
2720 1 15 26 
2617 1 19 26 
2563 2 14 26 
2164 0 17 26 
1786 1 16 26 
1525 1 18 26 
1424 2 15 26 
1293 2 19 26 
1153 4 13 26 
883 1 17 26 
879 2 16 26 
802 2 18 26 
776 3 15 26 
712 3 19 26 
374 4 14 26 
290 5 13 26 
3797 2 17 26 
3609 3 16 26 
3552 3 18 26 
3546 4 15 26 
3518 4 19 26 
3292 5 14 26 
3077 3 17 26 
3044 4 16 26 
2763 4 18 26 
2572 5 15 26 
2513 5 19 26 
2339 12 16 26 
2090 13 19 26 
2034 4 17 26 
1873 5 16 26 
1689 5 18 26 
1461 6 19 26 
1407 11 16 26 
1310 12 17 26 
1045 12 19 26 
980 13 18 26 
750 14 19 26 
623 5 17 26 
274 6 18 26 
68 7 19 26 
42 11 17 26 
3074 11 19 26 
2958 12 18 26 
2505 13 17 26 
2465 14 18 26 
2411 15 19 26 
2409 6 13 26 
2369 6 17 26 
2200 7 18 26 
2082 8 19 26 
2031 10 19 26 
2007 11 18 26 
1778 13 16 26 
1748 14 17 26 
1295 15 18 26 
1213 16 19 26 
1096 6 14 26 
823 6 16 26 
645 7 13 26 
356 7 17 26 
2 8 18 26 
3781 9 19 26 
3582 10 18 26 
3567 13 15 26 
3409 14 16 26 
3344 15 17 26 
3085 16 18 26 
2971 17 19 26 
2861 19 19 26 
2844 6 15 26 
2725 7 14 26 
2606 7 16 26 
2516 8 13 26 
2201 8 17 26 
2075 9 18 26 
1987 10 17 26 
1966 12 15 26 
1667 14 15 26 
841 15 16 26 
670 16 17 26 
575 17 18 26 
336 18 19 26 
335 19 18 26 
283 7 15 26 
104 8 14 26 
3793 8 16 26 
3628 9 17 26 
3439 10 16 26 
3380 11 15 26 
3336 12 14 26 
3332 15 15 26 
3221 16 16 26 
2951 17 17 26 
2793 18 18 26 
2671 19 17 26 
2609 8 15 26 
2537 9 16 26 
2523 10 15 26 
2515 11 14 26 
2497 12 13 26 
2484 16 15 26 
2408 17 16 26 
1976 18 17 26 
1932 19 16 26 
1927 9 15 26 
1714 10 14 26 
1556 11 13 26 
1495 12 12 26 
1426 17 15 26 
906 18 16 26 
895 19 15 26 
839 9 14 26 
752 10 13 26 
545 11 12 26 
494 12 11 26 
349 18 15 26 
278 19 14 26 
3907 6 12 26 
3881 9 13 26 
3827 10 12 26 
3625 11 11 26 
3436 12 10 26 
2740 18 14 26 
2661 19 13 26 
2375 6 11 26 
2363 7 12 26 
2295 9 12 26 
2263 10 11 26 
1189 11 10 26 
1057 13 14 26 
562 17 14 26 
475 18 13 26 
464 19 12 26 
177 6 10 26 
3850 7 11 26 
3672 8 12 26 
3650 9 11 26 
3579 10 10 26 
3535 13 13 26 
3265 14 14 26 
3070 16 14 26 
2909 17 13 26 
2813 18 12 26 
2672 19 11 26 
2341 6 9 26 
2202 7 10 26 
2055 8 5 26 
1696 8 11 26 
1459 9 10 26 
1324 14 13 26 
1217 15 14 26 
892 16 13 26 
857 17 12 26 
765 18 11 26 
717 19 10 26 
517 4 0 26 
394 6 8 26 
326 7 9 26 
3876 8 6 26 
3841 8 10 26 
3716 9 5 26 
3631 9 9 26 
3599 15 13 26 
3533 16 12 26 
3525 17 11 26 
2976 18 10 26 
2940 19 9 26 
2448 3 0 26 
2427 4 1 26 
2302 4 3 26 
2218 7 8 26 
2091 8 7 26 
2066 8 9 26 
2044 9 6 26 
1988 10 5 26 
1740 13 12 26 
1723 15 12 26 
1615 16 11 26 
1539 17 10 26 
1512 18 9 26 
1384 19 0 26 
1323 19 8 26 
1190 0 0 26 
998 2 0 26 
944 3 1 26 
744 3 3 26 
725 4 2 26 
696 8 8 26 
354 9 7 26 
168 10 6 26 
3977 13 11 26 
3935 14 12 26 
3549 15 11 26 
3444 16 10 26 
3098 17 9 26 
3083 18 0 26 
2553 18 8 26 
2350 19 1 26 
2067 19 7 26 
1981 0 1 26 
1924 1 0 26 
1704 2 1 26 
1540 2 3 26 
1520 3 2 26 
1370 9 8 26 
1273 10 7 26 
1236 10 9 26 
1150 13 10 26 
1053 14 11 26 
1042 15 0 26 
983 15 10 26 
764 16 9 26 
677 17 0 26 
310 17 6 26 
249 17 8 26 
216 18 1 26 
123 18 7 26 
75 19 2 26 
73 19 6 26 
8 0 2 26 
3960 1 1 26 
3815 2 2 26 
3768 10 8 26 
3653 11 9 26 
3640 13 9 26 
3346 14 10 26 
3129 15 1 26 
3036 15 9 26 
2897 16 0 26 
2597 16 6 26 
2240 16 8 26 
1668 17 1 26 
1377 17 7 26 
1366 18 2 26 
1275 18 6 26 
1025 19 3 26 
969 19 5 26 
959 0 3 26 
955 1 2 26 
938 11 8 26 
887 12 9 26 
747 13 8 26 
716 14 9 26 
713 15 2 26 
275 15 8 26 
226 16 1 26 
80 16 7 26 
41 17 2 26 
29 18 3 26 
3508 18 5 26 
3484 19 4 26 
3366 0 4 26 
3349 1 3 26 
3027 11 7 26 
3023 12 8 26 
2949 14 8 26 
2645 15 3 26 
2642 15 7 26 
2477 16 2 26 
1708 17 3 26 
1603 17 5 26 
1531 18 4 26 
1229 0 5 26 
1095 0 7 26 
654 1 4 26 
511 11 6 26 
485 12 7 26 
370 14 7 26 
202 15 6 26 
166 16 3 26 
134 16 5 26 
3952 17 4 26 
3871 0 6 26 
3785 1 5 26 
3771 1 7 26 
3765 2 4 26 
3647 11 5 26 
3261 12 6 26 
3249 13 7 26 
2911 14 6 26 
2754 15 5 26 
2262 16 4 26 
1847 1 6 26 
920 2 5 26 
875 2 7 26 
685 3 4 26 
399 12 5 26 
362 13 6 26 
261 14 5 26 
3681 15 4 26 
3267 2 6 26 
3112 3 5 26 
3007 3 7 26 
2989 13 5 26 
2959 14 0 26 
2539 14 4 26 
2253 3 6 26 
2025 4 7 26 
1827 11 4 26 
1825 13 0 26 
1711 13 4 26 
1674 14 1 26 
1482 14 3 26 
1356 4 6 26 
1349 5 7 26 
1337 7 7 26 
1332 11 3 26 
1114 12 4 26 
572 13 1 26 
523 13 3 26 
495 14 2 26 
444 4 5 26 
376 5 6 26 
185 6 7 26 
3687 7 6 26 
3675 12 3 26 
2970 13 2 26 
2771 4 4 26 
2257 5 5 26 
2136 6 6 26 
1940 7 5 26 
1078 8 4 26 
1009 10 4 26 
927 12 2 26 
189 5 4 26 
101 6 5 26 
83 7 4 26 
3468 9 4 26 
3328 10 3 26 
3313 11 2 26 
2365 12 1 26 
1192 5 3 26 
1043 6 4 26 
846 9 3 26 
799 10 2 26 
751 11 1 26 
638 12 0 26 
436 5 2 26 
200 6 3 26 
145 8 3 26 
3592 9 2 26 
2880 10 1 26 
2630 11 0 26 
1559 5 1 26 
1513 6 2 26 
1060 7 3 26 
567 8 2 26 
491 9 1 26 
37 10 0 26 
3898 5 0 26 
3656 6 1 26 
3417 7 2 26 
3018 8 1 26 
2950 9 0 26 
2326 6 0 26 
1599 7 1 26 
781 8 0 26 
2332 7 0 26 
745 8 1 36 
210 13 3 40 
1820 12 6 41 
2323 17 4 41 
2244 18 4 42 
2289 14 9 43 
3968 1 1 43 
1083 14 10 43 
273 14 11 44 
687 18 1 44 
1483 9 7 45 
2258 17 9 44 
2919 9 6 45 
3423 18 9 45 
3505 7 9 46 
1113 16 12 45 
1787 9 11 46 
2927 18 16 48 
3446 9 16 48 
1166 18 17 48 
2226 9 17 48 
3550 5 8 51 
3467 4 8 51 
3310 5 9 51 
3304 3 8 51 
3296 4 9 51 
3289 5 10 51 
3228 5 12 51 
3131 0 8 51 
3043 2 8 51 
2978 3 9 51 
2924 4 10 51 
2901 4 12 51 
2569 5 11 51 
2349 0 9 51 
1794 1 8 51 
1705 2 9 51 
1669 3 10 51 
1628 3 12 51 
1548 4 11 51 
1506 0 10 51 
1474 1 9 51 
1344 2 10 51 
1317 3 11 51 
1225 0 11 51 
1008 1 10 51 
832 2 11 51 
825 0 12 51 
794 1 11 51 
792 0 13 51 
688 1 12 51 
631 0 14 51 
609 1 13 51 
391 2 12 51 
385 3 13 51 
321 0 15 51 
106 0 19 51 
6 1 14 51 
3738 2 13 51 
3730 3 14 51 
3723 0 16 51 
3705 0 18 51 
3673 1 15 51 
3655 1 19 51 
3632 2 14 51 
2808 0 17 51 
2640 1 16 51 
2589 1 18 51 
2506 2 15 51 
2403 2 19 51 
2305 4 13 51 
2211 1 17 51 
2139 2 16 51 
2028 2 18 51 
2014 3 15 51 
1917 3 19 51 
1716 4 14 51 
1650 5 13 51 
1614 2 17 51 
1185 3 16 51 
1141 3 18 51 
674 4 15 51 
449 4 19 51 
299 5 14 51 
199 3 17 51 
21 4 16 51 
3786 4 18 51 
3507 5 15 51 
3443 5 19 51 
3283 12 16 51 
3028 13 19 51 
2833 4 17 51 
2654 5 16 51 
2398 5 18 51 
2356 6 19 51 
2237 11 16 51 
2131 12 17 51 
2073 12 19 51 
1984 13 18 51 
1965 14 19 51 
1962 5 17 51 
1824 6 18 51 
1593 7 19 51 
1453 11 17 51 
1434 11 19 51 
1328 12 18 51 
1038 13 17 51 
522 14 18 51 
450 15 19 51 
114 6 13 51 
3971 6 17 51 
3864 7 18 51 
3801 8 19 51 
3731 10 19 51 
3665 11 18 51 
3588 13 16 51 
3350 14 17 51 
3220 15 18 51 
3166 16 19 51 
3072 6 14 51 
2821 6 16 51 
2766 7 13 51 
2709 7 17 51 
2663 8 18 51 
2647 9 19 51 
2625 10 18 51 
2605 13 15 51 
2580 14 16 51 
2435 15 17 51 
2345 16 18 51 
2092 17 19 51 
2018 19 19 51 
2000 6 15 51 
1882 7 14 51 
1813 7 16 51 
1594 8 13 51 
1526 8 17 51 
940 9 18 51 
779 10 17 51 
757 12 15 51 
660 14 15 51 
651 15 16 51 
471 16 17 51 
439 17 18 51 
345 18 19 51 
334 19 18 51 
259 7 15 51 
28 8 14 51 
3964 8 16 51 
3856 9 17 51 
3741 10 16 51 
3718 11 15 51 
3581 12 14 51 
3326 15 15 51 
3123 16 16 51 
2910 17 17 51 
2839 18 18 51 
2668 19 17 51 
2581 8 15 51 
2415 9 16 51 
1998 10 15 51 
1888 11 14 51 
1793 12 13 51 
1617 16 15 51 
1598 17 16 51 
1466 18 17 51 
1268 19 16 51 
1110 9 15 51 
935 10 14 51 
859 11 13 51 
640 12 12 51 
629 17 15 51 
504 18 16 51 
138 19 15 51 
118 9 14 51 
18 10 13 51 
3988 11 12 51 
3893 12 11 51 
3428 18 15 51 
3247 19 14 51 
3199 6 12 51 
2656 9 13 51 
2482 10 12 51 
2104 11 11 51 
1996 12 10 51 
1851 18 14 51 
1767 19 13 51 
1710 6 11 51 
1456 7 12 51 
1267 9 12 51 
1027 10 11 51 
970 11 10 51 
949 13 14 51 
943 17 14 51 
803 18 13 51 
727 19 12 51 
597 6 10 51 
192 7 11 51 
3973 8 12 51 
3808 9 11 51 
3584 10 10 51 
3481 13 13 51 
3182 14 14 51 
3125 16 14 51 
3019 17 13 51 
2457 18 12 51 
2321 19 11 51 
2319 6 9 51 
2168 7 10 51 
2143 8 5 51 
1852 8 11 51 
1765 9 10 51 
1664 14 13 51 
1537 15 14 51 
1300 16 13 51 
1151 17 12 51 
985 18 11 51 
946 19 10 51 
934 4 0 51 
919 6 8 51 
912 7 9 51 
741 8 6 51 
596 8 10 51 
593 9 5 51 
535 9 9 51 
398 15 13 51 
3596 16 12 51 
3506 17 11 51 
3389 18 10 51 
2979 19 9 51 
2726 3 0 51 
2704 4 1 51 
2520 4 3 51 
2424 7 8 51 
2310 8 7 51 
2273 8 9 51 
2228 9 6 51 
1948 10 5 51 
1627 13 12 51 
1472 15 12 51 
1417 16 11 51 
1210 17 10 51 
1208 18 9 51 
1156 19 0 51 
945 19 8 51 
926 0 0 51 
876 2 0 51 
369 3 1 51 
313 3 3 51 
197 4 2 51 
153 8 8 51 
3884 9 7 51 
3875 10 6 51 
3791 13 11 51 
3762 14 12 51 
3751 15 11 51 
3607 16 10 51 
3499 17 9 51 
3433 18 0 51 
3429 18 8 51 
3398 19 1 51 
3266 19 7 51 
3058 0 1 51 
2900 1 0 51 
2788 2 1 51 
2783 2 3 51 
2382 3 2 51 
2378 9 8 51 
2335 10 7 51 
2235 10 9 51 
2030 13 10 51 
1936 14 11 51 
1371 15 0 51 
1367 15 10 51 
1287 16 9 51 
1035 17 0 51 
683 17 6 51 
496 17 8 51 
217 18 1 51 
3837 18 7 51 
3812 19 2 51 
3748 19 6 51 
3530 0 2 51 
3495 1 1 51 
3219 2 2 51 
3109 10 8 51 
2998 11 9 51 
2993 13 9 51 
2956 14 10 51 
2902 15 1 51 
2650 15 9 51 
2434 16 0 51 
2404 16 6 51 
2151 16 8 51 
1978 17 1 51 
1874 17 7 51 
1625 18 2 51 
1609 18 6 51 
1568 19 3 51 
1511 19 5 51 
1468 0 3 51 
1396 1 2 51 
1143 11 8 51 
364 12 9 51 
298 13 8 51 
3721 14 9 51 
3558 15 2 51 
3527 15 8 51 
3457 16 1 51 
3240 16 7 51 
3165 17 2 51 
3059 18 3 51 
2894 18 5 51 
2805 19 4 51 
2769 0 4 51 
2498 1 3 51 
2279 11 7 51 
2270 12 8 51 
2234 14 8 51 
2178 15 3 51 
1906 15 7 51 
1355 16 2 51 
1044 17 3 51 
965 17 5 51 
849 18 4 51 
845 0 5 51 
739 0 7 51 
246 1 4 51 
105 11 6 51 
62 12 7 51 
3956 14 7 51 
3453 15 6 51 
3288 16 3 51 
3251 16 5 51 
2966 17 4 51 
2920 0 6 51 
2892 1 5 51 
2522 1 7 51 
1893 2 4 51 
1868 11 5 51 
1762 12 6 51 
1733 13 7 51 
1611 14 6 51 
1274 15 5 51 
1235 16 4 51 
1084 1 6 51 
987 2 5 51 
3760 2 7 51 
3701 3 4 51 
3642 12 5 51 
3437 13 6 51 
3382 14 5 51 
3253 15 4 51 
3210 2 6 51 
2604 3 5 51 
2179 3 7 51 
2166 13 5 51 
2160 14 0 51 
2118 14 4 51 
2001 3 6 51 
1879 4 7 51 
1657 11 4 51 
990 13 0 51 
929 13 4 51 
810 14 1 51 
3685 14 3 51 
3475 4 6 51 
3388 5 7 51 
3340 7 7 51 
2955 11 3 51 
2803 12 4 51 
2796 13 1 51 
2470 13 3 51 
1892 14 2 51 
1831 4 5 51 
1678 5 6 51 
1484 6 7 51 
948 7 6 51 
648 12 3 51 
3912 13 2 51 
3542 4 4 51 
3526 5 5 51 
3503 6 6 51 
3303 7 5 51 
3230 8 4 51 
2906 10 4 51 
2715 12 2 51 
1734 5 4 51 
1584 6 5 51 
1550 7 4 51 
1182 9 4 51 
1068 10 3 51 
932 11 2 51 
766 12 1 51 
608 5 3 51 
3787 6 4 51 
3720 9 3 51 
3601 10 2 51 
3451 11 1 51 
3419 12 0 51 
3188 5 2 51 
3163 6 3 51 
3146 8 3 51 
2904 9 2 51 
2676 10 1 51 
2492 11 0 51 
1602 5 1 51 
1508 6 2 51 
94 7 3 51 
3565 8 2 51 
1784 9 1 51 
1727 10 0 51 
1631 5 0 51 
954 6 1 51 
371 7 2 51 
182 8 1 51 
3732 9 0 51 
2884 6 0 51 
2013 7 1 51 
3877 8 0 51 
3825 7 0 51 
3309 8 1 62 
1684 13 3 65 
254 12 6 67 
1179 17 4 67 
595 18 4 68 
798 14 9 68 
1439 1 1 69 
2585 14 10 69 
1163 14 11 70 
462 18 1 70 
3100 9 7 70 
3121 17 9 70 
635 9 6 71 
726 18 9 71 
782 7 9 72 
930 16 12 71 
2795 9 11 72 
3917 5 8 76 
3854 4 8 76 
3712 5 9 76 
3615 3 8 76 
3520 4 9 76 
3500 5 10 76 
3330 5 12 76 
3298 0 8 76 
3233 2 8 76 
3205 3 9 76 
3137 4 10 76 
2929 4 12 76 
2838 5 11 76 
2781 0 9 76 
2775 1 8 76 
2659 2 9 76 
2509 3 10 76 
2058 3 12 76 
1985 4 11 76 
1972 0 10 76 
1970 1 9 76 
1798 2 10 76 
1535 3 11 76 
1206 0 11 76 
1158 1 10 76 
1094 2 11 76 
931 0 12 76 
911 1 11 76 
801 0 13 76 
693 1 12 76 
630 0 14 76 
530 1 13 76 
206 2 12 76 
179 3 13 76 
49 0 15 76 
3764 0 19 76 
3758 1 14 76 
3742 2 13 76 
3649 3 14 76 
3570 0 16 76 
3338 0 18 76 
3316 1 15 76 
3099 1 19 76 
2459 2 14 76 
2446 0 17 76 
2374 1 16 76 
2303 1 18 76 
2249 2 15 76 
2199 2 19 76 
1572 4 13 76 
1501 1 17 76 
1464 2 16 76 
1443 2 18 76 
1336 3 15 76 
1183 3 19 76 
1047 4 14 76 
1013 5 13 76 
869 2 17 76 
796 3 16 76 
689 3 18 76 
563 4 15 76 
113 4 19 76 
30 5 14 76 
3911 3 17 76 
3774 4 16 76 
3666 4 18 76 
3465 5 15 76 
3427 5 19 76 
3362 12 16 76 
3274 13 19 76 
3204 4 17 76 
3108 5 16 76 
3039 5 18 76 
2985 6 19 76 
2787 11 16 76 
2760 12 17 76 
2666 12 19 76 
2621 13 18 76 
2425 14 19 76 
2391 5 17 76 
2313 6 18 76 
2170 7 19 76 
2074 11 17 76 
1997 11 19 76 
1977 12 18 76 
1865 13 17 76 
1810 14 18 76 
1243 15 19 76 
1058 6 13 76 
1006 6 17 76 
864 7 18 76 
830 8 19 76 
500 10 19 76 
238 11 18 76 
184 13 16 76 
3984 14 17 76 
3974 15 18 76 
3895 16 19 76 
3805 6 14 76 
3629 6 16 76 
3477 7 13 76 
3440 7 17 76 
3159 8 18 76 
3113 9 19 76 
3042 10 18 76 
3021 13 15 76 
2743 14 16 76 
2714 15 17 76 
2665 16 18 76 
2632 17 19 76 
2232 19 19 76 
2165 6 15 76 
2154 7 14 76 
1841 7 16 76 
1590 8 13 76 
1357 8 17 76 
908 9 18 76 
730 10 17 76 
498 12 15 76 
481 14 15 76 
239 15 16 76 
67 16 17 76 
57 17 18 76 
10 18 19 76 
3782 19 18 76 
3659 7 15 76 
3410 8 14 76 
3361 8 16 76 
3297 9 17 76 
3106 10 16 76 
2962 11 15 76 
2878 12 14 76 
2560 15 15 76 
2442 16 16 76 
2267 17 17 76 
2169 18 18 76 
2004 19 17 76 
1804 8 15 76 
1744 9 16 76 
1595 10 15 76 
1432 11 14 76 
1080 12 13 76 
440 16 15 76 
263 17 16 76 
108 18 17 76 
58 19 16 76 
54 9 15 76 
46 10 14 76 
16 11 13 76 
3833 12 12 76 
3754 17 15 76 
3714 18 16 76 
3644 19 15 76 
3630 9 14 76 
3486 10 13 76 
3141 11 12 76 
3037 12 11 76 
2852 18 15 76 
2412 19 14 76 
2308 6 12 76 
2248 9 13 76 
2008 10 12 76 
1947 11 11 76 
1856 12 10 76 
1653 18 14 76 
1362 19 13 76 
1105 6 11 76 
176 7 12 76 
141 9 12 76 
3820 10 11 76 
3735 11 10 76 
3662 13 14 76 
3460 17 14 76 
3434 18 13 76 
3386 19 12 76 
3269 6 10 76 
3206 7 11 76 
3158 8 12 76 
2969 9 11 76 
2889 10 10 76 
2846 13 13 76 
2758 14 14 76 
2733 16 14 76 
2664 17 13 76 
2599 18 12 76 
2438 19 11 76 
2062 6 9 76 
1999 7 10 76 
1926 8 5 76 
1912 8 11 76 
1869 9 10 76 
1768 14 13 76 
1725 15 14 76 
1661 16 13 76 
1616 17 12 76 
1582 18 11 76 
1546 19 10 76 
1494 4 0 76 
1133 6 8 76 
1051 7 9 76 
917 8 6 76 
549 8 10 76 
472 9 5 76 
172 9 9 76 
3948 15 13 76 
3670 16 12 76 
3612 17 11 76 
3139 18 10 76 
3047 19 9 76 
3005 3 0 76 
2825 4 1 76 
2570 4 3 76 
2362 7 8 76 
2070 8 7 76 
1899 8 9 76 
1761 9 6 76 
1578 10 5 76 
1397 13 12 76 
1276 15 12 76 
1034 16 11 76 
815 17 10 76 
588 18 9 76 
434 19 0 76 
3863 19 8 76 
3829 0 0 76 
3755 2 0 76 
3575 3 1 76 
3406 3 3 76 
3379 4 2 76 
3126 8 8 76 
3048 9 7 76 
3009 10 6 76 
2965 13 11 76 
2824 14 12 76 
2794 15 11 76 
2753 16 10 76 
2615 17 9 76 
2481 18 0 76 
2462 18 8 76 
2053 19 1 76 
1980 19 7 76 
1683 0 1 76 
1651 1 0 76 
1294 2 1 76 
1280 2 3 76 
1165 3 2 76 
860 9 8 76 
99 10 7 76 
3852 10 9 76 
3810 13 10 76 
3780 14 11 76 
3767 15 0 76 
3749 15 10 76 
3745 16 9 76 
3544 17 0 76 
3493 17 6 76 
3441 17 8 76 
3414 18 1 76 
3167 18 7 76 
2724 19 2 76 
2708 19 6 76 
2610 0 2 76 
2452 1 1 76 
2432 2 2 76 
2400 10 8 76 
2383 11 9 76 
2255 13 9 76 
2184 14 10 76 
2152 15 1 76 
2122 15 9 76 
1809 16 0 76 
1606 16 6 76 
1563 16 8 76 
1554 17 1 76 
1298 17 7 76 
1086 18 2 76 
992 18 6 76 
480 19 3 76 
466 19 5 76 
445 0 3 76 
3746 1 2 76 
3624 11 8 76 
3258 12 9 76 
3218 13 8 76 
3107 14 9 76 
3079 15 2 76 
3012 15 8 76 
2918 16 1 76 
2819 16 7 76 
2777 17 2 76 
2737 18 3 76 
2730 18 5 76 
2198 19 4 76 
2081 0 4 76 
1989 1 3 76 
1770 11 7 76 
1662 12 8 76 
1228 14 8 76 
903 15 3 76 
728 15 7 76 
513 16 2 76 
218 17 3 76 
3867 17 5 76 
3729 18 4 76 
3412 0 5 76 
3399 0 7 76 
3195 1 4 76 
3117 11 6 76 
2984 12 7 76 
2879 14 7 76 
2827 15 6 76 
2718 16 3 76 
2634 16 5 76 
2628 17 4 76 
2186 0 6 76 
2146 1 5 76 
2029 1 7 76 
1897 2 4 76 
1846 11 5 76 
1758 12 6 76 
1635 13 7 76 
1431 14 6 76 
1176 15 5 76 
1005 16 4 76 
866 1 6 76 
758 2 5 76 
652 2 7 76 
590 3 4 76 
418 12 5 76 
162 13 6 76 
161 14 5 76 
3947 15 4 76 
3918 2 6 76 
3847 3 5 76 
3811 3 7 76 
3724 13 5 76 
3589 14 0 76 
3585 14 4 76 
3566 3 6 76 
3168 4 7 76 
3162 11 4 76 
2999 13 0 76 
2662 13 4 76 
2051 14 1 76 
1718 14 3 76 
1551 4 6 76 
1291 5 7 76 
1186 7 7 76 
1048 11 3 76 
519 12 4 76 
3897 13 1 76 
3886 13 3 76 
3824 14 2 76 
3813 4 5 76 
3710 5 6 76 
3447 6 7 76 
2085 7 6 76 
1822 12 3 76 
637 13 2 76 
531 4 4 76 
3880 5 5 76 
3802 6 6 76 
2596 7 5 76 
1941 8 4 76 
1872 10 4 76 
1747 12 2 76 
1286 5 4 76 
1260 6 5 76 
1111 7 4 76 
1076 9 4 76 
873 10 3 76 
653 11 2 76 
585 12 1 76 
409 5 3 76 
3360 6 4 76 
3293 9 3 76 
2809 10 2 76 
2614 11 1 76 
2401 12 0 76 
1533 5 2 76 
1445 6 3 76 
1393 8 3 76 
1180 9 2 76 
39 10 1 76 
3694 11 0 76 
2907 5 1 76 
2855 6 2 76 
2507 7 3 76 
2126 8 2 76 
1191 9 1 76 
861 10 0 76 
279 5 0 76 
98 6 1 76 
3814 7 2 76 
3537 8 1 76 
3415 9 0 76 
3278 6 0 76 
2700 7 1 76 
1392 8 0 76 
505 7 0 76 
3482 8 1 86 
4 13 3 90 
61 12 6 92 
627 17 4 92 
643 18 4 92 
2239 14 9 93 
736 1 1 94 
791 14 10 94 
2011 14 11 94 
3713 18 1 94 
518 9 7 95 
3534 17 9 95 
704 9 6 96 
1956 18 9 96 
2832 7 9 97 
2974 16 12 96 
1360 9 11 97 
