1882
3550 11 0 1 
3546 11 4 1 
3265 11 1 1 
3242 11 3 1 
3160 12 0 1 
3056 12 4 1 
3005 11 2 1 
2922 12 1 1 
2899 12 3 1 
2628 13 0 1 
2562 13 4 1 
2497 12 2 1 
2233 13 1 1 
2098 13 3 1 
2060 14 0 1 
1914 14 4 1 
1533 13 2 1 
1436 14 1 1 
984 14 3 1 
959 15 0 1 
701 15 4 1 
493 19 0 1 
353 14 2 1 
282 15 1 1 
228 15 3 1 
193 16 0 1 
3578 18 0 1 
3564 19 1 1 
3553 15 2 1 
3354 16 1 1 
3302 17 0 1 
3240 18 1 1 
2765 19 2 1 
2761 16 2 1 
2407 17 1 1 
2343 18 2 1 
2121 19 3 1 
2040 17 2 1 
1915 18 3 1 
1254 19 4 1 
1220 11 5 1 
1139 17 3 1 
1098 18 4 1 
1054 19 5 1 
1038 11 6 1 
1030 12 5 1 
791 16 3 1 
778 17 4 1 
761 18 5 1 
703 19 6 1 
635 11 7 1 
616 12 6 1 
542 13 5 1 
463 16 4 1 
383 17 5 1 
209 18 6 1 
3524 19 7 1 
3510 11 8 1 
3184 12 7 1 
3124 13 6 1 
3011 14 5 1 
2859 16 5 1 
2783 17 6 1 
2618 18 7 1 
2560 19 8 1 
2553 12 8 1 
2468 13 7 1 
2452 14 6 1 
2283 15 5 1 
2279 16 6 1 
2169 17 7 1 
2127 18 8 1 
2084 19 9 1 
2009 19 19 1 
1737 13 8 1 
1283 14 7 1 
1249 15 6 1 
1136 16 7 1 
1125 17 8 1 
1052 18 9 1 
1007 18 19 1 
971 19 10 1 
861 19 18 1 
851 14 8 1 
604 15 7 1 
3586 16 8 1 
3443 17 9 1 
3404 17 19 1 
3256 18 10 1 
2958 18 18 1 
2941 19 11 1 
2905 19 17 1 
2794 15 8 1 
2772 16 9 1 
2741 16 19 1 
2670 17 10 1 
2642 17 18 1 
2611 18 11 1 
2585 18 17 1 
2433 19 12 1 
2340 19 16 1 
2335 15 9 1 
2321 15 19 1 
2112 16 10 1 
1973 16 12 1 
1621 16 18 1 
1514 17 11 1 
1192 17 17 1 
1132 18 12 1 
1129 18 16 1 
1110 19 13 1 
1020 19 15 1 
947 14 9 1 
768 15 10 1 
575 15 18 1 
480 16 11 1 
250 16 17 1 
175 17 12 1 
3457 17 16 1 
3352 18 13 1 
3038 18 15 1 
3036 19 14 1 
3019 13 9 1 
2934 14 10 1 
2785 15 11 1 
2774 15 17 1 
2406 16 16 1 
2365 17 13 1 
2347 17 15 1 
2339 18 14 1 
2097 0 11 1 
2030 0 19 1 
2020 12 9 1 
1981 13 10 1 
1880 14 11 1 
1851 15 12 1 
1572 15 16 1 
1487 16 13 1 
1399 16 15 1 
1386 17 14 1 
1353 0 12 1 
1250 0 18 1 
1088 1 11 1 
1031 1 19 1 
850 11 9 1 
465 12 10 1 
96 13 11 1 
24 14 12 1 
3488 15 13 1 
3402 15 15 1 
3261 16 14 1 
3222 0 13 1 
3146 0 17 1 
2967 1 12 1 
2932 1 18 1 
2904 2 11 1 
2755 2 19 1 
2576 11 10 1 
2572 12 11 1 
2471 13 12 1 
2173 14 13 1 
2095 14 19 1 
1933 15 14 1 
1908 0 14 1 
1518 0 16 1 
1451 1 13 1 
1376 1 17 1 
1265 2 12 1 
1247 2 18 1 
1028 3 11 1 
945 3 19 1 
888 11 11 1 
865 12 12 1 
831 13 13 1 
785 13 19 1 
384 14 14 1 
297 14 18 1 
3571 0 15 1 
3525 1 14 1 
3383 1 16 1 
3371 2 13 1 
3369 2 17 1 
3233 3 12 1 
3212 3 18 1 
3068 4 19 1 
3058 11 12 1 
2831 12 13 1 
2760 12 19 1 
2736 13 14 1 
2654 13 18 1 
2649 14 15 1 
2567 14 17 1 
2527 1 15 1 
2246 2 14 1 
2215 2 16 1 
2058 3 13 1 
1208 3 17 1 
1003 4 18 1 
884 5 19 1 
674 11 13 1 
555 11 19 1 
356 12 14 1 
275 12 18 1 
266 13 15 1 
52 13 17 1 
19 14 16 1 
3521 2 15 1 
3411 3 14 1 
3079 3 16 1 
2869 4 17 1 
2729 5 18 1 
2514 6 19 1 
2380 10 19 1 
2307 11 14 1 
2004 11 18 1 
1939 12 15 1 
1926 12 17 1 
1286 13 16 1 
1225 3 15 1 
1187 4 16 1 
1179 5 17 1 
1077 6 18 1 
799 7 19 1 
530 9 19 1 
248 10 18 1 
117 11 15 1 
102 11 17 1 
3520 12 16 1 
3505 4 11 1 
3470 4 15 1 
3350 5 16 1 
3332 6 17 1 
2984 7 18 1 
2718 8 19 1 
1873 9 18 1 
1837 10 17 1 
1789 11 16 1 
1695 4 12 1 
1693 4 14 1 
1624 5 11 1 
1619 5 15 1 
1616 6 16 1 
1438 7 17 1 
1203 8 18 1 
964 9 17 1 
906 10 16 1 
862 4 13 1 
747 5 12 1 
461 5 14 1 
372 6 11 1 
255 6 15 1 
162 7 16 1 
72 8 17 1 
3319 9 16 1 
3211 10 15 1 
3064 5 13 1 
2950 6 12 1 
2891 6 14 1 
2860 7 15 1 
2843 8 16 1 
2841 9 15 1 
2643 10 14 1 
2574 6 13 1 
2555 7 14 1 
2346 8 15 1 
1865 9 14 1 
1613 10 13 1 
1585 7 13 1 
1014 8 14 1 
879 9 13 1 
802 10 12 1 
766 8 13 1 
562 9 12 1 
388 10 11 1 
249 8 12 1 
213 9 11 1 
3595 10 10 1 
3576 7 12 1 
3570 8 11 1 
3498 9 10 1 
3467 10 5 1 
3441 10 9 1 
2816 7 11 1 
2770 8 10 1 
2735 9 5 1 
1667 9 9 1 
1390 10 6 1 
1331 10 8 1 
1168 7 10 1 
1093 8 5 1 
680 8 9 1 
178 9 6 1 
91 9 8 1 
3513 10 7 1 
3395 0 10 1 
3393 6 10 1 
3130 7 5 1 
2472 7 9 1 
2432 8 6 1 
2351 8 8 1 
2300 9 7 1 
2104 0 9 1 
2089 1 10 1 
1952 5 4 1 
1884 5 10 1 
1816 6 5 1 
1516 6 9 1 
1326 7 6 1 
949 7 8 1 
572 8 7 1 
3526 0 8 1 
3494 1 9 1 
3351 2 10 1 
3314 4 10 1 
3226 5 5 1 
3224 5 9 1 
3195 6 6 1 
3032 6 8 1 
2936 7 7 1 
2504 0 7 1 
2122 1 8 1 
1623 2 9 1 
1354 3 10 1 
698 4 9 1 
558 5 6 1 
243 5 8 1 
163 6 7 1 
3587 0 6 1 
3504 1 7 1 
3237 2 8 1 
3044 3 9 1 
2977 4 8 1 
2819 5 7 1 
2698 0 5 1 
2463 1 6 1 
2362 2 7 1 
2105 3 8 1 
1853 4 7 1 
1746 0 4 1 
1406 1 5 1 
1344 2 6 1 
1256 3 7 1 
1121 4 6 1 
702 0 3 1 
653 1 4 1 
222 2 5 1 
169 3 6 1 
92 4 5 1 
3554 0 2 1 
3379 1 3 1 
3100 2 4 1 
3099 3 5 1 
2744 4 4 1 
2646 0 1 1 
2526 1 2 1 
2368 2 3 1 
1833 3 4 1 
1627 0 0 1 
1604 1 1 1 
1562 2 2 1 
1546 3 3 1 
717 1 0 1 
564 2 1 1 
525 3 2 1 
283 4 3 1 
218 2 0 1 
171 3 1 1 
39 4 2 1 
3461 5 3 1 
3451 6 4 1 
2773 10 4 1 
2518 3 0 1 
2225 4 1 1 
2160 5 2 1 
1869 6 3 1 
1237 7 4 1 
1056 9 4 1 
225 10 3 1 
3507 4 0 1 
3315 5 1 1 
3076 6 2 1 
3014 7 3 1 
1841 8 4 1 
1584 9 3 1 
1092 10 2 1 
496 5 0 1 
63 6 1 1 
3049 7 2 1 
2850 8 3 1 
2348 9 2 1 
2271 10 1 1 
1770 6 0 1 
1375 7 1 1 
1245 8 2 1 
286 9 1 1 
60 10 0 1 
337 7 0 1 
3556 8 1 1 
3343 9 0 1 
3046 8 0 1 
302 8 1 9 
752 7 1 11 
2253 8 2 11 
691 9 1 11 
2130 6 1 12 
2466 7 2 11 
285 8 3 11 
2445 9 2 11 
2621 5 1 12 
1348 6 2 12 
1441 7 3 12 
2864 9 3 12 
262 4 1 13 
315 5 2 13 
2486 3 1 14 
85 4 2 14 
189 2 1 14 
992 3 2 14 
1180 1 1 14 
2053 2 2 14 
2163 1 2 14 
2713 2 3 14 
3334 1 3 14 
1213 2 4 14 
2015 3 5 14 
3345 1 4 15 
3418 2 5 15 
627 3 6 15 
1221 1 5 15 
1595 2 6 15 
1644 1 6 15 
1759 1 7 15 
1859 4 8 15 
2706 1 8 16 
165 4 9 16 
259 5 8 16 
784 6 7 16 
897 1 9 16 
1303 5 9 16 
2361 6 6 16 
2969 6 8 16 
3114 6 9 17 
3291 7 6 17 
304 7 9 17 
1426 8 6 17 
1717 8 9 18 
349 9 6 18 
1563 8 10 18 
2149 9 9 18 
2575 8 11 18 
2703 9 10 18 
2835 9 11 19 
3419 9 12 19 
28 8 14 19 
287 9 13 19 
686 7 14 19 
1097 8 15 19 
1430 9 14 19 
1509 5 13 19 
2331 7 15 19 
3215 9 15 19 
3381 5 12 20 
66 9 16 19 
134 6 16 20 
803 9 17 20 
826 5 16 20 
1211 6 17 20 
2295 9 18 20 
2421 10 17 20 
3136 4 16 21 
3363 5 17 21 
3552 11 0 26 
3549 11 4 26 
3533 11 1 26 
3429 11 3 26 
3333 12 0 26 
3307 12 4 26 
3260 11 2 26 
3221 12 1 26 
3083 12 3 26 
2947 13 0 26 
2923 13 4 26 
2840 12 2 26 
2826 13 1 26 
2752 13 3 26 
1927 14 0 26 
1803 14 4 26 
1771 13 2 26 
1755 14 1 26 
1685 14 3 26 
1544 15 0 26 
1411 15 4 26 
1198 19 0 26 
1034 14 2 26 
939 15 1 26 
857 15 3 26 
849 16 0 26 
790 18 0 26 
732 19 1 26 
695 15 2 26 
663 16 1 26 
634 17 0 26 
556 18 1 26 
370 19 2 26 
278 16 2 26 
3 17 1 26 
3591 18 2 26 
3269 19 3 26 
3190 17 2 26 
3180 18 3 26 
2854 19 4 26 
2737 11 5 26 
2682 17 3 26 
2600 18 4 26 
2542 19 5 26 
2265 11 6 26 
2071 12 5 26 
1976 16 3 26 
1202 17 4 26 
1178 18 5 26 
853 19 6 26 
825 11 7 26 
711 12 6 26 
660 13 5 26 
594 16 4 26 
535 17 5 26 
442 18 6 26 
365 19 7 26 
246 11 8 26 
87 12 7 26 
80 13 6 26 
3473 14 5 26 
3338 16 5 26 
3300 17 6 26 
3257 18 7 26 
3189 19 8 26 
3065 12 8 26 
1763 13 7 26 
1501 14 6 26 
1448 15 5 26 
1361 16 6 26 
1312 17 7 26 
1204 18 8 26 
1196 19 9 26 
1138 19 19 26 
1071 13 8 26 
985 14 7 26 
898 15 6 26 
643 16 7 26 
427 17 8 26 
402 18 9 26 
396 18 19 26 
104 19 10 26 
3560 19 18 26 
3086 14 8 26 
2502 15 7 26 
2490 16 8 26 
2235 17 9 26 
2188 17 19 26 
2170 18 10 26 
2064 18 18 26 
2045 19 11 26 
2010 19 17 26 
1868 15 8 26 
1861 16 9 26 
1106 16 19 26 
712 17 10 26 
676 17 18 26 
473 18 11 26 
426 18 17 26 
423 19 12 26 
197 19 16 26 
3301 15 9 26 
3290 15 19 26 
2697 16 10 26 
2690 16 12 26 
2612 16 18 26 
2356 17 11 26 
2145 17 17 26 
2021 18 12 26 
1951 18 16 26 
1784 19 13 26 
1671 19 15 26 
1634 14 9 26 
1468 15 10 26 
1465 15 18 26 
1385 16 11 26 
1288 16 17 26 
1184 17 12 26 
1137 17 16 26 
1114 18 13 26 
1074 18 15 26 
936 19 14 26 
815 13 9 26 
755 14 10 26 
710 15 11 26 
580 15 17 26 
549 16 16 26 
398 17 13 26 
363 17 15 26 
292 18 14 26 
3594 0 11 26 
3199 0 19 26 
3198 12 9 26 
3089 13 10 26 
3010 14 11 26 
2921 15 12 26 
2728 15 16 26 
2591 16 13 26 
2566 16 15 26 
2544 17 14 26 
2448 0 12 26 
2428 0 18 26 
1992 1 11 26 
1601 1 19 26 
1345 11 9 26 
1309 12 10 26 
1293 13 11 26 
1289 14 12 26 
1287 15 13 26 
1044 15 15 26 
973 16 14 26 
606 0 13 26 
519 0 17 26 
422 1 12 26 
328 1 18 26 
327 2 11 26 
235 2 19 26 
185 11 10 26 
113 12 11 26 
94 13 12 26 
3532 14 13 26 
3479 14 19 26 
3391 15 14 26 
3355 0 14 26 
3176 0 16 26 
3126 1 13 26 
3024 1 17 26 
2999 2 12 26 
2944 2 18 26 
2766 3 11 26 
2696 3 19 26 
2695 11 11 26 
2651 12 12 26 
2624 13 13 26 
2532 13 19 26 
2306 14 14 26 
2281 14 18 26 
2213 0 15 26 
2144 1 14 26 
2123 1 16 26 
1727 2 13 26 
1721 2 17 26 
1715 3 12 26 
1662 3 18 26 
1318 4 19 26 
1094 11 12 26 
1053 12 13 26 
909 12 19 26 
682 13 14 26 
655 13 18 26 
652 14 15 26 
608 14 17 26 
449 1 15 26 
403 2 14 26 
181 2 16 26 
4 3 13 26 
3579 3 17 26 
3559 4 18 26 
3527 5 19 26 
3454 11 13 26 
3448 11 19 26 
2808 12 14 26 
2784 12 18 26 
2522 13 15 26 
2044 13 17 26 
1964 14 16 26 
1913 2 15 26 
1846 3 14 26 
1615 3 16 26 
1525 4 17 26 
1333 5 18 26 
1181 6 19 26 
1131 10 19 26 
942 11 14 26 
912 11 18 26 
630 12 15 26 
577 12 17 26 
544 13 16 26 
444 3 15 26 
425 4 16 26 
226 5 17 26 
177 6 18 26 
78 7 19 26 
3268 9 19 26 
3135 10 18 26 
2982 11 15 26 
2892 11 17 26 
2884 12 16 26 
2823 4 11 26 
2738 4 15 26 
2590 5 16 26 
2484 6 17 26 
2442 7 18 26 
2218 8 19 26 
2075 9 18 26 
1991 10 17 26 
1928 11 16 26 
1384 4 12 26 
1209 4 14 26 
1166 5 11 26 
1002 5 15 26 
662 6 16 26 
619 7 17 26 
317 8 18 26 
219 9 17 26 
3568 10 16 26 
3566 4 13 26 
3468 5 12 26 
3453 5 14 26 
3435 6 11 26 
3159 6 15 26 
3138 7 16 26 
3109 8 17 26 
2674 9 16 26 
2604 10 15 26 
2559 5 13 26 
2404 6 12 26 
2315 6 14 26 
2256 7 15 26 
2042 8 16 26 
1911 9 15 26 
1529 10 14 26 
1382 6 13 26 
977 7 14 26 
957 8 15 26 
905 9 14 26 
821 10 13 26 
811 7 13 26 
708 8 14 26 
671 9 13 26 
491 10 12 26 
142 8 13 26 
3326 9 12 26 
3201 10 11 26 
3191 8 12 26 
3169 9 11 26 
2985 10 10 26 
2790 7 12 26 
2699 8 11 26 
2620 9 10 26 
2425 10 5 26 
2337 10 9 26 
2227 7 11 26 
2220 8 10 26 
2102 9 5 26 
1815 9 9 26 
1802 10 6 26 
1697 10 8 26 
1650 7 10 26 
1200 8 5 26 
854 8 9 26 
622 9 6 26 
579 9 8 26 
547 10 7 26 
472 0 10 26 
331 6 10 26 
319 7 5 26 
3394 7 9 26 
3330 8 6 26 
3316 8 8 26 
3196 9 7 26 
3039 0 9 26 
2924 1 10 26 
2606 5 4 26 
2292 5 10 26 
2090 6 5 26 
1366 6 9 26 
1227 7 6 26 
1040 7 8 26 
965 8 7 26 
943 0 8 26 
860 1 9 26 
845 2 10 26 
690 4 10 26 
636 5 5 26 
419 5 9 26 
376 6 6 26 
367 6 8 26 
223 7 7 26 
174 0 7 26 
3472 1 8 26 
3188 2 9 26 
3181 3 10 26 
3148 4 9 26 
2710 5 6 26 
2671 5 8 26 
2622 6 7 26 
2588 0 6 26 
2456 1 7 26 
2338 2 8 26 
2249 3 9 26 
2028 4 8 26 
1937 5 7 26 
1863 0 5 26 
1751 1 6 26 
1346 2 7 26 
1065 3 8 26 
487 4 7 26 
408 0 4 26 
118 1 5 26 
3548 2 6 26 
3463 3 7 26 
3055 4 6 26 
2388 0 3 26 
2326 1 4 26 
2272 2 5 26 
2140 3 6 26 
1800 4 5 26 
1195 0 2 26 
1143 1 3 26 
621 2 4 26 
447 3 5 26 
204 4 4 26 
20 0 1 26 
3495 1 2 26 
3218 2 3 26 
3129 3 4 26 
3037 0 0 26 
2939 1 1 26 
2578 2 2 26 
2510 3 3 26 
2350 1 0 26 
2332 2 1 26 
2217 3 2 26 
1669 4 3 26 
1082 2 0 26 
777 3 1 26 
109 4 2 26 
23 5 3 26 
3125 6 4 26 
3061 10 4 26 
2556 3 0 26 
2229 4 1 26 
1583 5 2 26 
1083 6 3 26 
981 7 4 26 
818 9 4 26 
605 10 3 26 
54 4 0 26 
3323 5 1 26 
3048 6 2 26 
2667 7 3 26 
2312 8 4 26 
2047 9 3 26 
1769 10 2 26 
1535 5 0 26 
1057 6 1 26 
517 7 2 26 
400 8 3 26 
2709 9 2 26 
2593 10 1 26 
1160 6 0 26 
751 7 1 26 
623 8 2 26 
543 9 1 26 
364 10 0 26 
2946 7 0 26 
2506 8 1 26 
1301 9 0 26 
673 8 0 26 
146 8 1 35 
841 7 1 36 
1596 8 2 36 
36 9 1 36 
2232 6 1 37 
143 7 2 37 
526 8 3 37 
538 9 2 36 
1085 5 1 37 
2110 6 2 37 
2715 7 3 37 
3103 9 3 37 
184 4 1 38 
1393 5 2 38 
1432 3 1 39 
2316 4 2 39 
3487 2 1 39 
565 3 2 39 
1371 1 1 39 
1779 2 2 39 
1910 1 2 39 
3149 2 3 39 
3475 1 3 40 
107 2 4 40 
1000 3 5 40 
1176 1 4 40 
1704 2 5 40 
3412 3 6 40 
2082 1 5 41 
2181 2 6 40 
3262 1 6 41 
10 1 7 41 
625 4 8 41 
738 1 8 41 
771 4 9 41 
1306 5 8 41 
1359 6 7 41 
1773 1 9 42 
2002 5 9 42 
2731 6 6 42 
3063 6 8 42 
3192 6 9 42 
3406 7 6 42 
1170 7 9 42 
1081 8 6 42 
2099 8 9 43 
2505 9 6 43 
2893 8 10 43 
59 9 9 43 
410 8 11 43 
471 9 10 43 
721 9 11 43 
1150 9 12 43 
1159 8 14 44 
1641 9 13 44 
2003 7 14 44 
2241 8 15 44 
245 9 14 44 
899 5 13 44 
1070 7 15 44 
1107 9 15 44 
1235 5 12 44 
1633 9 16 44 
1747 6 16 45 
2883 9 17 45 
3183 5 16 45 
3359 6 17 45 
3417 9 18 45 
3565 11 0 51 
3423 11 4 51 
3407 11 1 51 
3398 11 3 51 
3276 12 0 51 
3187 12 4 51 
3112 11 2 51 
3020 12 1 51 
2903 12 3 51 
2871 13 0 51 
2851 13 4 51 
2797 12 2 51 
2763 13 1 51 
2641 13 3 51 
2455 14 0 51 
2415 14 4 51 
2251 13 2 51 
1814 14 1 51 
1550 14 3 51 
1497 15 0 51 
1452 15 4 51 
1372 19 0 51 
1313 14 2 51 
769 15 1 51 
756 15 3 51 
647 16 0 51 
645 18 0 51 
500 19 1 51 
490 15 2 51 
478 16 1 51 
360 17 0 51 
221 18 1 51 
3456 19 2 51 
3430 16 2 51 
3403 17 1 51 
3289 18 2 51 
3173 19 3 51 
3154 17 2 51 
2793 18 3 51 
2589 19 4 51 
2571 11 5 51 
2085 17 3 51 
2081 18 4 51 
2005 19 5 51 
1822 11 6 51 
1730 12 5 51 
1653 16 3 51 
1521 17 4 51 
1472 18 5 51 
1407 19 6 51 
1316 11 7 51 
1223 12 6 51 
941 13 5 51 
902 16 4 51 
881 17 5 51 
859 18 6 51 
819 19 7 51 
483 11 8 51 
445 12 7 51 
340 13 6 51 
144 14 5 51 
3434 16 5 51 
3372 17 6 51 
3225 18 7 51 
3139 19 8 51 
3054 12 8 51 
2964 13 7 51 
2929 14 6 51 
2889 15 5 51 
2874 16 6 51 
2756 17 7 51 
2479 18 8 51 
2414 19 9 51 
2078 19 19 51 
1883 13 8 51 
1840 14 7 51 
1780 15 6 51 
1602 16 7 51 
1557 17 8 51 
1389 18 9 51 
1381 18 19 51 
982 19 10 51 
895 19 18 51 
773 14 8 51 
665 15 7 51 
628 16 8 51 
453 17 9 51 
382 17 19 51 
256 18 10 51 
206 18 18 51 
12 19 11 51 
3484 19 17 51 
3165 15 8 51 
3090 16 9 51 
3053 16 19 51 
2930 17 10 51 
2863 17 18 51 
2704 18 11 51 
2694 18 17 51 
2664 19 12 51 
2568 19 16 51 
2550 15 9 51 
2416 15 19 51 
2200 16 10 51 
2129 16 12 51 
2119 16 18 51 
2000 17 11 51 
1877 17 17 51 
1781 18 12 51 
1772 18 16 51 
1714 19 13 51 
1706 19 15 51 
1464 14 9 51 
1449 15 10 51 
1420 15 18 51 
1364 16 11 51 
1310 16 17 51 
1291 17 12 51 
1199 17 16 51 
1186 18 13 51 
896 18 15 51 
795 19 14 51 
613 13 9 51 
607 14 10 51 
460 15 11 51 
439 15 17 51 
379 16 16 51 
247 17 13 51 
125 17 15 51 
108 18 14 51 
76 0 11 51 
3561 0 19 51 
3516 12 9 51 
3348 13 10 51 
3336 14 11 51 
3294 15 12 51 
3267 15 16 51 
3207 16 13 51 
3047 16 15 51 
2734 17 14 51 
2712 0 12 51 
2702 0 18 51 
2238 1 11 51 
2179 1 19 51 
2001 11 9 51 
1855 12 10 51 
1626 13 11 51 
1299 14 12 51 
1067 15 13 51 
1035 15 15 51 
1008 16 14 51 
867 0 13 51 
797 0 17 51 
730 1 12 51 
650 1 18 51 
352 2 11 51 
212 2 19 51 
106 11 10 51 
77 12 11 51 
45 13 12 51 
3220 14 13 51 
3209 14 19 51 
3120 15 14 51 
2989 0 14 51 
2983 0 16 51 
2961 1 13 51 
2839 1 17 51 
2721 2 12 51 
2640 2 18 51 
2464 3 11 51 
2358 3 19 51 
2304 11 11 51 
2282 12 12 51 
1743 13 13 51 
1427 13 19 51 
1398 14 14 51 
1367 14 18 51 
1084 0 15 51 
1072 1 14 51 
882 1 16 51 
642 2 13 51 
531 2 17 51 
464 3 12 51 
350 3 18 51 
3051 4 19 51 
2954 11 12 51 
2552 12 13 51 
2543 12 19 51 
2511 13 14 51 
2495 13 18 51 
1998 14 15 51 
1879 14 17 51 
1854 1 15 51 
1766 2 14 51 
1760 2 16 51 
1467 3 13 51 
1328 3 17 51 
1189 4 18 51 
1127 5 19 51 
968 11 13 51 
929 11 19 51 
614 12 14 51 
506 12 18 51 
348 13 15 51 
214 13 17 51 
18 14 16 51 
5 2 15 51 
3569 3 14 51 
3557 3 16 51 
3258 4 17 51 
3155 5 18 51 
3119 6 19 51 
3073 10 19 51 
3025 11 14 51 
3000 11 18 51 
2743 12 15 51 
2660 12 17 51 
2345 13 16 51 
2162 3 15 51 
2157 4 16 51 
2128 5 17 51 
1882 6 18 51 
1444 7 19 51 
1443 9 19 51 
1182 10 18 51 
1120 11 15 51 
1024 11 17 51 
753 12 16 51 
733 4 11 51 
541 4 15 51 
261 5 16 51 
203 6 17 51 
154 7 18 51 
103 8 19 51 
82 9 18 51 
3515 10 17 51 
3433 11 16 51 
3288 4 12 51 
3134 4 14 51 
3107 5 11 51 
2554 5 15 51 
2533 6 16 51 
2493 7 17 51 
2457 8 18 51 
2325 9 17 51 
2136 10 16 51 
1872 4 13 51 
1677 5 12 51 
1474 5 14 51 
1212 6 11 51 
916 6 15 51 
739 7 16 51 
735 8 17 51 
513 9 16 51 
468 10 15 51 
433 5 13 51 
288 6 12 51 
201 6 14 51 
194 7 15 51 
116 8 16 51 
3512 9 15 51 
3459 10 14 51 
3284 6 13 51 
3153 7 14 51 
3092 8 15 51 
2483 9 14 51 
2389 10 13 51 
2291 7 13 51 
2231 8 14 51 
2074 9 13 51 
2033 10 12 51 
1832 8 13 51 
1722 9 12 51 
1681 10 11 51 
1532 8 12 51 
1457 9 11 51 
1415 10 10 51 
1403 7 12 51 
1336 8 11 51 
1335 9 10 51 
1151 10 5 51 
1025 10 9 51 
1010 7 11 51 
963 8 10 51 
601 9 5 51 
571 9 9 51 
505 10 6 51 
369 10 8 51 
322 7 10 51 
183 8 5 51 
158 8 9 51 
105 9 6 51 
3026 9 8 51 
2759 10 7 51 
2577 0 10 51 
2551 6 10 51 
2548 7 5 51 
2204 7 9 51 
2076 8 6 51 
1810 8 8 51 
1603 9 7 51 
1582 0 9 51 
1524 1 10 51 
1419 5 4 51 
1412 5 10 51 
1355 6 5 51 
1324 6 9 51 
714 7 6 51 
681 7 8 51 
172 8 7 51 
3583 0 8 51 
3522 1 9 51 
3193 2 10 51 
2928 4 10 51 
2460 5 5 51 
2276 5 9 51 
1936 6 6 51 
1809 6 8 51 
1206 7 7 51 
576 0 7 51 
79 1 8 51 
41 2 9 51 
37 3 10 51 
3408 4 9 51 
3321 5 6 51 
3145 5 8 51 
3141 6 7 51 
2681 0 6 51 
2273 1 7 51 
2261 2 8 51 
1941 3 9 51 
1748 4 8 51 
1257 5 7 51 
1048 0 5 51 
868 1 6 51 
497 2 7 51 
459 3 8 51 
239 4 7 51 
3060 0 4 51 
2940 1 5 51 
2812 2 6 51 
2805 3 7 51 
2693 4 6 51 
2528 0 3 51 
2478 1 4 51 
2305 2 5 51 
2158 3 6 51 
1197 4 5 51 
1116 0 2 51 
940 1 3 51 
930 2 4 51 
762 3 5 51 
293 4 4 51 
258 0 1 51 
180 1 2 51 
148 2 3 51 
6 3 4 51 
3530 0 0 51 
3320 1 1 51 
2781 2 2 51 
2635 3 3 51 
1566 1 0 51 
1508 2 1 51 
1454 3 2 51 
687 4 3 51 
501 2 0 51 
484 3 1 51 
3162 4 2 51 
2990 5 3 51 
2349 6 4 51 
2199 10 4 51 
1971 3 0 51 
1889 4 1 51 
1828 5 2 51 
1734 6 3 51 
1548 7 4 51 
1100 9 4 51 
781 10 3 51 
759 4 0 51 
578 5 1 51 
380 6 2 51 
3539 7 3 51 
3197 8 4 51 
2870 9 3 51 
1539 10 2 51 
1488 5 0 51 
836 6 1 51 
596 7 2 51 
391 8 3 51 
230 9 2 51 
191 10 1 51 
1370 6 0 51 
1295 7 1 51 
970 8 2 51 
3545 9 1 51 
3118 10 0 51 
3116 7 0 51 
1080 8 1 51 
268 9 0 51 
3017 8 0 51 
2645 8 1 60 
1484 7 1 61 
2319 8 2 61 
595 9 1 60 
1672 6 1 62 
2915 7 2 62 
420 8 3 62 
509 9 2 62 
2061 5 1 63 
2411 6 2 63 
3519 7 3 62 
51 9 3 62 
679 4 1 63 
1418 5 2 63 
1895 3 1 64 
2876 4 2 63 
772 2 1 64 
863 3 2 64 
1705 1 1 64 
2260 2 2 64 
2978 1 2 65 
1218 2 3 65 
1224 1 3 65 
1450 2 4 65 
994 3 5 65 
2668 1 4 65 
2837 2 5 65 
3156 3 6 65 
34 1 5 65 
173 2 6 65 
2872 1 6 66 
3280 1 7 66 
324 4 8 66 
1466 1 8 67 
2183 4 9 66 
2501 5 8 66 
2523 6 7 66 
2719 1 9 67 
2937 5 9 67 
2972 6 6 67 
145 6 8 67 
377 6 9 68 
431 7 6 68 
503 7 9 68 
589 8 6 68 
626 8 9 69 
915 9 6 69 
1564 8 10 69 
2293 9 9 69 
2868 8 11 69 
416 9 10 69 
830 9 11 69 
1261 9 12 69 
1534 8 14 69 
1857 9 13 69 
2210 7 14 69 
2224 8 15 69 
2515 9 14 69 
3306 5 13 70 
3543 7 15 70 
90 9 15 69 
824 5 12 70 
1079 9 16 70 
1560 6 16 70 
1978 9 17 70 
2017 5 16 71 
2825 6 17 71 
2911 9 18 71 
3572 11 0 76 
3534 11 4 76 
3322 11 1 76 
3303 11 3 76 
3281 12 0 76 
3245 12 4 76 
3117 11 2 76 
2987 12 1 76 
2920 12 3 76 
2739 13 0 76 
2610 13 4 76 
2364 12 2 76 
2355 13 1 76 
2352 13 3 76 
2320 14 0 76 
2308 14 4 76 
2287 13 2 76 
2206 14 1 76 
2196 14 3 76 
2073 15 0 76 
1878 15 4 76 
1864 19 0 76 
1701 14 2 76 
1642 15 1 76 
1440 15 3 76 
1041 16 0 76 
844 18 0 76 
734 19 1 76 
533 15 2 76 
475 16 1 76 
440 17 0 76 
346 18 1 76 
260 19 2 76 
3377 16 2 76 
3357 17 1 76 
3255 18 2 76 
3004 19 3 76 
3001 17 2 76 
2866 18 3 76 
2616 19 4 76 
2615 11 5 76 
2524 17 3 76 
2423 18 4 76 
2418 19 5 76 
2328 11 6 76 
2296 12 5 76 
2113 16 3 76 
2087 17 4 76 
2063 18 5 76 
2031 19 6 76 
1906 11 7 76 
1801 12 6 76 
1753 13 5 76 
1732 16 4 76 
1711 17 5 76 
1702 18 6 76 
1645 19 7 76 
1598 11 8 76 
1568 12 7 76 
1277 13 6 76 
1175 14 5 76 
997 16 5 76 
921 17 6 76 
874 18 7 76 
618 19 8 76 
570 12 8 76 
527 13 7 76 
357 14 6 76 
11 15 5 76 
3573 16 6 76 
3450 17 7 76 
3331 18 8 76 
3295 19 9 76 
3030 19 19 76 
2659 13 8 76 
2290 14 7 76 
2018 15 6 76 
1987 16 7 76 
1836 17 8 76 
1765 18 9 76 
1646 18 19 76 
1502 19 10 76 
866 19 18 76 
706 14 8 76 
557 15 7 76 
452 16 8 76 
429 17 9 76 
412 17 19 76 
385 18 10 76 
371 18 18 76 
119 19 11 76 
65 19 17 76 
3497 15 8 76 
3078 16 9 76 
2998 16 19 76 
2824 17 10 76 
2792 17 18 76 
2786 18 11 76 
2769 18 17 76 
2726 19 12 76 
2657 19 16 76 
2521 15 9 76 
2398 15 19 76 
2190 16 10 76 
2131 16 12 76 
2066 16 18 76 
1858 17 11 76 
1852 17 17 76 
1850 18 12 76 
1660 18 16 76 
1605 19 13 76 
1496 19 15 76 
1339 14 9 76 
1272 15 10 76 
1230 15 18 76 
1140 16 11 76 
1021 16 17 76 
788 17 12 76 
760 17 16 76 
741 18 13 76 
657 18 15 76 
494 19 14 76 
488 13 9 76 
53 14 10 76 
32 15 11 76 
3329 15 17 76 
2927 16 16 76 
2788 17 13 76 
2707 17 15 76 
2476 18 14 76 
2211 0 11 76 
2205 0 19 76 
2142 12 9 76 
2139 13 10 76 
1993 14 11 76 
1962 15 12 76 
1947 15 16 76 
1909 16 13 76 
1752 16 15 76 
1547 17 14 76 
1528 0 12 76 
1275 0 18 76 
1174 1 11 76 
961 1 19 76 
928 11 9 76 
750 12 10 76 
511 13 11 76 
417 14 12 76 
342 15 13 76 
40 15 15 76 
3492 16 14 76 
3229 0 13 76 
3110 0 17 76 
3081 1 12 76 
2880 1 18 76 
2727 2 11 76 
2383 2 19 76 
2165 11 10 76 
2007 12 11 76 
1977 13 12 76 
1811 14 13 76 
1808 14 19 76 
1549 15 14 76 
1439 0 14 76 
1395 0 16 76 
1388 1 13 76 
1240 1 17 76 
1091 2 12 76 
1051 2 18 76 
972 3 11 76 
935 3 19 76 
885 11 11 76 
876 12 12 76 
856 13 13 76 
551 13 19 76 
458 14 14 76 
436 14 18 76 
210 0 15 76 
151 1 14 76 
133 1 16 76 
48 2 13 76 
22 2 17 76 
3502 3 12 76 
3452 3 18 76 
3210 4 19 76 
3084 11 12 76 
2890 12 13 76 
2848 12 19 76 
2746 13 14 76 
1875 13 18 76 
1522 14 15 76 
1513 14 17 76 
1300 1 15 76 
1279 2 14 76 
1244 2 16 76 
1173 3 13 76 
1144 3 17 76 
1122 4 18 76 
878 5 19 76 
793 11 13 76 
694 11 19 76 
620 12 14 76 
545 12 18 76 
401 13 15 76 
124 13 17 76 
2494 14 16 76 
2492 2 15 76 
2402 3 14 76 
2386 3 16 76 
2375 4 17 76 
2214 5 18 76 
2177 6 19 76 
1738 10 19 76 
1478 11 14 76 
1437 11 18 76 
1434 12 15 76 
1422 12 17 76 
1410 13 16 76 
1391 3 15 76 
1378 4 16 76 
1302 5 17 76 
1142 6 18 76 
946 7 19 76 
743 9 19 76 
737 10 18 76 
723 11 15 76 
667 11 17 76 
664 12 16 76 
168 4 11 76 
44 4 15 76 
3593 5 16 76 
3006 6 17 76 
2993 7 18 76 
2867 8 19 76 
2376 9 18 76 
2336 10 17 76 
2186 11 16 76 
2008 4 12 76 
1899 4 14 76 
1713 5 11 76 
1687 5 15 76 
1675 6 16 76 
1271 7 17 76 
1036 8 18 76 
1032 9 17 76 
846 10 16 76 
827 4 13 76 
740 5 12 76 
716 5 14 76 
641 6 11 76 
276 6 15 76 
49 7 16 76 
3370 8 17 76 
3340 9 16 76 
3246 10 15 76 
3057 5 13 76 
2943 6 12 76 
2802 6 14 76 
2800 7 15 76 
2779 8 16 76 
2676 9 15 76 
2509 10 14 76 
2334 6 13 76 
2252 7 14 76 
2100 8 15 76 
2037 9 14 76 
2034 10 13 76 
1665 7 13 76 
1243 8 14 76 
1238 9 13 76 
1058 10 12 76 
602 8 13 76 
415 9 12 76 
263 10 11 76 
251 8 12 76 
61 9 11 76 
3401 10 10 76 
3375 7 12 76 
3271 8 11 76 
3168 9 10 76 
3091 10 5 76 
2887 10 9 76 
2857 7 11 76 
2632 8 10 76 
2473 9 5 76 
2392 9 9 76 
2192 10 6 76 
2134 10 8 76 
1943 7 10 76 
1736 8 5 76 
923 8 9 76 
507 9 6 76 
309 9 8 76 
30 10 7 76 
3413 0 10 76 
3387 6 10 76 
3374 7 5 76 
3131 7 9 76 
2748 8 6 76 
2396 8 8 76 
2360 9 7 76 
1790 0 9 76 
1744 1 10 76 
1648 5 4 76 
1578 5 10 76 
1499 6 5 76 
1486 6 9 76 
1258 7 6 76 
670 7 8 76 
646 8 7 76 
397 0 8 76 
3535 1 9 76 
3368 2 10 76 
3021 4 10 76 
2906 5 5 76 
2801 5 9 76 
2613 6 6 76 
2586 6 8 76 
2496 7 7 76 
2420 0 7 76 
2311 1 8 76 
2026 2 9 76 
1402 3 10 76 
1320 4 9 76 
1242 5 6 76 
1167 5 8 76 
1095 6 7 76 
1069 0 6 76 
842 1 7 76 
498 2 8 76 
270 3 9 76 
164 4 8 76 
3335 5 7 76 
3228 0 5 76 
3094 1 6 76 
2820 2 7 76 
2804 3 8 76 
2799 4 7 76 
2602 0 4 76 
2563 1 5 76 
2561 2 6 76 
2474 3 7 76 
2371 4 6 76 
2310 0 3 76 
1709 1 4 76 
1666 2 5 76 
1588 3 6 76 
485 4 5 76 
345 0 2 76 
335 1 3 76 
3480 2 4 76 
3384 3 5 76 
2677 4 4 76 
2658 0 1 76 
2366 1 2 76 
2207 2 3 76 
2172 3 4 76 
2161 0 0 76 
1663 1 1 76 
1600 2 2 76 
333 3 3 76 
318 1 0 76 
3164 2 1 76 
3158 3 2 76 
3111 4 3 76 
2951 2 0 76 
2730 3 1 76 
2595 4 2 76 
2269 5 3 76 
1918 6 4 76 
1813 10 4 76 
1610 3 0 76 
1296 4 1 76 
1292 5 2 76 
1233 6 3 76 
1018 7 4 76 
989 9 4 76 
987 10 3 76 
894 4 0 76 
814 5 1 76 
224 6 2 76 
166 7 3 76 
3489 8 4 76 
3232 9 3 76 
1500 10 2 76 
901 5 0 76 
789 6 1 76 
83 7 2 76 
3227 8 3 76 
3071 9 2 76 
2938 10 1 76 
2780 6 0 76 
1664 7 1 76 
1575 8 2 76 
1352 9 1 76 
1334 10 0 76 
1321 7 0 76 
960 8 1 76 
3066 9 0 76 
1264 8 0 76 
1920 8 1 86 
2777 7 1 86 
159 8 2 86 
1063 9 1 86 
508 6 1 87 
2230 7 2 87 
2427 8 3 86 
2619 9 2 86 
1086 5 1 88 
1445 6 2 88 
1523 7 3 88 
639 9 3 87 
2236 4 1 88 
2782 5 2 88 
3137 3 1 88 
3230 4 2 88 
141 2 1 88 
179 3 2 88 
624 1 1 89 
2263 2 2 89 
2546 1 2 89 
2711 2 3 89 
160 1 3 90 
1460 2 4 89 
1651 3 5 89 
2592 1 4 90 
132 2 5 90 
834 3 6 90 
864 1 5 90 
1319 2 6 90 
1471 1 6 90 
1847 1 7 91 
2623 4 8 91 
2995 1 8 91 
3313 4 9 91 
3409 5 8 91 
677 6 7 91 
693 1 9 91 
983 5 9 91 
1268 6 6 91 
2317 6 8 91 
2513 6 9 92 
2531 7 6 92 
3042 7 9 92 
474 8 6 92 
792 8 9 93 
1849 9 6 93 
2193 8 10 93 
2836 9 9 93 
2963 8 11 93 
3248 9 10 93 
775 9 11 94 
871 9 12 94 
1551 8 14 94 
1594 9 13 94 
2141 7 14 94 
2441 8 15 94 
2607 9 14 94 
3167 5 13 94 
3231 7 15 94 
573 9 15 94 
583 5 12 95 
911 9 16 94 
1126 6 16 95 
2187 9 17 95 
131 5 16 95 
332 6 17 95 
563 9 18 95 
855 10 17 95 
2065 4 16 96 
2258 5 17 96 
2405 6 18 96 
2828 10 18 96 
2976 11 17 96 
3075 12 16 96 
