1909
3595 19 19 1 
3469 18 19 1 
3400 19 18 1 
3292 17 19 1 
3165 18 18 1 
3159 19 15 1 
3052 19 17 1 
3004 16 19 1 
2862 17 18 1 
2852 18 15 1 
2751 18 17 1 
2654 19 16 1 
2570 15 19 1 
2401 16 18 1 
2283 17 15 1 
2116 17 17 1 
1652 18 16 1 
1598 0 19 1 
1577 14 19 1 
1532 15 18 1 
1521 16 15 1 
1514 16 17 1 
1301 17 16 1 
1128 19 14 1 
1048 0 18 1 
1013 1 19 1 
878 13 19 1 
566 14 18 1 
557 15 15 1 
262 15 17 1 
219 16 16 1 
69 18 14 1 
34 19 13 1 
23 0 17 1 
3485 1 18 1 
3338 2 19 1 
3318 12 19 1 
3148 13 18 1 
3057 14 15 1 
2902 14 17 1 
2762 15 16 1 
2755 17 14 1 
2544 18 13 1 
2222 19 12 1 
2170 0 16 1 
2155 1 17 1 
1966 2 18 1 
1915 3 19 1 
1701 11 19 1 
1606 12 18 1 
1604 13 15 1 
1579 13 17 1 
1569 14 16 1 
1329 16 14 1 
1258 17 13 1 
1195 18 12 1 
1017 19 11 1 
379 0 15 1 
304 1 16 1 
289 2 17 1 
236 3 18 1 
58 4 19 1 
3496 10 19 1 
3432 11 18 1 
3387 12 15 1 
3384 12 17 1 
3333 13 16 1 
3278 15 14 1 
3053 16 13 1 
2963 17 12 1 
2936 18 11 1 
2730 19 10 1 
2671 0 14 1 
2334 1 15 1 
1876 2 16 1 
1530 3 17 1 
1365 4 18 1 
928 5 19 1 
605 9 19 1 
251 10 18 1 
22 11 17 1 
19 12 16 1 
3557 14 14 1 
3527 15 13 1 
3491 16 12 1 
3351 17 11 1 
3317 18 10 1 
3030 19 9 1 
2997 0 13 1 
2842 1 14 1 
2757 2 15 1 
2753 3 16 1 
2705 4 17 1 
2555 5 18 1 
2536 6 19 1 
2474 8 19 1 
2439 9 18 1 
2007 10 17 1 
1964 11 16 1 
1812 13 14 1 
1739 14 13 1 
1733 15 12 1 
1686 16 11 1 
1660 17 10 1 
1613 18 9 1 
1320 19 0 1 
1309 19 8 1 
1165 0 8 1 
1162 0 12 1 
1156 1 13 1 
1112 2 14 1 
657 3 15 1 
589 4 16 1 
385 5 17 1 
338 6 18 1 
225 7 19 1 
146 8 18 1 
3552 9 17 1 
3533 10 16 1 
3482 11 15 1 
3420 12 14 1 
3413 13 13 1 
3335 14 12 1 
3137 15 11 1 
3121 16 10 1 
3010 17 9 1 
2988 18 0 1 
2980 18 8 1 
2847 19 1 1 
2710 19 7 1 
2687 0 9 1 
2658 0 11 1 
2591 1 8 1 
2472 1 12 1 
2428 2 13 1 
2389 3 14 1 
2290 4 15 1 
1852 5 16 1 
1608 6 17 1 
1302 7 18 1 
1217 8 17 1 
1146 9 16 1 
1002 10 15 1 
797 11 14 1 
676 12 13 1 
194 13 12 1 
89 14 11 1 
68 15 10 1 
3569 16 9 1 
3507 17 0 1 
3405 17 8 1 
3396 18 1 1 
3374 18 7 1 
3372 19 2 1 
3156 19 6 1 
2875 0 10 1 
2552 1 9 1 
2480 1 11 1 
2136 2 8 1 
2032 2 12 1 
1829 3 13 1 
1771 4 14 1 
1749 5 15 1 
1716 6 16 1 
1650 7 17 1 
1542 8 16 1 
1479 9 15 1 
1410 10 14 1 
1379 11 13 1 
926 12 12 1 
755 13 11 1 
708 14 10 1 
647 15 9 1 
614 16 0 1 
408 16 8 1 
294 17 1 1 
221 17 7 1 
183 18 2 1 
158 18 6 1 
3215 19 3 1 
3201 19 5 1 
3041 1 10 1 
3029 2 9 1 
3012 2 11 1 
2818 3 8 1 
2588 3 12 1 
2531 4 13 1 
2501 5 14 1 
2182 6 15 1 
2149 7 16 1 
2127 8 15 1 
2126 9 14 1 
1715 10 13 1 
1609 11 12 1 
1489 12 11 1 
1398 13 10 1 
1244 14 9 1 
950 15 0 1 
897 15 8 1 
896 16 1 1 
808 16 7 1 
710 17 2 1 
677 17 6 1 
529 18 3 1 
502 18 5 1 
469 19 4 1 
3410 2 10 1 
3366 3 9 1 
3008 3 11 1 
2994 4 8 1 
2626 4 12 1 
2601 5 13 1 
1937 6 14 1 
1757 7 15 1 
1743 8 14 1 
1722 9 13 1 
1683 10 12 1 
1617 11 11 1 
1567 12 10 1 
1538 13 9 1 
1464 14 0 1 
1123 14 8 1 
1082 15 1 1 
1051 15 7 1 
939 16 2 1 
612 16 6 1 
604 17 3 1 
377 17 5 1 
366 18 4 1 
282 3 10 1 
37 4 9 1 
3505 4 11 1 
3459 5 12 1 
3248 6 13 1 
3104 7 14 1 
2880 8 13 1 
2809 9 12 1 
2790 10 11 1 
2608 11 10 1 
2541 12 9 1 
1874 13 0 1 
1803 13 8 1 
1662 14 1 1 
1626 14 7 1 
1534 15 2 1 
1477 15 6 1 
1198 16 3 1 
966 16 5 1 
752 17 4 1 
695 4 10 1 
650 5 11 1 
520 6 12 1 
393 7 13 1 
229 8 12 1 
74 9 11 1 
3583 10 10 1 
3327 11 9 1 
3306 12 0 1 
3270 12 8 1 
3257 13 1 1 
2849 13 7 1 
2731 14 2 1 
2565 14 6 1 
2330 15 3 1 
2237 15 5 1 
2143 16 4 1 
2012 5 10 1 
1957 6 11 1 
1903 7 12 1 
1498 8 11 1 
1497 9 10 1 
1430 10 9 1 
1392 11 0 1 
1086 11 8 1 
945 12 1 1 
643 12 7 1 
602 13 2 1 
554 13 6 1 
3120 14 3 1 
2920 14 5 1 
2883 15 4 1 
2758 6 10 1 
2384 7 11 1 
2270 8 10 1 
2247 9 9 1 
2178 10 0 1 
1884 10 8 1 
1821 11 1 1 
1424 11 7 1 
1399 12 2 1 
1330 12 6 1 
1074 13 3 1 
994 13 5 1 
876 14 4 1 
494 7 10 1 
102 8 9 1 
36 9 0 1 
3452 9 8 1 
3392 10 1 1 
3308 10 7 1 
3119 11 2 1 
3086 11 6 1 
2858 12 3 1 
2744 12 5 1 
2661 13 4 1 
2132 7 9 1 
2058 8 0 1 
2046 8 8 1 
2030 9 1 1 
2006 9 7 1 
1768 10 2 1 
1565 10 6 1 
943 11 3 1 
841 11 5 1 
819 12 4 1 
803 6 9 1 
777 7 0 1 
594 7 8 1 
209 8 1 1 
3493 8 7 1 
3451 9 2 1 
3342 9 6 1 
2941 10 3 1 
2720 10 5 1 
2445 11 4 1 
2368 5 9 1 
2310 6 0 1 
2061 6 8 1 
1938 7 1 1 
1624 7 7 1 
1622 8 2 1 
1472 8 6 1 
1367 9 3 1 
1344 9 5 1 
1315 10 4 1 
1206 5 8 1 
639 6 1 1 
620 6 7 1 
481 7 2 1 
373 7 6 1 
3443 8 3 1 
3003 8 5 1 
2759 9 4 1 
2240 5 7 1 
2005 6 2 1 
1623 6 6 1 
1593 7 3 1 
1441 7 5 1 
1434 8 4 1 
1426 4 7 1 
1163 5 6 1 
859 6 3 1 
849 6 5 1 
780 7 4 1 
489 3 7 1 
367 4 6 1 
274 5 5 1 
266 6 4 1 
2813 2 7 1 
2220 3 6 1 
2100 4 5 1 
2053 5 4 1 
1887 1 7 1 
1702 2 6 1 
1563 3 5 1 
1388 4 4 1 
1127 5 3 1 
924 0 7 1 
727 1 6 1 
452 2 5 1 
431 3 4 1 
78 4 3 1 
3200 5 2 1 
3115 0 6 1 
3081 1 5 1 
2366 2 4 1 
2357 3 3 1 
2250 4 2 1 
1869 5 1 1 
1851 0 5 1 
1354 1 4 1 
1229 2 3 1 
1040 3 2 1 
628 4 1 1 
579 5 0 1 
488 0 4 1 
347 1 3 1 
177 2 2 1 
131 3 1 1 
3621 4 0 1 
3258 0 3 1 
2788 1 2 1 
2122 2 1 1 
1550 3 0 1 
446 0 2 1 
122 1 1 1 
2386 2 0 1 
1558 0 1 1 
2312 1 0 1 
2011 0 0 1 
451 1 1 12 
898 1 2 12 
2430 2 1 12 
345 1 3 13 
140 2 2 13 
1628 3 1 13 
1698 1 4 13 
1985 2 3 13 
2074 3 2 13 
3274 4 1 13 
580 1 5 13 
1219 2 4 13 
2532 3 3 13 
2889 4 2 13 
2976 1 6 14 
651 2 5 14 
917 3 4 14 
925 4 3 14 
1183 2 6 14 
1841 3 5 14 
1989 4 4 14 
2060 3 6 14 
2446 4 5 14 
2558 4 6 15 
2567 5 5 15 
3106 5 6 15 
836 6 5 15 
914 7 4 15 
1148 6 6 15 
1633 7 3 15 
1922 7 5 15 
1954 8 4 15 
2245 6 7 16 
2476 7 2 16 
2970 7 6 16 
276 8 3 15 
2095 8 5 15 
2353 9 4 15 
3033 6 8 16 
3244 7 1 16 
3293 7 7 16 
3573 8 2 16 
180 9 3 16 
1390 9 5 16 
2038 10 4 16 
2083 7 8 17 
2322 8 1 17 
2640 9 2 16 
2943 10 3 16 
3422 10 5 16 
3570 8 8 17 
39 9 1 17 
666 10 2 17 
951 11 3 17 
1588 8 9 18 
2359 9 8 17 
2841 10 1 17 
3456 11 2 17 
4 12 3 17 
116 7 11 18 
2227 8 10 18 
2394 9 9 18 
2419 11 1 18 
2600 12 2 18 
2859 12 6 18 
3164 13 3 18 
133 6 11 19 
672 7 12 19 
711 8 11 19 
975 9 10 19 
1186 12 1 19 
1305 12 7 19 
1411 13 2 19 
1612 14 3 18 
1748 15 4 18 
1858 5 11 20 
2121 6 12 20 
2235 7 13 20 
3579 19 19 26 
3356 18 19 26 
3286 19 18 26 
3144 17 19 26 
3015 18 18 26 
2921 19 15 26 
2886 19 17 26 
2857 16 19 26 
2697 17 18 26 
2615 18 15 26 
2287 18 17 26 
2202 19 16 26 
2150 15 19 26 
1960 16 18 26 
1931 17 15 26 
1896 17 17 26 
1864 18 16 26 
1582 0 19 26 
1541 14 19 26 
1456 15 18 26 
1447 16 15 26 
1295 16 17 26 
1197 17 16 26 
1140 19 14 26 
1055 0 18 26 
938 1 19 26 
421 13 19 26 
213 14 18 26 
163 15 15 26 
138 15 17 26 
2 16 16 26 
3568 18 14 26 
3567 19 13 26 
3218 0 17 26 
3138 1 18 26 
2973 2 19 26 
2718 12 19 26 
2493 13 18 26 
2444 14 15 26 
2348 14 17 26 
2278 15 16 26 
2147 17 14 26 
2021 18 13 26 
1900 19 12 26 
1751 0 16 26 
1208 1 17 26 
747 2 18 26 
591 3 19 26 
196 11 19 26 
191 12 18 26 
3546 13 15 26 
3530 13 17 26 
3444 14 16 26 
3376 16 14 26 
2986 17 13 26 
2930 18 12 26 
2770 19 11 26 
2646 0 15 26 
2388 1 16 26 
2354 2 17 26 
2284 3 18 26 
2188 4 19 26 
2055 10 19 26 
2036 11 18 26 
1988 12 15 26 
1901 12 17 26 
1728 13 16 26 
1501 15 14 26 
1319 16 13 26 
1191 17 12 26 
1085 18 11 26 
908 19 10 26 
877 0 14 26 
802 1 15 26 
417 2 16 26 
390 3 17 26 
224 4 18 26 
3436 5 19 26 
3426 9 19 26 
3291 10 18 26 
3142 11 17 26 
3066 12 16 26 
2808 14 14 26 
2799 15 13 26 
2593 16 12 26 
2542 17 11 26 
2452 18 10 26 
2241 19 9 26 
2189 0 13 26 
2112 1 14 26 
1794 2 15 26 
1655 3 16 26 
1508 4 17 26 
1340 5 18 26 
1281 6 19 26 
1230 8 19 26 
1180 9 18 26 
1150 10 17 26 
691 11 16 26 
613 13 14 26 
549 14 13 26 
505 15 12 26 
407 16 11 26 
192 17 10 26 
157 18 9 26 
3562 19 0 26 
3559 19 8 26 
3502 0 8 26 
3320 0 12 26 
3263 1 13 26 
3255 2 14 26 
3226 3 15 26 
3211 4 16 26 
3094 5 17 26 
3058 6 18 26 
3042 7 19 26 
2951 8 18 26 
2831 9 17 26 
2800 10 16 26 
2708 11 15 26 
2681 12 14 26 
2636 13 13 26 
2569 14 12 26 
2548 15 11 26 
2470 16 10 26 
2464 17 9 26 
2425 18 0 26 
2311 18 8 26 
2306 19 1 26 
2050 19 7 26 
1927 0 9 26 
1889 0 11 26 
1816 1 8 26 
1745 1 12 26 
1658 2 13 26 
1651 3 14 26 
1486 4 15 26 
1155 5 16 26 
1053 6 17 26 
851 7 18 26 
783 8 17 26 
633 9 16 26 
528 10 15 26 
382 11 14 26 
343 12 13 26 
273 13 12 26 
239 14 11 26 
87 15 10 26 
3563 16 9 26 
3337 17 0 26 
3140 17 8 26 
3006 18 1 26 
2999 18 7 26 
2929 19 2 26 
2826 19 6 26 
2727 0 10 26 
2666 1 9 26 
2559 1 11 26 
2530 2 8 26 
2509 2 12 26 
2433 3 13 26 
2399 4 14 26 
2293 5 15 26 
2138 6 16 26 
2133 7 17 26 
2025 8 16 26 
1905 9 15 26 
1883 10 14 26 
1813 11 13 26 
1718 12 12 26 
1512 13 11 26 
1337 14 10 26 
952 15 9 26 
668 16 0 26 
360 16 8 26 
319 17 1 26 
305 17 7 26 
193 18 2 26 
117 18 6 26 
3272 19 3 26 
3160 19 5 26 
3155 1 10 26 
3153 2 9 26 
2935 2 11 26 
2911 3 8 26 
2645 3 12 26 
2560 4 13 26 
2533 5 14 26 
2369 6 15 26 
2166 7 16 26 
2066 8 15 26 
1703 9 14 26 
1543 10 13 26 
1289 11 12 26 
1285 12 11 26 
1265 13 10 26 
1255 14 9 26 
1029 15 0 26 
758 15 8 26 
742 16 1 26 
726 16 7 26 
541 17 2 26 
480 17 6 26 
3540 18 3 26 
3406 18 5 26 
3297 19 4 26 
3295 2 10 26 
3269 3 9 26 
3222 3 11 26 
3192 4 8 26 
3061 4 12 26 
2923 5 13 26 
2719 6 14 26 
2694 7 15 26 
2638 8 14 26 
2564 9 13 26 
2527 10 12 26 
2295 11 11 26 
2103 12 10 26 
2004 13 9 26 
1832 14 0 26 
1740 14 8 26 
1717 15 1 26 
1689 15 7 26 
1680 16 2 26 
1368 16 6 26 
1300 17 3 26 
1203 17 5 26 
1101 18 4 26 
1076 3 10 26 
843 4 9 26 
701 4 11 26 
631 5 12 26 
546 6 13 26 
504 7 14 26 
363 8 13 26 
336 9 12 26 
258 10 11 26 
154 11 10 26 
119 12 9 26 
3607 13 0 26 
3477 13 8 26 
3227 14 1 26 
3133 14 7 26 
3056 15 2 26 
2884 15 6 26 
2784 16 3 26 
2725 16 5 26 
2723 17 4 26 
2604 4 10 26 
2571 5 11 26 
2460 6 12 26 
2228 7 13 26 
2207 8 12 26 
2059 9 11 26 
2054 10 10 26 
2001 11 9 26 
1870 12 0 26 
1725 12 8 26 
1659 13 1 26 
1614 13 7 26 
1490 14 2 26 
1431 14 6 26 
1391 15 3 26 
1385 15 5 26 
1297 16 4 26 
1290 5 10 26 
1174 6 11 26 
834 7 12 26 
673 8 11 26 
593 9 10 26 
523 10 9 26 
3449 11 0 26 
3145 11 8 26 
3131 12 1 26 
3026 12 7 26 
2993 13 2 26 
2823 13 6 26 
2670 14 3 26 
2521 14 5 26 
2377 15 4 26 
2183 6 10 26 
1509 7 11 26 
1325 8 10 26 
1077 9 9 26 
869 10 0 26 
773 10 8 26 
738 11 1 26 
713 11 7 26 
349 12 2 26 
335 12 6 26 
316 13 3 26 
291 13 5 26 
223 14 4 26 
155 7 10 26 
3599 8 9 26 
3490 9 0 26 
3421 9 8 26 
3341 10 1 26 
3220 10 7 26 
3162 11 2 26 
2906 11 6 26 
2603 12 3 26 
2400 12 5 26 
2198 13 4 26 
1732 7 9 26 
1599 8 0 26 
953 8 8 26 
848 9 1 26 
645 9 7 26 
303 10 2 26 
3605 10 6 26 
3504 11 3 26 
3484 11 5 26 
3171 12 4 26 
3049 6 9 26 
2856 7 0 26 
2765 7 8 26 
2732 8 1 26 
2651 8 7 26 
2620 9 2 26 
2551 9 6 26 
2333 10 3 26 
2017 10 5 26 
1601 11 4 26 
1469 5 9 26 
1451 6 0 26 
447 6 8 26 
38 7 1 26 
2938 7 7 26 
2742 8 2 26 
2259 8 6 26 
2077 9 3 26 
1953 9 5 26 
1914 10 4 26 
1665 5 8 26 
1326 6 1 26 
697 6 7 26 
664 7 2 26 
588 7 6 26 
24 8 3 26 
3615 8 5 26 
3235 9 4 26 
3154 5 7 26 
3132 6 2 26 
3125 6 6 26 
3123 7 3 26 
2383 7 5 26 
2027 8 4 26 
1849 4 7 26 
1435 5 6 26 
1383 6 3 26 
1151 6 5 26 
1073 7 4 26 
1042 3 7 26 
660 4 6 26 
249 5 5 26 
3515 6 4 26 
3261 2 7 26 
3243 3 6 26 
3130 4 5 26 
2848 5 4 26 
2798 1 7 26 
2647 2 6 26 
2315 3 5 26 
2040 4 4 26 
1761 5 3 26 
1571 0 7 26 
1343 1 6 26 
1313 2 5 26 
931 3 4 26 
884 4 3 26 
2144 5 2 26 
1793 0 6 26 
1776 1 5 26 
1759 2 4 26 
1687 3 3 26 
1247 4 2 26 
892 5 1 26 
542 0 5 26 
536 1 4 26 
3520 2 3 26 
3028 3 2 26 
2675 4 1 26 
2557 5 0 26 
1921 0 4 26 
1730 1 3 26 
1257 2 2 26 
816 3 1 26 
568 4 0 26 
14 0 3 26 
3358 1 2 26 
2971 2 1 26 
2843 3 0 26 
2672 0 2 26 
2432 1 1 26 
1875 2 0 26 
1467 0 1 26 
1126 1 0 26 
413 0 0 26 
3147 1 1 36 
829 1 2 36 
1502 2 1 36 
3237 1 3 37 
537 2 2 37 
879 3 1 37 
948 1 4 38 
972 2 3 37 
3025 3 2 37 
3564 4 1 37 
1144 1 5 38 
1591 2 4 38 
1781 3 3 38 
2131 4 2 38 
2873 1 6 39 
2336 2 5 39 
2341 3 4 39 
2629 4 3 39 
2789 2 6 39 
2850 3 5 39 
648 4 4 39 
940 3 6 39 
1176 4 5 39 
2146 4 6 40 
2381 5 5 40 
2722 5 6 40 
3486 6 5 40 
767 7 4 40 
1924 6 6 40 
1936 7 3 40 
2098 7 5 40 
2438 8 4 40 
2807 6 7 41 
174 7 2 41 
1015 7 6 41 
1405 8 3 41 
1789 8 5 40 
2154 9 4 40 
2243 6 8 42 
2271 7 1 42 
2390 7 7 41 
3534 8 2 41 
954 9 3 41 
1038 9 5 41 
1380 10 4 41 
1972 7 8 42 
2840 8 1 42 
3151 9 2 42 
411 10 3 42 
467 10 5 42 
793 8 8 43 
828 9 1 43 
1345 10 2 43 
1857 11 3 42 
2379 8 9 43 
2900 9 8 43 
2957 10 1 43 
8 11 2 43 
64 12 3 43 
271 7 11 44 
522 8 10 44 
573 9 9 44 
688 11 1 44 
1057 12 2 44 
1154 12 6 44 
1394 13 3 44 
2102 6 11 45 
3362 7 12 45 
3588 8 11 45 
7 9 10 45 
960 12 1 44 
1510 12 7 44 
1573 13 2 44 
1968 14 3 44 
2177 15 4 44 
2662 5 11 45 
2726 6 12 45 
2820 7 13 45 
3242 8 12 45 
3604 9 11 45 
3575 19 19 51 
3423 18 19 51 
3271 19 18 51 
3134 17 19 51 
3046 18 18 51 
2733 19 15 51 
2698 19 17 51 
2690 16 19 51 
2351 17 18 51 
2244 18 15 51 
2108 18 17 51 
2084 19 16 51 
2008 15 19 51 
1932 16 18 51 
1844 17 15 51 
1576 17 17 51 
1462 18 16 51 
1414 0 19 51 
1359 14 19 51 
1355 15 18 51 
991 16 15 51 
782 16 17 51 
562 17 16 51 
486 19 14 51 
337 0 18 51 
99 1 19 51 
3514 13 19 51 
3355 14 18 51 
3324 15 15 51 
3254 15 17 51 
3212 16 16 51 
3054 18 14 51 
3017 19 13 51 
2925 0 17 51 
2777 1 18 51 
2667 2 19 51 
2107 12 19 51 
1894 13 18 51 
1828 14 15 51 
1646 14 17 51 
1544 15 16 51 
1251 17 14 51 
937 18 13 51 
748 19 12 51 
680 0 16 51 
527 1 17 51 
506 2 18 51 
450 3 19 51 
391 11 19 51 
329 12 18 51 
302 13 15 51 
79 13 17 51 
3619 14 16 51 
3428 16 14 51 
3353 17 13 51 
2987 18 12 51 
2910 19 11 51 
2729 0 15 51 
2340 1 16 51 
2246 2 17 51 
2162 3 18 51 
1902 4 19 51 
1817 10 19 51 
1641 11 18 51 
1471 12 15 51 
1449 12 17 51 
1262 13 16 51 
1253 15 14 51 
1178 16 13 51 
1133 17 12 51 
674 18 11 51 
659 19 10 51 
627 0 14 51 
578 1 15 51 
577 2 16 51 
328 3 17 51 
301 4 18 51 
250 5 19 51 
171 9 19 51 
148 10 18 51 
3592 11 17 51 
3373 12 16 51 
3305 14 14 51 
3217 15 13 51 
2933 16 12 51 
2669 17 11 51 
2362 18 10 51 
2298 19 9 51 
2115 0 13 51 
1962 1 14 51 
1744 2 15 51 
1587 3 16 51 
1485 4 17 51 
1353 5 18 51 
1273 6 19 51 
1170 8 19 51 
968 9 18 51 
794 10 17 51 
750 11 16 51 
685 13 14 51 
561 14 13 51 
53 15 12 51 
3483 16 11 51 
3251 17 10 51 
3182 18 9 51 
2866 19 0 51 
2773 19 8 51 
2706 0 8 51 
2624 0 12 51 
2522 1 13 51 
2224 2 14 51 
2073 3 15 51 
1946 4 16 51 
1906 5 17 51 
1888 6 18 51 
1837 7 19 51 
1807 8 18 51 
1796 9 17 51 
1780 10 16 51 
1713 11 15 51 
1252 12 14 51 
1227 13 13 51 
1223 14 12 51 
1071 15 11 51 
1066 16 10 51 
1032 17 9 51 
839 18 0 51 
838 18 8 51 
753 19 1 51 
743 19 7 51 
720 0 9 51 
670 0 11 51 
420 1 8 51 
412 1 12 51 
409 2 13 51 
378 3 14 51 
330 4 15 51 
172 5 16 51 
159 6 17 51 
108 7 18 51 
105 8 17 51 
25 9 16 51 
3228 10 15 51 
3168 11 14 51 
2885 12 13 51 
2874 13 12 51 
2825 14 11 51 
2769 15 10 51 
2510 16 9 51 
2156 17 0 51 
1916 17 8 51 
1867 18 1 51 
1767 18 7 51 
1420 19 2 51 
1292 19 6 51 
1021 0 10 51 
818 1 9 51 
801 1 11 51 
744 2 8 51 
626 2 12 51 
356 3 13 51 
233 4 14 51 
80 5 15 51 
26 6 16 51 
3031 7 17 51 
2834 8 16 51 
2387 9 15 51 
2158 10 14 51 
1912 11 13 51 
903 12 12 51 
722 13 11 51 
498 14 10 51 
438 15 9 51 
3 16 0 51 
3594 16 8 51 
3544 17 1 51 
3378 17 7 51 
3208 18 2 51 
3143 18 6 51 
3114 19 3 51 
3071 19 5 51 
2965 1 10 51 
2870 2 9 51 
2538 2 11 51 
2297 3 8 51 
2096 3 12 51 
2093 4 13 51 
1926 5 14 51 
1898 6 15 51 
1801 7 16 51 
1778 8 15 51 
1695 9 14 51 
1675 10 13 51 
1524 11 12 51 
1463 12 11 51 
1028 13 10 51 
826 14 9 51 
721 15 0 51 
621 15 8 51 
84 16 1 51 
3395 16 7 51 
3329 17 2 51 
3152 17 6 51 
3129 18 3 51 
3037 18 5 51 
2978 19 4 51 
2908 2 10 51 
2795 3 9 51 
2487 3 11 51 
2410 4 8 51 
2396 4 12 51 
2372 5 13 51 
2239 6 14 51 
2079 7 15 51 
2076 8 14 51 
1517 9 13 51 
1440 10 12 51 
1204 11 11 51 
1020 12 10 51 
823 13 9 51 
796 14 0 51 
684 14 8 51 
206 15 1 51 
166 15 7 51 
110 16 2 51 
57 16 6 51 
3223 17 3 51 
3117 17 5 51 
3088 18 4 51 
2811 3 10 51 
2763 4 9 51 
2619 4 11 51 
2416 5 12 51 
2395 6 13 51 
2305 7 14 51 
2062 8 13 51 
2041 9 12 51 
1855 10 11 51 
1607 11 10 51 
1600 12 9 51 
1401 13 0 51 
1047 13 8 51 
874 14 1 51 
693 14 7 51 
655 15 2 51 
630 15 6 51 
599 16 3 51 
553 16 5 51 
510 17 4 51 
150 4 10 51 
3319 5 11 51 
3284 6 12 51 
3073 7 13 51 
2922 8 12 51 
2635 9 11 51 
2265 10 10 51 
2231 11 9 51 
2140 12 0 51 
1998 12 8 51 
1862 13 1 51 
1826 13 7 51 
1499 14 2 51 
1393 14 6 51 
1158 15 3 51 
995 15 5 51 
888 16 4 51 
641 5 10 51 
625 6 11 51 
597 7 12 51 
357 8 11 51 
240 9 10 51 
190 10 9 51 
120 11 0 51 
3523 11 8 51 
3465 12 1 51 
3184 12 7 51 
3128 13 2 51 
3100 13 6 51 
3083 14 3 51 
2915 14 5 51 
2899 15 4 51 
2801 6 10 51 
2631 7 11 51 
2602 8 10 51 
2423 9 9 51 
2347 10 0 51 
2276 10 8 51 
2200 11 1 51 
2179 11 7 51 
1859 12 2 51 
1831 12 6 51 
1475 13 3 51 
1333 13 5 51 
1264 14 4 51 
1263 7 10 51 
1239 8 9 51 
1201 9 0 51 
1161 9 8 51 
732 10 1 51 
681 10 7 51 
364 11 2 51 
136 11 6 51 
3572 12 3 51 
3548 12 5 51 
3331 13 4 51 
3301 7 9 51 
3282 8 0 51 
2914 8 8 51 
2641 9 1 51 
2579 9 7 51 
2545 10 2 51 
2529 10 6 51 
2519 11 3 51 
2435 11 5 51 
2415 12 4 51 
2408 6 9 51 
2258 7 0 51 
2218 7 8 51 
2163 8 1 51 
2153 8 7 51 
2028 9 2 51 
2010 9 6 51 
1374 10 3 51 
1370 10 5 51 
1363 11 4 51 
1261 5 9 51 
1089 6 0 51 
1035 6 8 51 
856 7 1 51 
404 7 7 51 
45 8 2 51 
3585 8 6 51 
3391 9 3 51 
3344 9 5 51 
3022 10 4 51 
2771 5 8 51 
2505 6 1 51 
2482 6 7 51 
2424 7 2 51 
2313 7 6 51 
2024 8 3 51 
1866 8 5 51 
1775 9 4 51 
1453 5 7 51 
1445 6 2 51 
1444 6 6 51 
1236 7 3 51 
1087 7 5 51 
482 8 4 51 
463 4 7 51 
185 5 6 51 
3591 6 3 51 
3240 6 5 51 
2761 7 4 51 
2728 3 7 51 
2469 4 6 51 
2320 5 5 51 
2236 6 4 51 
1925 2 7 51 
1389 3 6 51 
1184 4 5 51 
1166 5 4 51 
1116 1 7 51 
1103 2 6 51 
3602 3 5 51 
3124 4 4 51 
2931 5 3 51 
2709 0 7 51 
2613 1 6 51 
2607 2 5 51 
2431 3 4 51 
2255 4 3 51 
1909 5 2 51 
1188 0 6 51 
844 1 5 51 
547 2 4 51 
441 3 3 51 
96 4 2 51 
3498 5 1 51 
3225 0 5 51 
2269 1 4 51 
1897 2 3 51 
1288 3 2 51 
740 4 1 51 
733 5 0 51 
3091 0 4 51 
2926 1 3 51 
2478 2 2 51 
2441 3 1 51 
2277 4 0 51 
2212 0 3 51 
1618 1 2 51 
1382 2 1 51 
1114 3 0 51 
195 0 2 51 
127 1 1 51 
3175 2 0 51 
3136 0 1 51 
2749 1 0 51 
1179 0 0 51 
1476 1 1 61 
491 1 2 61 
576 2 1 61 
629 1 3 61 
2057 2 2 61 
2724 3 1 61 
386 1 4 62 
956 2 3 62 
1079 3 2 62 
1153 4 1 62 
1881 1 5 63 
2427 2 4 63 
2572 3 3 63 
900 4 2 63 
1539 1 6 63 
3118 2 5 63 
200 3 4 63 
230 4 3 63 
436 2 6 64 
607 3 5 63 
799 4 4 63 
1271 3 6 64 
1427 4 5 64 
1620 4 6 64 
3381 5 5 64 
292 5 6 65 
419 6 5 64 
456 7 4 64 
845 6 6 65 
932 7 3 65 
2553 7 5 65 
2614 8 4 65 
3453 6 7 65 
187 7 2 65 
348 7 6 65 
906 8 3 65 
1058 8 5 65 
1242 9 4 65 
1848 6 8 66 
2974 7 1 66 
128 7 7 66 
1088 8 2 66 
1555 9 3 65 
2253 9 5 65 
3310 10 4 65 
3581 7 8 66 
18 8 1 66 
43 9 2 66 
507 10 3 66 
728 10 5 66 
853 8 8 66 
1081 9 1 66 
1699 10 2 66 
3524 11 3 66 
139 8 9 67 
141 9 8 67 
873 10 1 67 
999 11 2 67 
1997 12 3 66 
2586 7 11 67 
2869 8 10 67 
165 9 9 67 
325 11 1 67 
582 12 2 67 
1014 12 6 67 
2195 13 3 67 
3411 6 11 68 
683 7 12 68 
703 8 11 68 
1215 9 10 68 
1589 12 1 67 
1636 12 7 67 
1847 13 2 67 
2776 14 3 67 
2924 15 4 67 
3178 5 11 68 
3601 19 19 76 
3476 18 19 76 
3418 19 18 76 
3181 17 19 76 
3161 18 18 76 
3013 19 15 76 
2855 19 17 76 
2804 16 19 76 
2307 17 18 76 
2219 18 15 76 
1959 18 17 76 
1667 19 16 76 
1373 15 19 76 
1349 16 18 76 
1277 17 15 76 
1241 17 17 76 
1181 18 16 76 
1054 0 19 76 
983 14 19 76 
837 15 18 76 
540 16 15 76 
402 16 17 76 
66 17 16 76 
32 19 14 76 
3603 0 18 76 
3518 1 19 76 
3397 13 19 76 
3179 14 18 76 
3011 15 15 76 
2949 15 17 76 
2785 16 16 76 
2702 18 14 76 
2606 19 13 76 
2539 0 17 76 
2254 1 18 76 
2213 2 19 76 
2187 12 19 76 
2047 13 18 76 
1994 14 15 76 
1693 14 17 76 
1692 15 16 76 
1402 17 14 76 
1386 18 13 76 
1342 19 12 76 
1256 0 16 76 
919 1 17 76 
810 2 18 76 
785 3 19 76 
603 11 19 76 
400 12 18 76 
365 13 15 76 
93 13 17 76 
3472 14 16 76 
3461 16 14 76 
3348 17 13 76 
3051 18 12 76 
2950 19 11 76 
2853 0 15 76 
2791 1 16 76 
2655 2 17 76 
2617 3 18 76 
2453 4 19 76 
2402 10 19 76 
2300 11 18 76 
1983 12 15 76 
1979 12 17 76 
1951 13 16 76 
1942 15 14 76 
1939 16 13 76 
1684 17 12 76 
1511 18 11 76 
1483 19 10 76 
1422 0 14 76 
1378 1 15 76 
1356 2 16 76 
1269 3 17 76 
1248 4 18 76 
1067 5 19 76 
871 9 19 76 
784 10 18 76 
679 11 17 76 
665 12 16 76 
572 14 14 76 
548 15 13 76 
492 16 12 76 
430 17 11 76 
324 18 10 76 
63 19 9 76 
3497 0 13 76 
3438 1 14 76 
3375 2 15 76 
3174 3 16 76 
3069 4 17 76 
3035 5 18 76 
3027 6 19 76 
2916 8 19 76 
2863 9 18 76 
2846 10 17 76 
2794 11 16 76 
2704 13 14 76 
2701 14 13 76 
2582 15 12 76 
2299 16 11 76 
2194 17 10 76 
2169 18 9 76 
2168 19 0 76 
2117 19 8 76 
1969 0 8 76 
1804 0 12 76 
1760 1 13 76 
1400 2 14 76 
1341 3 15 76 
1173 4 16 76 
1167 5 17 76 
1145 6 18 76 
989 7 19 76 
787 8 18 76 
709 9 17 76 
428 10 16 76 
346 11 15 76 
103 12 14 76 
3600 13 13 76 
3547 14 12 76 
3517 15 11 76 
3312 16 10 76 
3311 17 9 76 
3294 18 0 76 
3238 18 8 76 
3229 19 1 76 
3213 19 7 76 
2967 0 9 76 
2822 0 11 76 
2673 1 8 76 
2592 1 12 76 
2507 2 13 76 
2392 3 14 76 
2331 4 15 76 
2085 5 16 76 
2081 6 17 76 
1999 7 18 76 
1491 8 17 76 
1454 9 16 76 
1237 10 15 76 
1200 11 14 76 
1175 12 13 76 
1135 13 12 76 
1092 14 11 76 
533 15 10 76 
326 16 9 76 
125 17 0 76 
97 17 8 76 
3492 18 1 76 
3450 18 7 76 
3415 19 2 76 
3299 19 6 76 
3202 0 10 76 
3099 1 9 76 
3067 1 11 76 
2942 2 8 76 
2451 2 12 76 
2397 3 13 76 
2282 4 14 76 
2148 5 15 76 
1963 6 16 76 
1742 7 17 76 
1556 8 16 76 
1513 9 15 76 
1506 10 14 76 
1152 11 13 76 
970 12 12 76 
754 13 11 76 
555 14 10 76 
444 15 9 76 
395 16 0 76 
287 16 8 76 
261 17 1 76 
253 17 7 76 
220 18 2 76 
3521 18 6 76 
3445 19 3 76 
3407 19 5 76 
3357 1 10 76 
3068 2 9 76 
2979 2 11 76 
2833 3 8 76 
2778 3 12 76 
2767 4 13 76 
2678 5 14 76 
2650 6 15 76 
2537 7 16 76 
2466 8 15 76 
2352 9 14 76 
2328 10 13 76 
2257 11 12 76 
2090 12 11 76 
1991 13 10 76 
1843 14 9 76 
1629 15 0 76 
1202 15 8 76 
1007 16 1 76 
992 16 7 76 
669 17 2 76 
418 17 6 76 
353 18 3 76 
199 18 5 76 
160 19 4 76 
16 2 10 76 
3529 3 9 76 
3495 3 11 76 
3468 4 8 76 
3408 4 12 76 
3141 5 13 76 
3090 6 14 76 
2996 7 15 76 
2774 8 14 76 
2566 9 13 76 
2540 10 12 76 
2524 11 11 76 
2462 12 10 76 
2204 13 9 76 
2003 14 0 76 
1984 14 8 76 
1950 15 1 76 
1711 15 7 76 
1690 16 2 76 
1149 16 6 76 
959 17 3 76 
957 17 5 76 
944 18 4 76 
788 3 10 76 
694 4 9 76 
692 4 11 76 
445 5 12 76 
77 6 13 76 
3419 7 14 76 
3234 8 13 76 
3065 9 12 76 
2989 10 11 76 
2216 11 10 76 
2174 12 9 76 
2173 13 0 76 
2094 13 8 76 
1856 14 1 76 
1640 14 7 76 
1417 15 2 76 
1387 15 6 76 
1312 16 3 76 
1199 16 5 76 
1194 17 4 76 
1117 4 10 76 
1113 5 11 76 
1109 6 12 76 
1041 7 13 76 
1034 8 12 76 
1025 9 11 76 
981 10 10 76 
934 11 9 76 
905 12 0 76 
807 12 8 76 
538 13 1 76 
501 13 7 76 
216 14 2 76 
203 14 6 76 
92 15 3 76 
11 15 5 76 
3606 16 4 76 
3556 5 10 76 
3377 6 11 76 
3111 7 12 76 
2890 8 11 76 
2867 9 10 76 
2845 10 9 76 
2760 11 0 76 
2349 11 8 76 
2201 12 1 76 
2106 12 7 76 
2048 13 2 76 
1822 13 6 76 
1551 14 3 76 
1238 14 5 76 
1096 15 4 76 
1095 6 10 76 
969 7 11 76 
893 8 10 76 
831 9 9 76 
825 10 0 76 
632 10 8 76 
569 11 1 76 
559 11 7 76 
539 12 2 76 
464 12 6 76 
359 13 3 76 
306 13 5 76 
112 14 4 76 
61 7 10 76 
3403 8 9 76 
3371 9 0 76 
2547 9 8 76 
2367 10 1 76 
2268 10 7 76 
1980 11 2 76 
1838 11 6 76 
1515 12 3 76 
1213 12 5 76 
996 13 4 76 
882 7 9 76 
299 8 0 76 
285 8 8 76 
48 9 1 76 
3586 9 7 76 
3298 10 2 76 
3249 10 6 76 
3195 11 3 76 
3016 11 5 76 
2839 12 4 76 
2426 6 9 76 
2052 7 0 76 
1664 7 8 76 
1185 8 1 76 
1111 8 7 76 
644 9 2 76 
521 9 6 76 
320 10 3 76 
134 10 5 76 
101 11 4 76 
3512 5 9 76 
3471 6 0 76 
3126 6 8 76 
3087 7 1 76 
2659 7 7 76 
2526 8 2 76 
1982 8 6 76 
1978 9 3 76 
1834 9 5 76 
1791 10 4 76 
1786 5 8 76 
1779 6 1 76 
1552 6 7 76 
1093 7 2 76 
1070 7 6 76 
707 8 3 76 
642 8 5 76 
3135 9 4 76 
3023 5 7 76 
2954 6 2 76 
2481 6 6 76 
2256 7 3 76 
2020 7 5 76 
1941 8 4 76 
1802 4 7 76 
1729 5 6 76 
1280 6 3 76 
1037 6 5 76 
1003 7 4 76 
687 3 7 76 
243 4 6 76 
212 5 5 76 
3079 6 4 76 
2966 2 7 76 
2868 3 6 76 
2609 4 5 76 
2339 5 4 76 
2302 1 7 76 
1945 2 6 76 
1505 3 5 76 
1240 4 4 76 
362 5 3 76 
270 0 7 76 
90 1 6 76 
10 2 5 76 
3623 3 4 76 
3350 4 3 76 
3224 5 2 76 
2960 0 6 76 
2484 1 5 76 
2443 2 4 76 
2318 3 3 76 
1805 4 2 76 
1575 5 1 76 
1260 0 5 76 
1105 1 4 76 
534 2 3 76 
342 3 2 76 
235 4 1 76 
202 5 0 76 
3464 0 4 76 
3417 1 3 76 
3233 2 2 76 
2581 3 1 76 
1934 4 0 76 
1919 0 3 76 
1871 1 2 76 
1094 2 1 76 
1049 3 0 76 
1001 0 2 76 
1908 1 1 76 
824 2 0 76 
768 0 1 76 
20 1 0 76 
2932 0 0 76 
1350 1 1 86 
1018 1 2 87 
3239 2 1 87 
259 1 3 87 
1068 2 2 87 
1880 3 1 87 
2467 1 4 88 
2587 2 3 88 
3047 3 2 88 
3187 4 1 88 
352 1 5 88 
1819 2 4 88 
1836 3 3 88 
2361 4 2 88 
3389 1 6 89 
331 2 5 89 
875 3 4 88 
1107 4 3 88 
1336 2 6 89 
2229 3 5 89 
2273 4 4 89 
3560 3 6 89 
778 4 5 89 
1995 4 6 90 
2016 5 5 90 
2082 5 6 90 
2343 6 5 90 
2754 7 4 90 
2830 6 6 90 
3062 7 3 90 
935 7 5 90 
1316 8 4 90 
1706 6 7 91 
312 7 2 91 
1046 7 6 91 
1487 8 3 91 
2203 8 5 91 
2612 9 4 90 
757 6 8 91 
815 7 1 91 
1286 7 7 91 
1570 8 2 91 
1846 9 3 91 
1943 9 5 91 
1949 10 4 91 
1967 7 8 92 
3076 8 1 92 
3093 9 2 92 
3439 10 3 92 
3590 10 5 92 
152 8 8 93 
1234 9 1 93 
1266 10 2 92 
1559 11 3 92 
1653 8 9 93 
1700 9 8 93 
2088 10 1 93 
2134 11 2 93 
2496 12 3 93 
283 7 11 94 
619 8 10 94 
779 9 9 94 
976 11 1 94 
1009 12 2 94 
1211 12 6 94 
1310 13 3 94 
1647 6 11 94 
1774 7 12 94 
2346 8 11 94 
3102 9 10 94 
3230 12 1 94 
3349 12 7 94 
3462 13 2 94 
746 14 3 94 
1000 15 4 94 
