1950
3910 19 0 1 
3831 18 0 1 
3750 19 1 1 
3745 17 0 1 
3299 18 1 1 
3206 19 2 1 
2939 16 0 1 
2754 17 1 1 
2724 18 2 1 
2278 19 3 1 
2051 15 0 1 
1880 16 1 1 
1786 17 2 1 
1665 18 3 1 
1258 19 4 1 
1219 14 0 1 
1059 15 1 1 
925 16 2 1 
826 17 3 1 
702 18 4 1 
583 19 5 1 
510 14 1 1 
384 15 2 1 
370 16 3 1 
331 17 4 1 
322 18 5 1 
3941 19 6 1 
3871 14 2 1 
3707 15 3 1 
3546 16 4 1 
3454 17 5 1 
3373 18 6 1 
3116 19 7 1 
3107 14 3 1 
3007 15 4 1 
2599 16 5 1 
2581 17 6 1 
2549 18 7 1 
2229 19 8 1 
2133 14 4 1 
2093 15 5 1 
1970 16 6 1 
1919 17 7 1 
1915 18 8 1 
1910 19 9 1 
1704 19 19 1 
1598 14 5 1 
1457 15 6 1 
1409 16 7 1 
1243 17 8 1 
1033 18 9 1 
960 18 19 1 
734 19 10 1 
694 19 18 1 
683 14 6 1 
487 15 7 1 
405 16 8 1 
377 17 9 1 
294 17 19 1 
273 18 10 1 
271 18 18 1 
128 19 11 1 
3904 19 17 1 
3783 0 19 1 
3641 14 7 1 
3435 15 8 1 
3344 16 9 1 
3188 16 19 1 
3151 17 10 1 
3119 17 18 1 
3060 18 11 1 
3050 18 17 1 
2914 19 12 1 
2392 19 16 1 
2267 0 18 1 
2118 1 19 1 
1500 14 8 1 
1421 15 9 1 
1322 15 19 1 
1235 16 10 1 
1143 16 18 1 
966 17 11 1 
908 17 17 1 
852 18 12 1 
730 18 16 1 
512 19 13 1 
497 19 15 1 
367 0 17 1 
348 1 18 1 
135 2 19 1 
110 13 8 1 
3873 14 9 1 
3784 14 19 1 
3779 15 10 1 
3763 15 18 1 
3734 16 11 1 
3719 16 17 1 
3553 17 12 1 
3443 17 16 1 
3434 18 13 1 
3252 18 15 1 
2964 19 14 1 
2773 0 16 1 
2354 1 17 1 
2230 2 18 1 
2186 3 19 1 
2065 5 19 1 
1658 13 9 1 
1443 13 19 1 
1430 14 10 1 
1222 14 18 1 
971 15 11 1 
743 15 17 1 
632 16 12 1 
612 16 16 1 
608 17 13 1 
346 17 15 1 
328 18 14 1 
312 0 15 1 
279 1 16 1 
163 2 17 1 
80 3 18 1 
68 4 19 1 
3897 5 18 1 
3639 12 19 1 
3335 13 10 1 
3259 13 18 1 
3098 14 11 1 
3042 14 17 1 
2862 15 12 1 
2677 15 16 1 
2657 16 13 1 
2102 16 15 1 
1730 17 14 1 
1590 0 14 1 
1561 1 15 1 
1193 2 16 1 
1167 3 17 1 
1100 4 18 1 
1074 5 17 1 
1071 11 19 1 
943 12 18 1 
923 13 11 1 
909 13 17 1 
812 14 12 1 
516 14 16 1 
265 15 13 1 
90 15 15 1 
75 16 14 1 
25 0 13 1 
3960 1 14 1 
3841 2 15 1 
3603 3 16 1 
3292 4 17 1 
3180 5 16 1 
3109 6 19 1 
3097 10 19 1 
3066 11 18 1 
2859 12 17 1 
2832 13 12 1 
2767 13 16 1 
2606 14 13 1 
2482 14 15 1 
2345 15 14 1 
2236 0 12 1 
2207 1 13 1 
2131 2 14 1 
1722 3 15 1 
1530 4 16 1 
1319 5 15 1 
973 6 18 1 
753 7 19 1 
745 9 19 1 
648 10 18 1 
603 11 17 1 
390 12 16 1 
245 13 13 1 
59 13 15 1 
8 14 14 1 
3772 0 11 1 
3727 1 12 1 
3726 2 13 1 
3712 3 14 1 
3672 4 15 1 
3665 6 17 1 
3300 7 18 1 
3255 8 19 1 
3182 9 18 1 
2908 10 17 1 
2902 11 16 1 
2881 12 15 1 
2780 13 14 1 
2758 0 10 1 
2750 1 11 1 
2679 2 12 1 
2658 3 13 1 
2585 4 14 1 
2394 6 16 1 
2273 7 17 1 
2219 8 18 1 
2168 9 17 1 
2147 10 16 1 
2125 11 15 1 
2008 12 14 1 
1843 0 9 1 
1674 1 10 1 
1621 2 11 1 
1247 3 12 1 
1091 4 13 1 
1016 5 14 1 
933 6 15 1 
874 7 16 1 
863 8 17 1 
817 9 16 1 
763 10 15 1 
739 11 14 1 
725 12 13 1 
711 0 8 1 
489 1 9 1 
385 2 10 1 
378 3 11 1 
41 4 12 1 
3958 5 13 1 
3752 6 14 1 
3579 7 15 1 
3502 8 16 1 
3230 9 15 1 
2958 10 14 1 
2775 11 13 1 
2742 12 12 1 
2699 0 7 1 
2288 1 8 1 
2254 2 9 1 
2221 3 10 1 
2055 4 11 1 
1654 5 12 1 
1452 6 13 1 
1084 7 14 1 
797 8 15 1 
758 9 14 1 
631 10 13 1 
628 11 12 1 
531 12 11 1 
360 0 6 1 
78 1 7 1 
3496 2 8 1 
3061 3 9 1 
2675 4 10 1 
2627 5 11 1 
2269 6 12 1 
2190 7 13 1 
1603 8 14 1 
1549 9 13 1 
1384 10 12 1 
1337 11 11 1 
1329 12 10 1 
1233 0 5 1 
1211 1 6 1 
814 2 7 1 
658 3 8 1 
437 4 9 1 
293 5 10 1 
243 6 11 1 
30 7 12 1 
3959 8 13 1 
3936 9 12 1 
3601 10 11 1 
3445 11 10 1 
3020 12 9 1 
2978 0 4 1 
2733 1 5 1 
2377 2 6 1 
2097 3 7 1 
1829 4 8 1 
1607 5 9 1 
1562 6 10 1 
1522 7 11 1 
1393 8 12 1 
1303 9 11 1 
1246 10 10 1 
1133 11 9 1 
1096 12 8 1 
1025 0 3 1 
962 1 4 1 
777 2 5 1 
565 3 6 1 
432 4 7 1 
274 5 8 1 
108 6 9 1 
3955 7 10 1 
3540 8 11 1 
3449 9 10 1 
3363 10 9 1 
3088 11 8 1 
2544 0 2 1 
2507 1 3 1 
2476 2 4 1 
2341 3 5 1 
2170 4 6 1 
2162 5 7 1 
1901 6 8 1 
1889 7 9 1 
1830 8 10 1 
1710 9 9 1 
1558 10 8 1 
1458 0 1 1 
1205 1 2 1 
824 2 3 1 
501 3 4 1 
391 4 5 1 
351 5 6 1 
349 6 7 1 
190 7 8 1 
3781 8 9 1 
3336 9 8 1 
3123 0 0 1 
2976 1 1 1 
2880 2 2 1 
2855 3 3 1 
2854 4 4 1 
2822 5 5 1 
2692 6 6 1 
2092 7 7 1 
2034 8 8 1 
1990 1 0 1 
1971 2 1 1 
1945 3 2 1 
1644 4 3 1 
759 5 4 1 
434 6 5 1 
116 7 6 1 
3584 8 7 1 
3348 2 0 1 
3175 3 1 1 
3029 4 2 1 
2698 5 3 1 
2632 6 4 1 
2262 7 5 1 
2127 8 6 1 
2052 9 7 1 
1956 3 0 1 
1872 4 1 1 
1871 5 2 1 
1783 6 3 1 
1772 7 4 1 
1639 8 5 1 
1285 9 6 1 
1136 10 7 1 
1120 4 0 1 
934 5 1 1 
869 6 2 1 
741 7 3 1 
493 8 4 1 
3740 9 5 1 
3093 10 6 1 
2996 11 7 1 
2970 13 7 1 
2957 5 0 1 
2953 6 1 1 
2877 7 2 1 
2669 8 3 1 
2513 9 4 1 
1998 10 5 1 
1747 11 6 1 
1690 12 7 1 
1513 13 6 1 
947 6 0 1 
568 7 1 1 
454 8 2 1 
450 9 3 1 
3212 10 4 1 
2990 11 5 1 
2830 12 6 1 
2532 13 5 1 
2098 7 0 1 
2087 8 1 1 
2021 9 2 1 
1588 10 3 1 
956 11 4 1 
749 12 5 1 
647 13 4 1 
623 8 0 1 
449 9 1 1 
102 10 2 1 
3932 11 3 1 
2370 12 4 1 
1758 13 3 1 
1456 9 0 1 
1146 10 1 1 
927 11 2 1 
3321 12 3 1 
3090 13 2 1 
2926 10 0 1 
2752 11 1 1 
1773 12 2 1 
849 13 1 1 
352 11 0 1 
3124 12 1 1 
1635 13 0 1 
665 12 0 1 
1335 12 1 11 
3183 11 1 12 
1080 12 2 12 
3866 10 1 13 
174 11 2 13 
443 12 3 12 
3075 9 1 14 
1125 10 2 14 
1455 11 3 13 
3216 12 4 13 
473 8 1 14 
858 9 2 14 
1097 10 3 14 
1563 11 4 14 
1881 12 5 14 
3234 7 1 15 
3741 8 2 15 
46 9 3 15 
321 10 4 14 
1479 11 5 14 
1688 12 6 14 
2189 6 1 15 
3758 7 2 15 
140 8 3 15 
710 9 4 15 
3073 10 5 15 
3166 11 6 15 
3386 5 1 16 
3432 6 2 16 
3832 7 3 16 
567 8 4 16 
620 9 5 15 
1454 10 6 15 
1728 4 1 16 
1973 5 2 16 
2040 6 3 16 
2396 7 4 16 
3709 8 5 16 
136 9 6 16 
175 3 1 16 
314 4 2 16 
615 5 3 16 
752 6 4 16 
836 7 5 16 
1085 8 6 16 
1198 2 1 17 
1879 3 2 17 
1906 4 3 17 
2689 6 5 17 
3176 7 6 17 
3233 1 1 17 
3243 2 2 17 
3573 3 3 17 
3634 6 6 17 
21 7 7 17 
387 1 2 18 
508 2 3 18 
2668 5 6 18 
2696 6 7 18 
2769 7 8 18 
2905 8 9 17 
3409 1 3 18 
3812 4 6 18 
22 5 7 18 
414 6 8 18 
528 7 9 18 
636 8 10 18 
1482 9 9 18 
2160 3 6 19 
2630 4 7 19 
2649 5 8 19 
3009 6 9 19 
3767 7 10 18 
3791 8 11 18 
326 9 10 18 
974 10 9 18 
1141 2 6 19 
1463 3 7 19 
1501 4 8 19 
1887 5 9 19 
2017 6 10 19 
2652 7 11 19 
2739 8 12 19 
2935 9 11 19 
3564 10 10 19 
3566 11 9 19 
3933 19 0 26 
3928 18 0 26 
3806 19 1 26 
3787 17 0 26 
3706 18 1 26 
3631 19 2 26 
3498 16 0 26 
3475 17 1 26 
3467 18 2 26 
3305 19 3 26 
2906 15 0 26 
2666 16 1 26 
2586 17 2 26 
2281 18 3 26 
2259 19 4 26 
1902 14 0 26 
1855 15 1 26 
1768 16 2 26 
1699 17 3 26 
1532 18 4 26 
1518 19 5 26 
1461 14 1 26 
1343 15 2 26 
1272 16 3 26 
831 17 4 26 
772 18 5 26 
764 19 6 26 
721 14 2 26 
687 15 3 26 
572 16 4 26 
453 17 5 26 
368 18 6 26 
258 19 7 26 
249 14 3 26 
196 15 4 26 
154 16 5 26 
3753 17 6 26 
3461 18 7 26 
3258 19 8 26 
3195 14 4 26 
3092 15 5 26 
3051 16 6 26 
3026 17 7 26 
2795 18 8 26 
2660 19 9 26 
2594 19 19 26 
2058 14 5 26 
1911 15 6 26 
1857 16 7 26 
1795 17 8 26 
1670 18 9 26 
1653 18 19 26 
1599 19 10 26 
993 19 18 26 
717 14 6 26 
704 15 7 26 
338 16 8 26 
267 17 9 26 
132 17 19 26 
107 18 10 26 
3551 18 18 26 
3448 19 11 26 
2986 19 17 26 
2713 0 19 26 
2683 14 7 26 
2568 15 8 26 
2558 16 9 26 
2335 16 19 26 
2298 17 10 26 
2105 17 18 26 
1976 18 11 26 
1860 18 17 26 
1724 19 12 26 
1556 19 16 26 
1450 0 18 26 
1332 1 19 26 
1276 14 8 26 
1239 15 9 26 
1178 15 19 26 
1169 16 10 26 
930 16 18 26 
774 17 11 26 
556 17 17 26 
527 18 12 26 
441 18 16 26 
280 19 13 26 
3926 19 15 26 
3807 0 17 26 
3511 1 18 26 
3508 2 19 26 
3382 13 8 26 
3251 14 9 26 
3223 14 19 26 
3025 15 10 26 
2789 15 18 26 
2479 16 11 26 
2418 16 17 26 
2351 17 12 26 
2310 17 16 26 
2150 18 13 26 
2089 18 15 26 
1983 19 14 26 
1981 0 16 26 
1950 1 17 26 
1922 2 18 26 
1878 3 19 26 
1627 5 19 26 
1505 13 9 26 
1401 13 19 26 
1186 14 10 26 
880 14 18 26 
571 15 11 26 
309 15 17 26 
138 16 12 26 
85 16 16 26 
3805 17 13 26 
3552 17 15 26 
3442 18 14 26 
3439 0 15 26 
3203 1 16 26 
3184 2 17 26 
3162 3 18 26 
2924 4 19 26 
2919 5 18 26 
2869 12 19 26 
2641 13 10 26 
2492 13 18 26 
2449 14 11 26 
2282 14 17 26 
2149 15 12 26 
2114 15 16 26 
2107 16 13 26 
1802 16 15 26 
1412 17 14 26 
1391 0 14 26 
1199 1 15 26 
1003 2 16 26 
936 3 17 26 
744 4 18 26 
514 5 17 26 
286 11 19 26 
162 12 18 26 
3946 13 11 26 
3617 13 17 26 
3492 14 12 26 
3458 14 16 26 
3364 15 13 26 
3354 15 15 26 
3346 16 14 26 
3270 0 13 26 
3052 1 14 26 
3005 2 15 26 
2888 3 16 26 
2452 4 17 26 
2320 5 16 26 
2085 6 19 26 
2043 10 19 26 
1939 11 18 26 
1684 12 17 26 
1656 13 12 26 
1466 13 16 26 
1448 14 13 26 
1395 14 15 26 
1231 15 14 26 
1224 0 12 26 
1092 1 13 26 
900 2 14 26 
459 3 15 26 
458 4 16 26 
281 5 15 26 
38 6 18 26 
3680 7 19 26 
3523 9 19 26 
3522 10 18 26 
3487 11 17 26 
3239 12 16 26 
3169 13 13 26 
3095 13 15 26 
2913 14 14 26 
2846 0 11 26 
2842 1 12 26 
2732 2 13 26 
2608 3 14 26 
2576 4 15 26 
2454 6 17 26 
2244 7 18 26 
2209 8 19 26 
2173 9 18 26 
2071 10 17 26 
1537 11 16 26 
1354 12 15 26 
994 13 14 26 
757 0 10 26 
727 1 11 26 
594 2 12 26 
418 3 13 26 
231 4 14 26 
215 6 16 26 
3749 7 17 26 
3737 8 18 26 
3702 9 17 26 
3602 10 16 26 
3501 11 15 26 
3465 12 14 26 
3324 0 9 26 
2950 1 10 26 
2858 2 11 26 
2810 3 12 26 
2629 4 13 26 
2496 5 14 26 
2181 6 15 26 
2096 7 16 26 
1905 8 17 26 
1493 9 16 26 
1341 10 15 26 
1271 11 14 26 
1228 12 13 26 
939 0 8 26 
589 1 9 26 
433 2 10 26 
426 3 11 26 
334 4 12 26 
232 5 13 26 
218 6 14 26 
55 7 15 26 
3668 8 16 26 
3655 9 15 26 
3598 10 14 26 
3556 11 13 26 
3533 12 12 26 
3468 0 7 26 
3145 1 8 26 
3017 2 9 26 
2959 3 10 26 
2834 4 11 26 
2813 5 12 26 
2691 6 13 26 
2656 7 14 26 
2571 8 15 26 
2557 9 14 26 
2528 10 13 26 
2315 11 12 26 
2303 12 11 26 
1968 0 6 26 
1873 1 7 26 
580 2 8 26 
424 3 9 26 
23 4 10 26 
3961 5 11 26 
3742 6 12 26 
3739 7 13 26 
3463 8 14 26 
3282 9 13 26 
3202 10 12 26 
3135 11 11 26 
2887 12 10 26 
2740 0 5 26 
2737 1 6 26 
2730 2 7 26 
2682 3 8 26 
2509 4 9 26 
2486 5 10 26 
2328 6 11 26 
2295 7 12 26 
2256 8 13 26 
1780 9 12 26 
1756 10 11 26 
1664 11 10 26 
1517 12 9 26 
1420 0 4 26 
1241 1 5 26 
1076 2 6 26 
1028 3 7 26 
942 4 8 26 
914 5 9 26 
769 6 10 26 
696 7 11 26 
382 8 12 26 
3872 9 11 26 
3762 10 10 26 
3143 11 9 26 
3008 12 8 26 
2577 0 3 26 
2556 1 4 26 
2117 2 5 26 
1943 3 6 26 
1771 4 7 26 
1672 5 8 26 
1353 6 9 26 
1338 7 10 26 
1280 8 11 26 
1157 9 10 26 
1047 10 9 26 
865 11 8 26 
720 0 2 26 
661 1 3 26 
538 2 4 26 
494 3 5 26 
3853 4 6 26 
3835 5 7 26 
3181 6 8 26 
3132 7 9 26 
3089 8 10 26 
2966 9 9 26 
2778 10 8 26 
2655 0 1 26 
2524 1 2 26 
2521 2 3 26 
2296 3 4 26 
2086 4 5 26 
1918 5 6 26 
1838 6 7 26 
1776 7 8 26 
1066 8 9 26 
970 9 8 26 
835 0 0 26 
654 1 1 26 
650 2 2 26 
515 3 3 26 
262 4 4 26 
239 5 5 26 
3761 6 6 26 
3521 7 7 26 
3294 8 8 26 
3272 1 0 26 
3002 2 1 26 
2816 3 2 26 
2731 4 3 26 
2493 5 4 26 
2472 6 5 26 
2461 7 6 26 
2258 8 7 26 
2177 2 0 26 
2132 3 1 26 
2048 4 2 26 
1637 5 3 26 
1124 6 4 26 
1058 7 5 26 
999 8 6 26 
581 9 7 26 
87 3 0 26 
67 4 1 26 
3876 5 2 26 
3570 6 3 26 
3474 7 4 26 
3397 8 5 26 
3317 9 6 26 
3105 10 7 26 
2868 4 0 26 
2450 5 1 26 
2336 6 2 26 
1706 7 3 26 
1675 8 4 26 
1624 9 5 26 
1605 10 6 26 
1539 11 7 26 
1441 13 7 26 
1405 5 0 26 
1318 6 1 26 
1249 7 2 26 
1210 8 3 26 
1194 9 4 26 
484 10 5 26 
3675 11 6 26 
3537 12 7 26 
3295 13 6 26 
2983 6 0 26 
2721 7 1 26 
2670 8 2 26 
2533 9 3 26 
2500 10 4 26 
1940 11 5 26 
1569 12 6 26 
1432 13 5 26 
870 7 0 26 
808 8 1 26 
671 9 2 26 
600 10 3 26 
558 11 4 26 
3650 12 5 26 
3121 13 4 26 
541 8 0 26 
525 9 1 26 
3571 10 2 26 
3402 11 3 26 
2359 12 4 26 
1439 13 3 26 
920 9 0 26 
51 10 1 26 
3927 11 2 26 
3710 12 3 26 
3676 13 2 26 
3232 10 0 26 
3001 11 1 26 
2993 12 2 26 
2591 13 1 26 
2109 11 0 26 
1252 12 1 26 
1221 13 0 26 
1020 12 0 26 
1117 12 1 36 
1366 11 1 36 
2631 12 2 36 
422 10 1 37 
1472 11 2 36 
2050 12 3 36 
569 9 1 38 
885 10 2 37 
1759 11 3 37 
2009 12 4 37 
521 8 1 39 
653 9 2 39 
1232 10 3 39 
1470 11 4 39 
1671 12 5 38 
1013 7 1 39 
1044 8 2 39 
1930 9 3 39 
2253 10 4 39 
226 11 5 39 
403 12 6 39 
1056 6 1 40 
1882 7 2 40 
2115 8 3 40 
2266 9 4 40 
2971 10 5 40 
3503 11 6 39 
3942 5 1 40 
844 6 2 40 
1115 7 3 40 
1411 8 4 40 
1519 9 5 40 
1652 10 6 40 
2076 4 1 41 
2128 5 2 40 
2530 6 3 40 
2563 7 4 40 
2872 8 5 40 
3389 9 6 40 
2306 3 1 41 
2565 4 2 41 
3436 5 3 41 
3754 6 4 41 
492 7 5 41 
667 8 6 41 
871 2 1 41 
1151 3 2 41 
1449 4 3 41 
2517 6 5 41 
2702 7 6 41 
2936 1 1 42 
3940 2 2 42 
19 3 3 42 
444 6 6 41 
469 7 7 41 
533 1 2 42 
1139 2 3 42 
1687 5 6 42 
1779 6 7 42 
2684 7 8 42 
2921 8 9 42 
2931 1 3 43 
2943 4 6 42 
3697 5 7 42 
178 6 8 42 
376 7 9 42 
417 8 10 42 
597 9 9 42 
819 3 6 43 
1214 4 7 43 
1446 5 8 43 
1663 6 9 43 
1757 7 10 43 
1794 8 11 43 
1908 9 10 43 
2923 10 9 43 
2998 2 6 44 
3516 3 7 44 
3543 4 8 44 
315 5 9 44 
779 6 10 44 
1225 7 11 44 
1955 8 12 44 
2547 9 11 43 
3013 10 10 43 
3908 19 0 51 
3792 18 0 51 
3747 19 1 51 
3457 17 0 51 
3408 18 1 51 
3376 19 2 51 
3297 16 0 51 
3253 17 1 51 
3194 18 2 51 
3191 19 3 51 
3082 15 0 51 
3055 16 1 51 
3024 17 2 51 
2871 18 3 51 
2764 19 4 51 
2672 14 0 51 
2661 15 1 51 
2595 16 2 51 
2424 17 3 51 
2157 18 4 51 
2116 19 5 51 
2003 14 1 51 
1953 15 2 51 
1649 16 3 51 
1523 17 4 51 
1489 18 5 51 
1418 19 6 51 
1355 14 2 51 
1320 15 3 51 
1256 16 4 51 
1088 17 5 51 
995 18 6 51 
950 19 7 51 
901 14 3 51 
586 15 4 51 
3906 16 5 51 
3874 17 6 51 
3687 18 7 51 
3671 19 8 51 
3359 14 4 51 
3083 15 5 51 
3062 16 6 51 
2989 17 7 51 
2967 18 8 51 
2817 19 9 51 
2759 19 19 51 
2402 14 5 51 
2399 15 6 51 
2334 16 7 51 
2323 17 8 51 
2205 18 9 51 
2203 18 19 51 
2066 19 10 51 
1982 19 18 51 
1980 14 6 51 
1917 15 7 51 
1874 16 8 51 
1761 17 9 51 
1740 17 19 51 
1648 18 10 51 
1502 18 18 51 
1491 19 11 51 
1399 19 17 51 
1273 0 19 51 
1182 14 7 51 
1087 15 8 51 
1057 16 9 51 
979 16 19 51 
918 17 10 51 
911 17 18 51 
811 18 11 51 
760 18 17 51 
656 19 12 51 
637 19 16 51 
595 0 18 51 
587 1 19 51 
354 14 8 51 
152 15 9 51 
3921 15 19 51 
3900 16 10 51 
3764 16 18 51 
3428 17 11 51 
3338 17 17 51 
3286 18 12 51 
2709 18 16 51 
2643 19 13 51 
2588 19 15 51 
2451 0 17 51 
2321 1 18 51 
2265 2 19 51 
2200 13 8 51 
2110 14 9 51 
2082 14 19 51 
1716 15 10 51 
1435 15 18 51 
1371 16 11 51 
1255 16 17 51 
828 17 12 51 
709 17 16 51 
425 18 13 51 
191 18 15 51 
184 19 14 51 
95 0 16 51 
3929 1 17 51 
3693 2 18 51 
3472 3 19 51 
3254 5 19 51 
3220 13 9 51 
2826 13 19 51 
2741 14 10 51 
2446 14 18 51 
2429 15 11 51 
2250 15 17 51 
2077 16 12 51 
1946 16 16 51 
1361 17 13 51 
1244 17 15 51 
1140 18 14 51 
1119 0 15 51 
904 1 16 51 
731 2 17 51 
544 3 18 51 
430 4 19 51 
284 5 18 51 
256 12 19 51 
54 13 10 51 
5 13 18 51 
3695 14 11 51 
3670 14 17 51 
3636 15 12 51 
3632 15 16 51 
3450 16 13 51 
3383 16 15 51 
2933 17 14 51 
2879 0 14 51 
2783 1 15 51 
2761 2 16 51 
2708 3 17 51 
2584 4 18 51 
2319 5 17 51 
2268 11 19 51 
2148 12 18 51 
1891 13 11 51 
1520 13 17 51 
1312 14 12 51 
1215 14 16 51 
1086 15 13 51 
983 15 15 51 
976 16 14 51 
843 0 13 51 
810 1 14 51 
701 2 15 51 
416 3 16 51 
396 4 17 51 
329 5 16 51 
180 6 19 51 
113 10 19 51 
3870 11 18 51 
3858 12 17 51 
3690 13 12 51 
3360 13 16 51 
3358 14 13 51 
3163 14 15 51 
3155 15 14 51 
3150 0 12 51 
2912 1 13 51 
2885 2 14 51 
2837 3 15 51 
2743 4 16 51 
2681 5 15 51 
2504 6 18 51 
2376 7 19 51 
2185 9 19 51 
2153 10 18 51 
2151 11 17 51 
2129 12 16 51 
2084 13 13 51 
1991 13 15 51 
1972 14 14 51 
1933 0 11 51 
1931 1 12 51 
1839 2 13 51 
1804 3 14 51 
1618 4 15 51 
1389 6 17 51 
1370 7 18 51 
1168 8 19 51 
1014 9 18 51 
899 10 17 51 
786 11 16 51 
718 12 15 51 
706 13 14 51 
672 0 10 51 
619 1 11 51 
557 2 12 51 
233 3 13 51 
3917 4 14 51 
3821 6 16 51 
3550 7 17 51 
3542 8 18 51 
3530 9 17 51 
3310 10 16 51 
3221 11 15 51 
3213 12 14 51 
3170 0 9 51 
3010 1 10 51 
2818 2 11 51 
2807 3 12 51 
2800 4 13 51 
2771 5 14 51 
2550 6 15 51 
1952 7 16 51 
1440 8 17 51 
1281 9 16 51 
1165 10 15 51 
1067 11 14 51 
981 12 13 51 
959 0 8 51 
862 1 9 51 
861 2 10 51 
833 3 11 51 
761 4 12 51 
3828 5 13 51 
3555 6 14 51 
3510 7 15 51 
3494 8 16 51 
3207 9 15 51 
2774 10 14 51 
2706 11 13 51 
2625 12 12 51 
2406 0 7 51 
2343 1 8 51 
2286 2 9 51 
2264 3 10 51 
1987 4 11 51 
1899 5 12 51 
1859 6 13 51 
1831 7 14 51 
1784 8 15 51 
1593 9 14 51 
1531 10 13 51 
1400 11 12 51 
1348 12 11 51 
1253 0 6 51 
1229 1 7 51 
1021 2 8 51 
698 3 9 51 
682 4 10 51 
576 5 11 51 
320 6 12 51 
214 7 13 51 
18 8 14 51 
3855 9 13 51 
3714 10 12 51 
3563 11 11 51 
3398 12 10 51 
3172 0 5 51 
3081 1 6 51 
3057 2 7 51 
3019 3 8 51 
2899 4 9 51 
2762 5 10 51 
2680 6 11 51 
2611 7 12 51 
2539 8 13 51 
2419 9 12 51 
2381 10 11 51 
2375 11 10 51 
2023 12 9 51 
1975 0 4 51 
1925 1 5 51 
1550 2 6 51 
830 3 7 51 
784 4 8 51 
253 5 9 51 
193 6 10 51 
168 7 11 51 
161 8 12 51 
14 9 11 51 
3886 10 10 51 
3444 11 9 51 
3341 12 8 51 
3139 0 3 51 
2329 1 4 51 
2251 2 5 51 
2112 3 6 51 
2038 4 7 51 
1967 5 8 51 
1787 6 9 51 
1655 7 10 51 
1626 8 11 51 
1413 9 10 51 
1346 10 9 51 
768 11 8 51 
185 0 2 51 
171 1 3 51 
3875 2 4 51 
3856 3 5 51 
3355 4 6 51 
3283 5 7 51 
2833 6 8 51 
2647 7 9 51 
2618 8 10 51 
2543 9 9 51 
2238 10 8 51 
2194 0 1 51 
2182 1 2 51 
2135 2 3 51 
1573 3 4 51 
1528 4 5 51 
1248 5 6 51 
1238 6 7 51 
3925 7 8 51 
3699 8 9 51 
3526 9 8 51 
3519 0 0 51 
3235 1 1 51 
2792 2 2 51 
2633 3 3 51 
2441 4 4 51 
2195 5 5 51 
2142 6 6 51 
2100 7 7 51 
1824 8 8 51 
1651 1 0 51 
1614 2 1 51 
1468 3 2 51 
1296 4 3 51 
928 5 4 51 
635 6 5 51 
543 7 6 51 
364 8 7 51 
363 2 0 51 
125 3 1 51 
3838 4 2 51 
3664 5 3 51 
3423 6 4 51 
3274 7 5 51 
3271 8 6 51 
3099 9 7 51 
3036 3 0 51 
2727 4 1 51 
2612 5 2 51 
2327 6 3 51 
2183 7 4 51 
2174 8 5 51 
1896 9 6 51 
1745 10 7 51 
1600 4 0 51 
1595 5 1 51 
1540 6 2 51 
1328 7 3 51 
1292 8 4 51 
886 9 5 51 
853 10 6 51 
735 11 7 51 
681 13 7 51 
187 5 0 51 
3201 6 1 51 
3102 7 2 51 
2156 8 3 51 
1935 9 4 51 
1767 10 5 51 
1650 11 6 51 
1263 12 7 51 
1213 13 6 51 
1155 6 0 51 
679 7 1 51 
2218 8 2 51 
2064 9 3 51 
1853 10 4 51 
1667 11 5 51 
1657 12 6 51 
1453 13 5 51 
1345 7 0 51 
643 8 1 51 
124 9 2 51 
3594 10 3 51 
3112 11 4 51 
2436 12 5 51 
2300 13 4 51 
2234 8 0 51 
2126 9 1 51 
1342 10 2 51 
17 11 3 51 
3919 12 4 51 
3804 13 3 51 
2808 9 0 51 
2793 10 1 51 
2257 11 2 51 
1476 12 3 51 
1164 13 2 51 
980 10 0 51 
804 11 1 51 
2099 12 2 51 
2067 13 1 51 
1325 11 0 51 
3934 12 1 51 
2948 13 0 51 
2196 12 0 51 
555 12 1 60 
1714 11 1 62 
809 12 2 61 
472 10 1 62 
1551 11 2 62 
2578 12 3 62 
305 9 1 63 
1691 10 2 63 
1697 11 3 63 
1746 12 4 62 
2962 8 1 64 
3957 9 2 64 
324 10 3 63 
536 11 4 63 
742 12 5 63 
1023 7 1 65 
1217 8 2 64 
3035 9 3 64 
3086 10 4 64 
3578 11 5 64 
3771 12 6 64 
545 6 1 65 
592 7 2 65 
693 8 3 65 
1869 9 4 65 
1026 10 5 65 
1127 11 6 65 
2428 5 1 66 
985 6 2 66 
1287 7 3 66 
2619 8 4 66 
2787 9 5 66 
3027 10 6 66 
3694 4 1 66 
3962 5 2 66 
105 6 3 66 
1494 7 4 66 
2049 8 5 66 
2755 9 6 66 
2860 3 1 67 
3113 4 2 66 
3318 5 3 66 
3488 6 4 66 
3607 7 5 66 
3651 8 6 66 
211 2 1 67 
505 3 2 67 
638 4 3 67 
703 6 5 67 
958 7 6 67 
1035 1 1 67 
1359 2 2 67 
1897 3 3 67 
2260 6 6 67 
2405 7 7 67 
3535 1 2 68 
486 2 3 68 
507 5 6 68 
1748 6 7 68 
2019 7 8 67 
3278 8 9 67 
3885 1 3 69 
1130 4 6 68 
1324 5 7 68 
1788 6 8 68 
2212 7 9 68 
2243 8 10 68 
2348 9 9 68 
2516 3 6 69 
2717 4 7 69 
3085 5 8 69 
3562 6 9 69 
3799 7 10 69 
77 8 11 69 
336 9 10 69 
451 10 9 69 
633 2 6 70 
1957 3 7 70 
2184 4 8 70 
2760 5 9 70 
3604 6 10 70 
3969 19 0 76 
3887 18 0 76 
3864 19 1 76 
3482 17 0 76 
3372 18 1 76 
3352 19 2 76 
3125 16 0 76 
2937 17 1 76 
2825 18 2 76 
2671 19 3 76 
2663 15 0 76 
2410 16 1 76 
2324 17 2 76 
2155 18 3 76 
2145 19 4 76 
2078 14 0 76 
1755 15 1 76 
1423 16 2 76 
1103 17 3 76 
1051 18 4 76 
832 19 5 76 
815 14 1 76 
722 15 2 76 
551 16 3 76 
481 17 4 76 
471 18 5 76 
413 19 6 76 
371 14 2 76 
3963 15 3 76 
3899 16 4 76 
3738 17 5 76 
3507 18 6 76 
3486 19 7 76 
3325 14 3 76 
3152 15 4 76 
3040 16 5 76 
3034 17 6 76 
2848 18 7 76 
2791 19 8 76 
2784 14 4 76 
2685 15 5 76 
2673 16 6 76 
2613 17 7 76 
2605 18 8 76 
2014 19 9 76 
1960 19 19 76 
1734 14 5 76 
1708 15 6 76 
1686 16 7 76 
1634 17 8 76 
1195 18 9 76 
1192 18 19 76 
561 19 10 76 
542 19 18 76 
523 14 6 76 
287 15 7 76 
159 16 8 76 
62 17 9 76 
61 17 19 76 
3782 18 10 76 
3407 18 18 76 
3114 19 11 76 
3065 19 17 76 
2876 0 19 76 
2725 14 7 76 
2175 15 8 76 
2091 16 9 76 
2070 16 19 76 
1926 17 10 76 
1903 17 18 76 
1900 18 11 76 
1815 18 17 76 
1541 19 12 76 
1515 19 16 76 
1438 0 18 76 
1431 1 19 76 
1416 14 8 76 
1304 15 9 76 
1113 15 19 76 
997 16 10 76 
975 16 18 76 
876 17 11 76 
714 17 17 76 
663 18 12 76 
610 18 16 76 
530 19 13 76 
524 19 15 76 
457 0 17 76 
388 1 18 76 
238 2 19 76 
117 13 8 76 
49 14 9 76 
32 14 19 76 
3768 15 10 76 
3717 15 18 76 
3561 16 11 76 
3473 16 17 76 
3459 17 12 76 
3326 17 16 76 
3196 18 13 76 
3189 18 15 76 
3156 19 14 76 
2955 0 16 76 
2941 1 17 76 
2815 2 18 76 
2756 3 19 76 
2751 5 19 76 
2662 13 9 76 
2361 13 19 76 
2355 14 10 76 
2198 14 18 76 
1883 15 11 76 
1867 15 17 76 
1712 16 12 76 
1647 16 16 76 
1601 17 13 76 
1511 17 15 76 
1509 18 14 76 
1462 0 15 76 
1352 1 16 76 
1299 2 17 76 
820 3 18 76 
816 4 19 76 
796 5 18 76 
644 12 19 76 
549 13 10 76 
452 13 18 76 
269 14 11 76 
115 14 17 76 
34 15 12 76 
3937 15 16 76 
3656 16 13 76 
3499 16 15 76 
3451 17 14 76 
2960 0 14 76 
2644 1 15 76 
2642 2 16 76 
2566 3 17 76 
2331 4 18 76 
2012 5 17 76 
1895 11 19 76 
1856 12 18 76 
1841 13 11 76 
1742 13 17 76 
1659 14 12 76 
1575 14 16 76 
1427 15 13 76 
1107 15 15 76 
776 16 14 76 
708 0 13 76 
652 1 14 76 
468 2 15 76 
375 3 16 76 
261 4 17 76 
235 5 16 76 
37 6 19 76 
3867 10 19 76 
3788 11 18 76 
3730 12 17 76 
3708 13 12 76 
3614 13 16 76 
3301 14 13 76 
3032 14 15 76 
2934 15 14 76 
2891 0 12 76 
2849 1 13 76 
2823 2 14 76 
2718 3 15 76 
2707 4 16 76 
2580 5 15 76 
2574 6 18 76 
2457 7 19 76 
2412 9 19 76 
2356 10 18 76 
1861 11 17 76 
1735 12 16 76 
1576 13 13 76 
1375 13 15 76 
887 14 14 76 
476 0 11 76 
381 1 12 76 
142 2 13 76 
48 3 14 76 
3857 4 15 76 
3755 6 17 76 
3716 7 18 76 
3711 8 19 76 
3700 9 18 76 
3620 10 17 76 
3418 11 16 76 
3323 12 15 76 
3320 13 14 76 
3279 0 10 76 
3237 1 11 76 
3030 2 12 76 
2514 3 13 76 
1942 4 14 76 
1642 6 16 76 
1521 7 17 76 
1510 8 18 76 
1488 9 17 76 
1464 10 16 76 
1197 11 15 76 
1160 12 14 76 
1104 0 9 76 
895 1 10 76 
868 2 11 76 
680 3 12 76 
613 4 13 76 
237 5 14 76 
157 6 15 76 
86 7 16 76 
3796 8 17 76 
3626 9 16 76 
3574 10 15 76 
3284 11 14 76 
3022 12 13 76 
3018 0 8 76 
2963 1 9 76 
2875 2 10 76 
2864 3 11 76 
2828 4 12 76 
2386 5 13 76 
1890 6 14 76 
1611 7 15 76 
1586 8 16 76 
1264 9 15 76 
639 10 14 76 
498 11 13 76 
447 12 12 76 
406 0 7 76 
248 1 8 76 
223 2 9 76 
3861 3 10 76 
3851 4 11 76 
3692 5 12 76 
3289 6 13 76 
3219 7 14 76 
3146 8 15 76 
2928 9 14 76 
2540 10 13 76 
2380 11 12 76 
2338 12 11 76 
2332 0 6 76 
2280 1 7 76 
2222 2 8 76 
2075 3 9 76 
2033 4 10 76 
1396 5 11 76 
1234 6 12 76 
1189 7 13 76 
1121 8 14 76 
1054 9 13 76 
902 10 12 76 
699 11 11 76 
270 12 10 76 
91 0 5 76 
89 1 6 76 
47 2 7 76 
36 3 8 76 
3878 4 9 76 
3345 5 10 76 
3164 6 11 76 
2999 7 12 76 
2843 8 13 76 
2597 9 12 76 
2562 10 11 76 
2490 11 10 76 
2191 12 9 76 
1913 0 4 76 
1808 1 5 76 
1331 2 6 76 
1128 3 7 76 
867 4 8 76 
847 5 9 76 
707 6 10 76 
20 7 11 76 
3840 8 12 76 
3836 9 11 76 
3484 10 10 76 
3288 11 9 76 
3262 12 8 76 
3153 0 3 76 
2973 1 4 76 
2695 2 5 76 
2534 3 6 76 
2325 4 7 76 
2088 5 8 76 
2054 6 9 76 
1641 7 10 76 
1367 8 11 76 
1043 9 10 76 
949 10 9 76 
924 11 8 76 
401 0 2 76 
71 1 3 76 
11 2 4 76 
3915 3 5 76 
3849 4 6 76 
3770 5 7 76 
3557 6 8 76 
3462 7 9 76 
2785 8 10 76 
2498 9 9 76 
2443 10 8 76 
2422 0 1 76 
2314 1 2 76 
2206 2 3 76 
2022 3 4 76 
2006 4 5 76 
1820 5 6 76 
1683 6 7 76 
1572 7 8 76 
573 8 9 76 
173 9 8 76 
3844 0 0 76 
3802 1 1 76 
3798 2 2 76 
3776 3 3 76 
3625 4 4 76 
3247 5 5 76 
2947 6 6 76 
2738 7 7 76 
2665 8 8 76 
2279 1 0 76 
2270 2 1 76 
2120 3 2 76 
1858 4 3 76 
1542 5 4 76 
1433 6 5 76 
1362 7 6 76 
1251 8 7 76 
1227 2 0 76 
1015 3 1 76 
98 4 2 76 
3653 5 3 76 
3087 6 4 76 
2593 7 5 76 
2508 8 6 76 
2491 9 7 76 
2252 3 0 76 
2245 4 1 76 
2226 5 2 76 
1620 6 3 76 
1308 7 4 76 
1131 8 5 76 
1012 9 6 76 
642 10 7 76 
539 4 0 76 
460 5 1 76 
3609 6 2 76 
3524 7 3 76 
3491 8 4 76 
3385 9 5 76 
2485 10 6 76 
2439 11 7 76 
2211 13 7 76 
1959 5 0 76 
1836 6 1 76 
1379 7 2 76 
1099 8 3 76 
1064 9 4 76 
778 10 5 76 
691 11 6 76 
617 12 7 76 
44 13 6 76 
3930 6 0 76 
3760 7 1 76 
3560 8 2 76 
2615 9 3 76 
2398 10 4 76 
1711 11 5 76 
1436 12 6 76 
1357 13 5 76 
1075 7 0 76 
957 8 1 76 
333 9 2 76 
319 10 3 76 
93 11 4 76 
3743 12 5 76 
3541 13 4 76 
3053 8 0 76 
2922 9 1 76 
2697 10 2 76 
2693 11 3 76 
1884 12 4 76 
1122 13 3 76 
100 9 0 76 
3964 10 1 76 
3581 11 2 76 
3567 12 3 76 
3160 13 2 76 
3096 10 0 76 
3076 11 1 76 
2308 12 2 76 
1118 13 1 76 
3453 11 0 76 
2447 12 1 76 
1201 13 0 76 
1142 12 0 76 
2000 12 1 85 
1005 11 1 86 
621 12 2 86 
1365 10 1 86 
1875 11 2 86 
2529 12 3 86 
540 9 1 87 
2188 10 2 87 
2616 11 3 87 
3565 12 4 87 
2559 8 1 88 
3643 9 2 88 
546 10 3 88 
1483 11 4 88 
1736 12 5 87 
2829 7 1 88 
1632 8 2 88 
2458 9 3 88 
2987 10 4 88 
3246 11 5 88 
3347 12 6 88 
3637 6 1 89 
664 7 2 89 
1568 8 3 89 
1803 9 4 89 
2374 10 5 89 
3334 11 6 89 
3447 5 1 90 
3509 6 2 89 
64 7 3 89 
149 8 4 89 
278 9 5 89 
747 10 6 89 
916 4 1 90 
1566 5 2 90 
1628 6 3 90 
1713 7 4 90 
1997 8 5 90 
2217 9 6 90 
2977 3 1 91 
3280 4 2 91 
3327 5 3 90 
882 6 4 90 
1277 7 5 90 
3222 8 6 90 
3513 2 1 91 
3593 3 2 91 
3597 4 3 91 
436 6 5 91 
1068 7 6 91 
1185 1 1 91 
1907 2 2 91 
2197 3 3 91 
2426 6 6 91 
2646 7 7 91 
3455 1 2 92 
139 2 3 92 
356 5 6 92 
389 6 7 92 
685 7 8 92 
1036 8 9 92 
1265 1 3 93 
1306 4 6 92 
1311 5 7 92 
1451 6 8 92 
1602 7 9 92 
2068 8 10 92 
2468 9 9 92 
2664 3 6 93 
3809 4 7 93 
3939 5 8 93 
690 6 9 93 
750 7 10 93 
1417 8 11 93 
1535 9 10 93 
1673 10 9 93 
1719 2 6 94 
2714 3 7 94 
3185 4 8 94 
3585 5 9 94 
3774 6 10 94 
172 7 11 94 
242 8 12 93 
662 9 11 93 
803 10 10 93 
1284 11 9 93 
1351 1 6 95 
1615 2 7 95 
1934 3 8 95 
2552 4 9 94 
2622 6 11 94 
2979 7 12 94 
3269 8 13 94 
3485 9 12 94 
3506 10 11 94 
3627 11 10 94 
3842 1 7 95 
3914 2 8 95 
