1639
5896 15 10 1 
5674 17 10 1 
5662 19 10 1 
5656 15 9 1 
5581 15 19 1 
5458 16 10 1 
5261 17 9 1 
5116 18 10 1 
5005 19 9 1 
4955 0 19 1 
4926 15 8 1 
4846 15 18 1 
4794 16 9 1 
4757 16 19 1 
4506 17 8 1 
4479 18 9 1 
4431 19 8 1 
4344 0 0 1 
4258 0 18 1 
4165 1 19 1 
4032 2 0 1 
3909 4 2 1 
3855 4 4 1 
3805 15 7 1 
3668 15 17 1 
3640 16 8 1 
3594 16 18 1 
3018 17 19 1 
2999 18 8 1 
2848 19 3 1 
2494 19 7 1 
2454 19 19 1 
2439 0 1 1 
2369 0 17 1 
1852 1 0 1 
1138 1 18 1 
1087 2 1 1 
980 3 2 1 
614 3 4 1 
205 4 3 1 
5962 14 19 1 
5955 15 16 1 
5903 16 7 1 
5367 16 17 1 
5174 17 18 1 
4860 18 3 1 
4815 18 7 1 
4564 18 19 1 
4547 19 0 1 
4448 19 4 1 
4113 19 6 1 
4102 19 18 1 
4090 0 2 1 
3857 0 12 1 
3800 0 16 1 
3745 1 1 1 
3629 1 17 1 
3583 2 2 1 
3506 3 3 1 
3363 11 19 1 
3320 13 19 1 
3213 14 18 1 
3211 16 16 1 
3162 17 7 1 
3064 17 17 1 
2998 18 0 1 
2677 18 4 1 
2536 18 6 1 
2480 18 18 1 
2387 19 1 1 
2146 19 5 1 
1844 19 11 1 
1474 19 17 1 
1326 0 3 1 
1262 0 13 1 
963 0 15 1 
658 1 2 1 
527 1 12 1 
155 1 16 1 
5952 2 3 1 
5857 2 17 1 
5779 2 19 1 
5689 10 19 1 
5400 11 18 1 
5117 12 19 1 
4902 13 18 1 
4647 17 0 1 
4550 17 6 1 
4271 17 16 1 
4246 18 1 1 
4229 18 5 1 
4201 18 11 1 
3614 18 17 1 
3610 19 2 1 
3559 19 12 1 
3315 19 16 1 
3170 0 4 1 
3138 0 14 1 
2832 1 3 1 
2610 1 13 1 
2463 1 15 1 
2424 2 12 1 
2355 2 16 1 
2343 2 18 1 
2143 3 19 1 
2126 9 19 1 
1955 10 0 1 
1438 10 14 1 
1426 10 18 1 
676 11 17 1 
287 12 18 1 
5985 16 0 1 
5910 16 6 1 
5838 17 1 1 
5682 17 5 1 
5553 18 2 1 
5500 18 12 1 
5215 18 16 1 
5212 19 13 1 
4549 19 15 1 
4469 0 5 1 
4282 1 4 1 
3736 1 14 1 
3703 2 13 1 
3691 2 15 1 
3613 3 12 1 
3591 3 18 1 
3483 4 19 1 
2716 8 19 1 
2713 9 14 1 
2549 9 18 1 
1721 10 1 1 
1527 10 15 1 
1488 10 17 1 
996 11 0 1 
835 11 16 1 
739 12 17 1 
423 15 0 1 
170 15 2 1 
83 15 6 1 
6010 16 1 1 
5899 16 5 1 
5792 17 2 1 
5691 17 4 1 
5588 18 13 1 
5142 18 15 1 
5140 19 14 1 
5055 0 6 1 
4788 1 5 1 
4365 2 4 1 
4261 2 14 1 
4107 3 11 1 
3512 3 13 1 
3485 3 17 1 
2531 4 12 1 
2514 4 18 1 
1934 5 19 1 
1424 7 19 1 
1218 8 14 1 
514 8 18 1 
13 9 15 1 
6025 9 17 1 
5847 10 2 1 
5762 10 8 1 
5660 10 16 1 
4962 11 1 1 
4938 11 15 1 
4907 12 0 1 
4406 12 8 1 
4336 12 16 1 
3521 13 17 1 
3232 14 0 1 
3222 15 1 1 
3080 15 5 1 
2675 16 2 1 
2501 16 4 1 
2426 17 3 1 
2175 17 11 1 
1901 17 15 1 
1863 18 14 1 
1859 0 7 1 
1752 0 11 1 
1701 1 6 1 
1619 2 5 1 
1580 2 11 1 
1435 3 10 1 
1129 3 14 1 
1043 3 16 1 
632 4 13 1 
111 4 17 1 
99 5 18 1 
9 6 19 1 
5902 7 18 1 
5832 8 15 1 
5576 8 17 1 
5513 9 16 1 
5470 10 3 1 
5383 10 7 1 
5201 11 2 1 
4470 11 8 1 
4091 11 14 1 
3883 12 1 1 
3530 12 7 1 
3444 12 15 1 
3030 13 0 1 
2907 13 16 1 
2546 14 1 1 
2532 14 5 1 
2189 14 17 1 
2059 15 4 1 
2047 16 3 1 
1732 16 11 1 
1451 16 15 1 
1368 17 12 1 
1011 17 14 1 
926 0 8 1 
774 0 10 1 
537 1 7 1 
452 1 11 1 
358 2 6 1 
289 2 10 1 
202 3 5 1 
173 3 15 1 
157 4 14 1 
5935 4 16 1 
5887 5 17 1 
5861 6 18 1 
5756 7 17 1 
5003 8 16 1 
4904 10 4 1 
4847 10 6 1 
4613 11 3 1 
4530 11 7 1 
4417 12 2 1 
4385 12 6 1 
4057 12 14 1 
4034 13 1 1 
3966 13 15 1 
3641 14 2 1 
3561 14 4 1 
3410 14 16 1 
3376 15 3 1 
3198 15 15 1 
3161 16 12 1 
3108 16 14 1 
2803 17 13 1 
2780 0 9 1 
2747 1 8 1 
2151 1 10 1 
1610 2 7 1 
1591 3 6 1 
1553 4 5 1 
1535 4 15 1 
1511 5 16 1 
5610 6 17 1 
5597 7 16 1 
5564 10 5 1 
5224 11 4 1 
5155 11 6 1 
5145 12 3 1 
4601 13 2 1 
4143 13 14 1 
4128 14 3 1 
4023 14 15 1 
3682 15 14 1 
3543 16 13 1 
3467 1 9 1 
3439 2 8 1 
2982 3 7 1 
2717 4 6 1 
2587 4 10 1 
2571 5 15 1 
2535 6 16 1 
2377 7 15 1 
2274 11 5 1 
1548 12 4 1 
919 13 3 1 
434 14 14 1 
5882 15 13 1 
5389 2 9 1 
4939 3 8 1 
4700 4 7 1 
4553 4 11 1 
4303 5 10 1 
3952 5 14 1 
3935 6 15 1 
3446 7 14 1 
3427 12 5 1 
3150 13 4 1 
3005 14 13 1 
2762 15 12 1 
2416 3 9 1 
2081 4 8 1 
1691 5 11 1 
1519 5 13 1 
1190 6 10 1 
1091 6 14 1 
716 13 5 1 
558 13 13 1 
150 14 6 1 
5956 14 12 1 
5658 15 11 1 
5296 4 9 1 
5293 5 8 1 
5239 5 12 1 
4804 6 11 1 
4702 6 13 1 
4389 12 13 1 
4335 13 6 1 
4228 13 12 1 
4056 14 7 1 
4009 14 11 1 
3103 5 9 1 
2743 6 8 1 
2544 6 12 1 
2110 7 13 1 
2011 11 13 1 
669 12 12 1 
6044 13 7 1 
5587 13 11 1 
5328 14 8 1 
5139 14 10 1 
4999 6 9 1 
4925 7 8 1 
4835 7 12 1 
4834 8 13 1 
4747 10 13 1 
4363 11 12 1 
4164 12 11 1 
4064 13 8 1 
3546 13 10 1 
3290 14 9 1 
2653 7 9 1 
2257 7 11 1 
2063 8 12 1 
1266 9 13 1 
757 10 12 1 
566 11 11 1 
461 12 10 1 
439 13 9 1 
162 7 10 1 
110 8 9 1 
47 8 11 1 
6075 9 12 1 
5932 10 11 1 
5772 11 10 1 
5572 12 9 1 
5520 8 10 1 
5387 9 11 1 
5077 10 10 1 
4946 11 9 1 
4806 9 10 1 
4404 10 9 1 
4126 9 9 1 
4058 9 8 1 
3779 5 7 1 
2906 8 8 1 
2892 9 7 1 
2360 5 6 1 
2052 6 7 1 
1917 8 7 1 
1123 9 6 1 
1016 6 6 1 
501 7 7 1 
351 8 6 1 
68 9 5 1 
5973 7 6 1 
5961 8 5 1 
5298 5 5 1 
4905 7 5 1 
4463 5 4 1 
4108 6 5 1 
3740 9 4 1 
3542 3 1 1 
2493 5 3 1 
2242 6 4 1 
1201 8 4 1 
567 9 3 1 
5808 3 0 1 
5758 4 1 1 
5565 5 2 1 
5378 6 3 1 
4288 7 4 1 
3071 8 3 1 
2871 4 0 1 
5700 5 1 1 
5560 6 2 1 
4874 7 3 1 
4081 5 0 1 
4001 6 1 1 
3961 7 2 1 
3338 6 0 1 
2861 7 1 1 
2299 8 2 1 
280 7 0 1 
134 8 1 1 
28 9 2 1 
3566 8 0 1 
3516 9 1 1 
3492 9 0 1 
168 8 1 13 
3097 8 6 16 
511 8 11 17 
2901 3 8 19 
3031 6 15 19 
2631 12 4 20 
4518 11 4 20 
1921 11 7 21 
4371 9 16 22 
3869 3 13 24 
6041 15 10 26 
5983 17 10 26 
5905 19 10 26 
5663 15 9 26 
5627 15 19 26 
5477 16 10 26 
5338 17 9 26 
5295 18 10 26 
4866 19 9 26 
4761 0 19 26 
4499 15 8 26 
3762 15 18 26 
3458 16 9 26 
3401 16 19 26 
2965 17 8 26 
2810 18 9 26 
2777 19 8 26 
2690 0 0 26 
2314 0 18 26 
1998 1 19 26 
1946 2 0 26 
1942 4 2 26 
1938 4 4 26 
1544 15 7 26 
1484 15 17 26 
1454 16 8 26 
1343 16 18 26 
1313 17 19 26 
1212 18 8 26 
786 19 3 26 
425 19 7 26 
6013 19 19 26 
5878 0 1 26 
5800 0 17 26 
5611 1 0 26 
5250 1 18 26 
4660 2 1 26 
4135 3 2 26 
4087 3 4 26 
4045 4 3 26 
3129 14 19 26 
3072 15 16 26 
2964 16 7 26 
2785 16 17 26 
2691 17 18 26 
2479 18 3 26 
2430 18 7 26 
2307 18 19 26 
1268 19 0 26 
1030 19 4 26 
1002 19 6 26 
887 19 18 26 
869 0 2 26 
812 0 12 26 
667 0 16 26 
440 1 1 26 
5812 1 17 26 
5753 2 2 26 
5677 3 3 26 
5479 11 19 26 
5178 13 19 26 
5159 14 18 26 
5046 16 16 26 
5037 17 7 26 
4931 17 17 26 
4916 18 0 26 
4774 18 4 26 
4707 18 6 26 
4435 18 18 26 
4300 19 1 26 
3951 19 5 26 
3825 19 11 26 
3636 19 17 26 
3442 0 3 26 
3215 0 13 26 
2905 0 15 26 
2173 1 2 26 
2080 1 12 26 
2069 1 16 26 
1645 2 3 26 
1246 2 17 26 
811 2 19 26 
808 10 19 26 
410 11 18 26 
397 12 19 26 
390 13 18 26 
360 17 0 26 
6007 17 6 26 
5942 17 16 26 
5872 18 1 26 
5517 18 5 26 
5491 18 11 26 
5374 18 17 26 
5291 19 2 26 
5154 19 12 26 
5084 19 16 26 
4863 0 4 26 
4690 0 14 26 
4629 1 3 26 
4587 1 13 26 
4584 1 15 26 
4387 2 12 26 
4175 2 16 26 
3829 2 18 26 
3618 3 19 26 
3347 9 19 26 
2984 10 0 26 
2425 10 14 26 
1866 10 18 26 
1234 11 17 26 
1180 12 18 26 
785 16 0 26 
513 16 6 26 
408 17 1 26 
384 17 5 26 
352 18 2 26 
268 18 12 26 
251 18 16 26 
30 19 13 26 
5237 19 15 26 
4854 0 5 26 
4818 1 4 26 
4734 1 14 26 
4720 2 13 26 
4465 2 15 26 
4458 3 12 26 
4426 3 18 26 
4355 4 19 26 
4283 8 19 26 
4275 9 14 26 
4078 9 18 26 
3848 10 1 26 
3842 10 15 26 
3715 10 17 26 
3459 11 0 26 
3381 11 16 26 
2839 12 17 26 
2564 15 0 26 
2548 15 2 26 
2349 15 6 26 
2193 16 1 26 
2095 16 5 26 
1860 17 2 26 
1673 17 4 26 
1650 18 13 26 
1388 18 15 26 
1042 19 14 26 
799 0 6 26 
581 1 5 26 
578 2 4 26 
430 2 14 26 
129 3 11 26 
123 3 13 26 
69 3 17 26 
65 4 12 26 
6080 4 18 26 
5911 5 19 26 
5654 7 19 26 
5647 8 14 26 
5426 8 18 26 
5412 9 15 26 
4958 9 17 26 
4676 10 2 26 
3644 10 8 26 
3377 10 16 26 
2651 11 1 26 
2600 11 15 26 
2519 12 0 26 
2461 12 8 26 
2227 12 16 26 
2192 13 17 26 
1843 14 0 26 
1439 15 1 26 
1263 15 5 26 
1094 16 2 26 
627 16 4 26 
494 17 3 26 
171 17 11 26 
5975 17 15 26 
5851 18 14 26 
5810 0 7 26 
5264 0 11 26 
4910 1 6 26 
4633 2 5 26 
4350 2 11 26 
3722 3 10 26 
3547 3 14 26 
3380 3 16 26 
3104 4 13 26 
3060 4 17 26 
2960 5 18 26 
2935 6 19 26 
2920 7 18 26 
2736 8 15 26 
2657 8 17 26 
2566 9 16 26 
2538 10 3 26 
2260 10 7 26 
2161 11 2 26 
1803 11 8 26 
1265 11 14 26 
1223 12 1 26 
1169 12 7 26 
935 12 15 26 
661 13 0 26 
651 13 16 26 
592 14 1 26 
331 14 5 26 
195 14 17 26 
77 15 4 26 
5820 16 3 26 
5738 16 11 26 
5505 16 15 26 
5438 17 12 26 
5381 17 14 26 
5275 0 8 26 
5249 0 10 26 
4861 1 7 26 
4237 1 11 26 
4053 2 6 26 
3652 2 10 26 
3563 3 5 26 
2707 3 15 26 
2131 4 14 26 
2084 4 16 26 
1944 5 17 26 
1655 6 18 26 
1642 7 17 26 
1625 8 16 26 
1503 10 4 26 
1283 10 6 26 
959 11 3 26 
710 11 7 26 
649 12 2 26 
545 12 6 26 
5541 12 14 26 
5373 13 1 26 
5221 13 15 26 
5146 14 2 26 
4906 14 4 26 
4484 14 16 26 
4447 15 3 26 
4068 15 15 26 
4002 16 12 26 
3931 16 14 26 
3784 17 13 26 
3695 0 9 26 
3520 1 8 26 
2857 1 10 26 
2784 2 7 26 
2181 3 6 26 
1940 4 5 26 
1582 4 15 26 
1496 5 16 26 
1395 6 17 26 
1355 7 16 26 
1226 10 5 26 
1171 11 4 26 
931 11 6 26 
865 12 3 26 
538 13 2 26 
266 13 14 26 
138 14 3 26 
81 14 15 26 
5737 15 14 26 
5559 16 13 26 
5348 1 9 26 
5120 2 8 26 
4976 3 7 26 
4573 4 6 26 
3759 4 10 26 
3631 5 15 26 
3387 6 16 26 
3344 7 15 26 
3254 11 5 26 
3038 12 4 26 
2833 13 3 26 
2799 14 14 26 
1828 15 13 26 
1789 2 9 26 
1711 3 8 26 
1560 4 7 26 
1394 4 11 26 
723 5 10 26 
683 5 14 26 
152 6 15 26 
5316 7 14 26 
5248 12 5 26 
5097 13 4 26 
5080 14 13 26 
5078 15 12 26 
4944 3 9 26 
4891 4 8 26 
4884 5 11 26 
4592 5 13 26 
3928 6 10 26 
3874 6 14 26 
3845 13 5 26 
3627 13 13 26 
3503 14 6 26 
2989 14 12 26 
2930 15 11 26 
2612 4 9 26 
2586 5 8 26 
2449 5 12 26 
2383 6 11 26 
2327 6 13 26 
2312 12 13 26 
2255 13 6 26 
2136 13 12 26 
1932 14 7 26 
970 14 11 26 
793 5 9 26 
781 6 8 26 
589 6 12 26 
324 7 13 26 
272 11 13 26 
136 12 12 26 
90 13 7 26 
6003 13 11 26 
5987 14 8 26 
5842 14 10 26 
5494 6 9 26 
5483 7 8 26 
5223 7 12 26 
4923 8 13 26 
4897 10 13 26 
4536 11 12 26 
4185 12 11 26 
3915 13 8 26 
3487 13 10 26 
3426 14 9 26 
3369 7 9 26 
3285 7 11 26 
3283 8 12 26 
3185 9 13 26 
2444 10 12 26 
2328 11 11 26 
2184 12 10 26 
2048 13 9 26 
1800 7 10 26 
1320 8 9 26 
991 8 11 26 
776 9 12 26 
758 10 11 26 
694 11 10 26 
258 12 9 26 
6078 8 10 26 
5990 9 11 26 
5780 10 10 26 
5659 11 9 26 
5622 9 10 26 
5075 10 9 26 
4416 9 9 26 
3760 9 8 26 
3336 5 7 26 
3293 8 8 26 
3262 9 7 26 
2446 5 6 26 
2271 6 7 26 
2016 8 7 26 
1930 9 6 26 
1440 6 6 26 
1432 7 7 26 
376 8 6 26 
98 9 5 26 
5912 7 6 26 
5034 8 5 26 
5028 5 5 26 
4424 7 5 26 
3368 5 4 26 
2732 6 5 26 
2660 9 4 26 
2512 3 1 26 
1870 5 3 26 
1722 6 4 26 
1314 8 4 26 
1113 9 3 26 
1031 3 0 26 
693 4 1 26 
167 5 2 26 
5757 6 3 26 
5538 7 4 26 
5217 8 3 26 
4848 4 0 26 
3023 5 1 26 
1596 6 2 26 
1470 7 3 26 
1229 5 0 26 
879 6 1 26 
790 7 2 26 
5954 6 0 26 
5859 7 1 26 
5666 8 2 26 
4908 7 0 26 
4881 8 1 26 
3586 9 2 26 
1469 8 0 26 
741 9 1 26 
4820 9 0 26 
5395 8 1 38 
4973 8 6 41 
321 8 11 42 
4093 3 8 44 
974 6 15 44 
3674 12 4 44 
1613 11 4 45 
263 11 7 46 
900 9 16 47 
5809 15 10 51 
5795 17 10 51 
5761 19 10 51 
5748 15 9 51 
5603 15 19 51 
5450 16 10 51 
5278 17 9 51 
4742 18 10 51 
4630 19 9 51 
4621 0 19 51 
4552 15 8 51 
4476 15 18 51 
4420 16 9 51 
4349 16 19 51 
4277 17 8 51 
4106 18 9 51 
3947 19 8 51 
3727 0 0 51 
3718 0 18 51 
3126 1 19 51 
2772 2 0 51 
2726 4 2 51 
2601 4 4 51 
2553 15 7 51 
2212 15 17 51 
1907 16 8 51 
1792 16 18 51 
1751 17 19 51 
1724 18 8 51 
1526 19 3 51 
1509 19 7 51 
1410 19 19 51 
1299 0 1 51 
715 0 17 51 
269 1 0 51 
37 1 18 51 
6061 2 1 51 
6040 3 2 51 
5981 3 4 51 
5890 4 3 51 
5790 14 19 51 
5702 15 16 51 
5421 16 7 51 
5358 16 17 51 
5018 17 18 51 
4977 18 3 51 
4935 18 7 51 
4915 18 19 51 
4811 19 0 51 
4383 19 4 51 
4079 19 6 51 
3918 19 18 51 
3299 0 2 51 
3256 0 12 51 
3242 0 16 51 
3172 1 1 51 
2977 1 17 51 
2347 2 2 51 
1962 3 3 51 
1634 11 19 51 
1593 13 19 51 
1182 14 18 51 
1110 16 16 51 
1098 17 7 51 
1041 17 17 51 
938 18 0 51 
771 18 4 51 
751 18 6 51 
637 18 18 51 
191 19 1 51 
5937 19 5 51 
5928 19 11 51 
5573 19 17 51 
5507 0 3 51 
5273 0 13 51 
5231 0 15 51 
5190 1 2 51 
4970 1 12 51 
4942 1 16 51 
4899 2 3 51 
4467 2 17 51 
4256 2 19 51 
4199 10 19 51 
4061 11 18 51 
3898 12 19 51 
3713 13 18 51 
3183 17 0 51 
2654 17 6 51 
2649 17 16 51 
2085 18 1 51 
2004 18 5 51 
1914 18 11 51 
1452 18 17 51 
1422 19 2 51 
1370 19 12 51 
1329 19 16 51 
1209 0 4 51 
1107 0 14 51 
944 1 3 51 
802 1 13 51 
732 1 15 51 
643 2 12 51 
525 2 16 51 
5996 2 18 51 
5865 3 19 51 
5687 9 19 51 
5392 10 0 51 
5287 10 14 51 
5058 10 18 51 
4832 11 17 51 
4648 12 18 51 
4494 16 0 51 
4262 16 6 51 
3984 17 1 51 
3671 17 5 51 
3637 18 2 51 
3398 18 12 51 
3357 18 16 51 
2661 19 13 51 
2466 19 15 51 
2428 0 5 51 
2310 1 4 51 
2134 1 14 51 
1970 2 13 51 
1765 2 15 51 
1487 3 12 51 
1464 3 18 51 
1444 4 19 51 
707 8 19 51 
554 9 14 51 
319 9 18 51 
232 10 1 51 
141 10 15 51 
91 10 17 51 
5958 11 0 51 
5619 11 16 51 
5481 12 17 51 
5235 15 0 51 
5206 15 2 51 
4995 15 6 51 
4723 16 1 51 
4595 16 5 51 
4294 17 2 51 
4225 17 4 51 
3781 18 13 51 
3638 18 15 51 
3505 19 14 51 
3425 0 6 51 
3393 1 5 51 
3267 2 4 51 
3011 2 14 51 
2801 3 11 51 
2556 3 13 51 
2547 3 17 51 
2295 4 12 51 
2122 4 18 51 
1824 5 19 51 
1684 7 19 51 
1482 8 14 51 
1300 8 18 51 
1251 9 15 51 
1029 9 17 51 
876 10 2 51 
654 10 8 51 
629 10 16 51 
594 11 1 51 
375 11 15 51 
144 12 0 51 
79 12 8 51 
5908 12 16 51 
5590 13 17 51 
5229 14 0 51 
4853 15 1 51 
4710 15 5 51 
4686 16 2 51 
4531 16 4 51 
4445 17 3 51 
4441 17 11 51 
4326 17 15 51 
3955 18 14 51 
3913 0 7 51 
3841 0 11 51 
3798 1 6 51 
3585 2 5 51 
3489 2 11 51 
3325 3 10 51 
3229 3 14 51 
2980 3 16 51 
2918 4 13 51 
2875 4 17 51 
2775 5 18 51 
2768 6 19 51 
2744 7 18 51 
2505 8 15 51 
1961 8 17 51 
971 9 16 51 
961 10 3 51 
841 10 7 51 
822 11 2 51 
550 11 8 51 
491 11 14 51 
424 12 1 51 
74 12 7 51 
5916 12 15 51 
5642 13 0 51 
5506 13 16 51 
5467 14 1 51 
5152 14 5 51 
4704 14 17 51 
4590 15 4 51 
4512 16 3 51 
4492 16 11 51 
4216 16 15 51 
4173 17 12 51 
4083 17 14 51 
3962 0 8 51 
3271 0 10 51 
3225 1 7 51 
2997 1 11 51 
2572 2 6 51 
2526 2 10 51 
2061 3 5 51 
1988 3 15 51 
1909 4 14 51 
1876 4 16 51 
1840 5 17 51 
1577 6 18 51 
1338 7 17 51 
1245 8 16 51 
1081 10 4 51 
726 10 6 51 
512 11 3 51 
469 11 7 51 
419 12 2 51 
226 12 6 51 
5879 12 14 51 
5461 13 1 51 
5360 13 15 51 
5149 14 2 51 
5076 14 4 51 
4663 14 16 51 
4060 15 3 51 
3823 15 15 51 
3820 16 12 51 
3717 16 14 51 
3612 17 13 51 
3460 0 9 51 
3195 1 8 51 
2899 1 10 51 
2855 2 7 51 
2537 3 6 51 
2448 4 5 51 
2384 4 15 51 
2200 5 16 51 
1737 6 17 51 
1618 7 16 51 
1249 10 5 51 
1165 11 4 51 
1060 11 6 51 
1057 12 3 51 
475 13 2 51 
104 13 14 51 
5166 14 3 51 
5041 14 15 51 
4618 15 14 51 
3651 16 13 51 
3189 1 9 51 
2983 2 8 51 
2865 3 7 51 
2606 4 6 51 
2233 4 10 51 
2183 5 15 51 
2160 6 16 51 
1729 7 15 51 
623 11 5 51 
599 12 4 51 
401 13 3 51 
270 14 14 51 
5685 15 13 51 
5404 2 9 51 
4831 3 8 51 
4830 4 7 51 
4636 4 11 51 
4526 5 10 51 
3879 5 14 51 
3574 6 15 51 
3386 7 14 51 
3308 12 5 51 
3055 13 4 51 
3010 14 13 51 
2441 15 12 51 
1880 3 9 51 
1677 4 8 51 
1516 5 11 51 
78 5 13 51 
5823 6 10 51 
5411 6 14 51 
5394 13 5 51 
5252 13 13 51 
5233 14 6 51 
5047 14 12 51 
4872 15 11 51 
4763 4 9 51 
4427 5 8 51 
4137 5 12 51 
3598 6 11 51 
3343 6 13 51 
3342 12 13 51 
2670 13 6 51 
2533 13 12 51 
1864 14 7 51 
1784 14 11 51 
1623 5 9 51 
1420 6 8 51 
1353 6 12 51 
692 7 13 51 
460 11 13 51 
222 12 12 51 
156 13 7 51 
40 13 11 51 
5661 14 8 51 
5640 14 10 51 
5425 6 9 51 
5144 7 8 51 
5072 7 12 51 
4870 8 13 51 
4753 10 13 51 
4652 11 12 51 
4266 12 11 51 
4200 13 8 51 
4192 13 10 51 
4065 14 9 51 
3941 7 9 51 
3721 7 11 51 
3556 8 12 51 
2915 9 13 51 
2568 10 12 51 
2357 11 11 51 
2098 12 10 51 
1656 13 9 51 
1414 7 10 51 
1402 8 9 51 
946 8 11 51 
398 9 12 51 
306 10 11 51 
6009 11 10 51 
5938 12 9 51 
5814 8 10 51 
5633 9 11 51 
5540 10 10 51 
5405 11 9 51 
5369 9 10 51 
5342 10 9 51 
5247 9 9 51 
4692 9 8 51 
4560 5 7 51 
4127 8 8 51 
3577 9 7 51 
3461 5 6 51 
2702 6 7 51 
2639 8 7 51 
1935 9 6 51 
1873 6 6 51 
1825 7 7 51 
1554 8 6 51 
1089 9 5 51 
6027 7 6 51 
5936 8 5 51 
5864 5 5 51 
5357 7 5 51 
4909 5 4 51 
4892 6 5 51 
4682 9 4 51 
3429 3 1 51 
1727 5 3 51 
6022 6 4 51 
5200 8 4 51 
5182 9 3 51 
4914 3 0 51 
4521 4 1 51 
4289 5 2 51 
4018 6 3 51 
3665 7 4 51 
3623 8 3 51 
2280 4 0 51 
2202 5 1 51 
2158 6 2 51 
1525 7 3 51 
1477 5 0 51 
1429 6 1 51 
543 7 2 51 
109 6 0 51 
6016 7 1 51 
5901 8 2 51 
5304 7 0 51 
5292 8 1 51 
2155 9 2 51 
1686 8 0 51 
1626 9 1 51 
3987 9 0 51 
1951 8 1 63 
1486 8 6 66 
727 8 11 67 
4124 3 8 69 
2281 6 15 69 
2006 12 4 70 
3188 11 4 71 
5490 11 7 72 
3675 9 16 73 
1392 3 13 74 
5939 15 10 76 
5858 17 10 76 
5766 19 10 76 
5696 15 9 76 
5216 15 19 76 
4858 16 10 76 
4745 17 9 76 
4651 18 10 76 
4519 19 9 76 
4293 0 19 76 
4162 15 8 76 
4120 15 18 76 
4072 16 9 76 
4048 16 19 76 
3939 17 8 76 
3892 18 9 76 
3862 19 8 76 
3839 0 0 76 
3787 0 18 76 
3725 1 19 76 
3679 2 0 76 
3397 4 2 76 
3322 4 4 76 
3140 15 7 76 
2679 15 17 76 
2668 16 8 76 
2633 16 18 76 
2617 17 19 76 
2410 18 8 76 
2404 19 3 76 
2315 19 7 76 
2167 19 19 76 
2103 0 1 76 
2042 0 17 76 
1817 1 0 76 
1786 1 18 76 
1767 2 1 76 
1683 3 2 76 
1404 3 4 76 
1146 4 3 76 
1141 14 19 76 
1115 15 16 76 
1093 16 7 76 
1014 16 17 76 
729 17 18 76 
528 18 3 76 
277 18 7 76 
220 18 19 76 
5931 19 0 76 
5624 19 4 76 
5579 19 6 76 
5134 19 18 76 
4821 0 2 76 
4316 0 12 76 
3979 0 16 76 
3870 1 1 76 
3687 1 17 76 
3230 2 2 76 
3008 3 3 76 
2687 11 19 76 
2598 13 19 76 
2495 14 18 76 
2475 16 16 76 
2177 17 7 76 
2176 17 17 76 
1698 18 0 76 
1467 18 4 76 
1034 18 6 76 
934 18 18 76 
662 19 1 76 
626 19 5 76 
369 19 11 76 
51 19 17 76 
6036 0 3 76 
6028 0 13 76 
5966 0 15 76 
5868 1 2 76 
5866 1 12 76 
5363 1 16 76 
5205 2 3 76 
5083 2 17 76 
5053 2 19 76 
5017 10 19 76 
4779 11 18 76 
4452 12 19 76 
4440 13 18 76 
4413 17 0 76 
4152 17 6 76 
3956 17 16 76 
3903 18 1 76 
3860 18 5 76 
3633 18 11 76 
3392 18 17 76 
3122 19 2 76 
3089 19 12 76 
3027 19 16 76 
2956 0 4 76 
2877 0 14 76 
2852 1 3 76 
2674 1 13 76 
2395 1 15 76 
2382 2 12 76 
2286 2 16 76 
1838 2 18 76 
1782 3 19 76 
1763 9 19 76 
1636 10 0 76 
1628 10 14 76 
1494 10 18 76 
1230 11 17 76 
1036 12 18 76 
761 16 0 76 
679 16 6 76 
646 17 1 76 
404 17 5 76 
394 18 2 76 
354 18 12 76 
281 18 16 76 
6079 19 13 76 
6004 19 15 76 
5794 0 5 76 
5161 1 4 76 
4943 1 14 76 
4726 2 13 76 
4628 2 15 76 
4627 3 12 76 
4376 3 18 76 
4253 4 19 76 
4066 8 19 76 
3846 9 14 76 
3311 9 18 76 
3268 10 1 76 
3016 10 15 76 
2961 10 17 76 
2688 11 0 76 
2614 11 16 76 
2594 12 17 76 
2455 15 0 76 
2275 15 2 76 
2162 15 6 76 
2112 16 1 76 
1977 16 5 76 
1846 17 2 76 
1750 17 4 76 
816 18 13 76 
463 18 15 76 
433 19 14 76 
422 0 6 76 
5431 1 5 76 
5365 2 4 76 
5126 2 14 76 
4919 3 11 76 
4901 3 13 76 
4882 3 17 76 
4845 4 12 76 
4711 4 18 76 
4574 5 19 76 
4366 7 19 76 
4213 8 14 76 
4105 8 18 76 
4077 9 15 76 
4049 9 17 76 
3890 10 2 76 
3423 10 8 76 
3412 10 16 76 
3341 11 1 76 
3168 11 15 76 
3163 12 0 76 
2822 12 8 76 
2290 12 16 76 
2208 13 17 76 
1079 14 0 76 
892 15 1 76 
772 15 5 76 
364 16 2 76 
302 16 4 76 
59 17 3 76 
5980 17 11 76 
5913 17 15 76 
5804 18 14 76 
5615 0 7 76 
5424 0 11 76 
5289 1 6 76 
4991 2 5 76 
4802 2 11 76 
4539 3 10 76 
4287 3 14 76 
3881 3 16 76 
3878 4 13 76 
3807 4 17 76 
3388 5 18 76 
3210 6 19 76 
3194 7 18 76 
3193 8 15 76 
2878 8 17 76 
2588 9 16 76 
2473 10 3 76 
2452 10 7 76 
1597 11 2 76 
1065 11 8 76 
979 11 14 76 
561 12 1 76 
476 12 7 76 
55 12 15 76 
6034 13 0 76 
5816 13 16 76 
5583 14 1 76 
5542 14 5 76 
5472 14 17 76 
5452 15 4 76 
5356 16 3 76 
5219 16 11 76 
5093 16 15 76 
4859 17 12 76 
4368 17 14 76 
4130 0 8 76 
3680 0 10 76 
3639 1 7 76 
2883 1 11 76 
2665 2 6 76 
2178 2 10 76 
2150 3 5 76 
2113 3 15 76 
1925 4 14 76 
1897 4 16 76 
1631 5 17 76 
1076 6 18 76 
905 7 17 76 
893 8 16 76 
856 10 4 76 
821 10 6 76 
792 11 3 76 
613 11 7 76 
341 12 2 76 
5967 12 6 76 
5556 12 14 76 
5446 13 1 76 
5353 13 15 76 
5088 14 2 76 
4826 14 4 76 
4673 14 16 76 
3889 15 3 76 
3555 15 15 76 
2792 16 12 76 
2765 16 14 76 
2450 17 13 76 
2356 0 9 76 
2300 1 8 76 
2292 1 10 76 
2232 2 7 76 
2092 3 6 76 
1972 4 5 76 
1712 4 15 76 
1148 5 16 76 
1023 6 17 76 
990 7 16 76 
842 10 5 76 
644 11 4 76 
568 11 6 76 
307 12 3 76 
23 13 2 76 
5941 13 14 76 
5806 14 3 76 
5508 14 15 76 
5285 15 14 76 
5279 16 13 76 
5274 1 9 76 
4607 2 8 76 
4468 3 7 76 
4466 4 6 76 
4339 4 10 76 
4281 5 15 76 
4055 6 16 76 
3701 7 15 76 
3593 11 5 76 
3564 12 4 76 
3479 13 3 76 
3434 14 14 76 
3355 15 13 76 
3132 2 9 76 
2138 3 8 76 
2082 4 7 76 
1929 4 11 76 
1567 5 10 76 
1347 5 14 76 
1247 6 15 76 
989 7 14 76 
672 12 5 76 
551 13 4 76 
488 14 13 76 
362 15 12 76 
318 3 9 76 
147 4 8 76 
114 5 11 76 
6059 5 13 76 
6049 6 10 76 
5397 6 14 76 
5330 13 5 76 
5322 13 13 76 
5096 14 6 76 
4913 14 12 76 
4691 15 11 76 
4292 4 9 76 
3657 5 8 76 
3533 5 12 76 
3482 6 11 76 
3227 6 13 76 
3165 12 13 76 
3070 13 6 76 
2814 13 12 76 
2485 14 7 76 
1990 14 11 76 
1853 5 9 76 
1758 6 8 76 
1575 6 12 76 
1514 7 13 76 
1097 11 13 76 
882 12 12 76 
827 13 7 76 
431 13 11 76 
204 14 8 76 
6038 14 10 76 
5926 6 9 76 
5741 7 8 76 
5544 7 12 76 
5522 8 13 76 
5057 10 13 76 
5045 11 12 76 
4937 12 11 76 
4921 13 8 76 
4911 13 10 76 
4868 14 9 76 
4307 7 9 76 
4024 7 11 76 
3901 8 12 76 
3887 9 13 76 
3589 10 12 76 
3098 11 11 76 
2528 12 10 76 
2293 13 9 76 
1923 7 10 76 
1657 8 9 76 
1233 8 11 76 
873 9 12 76 
866 10 11 76 
602 11 10 76 
510 12 9 76 
503 8 10 76 
367 9 11 76 
159 10 10 76 
5971 11 9 76 
5824 9 10 76 
5147 10 9 76 
4310 9 9 76 
4019 9 8 76 
3228 5 7 76 
2896 8 8 76 
2794 9 7 76 
2114 5 6 76 
1855 6 7 76 
1425 8 7 76 
1376 9 6 76 
899 6 6 76 
5706 7 7 76 
5607 8 6 76 
5486 9 5 76 
4941 7 6 76 
4035 8 5 76 
3602 5 5 76 
3431 7 5 76 
3304 5 4 76 
2655 6 5 76 
2468 9 4 76 
1884 3 1 76 
1478 5 3 76 
1198 6 4 76 
868 8 4 76 
608 9 3 76 
459 3 0 76 
5813 4 1 76 
4388 5 2 76 
3832 6 3 76 
3394 7 4 76 
1297 8 3 76 
603 4 0 76 
583 5 1 76 
5225 6 2 76 
5099 7 3 76 
2870 5 0 76 
2695 6 1 76 
2316 7 2 76 
2028 6 0 76 
1922 7 1 76 
507 8 2 76 
4898 7 0 76 
3902 8 1 76 
2554 9 2 76 
2393 8 0 76 
1819 9 1 76 
1492 9 0 76 
5464 8 1 88 
1070 8 6 91 
1170 8 11 93 
131 3 8 95 
2916 6 15 95 
3481 12 4 95 
304 11 4 96 
2236 11 7 97 
2051 9 16 98 
2129 3 13 99 
