1883
5085 15 19 1 
4997 19 19 1 
4947 15 18 1 
4652 16 19 1 
4542 18 19 1 
4276 19 18 1 
4042 15 17 1 
3873 16 18 1 
3582 17 19 1 
2957 18 18 1 
2740 19 17 1 
2043 15 16 1 
1976 16 17 1 
1923 17 18 1 
1441 18 17 1 
1158 19 16 1 
1007 14 14 1 
903 15 15 1 
781 16 16 1 
290 17 17 1 
219 18 16 1 
5243 19 15 1 
5167 0 19 1 
5165 14 13 1 
4998 14 19 1 
4781 15 14 1 
4617 16 15 1 
4549 17 16 1 
4299 18 15 1 
4194 19 14 1 
4147 0 18 1 
3826 1 19 1 
3616 9 19 1 
3520 13 19 1 
3365 14 12 1 
3020 14 18 1 
2467 15 13 1 
2381 16 14 1 
1512 17 15 1 
1182 18 14 1 
1151 19 13 1 
1124 0 7 1 
852 0 17 1 
476 1 18 1 
406 2 19 1 
4985 8 19 1 
4635 9 18 1 
4302 10 19 1 
4265 12 19 1 
4102 13 0 1 
4070 13 18 1 
3925 14 15 1 
3824 14 17 1 
3793 15 12 1 
3729 16 13 1 
3566 17 14 1 
3533 18 13 1 
3433 19 0 1 
3361 19 12 1 
3107 0 8 1 
2940 0 16 1 
2922 1 7 1 
2802 1 17 1 
2725 2 18 1 
2722 3 7 1 
2709 3 19 1 
2386 7 19 1 
2040 8 18 1 
1828 9 17 1 
1696 10 18 1 
1543 11 19 1 
1502 12 18 1 
1410 13 1 1 
1344 13 17 1 
1262 14 0 1 
1255 14 16 1 
1253 16 12 1 
1110 17 13 1 
5100 18 0 1 
5027 18 12 1 
4830 19 1 1 
4637 19 11 1 
4544 0 9 1 
4529 0 15 1 
4509 1 8 1 
4450 1 16 1 
4153 2 7 1 
3843 2 17 1 
3787 3 8 1 
3538 3 18 1 
3445 4 19 1 
3293 6 19 1 
3251 7 18 1 
3192 8 17 1 
3183 9 16 1 
3042 10 17 1 
2908 11 18 1 
2857 12 17 1 
2424 13 2 1 
2313 13 16 1 
2247 14 1 1 
2065 15 0 1 
1876 17 0 1 
1785 17 12 1 
1375 18 1 1 
736 18 11 1 
565 19 2 1 
536 19 10 1 
479 0 10 1 
474 0 14 1 
389 1 9 1 
289 1 15 1 
5241 2 8 1 
5211 2 16 1 
4665 3 9 1 
4618 3 17 1 
4037 4 18 1 
4019 5 19 1 
3860 6 18 1 
3769 7 17 1 
3737 8 16 1 
3586 9 15 1 
3523 10 16 1 
3465 11 17 1 
3238 12 16 1 
3104 13 3 1 
2872 13 15 1 
2772 14 2 1 
2745 15 1 1 
2451 16 0 1 
2425 17 1 1 
2207 17 11 1 
2105 18 2 1 
2005 18 10 1 
1839 19 3 1 
1725 19 9 1 
1723 0 11 1 
1672 0 13 1 
1477 1 10 1 
982 1 14 1 
953 2 9 1 
844 2 15 1 
806 3 16 1 
728 4 17 1 
526 5 18 1 
485 6 17 1 
150 7 16 1 
34 9 14 1 
5094 10 15 1 
5057 11 16 1 
5012 12 15 1 
4680 13 4 1 
4577 13 14 1 
4370 14 3 1 
4301 15 2 1 
4111 16 1 1 
3636 16 11 1 
3469 17 2 1 
3408 17 10 1 
3283 18 3 1 
3161 18 9 1 
3116 19 4 1 
3070 19 8 1 
2895 0 12 1 
2867 1 11 1 
2505 1 13 1 
2324 2 10 1 
2268 2 14 1 
2228 3 15 1 
2146 4 16 1 
2077 5 17 1 
2035 6 16 1 
1917 9 13 1 
1858 10 14 1 
1458 11 15 1 
1269 12 14 1 
1202 13 5 1 
890 13 13 1 
817 14 4 1 
690 15 3 1 
655 15 11 1 
621 16 2 1 
409 16 10 1 
397 17 3 1 
291 17 9 1 
151 18 4 1 
121 18 8 1 
94 19 5 1 
74 19 7 1 
66 1 12 1 
4888 2 11 1 
4714 2 13 1 
4576 3 14 1 
4508 4 15 1 
4505 5 16 1 
4492 9 12 1 
4303 10 13 1 
4098 11 14 1 
3911 12 13 1 
3771 13 12 1 
3755 14 5 1 
3372 14 11 1 
3148 15 4 1 
3043 15 10 1 
2909 16 3 1 
2836 16 9 1 
2706 17 4 1 
2553 17 8 1 
2287 18 5 1 
2283 18 7 1 
2242 19 6 1 
2168 2 12 1 
2008 3 13 1 
1986 4 14 1 
1715 5 15 1 
1697 10 12 1 
1610 11 13 1 
1449 12 0 1 
1386 12 12 1 
1022 13 11 1 
759 14 10 1 
651 15 5 1 
578 15 9 1 
572 16 4 1 
126 16 8 1 
98 17 5 1 
96 17 7 1 
65 18 6 1 
5055 3 12 1 
4779 4 13 1 
4761 5 14 1 
4661 6 15 1 
4474 8 15 1 
4441 11 0 1 
4402 11 12 1 
4152 12 1 1 
3894 12 11 1 
3822 13 10 1 
3770 14 9 1 
3471 15 8 1 
3449 16 5 1 
3202 16 7 1 
2870 17 6 1 
2775 3 11 1 
2649 4 12 1 
2580 5 13 1 
2130 6 14 1 
2003 7 15 1 
1943 8 0 1 
1719 8 14 1 
1653 10 0 1 
1422 11 1 1 
1311 11 11 1 
1064 12 2 1 
1043 12 10 1 
586 13 9 1 
252 14 8 1 
240 15 7 1 
4968 16 6 1 
4874 3 10 1 
4696 4 11 1 
4387 5 12 1 
4033 6 13 1 
3880 7 14 1 
3178 8 1 1 
3083 8 13 1 
2927 9 0 1 
2611 10 1 1 
2545 10 11 1 
2508 11 2 1 
2343 11 10 1 
2237 12 3 1 
1874 12 9 1 
1604 13 8 1 
1123 14 7 1 
906 15 6 1 
767 4 10 1 
154 5 11 1 
5154 6 12 1 
4863 7 13 1 
4415 8 2 1 
3975 8 12 1 
3848 9 1 1 
3799 9 11 1 
3794 10 2 1 
3218 10 10 1 
3051 11 3 1 
2831 11 9 1 
2613 12 4 1 
2069 12 8 1 
1972 13 7 1 
1840 14 6 1 
1800 5 10 1 
1729 6 11 1 
1695 7 12 1 
1102 8 3 1 
705 8 11 1 
434 9 2 1 
360 9 10 1 
166 10 3 1 
4702 10 9 1 
4227 11 4 1 
4058 11 8 1 
3864 12 5 1 
3708 12 7 1 
2876 13 6 1 
2842 6 10 1 
2827 7 11 1 
2782 8 4 1 
2555 8 10 1 
2360 9 3 1 
1900 9 9 1 
1674 10 4 1 
785 10 8 1 
197 11 5 1 
29 11 7 1 
5146 12 6 1 
5087 7 10 1 
3955 8 5 1 
3657 8 9 1 
2930 9 4 1 
2821 9 8 1 
2681 10 5 1 
2647 10 7 1 
2612 11 6 1 
2194 7 9 1 
1577 8 8 1 
1428 9 5 1 
947 9 7 1 
258 10 6 1 
5074 3 0 1 
4919 6 9 1 
4510 7 0 1 
4431 7 8 1 
4324 8 7 1 
4171 9 6 1 
3948 3 1 1 
3717 4 0 1 
3343 5 9 1 
2322 6 0 1 
2306 6 8 1 
2219 7 1 1 
1598 7 7 1 
1336 8 6 1 
1012 3 2 1 
710 4 1 1 
540 4 9 1 
371 5 0 1 
294 5 8 1 
5209 6 1 1 
4609 6 7 1 
4275 7 2 1 
3989 7 6 1 
3749 3 3 1 
3499 4 2 1 
3470 4 8 1 
2843 5 1 1 
2703 5 7 1 
2466 6 2 1 
2458 6 6 1 
2141 7 3 1 
1686 7 5 1 
1517 4 3 1 
1497 4 7 1 
1252 5 2 1 
888 5 6 1 
618 6 3 1 
590 6 5 1 
309 7 4 1 
5212 4 6 1 
5084 5 3 1 
5077 5 5 1 
4177 6 4 1 
4065 3 6 1 
3134 4 5 1 
3130 5 4 1 
3057 2 6 1 
2543 3 5 1 
2494 4 4 1 
1861 1 6 1 
1710 2 5 1 
1633 3 4 1 
143 0 6 1 
3797 1 5 1 
3185 2 4 1 
2655 0 5 1 
2610 1 4 1 
2486 2 3 1 
2145 0 4 1 
1999 1 3 1 
509 2 2 1 
178 0 3 1 
170 1 2 1 
5152 2 1 1 
4976 0 2 1 
4852 1 1 1 
3318 2 0 1 
2639 0 1 1 
4322 1 0 1 
1588 0 0 1 
696 1 1 12 
2728 1 2 13 
3299 1 3 13 
3368 1 4 13 
4255 1 5 13 
4591 2 5 14 
2542 3 5 14 
4465 4 5 14 
1135 5 5 14 
1159 6 4 14 
2098 5 2 15 
2886 5 6 15 
3631 6 3 15 
4026 6 5 15 
942 4 2 15 
955 5 1 15 
1818 5 7 15 
2325 6 2 15 
2383 6 6 15 
2839 4 1 16 
4502 5 8 16 
4684 6 1 15 
588 6 7 15 
1049 6 8 16 
1898 7 7 16 
4136 7 8 16 
4353 8 7 16 
623 8 8 17 
686 9 7 17 
1773 10 6 17 
3410 8 9 17 
4671 9 4 17 
4757 10 5 17 
5169 10 7 17 
229 11 6 17 
356 7 11 18 
630 8 10 18 
712 9 3 18 
715 10 4 18 
1379 11 5 18 
1920 11 7 18 
4357 6 11 19 
4789 7 12 19 
54 9 2 19 
183 9 10 19 
238 10 3 19 
522 11 4 18 
1291 12 7 18 
1408 5 11 20 
3000 6 12 19 
3850 7 13 19 
4426 9 1 19 
4854 10 2 19 
4862 10 10 19 
5003 11 3 19 
1 13 7 19 
351 4 11 20 
1684 5 12 20 
2204 6 13 20 
2254 7 14 20 
3854 10 1 20 
4416 11 2 20 
4824 13 8 20 
4906 14 7 20 
877 4 12 21 
946 6 14 21 
1498 11 1 21 
2815 14 8 21 
3263 15 7 21 
4716 12 11 21 
5189 15 8 21 
5208 16 7 21 
4949 15 19 26 
4448 19 19 26 
4062 15 18 26 
4011 16 19 26 
3747 18 19 26 
3453 19 18 26 
3219 15 17 26 
3045 16 18 26 
3031 17 19 26 
2924 18 18 26 
2737 19 17 26 
2510 15 16 26 
2353 16 17 26 
1867 17 18 26 
1760 18 17 26 
1688 19 16 26 
1607 14 14 26 
1535 15 15 26 
1176 16 16 26 
1072 17 17 26 
1031 18 16 26 
972 19 15 26 
628 0 19 26 
568 14 13 26 
504 14 19 26 
424 15 14 26 
355 16 15 26 
236 17 16 26 
227 18 15 26 
141 19 14 26 
140 0 18 26 
5140 1 19 26 
5121 9 19 26 
5079 13 19 26 
4993 14 12 26 
4927 14 18 26 
4512 15 13 26 
4393 16 14 26 
4212 17 15 26 
4166 18 14 26 
4021 19 13 26 
3946 0 7 26 
3719 0 17 26 
3619 1 18 26 
3425 2 19 26 
3334 8 19 26 
2829 9 18 26 
2764 10 19 26 
2662 12 19 26 
2557 13 0 26 
1950 13 18 26 
1930 14 15 26 
1676 14 17 26 
1201 15 12 26 
1063 16 13 26 
824 17 14 26 
749 18 13 26 
648 19 0 26 
5161 19 12 26 
5041 0 8 26 
5005 0 16 26 
4849 1 7 26 
4718 1 17 26 
4622 2 18 26 
4419 3 7 26 
4315 3 19 26 
4220 7 19 26 
4178 8 18 26 
4027 9 17 26 
3803 10 18 26 
3765 11 19 26 
3728 12 18 26 
3656 13 1 26 
3359 13 17 26 
3123 14 0 26 
3081 14 16 26 
2995 16 12 26 
2583 17 13 26 
2540 18 0 26 
2302 18 12 26 
2114 19 1 26 
2011 19 11 26 
1911 0 9 26 
1910 0 15 26 
1442 1 8 26 
1329 1 16 26 
1258 2 7 26 
1118 2 17 26 
713 3 8 26 
662 3 18 26 
567 4 19 26 
18 6 19 26 
4935 7 18 26 
4843 8 17 26 
4578 9 16 26 
4570 10 17 26 
4562 11 18 26 
4539 12 17 26 
4031 13 2 26 
3905 13 16 26 
3868 14 1 26 
3817 15 0 26 
3604 17 0 26 
3248 17 12 26 
3241 18 1 26 
2967 18 11 26 
2942 19 2 26 
2875 19 10 26 
2210 0 10 26 
988 0 14 26 
945 1 9 26 
631 1 15 26 
5178 2 8 26 
4911 2 16 26 
4771 3 9 26 
4587 3 17 26 
4210 4 18 26 
4059 5 19 26 
3903 6 18 26 
3821 7 17 26 
3673 8 16 26 
3528 9 15 26 
3514 10 16 26 
3274 11 17 26 
3262 12 16 26 
3224 13 3 26 
3187 13 15 26 
2977 14 2 26 
2825 15 1 26 
2816 16 0 26 
2730 17 1 26 
2699 17 11 26 
2598 18 2 26 
2515 18 10 26 
2415 19 3 26 
2127 19 9 26 
2109 0 11 26 
2088 0 13 26 
1808 1 10 26 
1765 1 14 26 
1566 2 9 26 
1467 2 15 26 
1225 3 16 26 
1165 4 17 26 
1056 5 18 26 
899 6 17 26 
783 7 16 26 
764 9 14 26 
335 10 15 26 
284 11 16 26 
253 12 15 26 
4926 13 4 26 
4543 13 14 26 
4485 14 3 26 
4451 15 2 26 
4232 16 1 26 
4135 16 11 26 
4097 17 2 26 
3761 17 10 26 
3706 18 3 26 
3639 18 9 26 
3133 19 4 26 
3102 19 8 26 
2962 0 12 26 
2916 1 11 26 
2547 1 13 26 
2522 2 10 26 
2116 2 14 26 
2029 3 15 26 
1928 4 16 26 
1801 5 17 26 
1367 6 16 26 
1317 9 13 26 
1303 10 14 26 
1276 11 15 26 
960 12 14 26 
958 13 5 26 
885 13 13 26 
760 14 4 26 
587 15 3 26 
268 15 11 26 
205 16 2 26 
5038 16 10 26 
4938 17 3 26 
4839 17 9 26 
4683 18 4 26 
4538 18 8 26 
4537 19 5 26 
4348 19 7 26 
4034 1 12 26 
3991 2 11 26 
3956 2 13 26 
3711 3 14 26 
3560 4 15 26 
3227 5 16 26 
2664 9 12 26 
2607 10 13 26 
2250 11 14 26 
2186 12 13 26 
2119 13 12 26 
1662 14 5 26 
1636 14 11 26 
1492 15 4 26 
1302 15 10 26 
1260 16 3 26 
1208 16 9 26 
1091 17 4 26 
1053 17 8 26 
804 18 5 26 
634 18 7 26 
532 19 6 26 
524 2 12 26 
435 3 13 26 
27 4 14 26 
5148 5 15 26 
5139 10 12 26 
5023 11 13 26 
4920 12 0 26 
4282 12 12 26 
4029 13 11 26 
3970 14 10 26 
3901 15 5 26 
3659 15 9 26 
3654 16 4 26 
3618 16 8 26 
3592 17 5 26 
3583 17 7 26 
3563 18 6 26 
3355 3 12 26 
3341 4 13 26 
3058 5 14 26 
3052 6 15 26 
2935 8 15 26 
2263 11 0 26 
2161 11 12 26 
2006 12 1 26 
1241 12 11 26 
1237 13 10 26 
378 14 9 26 
306 15 8 26 
231 16 5 26 
225 16 7 26 
169 17 6 26 
4867 3 11 26 
4641 4 12 26 
4589 5 13 26 
4289 6 14 26 
3982 7 15 26 
3837 8 0 26 
2929 8 14 26 
2826 10 0 26 
2718 11 1 26 
2414 11 11 26 
2271 12 2 26 
2041 12 10 26 
1884 13 9 26 
1768 14 8 26 
1618 15 7 26 
1573 16 6 26 
1372 3 10 26 
1144 4 11 26 
1087 5 12 26 
920 6 13 26 
491 7 14 26 
444 8 1 26 
437 8 13 26 
160 9 0 26 
5196 10 1 26 
5072 10 11 26 
5069 11 2 26 
4815 11 10 26 
4634 12 3 26 
4430 12 9 26 
3675 13 8 26 
3623 14 7 26 
3416 15 6 26 
3225 4 10 26 
2795 5 11 26 
2643 6 12 26 
1700 7 13 26 
1227 8 2 26 
1112 8 12 26 
1081 9 1 26 
92 9 11 26 
5135 10 2 26 
5013 10 10 26 
5007 11 3 26 
4944 11 9 26 
4788 12 4 26 
4086 12 8 26 
4071 13 7 26 
3820 14 6 26 
3621 5 10 26 
3422 6 11 26 
3323 7 12 26 
3235 8 3 26 
3146 8 11 26 
2976 9 2 26 
2947 9 10 26 
2688 10 3 26 
2449 10 9 26 
2373 11 4 26 
1409 11 8 26 
1337 12 5 26 
965 12 7 26 
934 13 6 26 
857 6 10 26 
716 7 11 26 
657 8 4 26 
315 8 10 26 
2 9 3 26 
4875 9 9 26 
4763 10 4 26 
4531 10 8 26 
4440 11 5 26 
4435 11 7 26 
4079 12 6 26 
3933 7 10 26 
3534 8 5 26 
3256 8 9 26 
2704 9 4 26 
2440 9 8 26 
2309 10 5 26 
2267 10 7 26 
2121 11 6 26 
2050 7 9 26 
1730 8 8 26 
1398 9 5 26 
1217 9 7 26 
1099 10 6 26 
725 3 0 26 
285 6 9 26 
176 7 0 26 
5231 7 8 26 
4496 8 7 26 
3867 9 6 26 
3575 3 1 26 
3500 4 0 26 
3378 5 9 26 
3312 6 0 26 
3223 6 8 26 
3143 7 1 26 
2999 7 7 26 
2841 8 6 26 
2470 3 2 26 
2332 4 1 26 
2331 4 9 26 
2055 5 0 26 
1689 5 8 26 
1549 6 1 26 
1531 6 7 26 
1473 7 2 26 
862 7 6 26 
799 3 3 26 
737 4 2 26 
632 4 8 26 
5149 5 1 26 
4925 5 7 26 
4593 6 2 26 
4420 6 6 26 
3964 7 3 26 
3938 7 5 26 
3589 4 3 26 
3405 4 7 26 
3067 5 2 26 
3015 5 6 26 
2773 6 3 26 
2411 6 5 26 
1756 7 4 26 
1249 4 6 26 
1096 5 3 26 
786 5 5 26 
429 6 4 26 
69 3 6 26 
5 4 5 26 
4472 5 4 26 
4355 2 6 26 
4270 3 5 26 
3203 4 4 26 
2991 1 6 26 
2560 2 5 26 
1775 3 4 26 
1152 0 6 26 
776 1 5 26 
32 2 4 26 
3574 0 5 26 
3466 1 4 26 
3367 2 3 26 
3362 0 4 26 
2483 1 3 26 
2047 2 2 26 
1924 0 3 26 
1270 1 2 26 
996 2 1 26 
805 0 2 26 
138 1 1 26 
4193 2 0 26 
4015 0 1 26 
3521 1 0 26 
61 0 0 26 
2884 1 1 38 
76 1 2 38 
400 1 3 38 
2673 1 4 38 
872 1 5 39 
2501 2 5 39 
3097 3 5 39 
4257 4 5 40 
561 5 5 40 
1444 6 4 40 
2036 5 2 40 
2131 5 6 40 
4373 6 3 40 
312 6 5 40 
1584 4 2 41 
1724 5 1 40 
2439 5 7 40 
48 6 2 40 
682 6 6 40 
2405 4 1 41 
3321 5 8 41 
4585 6 1 41 
4659 6 7 41 
4798 6 8 41 
4890 7 7 41 
5147 7 8 41 
237 8 7 41 
390 8 8 42 
709 9 7 42 
766 10 6 42 
1989 8 9 42 
2100 9 4 42 
2919 10 5 42 
3222 10 7 42 
3406 11 6 42 
4720 7 11 43 
95 8 10 43 
674 9 3 43 
1370 10 4 42 
1559 11 5 42 
1711 11 7 42 
2053 6 11 43 
2132 7 12 43 
3164 9 2 43 
3518 9 10 43 
4043 10 3 43 
4172 11 4 43 
4314 12 7 43 
4530 5 11 44 
82 6 12 44 
453 7 13 44 
1430 9 1 44 
2054 10 2 43 
2148 10 10 43 
4125 11 3 43 
4724 13 7 43 
5040 4 11 45 
5183 5 12 45 
164 6 13 45 
2198 7 14 45 
2257 10 1 44 
2293 11 2 44 
2871 13 8 44 
2955 14 7 44 
3429 4 12 45 
3858 6 14 45 
4129 11 1 45 
4198 14 8 45 
4258 15 7 45 
4701 12 11 46 
4794 15 8 46 
868 16 7 46 
1209 17 6 46 
3375 3 13 47 
3472 11 13 46 
3620 12 12 46 
4190 15 9 46 
4382 17 5 46 
4599 17 7 46 
5062 15 19 51 
4980 19 19 51 
4966 15 18 51 
4362 16 19 51 
4103 18 19 51 
3927 19 18 51 
3788 15 17 51 
3457 16 18 51 
3420 17 19 51 
3184 18 18 51 
3163 19 17 51 
2844 15 16 51 
2727 16 17 51 
2567 17 18 51 
2402 18 17 51 
2303 19 16 51 
2274 14 14 51 
2175 15 15 51 
2133 16 16 51 
2019 17 17 51 
1962 18 16 51 
1914 19 15 51 
1901 0 19 51 
1739 14 13 51 
1628 14 19 51 
1623 15 14 51 
1578 16 15 51 
1576 17 16 51 
1534 18 15 51 
1415 19 14 51 
1362 0 18 51 
1328 1 19 51 
1305 9 19 51 
1080 13 19 51 
1037 14 12 51 
851 14 18 51 
779 15 13 51 
744 16 14 51 
527 17 15 51 
293 18 14 51 
81 19 13 51 
78 0 7 51 
31 0 17 51 
28 1 18 51 
5125 2 19 51 
4877 8 19 51 
4762 9 18 51 
4741 10 19 51 
4547 12 19 51 
4489 13 0 51 
4074 13 18 51 
3899 14 15 51 
3871 14 17 51 
3678 15 12 51 
3666 16 13 51 
3570 17 14 51 
3535 18 13 51 
3304 19 0 51 
3010 19 12 51 
2903 0 8 51 
2891 0 16 51 
2742 1 7 51 
2475 1 17 51 
2393 2 18 51 
2342 3 7 51 
2192 3 19 51 
2045 7 19 51 
1750 8 18 51 
1692 9 17 51 
1301 10 18 51 
1184 11 19 51 
1168 12 18 51 
948 13 1 51 
755 13 17 51 
189 14 0 51 
186 14 16 51 
73 16 12 51 
5080 17 13 51 
5049 18 0 51 
4989 18 12 51 
4831 19 1 51 
4638 19 11 51 
4507 0 9 51 
3802 0 15 51 
3703 1 8 51 
3641 1 16 51 
3490 2 7 51 
3424 2 17 51 
3201 3 8 51 
3200 3 18 51 
3162 4 19 51 
3154 6 19 51 
3011 7 18 51 
2956 8 17 51 
2778 9 16 51 
2746 10 17 51 
2304 11 18 51 
2299 12 17 51 
2083 13 2 51 
1977 13 16 51 
1952 14 1 51 
1852 15 0 51 
1742 17 0 51 
1685 17 12 51 
1663 18 1 51 
1652 18 11 51 
1630 19 2 51 
1616 19 10 51 
1589 0 10 51 
1378 0 14 51 
1326 1 9 51 
1229 1 15 51 
1125 2 8 51 
1093 2 16 51 
1045 3 9 51 
770 3 17 51 
574 4 18 51 
533 5 19 51 
457 6 18 51 
280 7 17 51 
128 8 16 51 
5221 9 15 51 
5175 10 16 51 
5170 11 17 51 
5111 12 16 51 
5048 13 3 51 
4871 13 15 51 
4644 14 2 51 
4614 15 1 51 
4504 16 0 51 
4369 17 1 51 
4121 17 11 51 
3681 18 2 51 
3557 18 10 51 
3174 19 3 51 
3100 19 9 51 
3068 0 11 51 
2808 0 13 51 
2671 1 10 51 
2652 1 14 51 
2450 2 9 51 
2443 2 15 51 
1813 3 16 51 
1683 4 17 51 
1646 5 18 51 
1447 6 17 51 
1414 7 16 51 
1020 9 14 51 
676 10 15 51 
408 11 16 51 
127 12 15 51 
125 13 4 51 
4860 13 14 51 
4513 14 3 51 
4468 15 2 51 
4371 16 1 51 
4101 16 11 51 
3888 17 2 51 
3568 17 10 51 
3567 18 3 51 
3475 18 9 51 
3377 19 4 51 
2943 19 8 51 
2480 0 12 51 
2166 1 11 51 
1505 1 13 51 
1364 2 10 51 
1289 2 14 51 
1149 3 15 51 
1131 4 16 51 
956 5 17 51 
708 6 16 51 
694 9 13 51 
502 10 14 51 
7 11 15 51 
4861 12 14 51 
4728 13 5 51 
4719 13 13 51 
4246 14 4 51 
3966 15 3 51 
3960 15 11 51 
3819 16 2 51 
3805 16 10 51 
3587 17 3 51 
3508 17 9 51 
3491 18 4 51 
3440 18 8 51 
3418 19 5 51 
3379 19 7 51 
3208 1 12 51 
2904 2 11 51 
2859 2 13 51 
2482 3 14 51 
2200 4 15 51 
2136 5 16 51 
1949 9 12 51 
1849 10 13 51 
1822 11 14 51 
1784 12 13 51 
1349 13 12 51 
1218 14 5 51 
1127 14 11 51 
869 15 4 51 
589 15 10 51 
110 16 3 51 
70 16 9 51 
5097 17 4 51 
4825 17 8 51 
4758 18 5 51 
4749 18 7 51 
4398 19 6 51 
4390 2 12 51 
4179 3 13 51 
4118 4 14 51 
3913 5 15 51 
3633 10 12 51 
3199 11 13 51 
3121 12 0 51 
3080 12 12 51 
2974 13 11 51 
2921 14 10 51 
2820 15 5 51 
2566 15 9 51 
2513 16 4 51 
2245 16 8 51 
1938 17 5 51 
1699 17 7 51 
1173 18 6 51 
548 3 12 51 
116 4 13 51 
5052 5 14 51 
5031 6 15 51 
5024 8 15 51 
4928 11 0 51 
4879 11 12 51 
4866 12 1 51 
4655 12 11 51 
4425 13 10 51 
4366 14 9 51 
4269 15 8 51 
4205 16 5 51 
4151 16 7 51 
4024 17 6 51 
3762 3 11 51 
3018 4 12 51 
2971 5 13 51 
2834 6 14 51 
2526 7 15 51 
2504 8 0 51 
2361 8 14 51 
2344 10 0 51 
2154 11 1 51 
2037 11 11 51 
1970 12 2 51 
1888 12 10 51 
1851 13 9 51 
1263 14 8 51 
1247 15 7 51 
884 16 6 51 
549 3 10 51 
239 4 11 51 
79 5 12 51 
5156 6 13 51 
4835 7 14 51 
4782 8 1 51 
4138 8 13 51 
4137 9 0 51 
4012 10 1 51 
3879 10 11 51 
3823 11 2 51 
3760 11 10 51 
3455 12 3 51 
3287 12 9 51 
3056 13 8 51 
2838 14 7 51 
2358 15 6 51 
2272 4 10 51 
1560 5 11 51 
1436 6 12 51 
1412 7 13 51 
1321 8 2 51 
930 8 12 51 
318 9 1 51 
155 9 11 51 
89 10 2 51 
5011 10 10 51 
4899 11 3 51 
4805 11 9 51 
4738 12 4 51 
4621 12 8 51 
4612 13 7 51 
4605 14 6 51 
3995 5 10 51 
3731 6 11 51 
3602 7 12 51 
3373 8 3 51 
2931 8 11 51 
2760 9 2 51 
2561 9 10 51 
2418 10 3 51 
2339 10 9 51 
2327 11 4 51 
2223 11 8 51 
1743 12 5 51 
796 12 7 51 
753 13 6 51 
124 6 10 51 
5220 7 11 51 
4808 8 4 51 
4795 8 10 51 
4780 9 3 51 
4295 9 9 51 
4267 10 4 51 
3452 10 8 51 
3002 11 5 51 
2757 11 7 51 
2694 12 6 51 
2430 7 10 51 
1942 8 5 51 
1887 8 9 51 
1834 9 4 51 
1092 9 8 51 
971 10 5 51 
357 10 7 51 
4239 11 6 51 
4068 7 9 51 
4001 8 8 51 
3776 9 5 51 
3642 9 7 51 
3571 10 6 51 
3215 3 0 51 
2885 6 9 51 
2117 7 0 51 
1925 7 8 51 
1789 8 7 51 
1641 9 6 51 
685 3 1 51 
301 4 0 51 
4891 5 9 51 
4642 6 0 51 
4271 6 8 51 
4096 7 1 51 
3895 7 7 51 
3833 8 6 51 
3754 3 2 51 
3746 4 1 51 
3572 4 9 51 
3477 5 0 51 
3124 5 8 51 
2696 6 1 51 
2659 6 7 51 
1936 7 2 51 
1877 7 6 51 
1627 3 3 51 
1139 4 2 51 
1107 4 8 51 
974 5 1 51 
193 5 7 51 
3874 6 2 51 
3650 6 6 51 
3550 7 3 51 
3358 7 5 51 
3303 4 3 51 
3216 4 7 51 
3145 5 2 51 
2860 5 6 51 
2390 6 3 51 
1922 6 5 51 
932 7 4 51 
445 4 6 51 
5020 5 3 51 
4785 5 5 51 
4736 6 4 51 
4689 3 6 51 
4545 4 5 51 
4213 5 4 51 
4148 2 6 51 
3698 3 5 51 
3610 4 4 51 
3233 1 6 51 
1501 2 5 51 
1066 3 4 51 
895 0 6 51 
633 1 5 51 
5214 2 4 51 
4759 0 5 51 
4188 1 4 51 
4119 2 3 51 
3720 0 4 51 
3029 1 3 51 
1764 2 2 51 
1555 0 3 51 
1446 1 2 51 
556 2 1 51 
338 0 2 51 
5200 1 1 51 
3597 2 0 51 
2898 0 1 51 
2484 1 0 51 
2106 0 0 51 
112 1 1 62 
855 1 2 63 
3710 1 3 63 
1210 1 4 63 
4775 1 5 64 
11 2 5 64 
1741 3 5 64 
1541 4 5 64 
1733 5 5 64 
2856 6 4 64 
2900 5 2 65 
4317 5 6 65 
5073 6 3 65 
347 6 5 65 
562 4 2 66 
2707 5 1 66 
4870 5 7 66 
4977 6 2 65 
401 6 6 65 
734 4 1 66 
1004 5 8 66 
1932 6 1 66 
2026 6 7 66 
2378 6 8 66 
2769 7 7 66 
2807 7 8 67 
45 8 7 67 
571 8 8 67 
3565 9 7 67 
4224 10 6 67 
1639 8 9 68 
1979 9 4 68 
3193 10 5 68 
3696 10 7 68 
3883 11 6 67 
4517 7 11 68 
4583 8 10 68 
6 9 3 68 
161 10 4 68 
416 11 5 68 
837 11 7 68 
889 6 11 69 
1115 7 12 69 
1777 9 2 69 
2167 9 10 69 
3463 10 3 69 
4418 11 4 69 
4506 12 7 69 
4819 5 11 70 
105 6 12 70 
1186 7 13 70 
2887 9 1 70 
1533 10 2 70 
1606 10 10 69 
1717 11 3 69 
1816 13 7 69 
2786 4 11 71 
2979 5 12 71 
3077 6 13 70 
3767 7 14 70 
4159 10 1 70 
4335 11 2 70 
5236 15 19 76 
5010 19 19 76 
4792 15 18 76 
4733 16 19 76 
4054 18 19 76 
3825 19 18 76 
3660 15 17 76 
3505 16 18 76 
3383 17 19 76 
3300 18 18 76 
3234 19 17 76 
2982 15 16 76 
2658 16 17 76 
2646 17 18 76 
2603 18 17 76 
2491 19 16 76 
2404 14 14 76 
2315 15 15 76 
2185 16 16 76 
2023 17 17 76 
1902 18 16 76 
1830 19 15 76 
1779 0 19 76 
1622 14 13 76 
1530 14 19 76 
1322 15 14 76 
1132 16 15 76 
1079 17 16 76 
1070 18 15 76 
1010 19 14 76 
964 0 18 76 
923 1 19 76 
846 9 19 76 
798 13 19 76 
794 14 12 76 
741 14 18 76 
345 15 13 76 
292 16 14 76 
5237 17 15 76 
5018 18 14 76 
4896 19 13 76 
4725 0 7 76 
4600 0 17 76 
4457 1 18 76 
4407 2 19 76 
4313 8 19 76 
3807 9 18 76 
3800 10 19 76 
3750 12 19 76 
3744 13 0 76 
3430 13 18 76 
3127 14 15 76 
3065 14 17 76 
2811 15 12 76 
2789 16 13 76 
2744 17 14 76 
2657 18 13 76 
2602 19 0 76 
2552 19 12 76 
2195 0 8 76 
2095 0 16 76 
1853 1 7 76 
1815 1 17 76 
1745 2 18 76 
1557 3 7 76 
1393 3 19 76 
1219 7 19 76 
1212 8 18 76 
1030 9 17 76 
907 10 18 76 
745 11 19 76 
597 12 18 76 
555 13 1 76 
364 13 17 76 
5227 14 0 76 
5037 14 16 76 
4820 16 12 76 
4751 17 13 76 
4715 18 0 76 
4613 18 12 76 
4574 19 1 76 
4222 19 11 76 
4192 0 9 76 
3988 0 15 76 
3510 1 8 76 
3444 1 16 76 
3228 2 7 76 
3169 2 17 76 
3128 3 8 76 
2698 3 18 76 
2409 4 19 76 
2208 6 19 76 
2084 7 18 76 
2010 8 17 76 
1307 9 16 76 
1014 10 17 76 
801 11 18 76 
769 12 17 76 
275 13 2 76 
5192 13 16 76 
5176 14 1 76 
5039 15 0 76 
4975 17 0 76 
4595 17 12 76 
4463 18 1 76 
4296 18 11 76 
3965 19 2 76 
3936 19 10 76 
3684 0 10 76 
2663 0 14 76 
2648 1 9 76 
2150 1 15 76 
1485 2 8 76 
1431 2 16 76 
1406 3 9 76 
1397 3 17 76 
1387 4 18 76 
1313 5 19 76 
910 6 18 76 
756 7 17 76 
560 8 16 76 
456 9 15 76 
223 10 16 76 
180 11 17 76 
5144 12 16 76 
5075 13 3 76 
4974 13 15 76 
4853 14 2 76 
4756 15 1 76 
4646 16 0 76 
4632 17 1 76 
4588 17 11 76 
4559 18 2 76 
4243 18 10 76 
4003 19 3 76 
3979 19 9 76 
3962 0 11 76 
3661 0 13 76 
3480 1 10 76 
3400 1 14 76 
3125 2 9 76 
2828 2 15 76 
2581 3 16 76 
2319 4 17 76 
2295 5 18 76 
2229 6 17 76 
1971 7 16 76 
1881 9 14 76 
1798 10 15 76 
1612 11 16 76 
1585 12 15 76 
1579 13 4 76 
1522 13 14 76 
845 14 3 76 
732 15 2 76 
296 16 1 76 
132 16 11 76 
57 17 2 76 
5096 17 10 76 
4483 18 3 76 
4424 18 9 76 
4374 19 4 76 
3944 19 8 76 
3613 0 12 76 
3530 1 11 76 
3413 1 13 76 
2983 2 10 76 
2936 2 14 76 
2734 3 15 76 
2574 4 16 76 
2323 5 17 76 
2048 6 16 76 
1984 9 13 76 
1679 10 14 76 
1617 11 15 76 
1119 12 14 76 
687 13 5 76 
584 13 13 76 
470 14 4 76 
22 15 3 76 
5032 15 11 76 
4912 16 2 76 
4769 16 10 76 
4672 17 3 76 
4582 17 9 76 
4481 18 4 76 
4461 18 8 76 
4456 19 5 76 
4411 19 7 76 
3976 1 12 76 
3872 2 11 76 
3846 2 13 76 
3686 3 14 76 
3685 4 15 76 
3209 5 16 76 
3180 9 12 76 
3179 10 13 76 
2888 11 14 76 
2260 12 13 76 
2171 13 12 76 
2160 14 5 76 
1821 14 11 76 
1656 15 4 76 
1620 15 10 76 
1600 16 3 76 
1472 16 9 76 
1261 17 4 76 
986 17 8 76 
902 18 5 76 
635 18 7 76 
539 19 6 76 
115 2 12 76 
60 3 13 76 
4664 4 14 76 
4647 5 15 76 
4619 10 12 76 
4229 11 13 76 
3973 12 0 76 
3595 12 12 76 
3527 13 11 76 
3090 14 10 76 
3074 15 5 76 
2948 15 9 76 
2298 16 4 76 
1613 16 8 76 
1572 17 5 76 
1377 17 7 76 
1309 18 6 76 
1235 3 12 76 
748 4 13 76 
721 5 14 76 
542 6 15 76 
515 8 15 76 
388 11 0 76 
203 11 12 76 
102 12 1 76 
5190 12 11 76 
4822 13 10 76 
4580 14 9 76 
4495 15 8 76 
4488 16 5 76 
4380 16 7 76 
4327 17 6 76 
4168 3 11 76 
3952 4 12 76 
3922 5 13 76 
3780 6 14 76 
3714 7 15 76 
3649 8 0 76 
3634 8 14 76 
3553 10 0 76 
3442 11 1 76 
3320 11 11 76 
3196 12 2 76 
2460 12 10 76 
2356 13 9 76 
2294 14 8 76 
1948 15 7 76 
1802 16 6 76 
1582 3 10 76 
1516 4 11 76 
1369 5 12 76 
1232 6 13 76 
912 7 14 76 
724 8 1 76 
646 8 13 76 
563 9 0 76 
538 10 1 76 
396 10 11 76 
142 11 2 76 
4924 11 10 76 
4806 12 3 76 
4739 12 9 76 
4325 13 8 76 
4217 14 7 76 
4215 15 6 76 
3545 4 10 76 
3181 5 11 76 
3138 6 12 76 
3079 7 13 76 
2950 8 2 76 
2934 8 12 76 
2660 9 1 76 
1934 9 11 76 
1614 10 2 76 
1546 10 10 76 
1507 11 3 76 
1312 11 9 76 
1281 12 4 76 
1104 12 8 76 
1044 13 7 76 
773 14 6 76 
693 5 10 76 
382 6 11 76 
251 7 12 76 
4768 8 3 76 
4584 8 11 76 
4167 9 2 76 
4022 9 10 76 
3984 10 3 76 
3885 10 9 76 
3628 11 4 76 
3569 11 8 76 
3294 12 5 76 
3261 12 7 76 
3214 13 6 76 
3155 6 10 76 
2975 7 11 76 
2954 8 4 76 
2939 8 10 76 
2529 9 3 76 
2392 9 9 76 
2350 10 4 76 
2336 10 8 76 
2178 11 5 76 
1894 11 7 76 
1483 12 6 76 
1356 7 10 76 
1155 8 5 76 
864 8 9 76 
666 9 4 76 
372 9 8 76 
149 10 5 76 
4280 10 7 76 
3680 11 6 76 
2949 7 9 76 
2495 8 8 76 
1357 9 5 76 
1193 9 7 76 
1122 10 6 76 
1058 3 0 76 
937 6 9 76 
823 7 0 76 
582 7 8 76 
387 8 7 76 
348 9 6 76 
228 3 1 76 
222 4 0 76 
50 5 9 76 
26 6 0 76 
5115 6 8 76 
4953 7 1 76 
4846 7 7 76 
4727 8 6 76 
4161 3 2 76 
4049 4 1 76 
2799 4 9 76 
2780 5 0 76 
2455 5 8 76 
2365 6 1 76 
2093 6 7 76 
1927 7 2 76 
1707 7 6 76 
1423 3 3 76 
1383 4 2 76 
1226 4 8 76 
1103 5 1 76 
706 5 7 76 
5201 6 2 76 
4959 6 6 76 
4950 7 3 76 
4571 7 5 76 
4169 4 3 76 
3869 4 7 76 
3756 5 2 76 
3360 5 6 76 
3006 6 3 76 
2481 6 5 76 
2248 7 4 76 
2140 4 6 76 
1657 5 3 76 
1645 5 5 76 
1242 6 4 76 
486 3 6 76 
477 4 5 76 
440 5 4 76 
194 2 6 76 
4731 3 5 76 
4604 4 4 76 
4514 1 6 76 
4343 2 5 76 
3437 3 4 76 
3059 0 6 76 
1829 1 5 76 
1296 2 4 76 
1178 0 5 76 
1108 1 4 76 
714 2 3 76 
473 0 4 76 
2601 1 3 76 
3999 2 2 76 
3392 0 3 76 
3314 1 2 76 
3267 2 1 76 
3264 0 2 76 
2619 1 1 76 
2352 2 0 76 
2123 0 1 76 
1238 1 0 76 
1021 0 0 76 
4182 1 1 87 
139 1 2 87 
746 1 3 88 
3282 1 4 89 
4556 1 5 89 
4550 2 5 89 
5104 3 5 89 
5185 4 5 90 
629 5 5 90 
704 6 4 90 
2689 5 2 90 
4784 5 6 90 
742 6 3 90 
1065 6 5 90 
1288 4 2 91 
2009 5 1 91 
2172 5 7 91 
2528 6 2 90 
2544 6 6 90 
4 4 1 91 
313 5 8 91 
501 6 1 91 
1825 6 7 91 
2846 6 8 91 
3061 7 7 91 
4032 7 8 92 
281 8 7 92 
874 8 8 92 
1256 9 7 92 
2013 10 6 92 
700 8 9 93 
834 9 4 93 
1177 10 5 93 
2519 10 7 92 
3937 11 6 92 
4367 7 11 93 
4405 8 10 93 
607 9 3 93 
731 10 4 93 
940 11 5 93 
1245 11 7 93 
1299 6 11 94 
1991 7 12 94 
2476 9 2 93 
2573 9 10 93 
3612 10 3 93 
3732 11 4 93 
4262 12 7 93 
4565 5 11 94 
4829 6 12 94 
200 7 13 94 
256 9 1 94 
375 10 2 94 
797 10 10 94 
1673 11 3 94 
2252 13 7 94 
2380 4 11 95 
3489 5 12 95 
4290 6 13 95 
4482 7 14 95 
4755 10 1 95 
4979 11 2 95 
5089 13 8 94 
323 14 7 94 
695 4 12 95 
911 6 14 95 
1947 11 1 95 
2951 14 8 95 
4248 15 7 95 
4675 12 11 95 
