1876
3089 0 19 1 
3049 0 18 1 
3044 1 19 1 
2818 0 17 1 
2680 1 18 1 
2453 2 19 1 
2436 0 16 1 
2411 1 17 1 
2383 2 18 1 
2296 3 19 1 
2195 19 19 1 
2181 0 15 1 
2077 1 16 1 
1446 2 17 1 
1372 3 18 1 
1281 4 19 1 
1244 18 19 1 
1041 19 18 1 
950 0 14 1 
751 1 15 1 
634 2 16 1 
456 3 17 1 
360 4 18 1 
300 5 19 1 
100 17 19 1 
3529 18 18 1 
3498 19 17 1 
3285 0 13 1 
3223 1 14 1 
3181 2 15 1 
3043 3 16 1 
2991 4 17 1 
2942 5 18 1 
2937 6 19 1 
2899 16 19 1 
2843 17 18 1 
2400 18 17 1 
2372 19 16 1 
2354 0 12 1 
2205 1 13 1 
2091 2 14 1 
1968 3 15 1 
1965 4 16 1 
1949 5 17 1 
1814 6 18 1 
1756 7 19 1 
1637 15 19 1 
1527 16 18 1 
1324 17 17 1 
1284 18 16 1 
1233 19 15 1 
1076 0 11 1 
1073 1 12 1 
987 2 13 1 
968 3 14 1 
880 4 15 1 
642 5 16 1 
629 6 17 1 
560 7 18 1 
494 8 19 1 
3448 14 19 1 
3435 15 18 1 
3276 16 17 1 
3243 17 16 1 
3210 18 15 1 
3131 19 14 1 
2926 0 0 1 
2798 0 10 1 
2747 1 11 1 
2631 2 12 1 
2410 3 13 1 
2290 4 14 1 
2125 5 15 1 
2122 6 16 1 
2092 7 17 1 
2015 8 18 1 
2005 9 19 1 
1820 13 19 1 
1794 14 18 1 
1651 15 17 1 
1406 16 16 1 
1068 17 15 1 
1066 18 14 1 
1021 19 13 1 
991 0 1 1 
904 0 9 1 
582 1 0 1 
474 1 10 1 
363 2 11 1 
86 3 12 1 
3626 4 13 1 
3390 5 14 1 
3319 6 15 1 
3313 7 16 1 
2976 8 17 1 
2913 9 18 1 
2753 10 19 1 
2726 12 19 1 
2451 13 18 1 
2135 14 17 1 
2087 15 16 1 
2038 16 15 1 
1763 17 14 1 
1725 18 13 1 
1440 19 12 1 
1218 0 2 1 
1012 0 6 1 
998 0 8 1 
901 1 1 1 
800 1 9 1 
562 2 0 1 
559 2 10 1 
103 3 11 1 
45 4 12 1 
3599 5 13 1 
3469 6 14 1 
3415 7 15 1 
3180 8 16 1 
3015 9 17 1 
2912 10 18 1 
2830 11 19 1 
2771 12 18 1 
2743 13 17 1 
2621 14 16 1 
2617 15 15 1 
2609 16 14 1 
2422 17 13 1 
2338 18 12 1 
2217 19 11 1 
2191 0 3 1 
1903 0 7 1 
1735 1 2 1 
1670 1 6 1 
1644 1 8 1 
1634 2 1 1 
1611 2 9 1 
1254 3 0 1 
1227 3 10 1 
1222 4 11 1 
1207 5 12 1 
1114 6 13 1 
1088 7 14 1 
852 8 15 1 
832 9 16 1 
480 10 17 1 
390 11 18 1 
376 12 17 1 
251 13 16 1 
3528 14 15 1 
3444 15 14 1 
3394 16 13 1 
3370 17 12 1 
2483 18 11 1 
2247 19 10 1 
1971 0 4 1 
1956 1 3 1 
1940 1 7 1 
1840 2 2 1 
1278 2 6 1 
1272 2 8 1 
1183 3 1 1 
1111 3 9 1 
1083 4 0 1 
802 4 10 1 
730 5 11 1 
565 6 12 1 
512 7 13 1 
375 8 14 1 
356 9 15 1 
266 10 16 1 
242 11 17 1 
168 12 16 1 
43 13 15 1 
3350 14 14 1 
3273 15 13 1 
3201 16 12 1 
2221 17 11 1 
2069 18 10 1 
1879 19 9 1 
1662 0 5 1 
1629 1 4 1 
1519 2 3 1 
1509 2 7 1 
1312 3 2 1 
1245 3 6 1 
1223 3 8 1 
1141 4 1 1 
1135 4 9 1 
1051 5 0 1 
1009 5 10 1 
879 6 11 1 
310 7 12 1 
3 8 13 1 
3491 9 14 1 
2697 10 15 1 
2529 11 16 1 
2501 12 15 1 
2430 13 14 1 
2352 14 13 1 
2321 15 12 1 
2263 16 11 1 
1920 17 10 1 
1900 18 9 1 
1811 19 8 1 
1789 1 5 1 
1780 2 4 1 
1716 3 3 1 
1409 3 7 1 
1259 4 2 1 
1182 4 6 1 
873 4 8 1 
722 5 1 1 
481 5 9 1 
302 6 0 1 
276 6 10 1 
264 7 11 1 
252 8 12 1 
249 9 13 1 
57 10 14 1 
22 11 15 1 
3587 12 14 1 
3518 13 13 1 
3357 14 12 1 
3334 15 11 1 
3318 16 10 1 
3244 17 9 1 
3216 18 8 1 
3155 19 7 1 
2955 2 5 1 
2911 3 4 1 
2674 4 3 1 
2606 4 7 1 
2533 5 2 1 
2460 5 6 1 
2437 5 8 1 
2188 6 1 1 
2163 6 9 1 
2086 7 0 1 
1922 7 10 1 
1912 8 11 1 
1835 9 12 1 
1564 10 13 1 
1541 11 14 1 
1483 12 13 1 
1188 13 12 1 
1163 14 11 1 
1120 15 10 1 
1093 16 9 1 
865 17 8 1 
745 18 7 1 
667 19 6 1 
161 3 5 1 
135 4 4 1 
3577 5 3 1 
3567 5 7 1 
3493 6 2 1 
3438 6 6 1 
3422 6 8 1 
3196 7 1 1 
2978 7 9 1 
2966 8 0 1 
2877 8 10 1 
2722 9 11 1 
2638 10 12 1 
2591 11 13 1 
2385 12 12 1 
2361 13 11 1 
2332 14 10 1 
2146 15 9 1 
1996 16 8 1 
1980 17 7 1 
1770 18 6 1 
1752 19 5 1 
1665 4 5 1 
1576 5 4 1 
1507 6 3 1 
1396 6 7 1 
1355 7 2 1 
1316 7 8 1 
836 8 1 1 
233 8 9 1 
3483 9 10 1 
3464 10 11 1 
3418 11 12 1 
3409 12 11 1 
3253 13 10 1 
3212 14 9 1 
3207 15 8 1 
2993 16 7 1 
2929 17 6 1 
2821 18 5 1 
2531 19 4 1 
2399 5 5 1 
2274 6 4 1 
1911 7 3 1 
1877 7 7 1 
1598 8 2 1 
1511 8 8 1 
1475 9 9 1 
1327 10 10 1 
1269 11 11 1 
1061 12 10 1 
976 13 9 1 
859 14 8 1 
752 15 7 1 
743 16 6 1 
443 17 5 1 
396 18 4 1 
219 19 3 1 
3639 6 5 1 
3371 7 4 1 
3293 7 6 1 
2715 8 3 1 
2566 8 7 1 
2466 9 8 1 
2230 10 9 1 
2228 11 10 1 
2044 12 9 1 
1977 13 8 1 
1963 14 7 1 
1934 15 6 1 
1923 16 5 1 
1781 17 4 1 
1679 18 3 1 
1535 19 2 1 
1447 7 5 1 
1431 8 4 1 
1423 8 6 1 
824 9 7 1 
814 10 8 1 
759 11 9 1 
457 12 8 1 
389 13 7 1 
241 14 6 1 
3255 15 5 1 
3142 16 4 1 
3055 17 3 1 
2901 18 2 1 
2813 19 1 1 
2391 8 5 1 
1744 9 6 1 
1658 10 7 1 
1251 11 8 1 
1145 12 7 1 
1086 13 6 1 
740 14 5 1 
479 15 4 1 
459 16 3 1 
127 17 2 1 
3326 18 1 1 
3217 19 0 1 
2952 9 5 1 
2949 10 6 1 
2202 11 7 1 
2150 12 6 1 
1938 13 5 1 
1799 14 4 1 
1795 15 3 1 
3490 16 2 1 
3466 17 1 1 
3231 18 0 1 
2710 9 4 1 
2363 10 5 1 
2151 11 6 1 
2112 12 5 1 
2102 13 4 1 
1616 14 3 1 
1498 15 2 1 
1219 16 1 1 
3597 17 0 1 
3588 9 3 1 
3543 10 4 1 
2820 11 5 1 
2663 12 4 1 
2343 13 3 1 
2043 14 2 1 
1836 15 1 1 
1761 16 0 1 
1153 9 2 1 
1022 10 3 1 
609 11 4 1 
594 12 3 1 
75 13 2 1 
3339 14 1 1 
3170 15 0 1 
2394 9 1 1 
2090 10 2 1 
1987 11 3 1 
1322 12 2 1 
827 13 1 1 
784 14 0 1 
416 9 0 1 
3162 10 1 1 
2755 11 2 1 
2567 12 1 1 
1738 13 0 1 
1253 10 0 1 
2649 11 1 1 
1792 12 0 1 
1639 11 0 1 
61 11 1 10 
1886 10 1 11 
787 11 2 11 
805 12 1 11 
975 10 2 12 
3021 11 3 12 
158 12 2 12 
525 13 1 12 
2103 10 3 13 
3303 11 4 13 
3421 12 3 13 
3484 13 2 13 
707 14 1 12 
768 10 4 13 
943 11 5 13 
1607 12 4 13 
136 14 2 13 
176 15 1 13 
602 10 5 14 
1170 12 5 14 
1462 15 2 14 
1891 16 1 14 
2635 10 6 15 
358 15 3 15 
527 16 2 14 
1235 17 1 14 
3344 9 6 16 
346 10 7 16 
1033 15 4 16 
106 16 3 16 
125 17 2 16 
175 18 1 15 
1077 8 6 17 
1713 9 7 17 
2550 10 8 17 
3158 13 7 17 
3618 16 4 16 
3635 17 3 16 
655 18 2 16 
798 7 4 17 
1304 8 7 17 
1850 9 8 17 
1950 14 7 17 
2450 17 4 17 
2677 18 3 17 
2750 6 4 18 
2775 7 3 18 
3288 8 8 18 
3461 9 9 18 
3499 12 10 18 
482 15 7 18 
913 18 4 18 
1391 5 4 19 
1652 6 3 19 
1691 7 2 19 
1765 7 8 19 
2712 8 9 19 
121 11 12 18 
1132 12 11 18 
1274 15 8 18 
1469 16 7 18 
2095 4 4 20 
2331 5 3 19 
2355 5 7 19 
2536 6 2 19 
2623 6 8 19 
2653 7 1 19 
3325 7 9 19 
720 10 12 19 
1159 11 13 19 
1288 12 12 19 
1615 15 9 19 
1694 16 8 19 
3251 17 7 19 
3525 3 4 20 
3586 0 19 26 
3583 0 18 26 
3566 1 19 26 
3549 0 17 26 
3408 1 18 26 
3383 2 19 26 
3290 0 16 26 
3266 1 17 26 
3099 2 18 26 
2760 3 19 26 
2739 19 19 26 
2738 0 15 26 
2588 1 16 26 
2587 2 17 26 
2457 3 18 26 
2322 4 19 26 
2204 18 19 26 
2183 19 18 26 
2041 0 14 26 
1807 1 15 26 
1686 2 16 26 
1650 3 17 26 
1580 4 18 26 
1350 5 19 26 
763 17 19 26 
606 18 18 26 
243 19 17 26 
165 0 13 26 
124 1 14 26 
71 2 15 26 
3609 3 16 26 
3575 4 17 26 
3445 5 18 26 
3420 6 19 26 
3376 16 19 26 
3306 17 18 26 
3192 18 17 26 
3174 19 16 26 
3005 0 12 26 
2932 1 13 26 
2862 2 14 26 
2766 3 15 26 
2735 4 16 26 
2659 5 17 26 
2592 6 18 26 
2318 7 19 26 
2289 15 19 26 
1939 16 18 26 
1918 17 17 26 
1896 18 16 26 
1813 19 15 26 
1769 0 11 26 
1669 1 12 26 
1609 2 13 26 
1569 3 14 26 
1225 4 15 26 
1124 5 16 26 
769 6 17 26 
733 7 18 26 
686 8 19 26 
253 14 19 26 
182 15 18 26 
3594 16 17 26 
3552 17 16 26 
3479 18 15 26 
3385 19 14 26 
3352 0 0 26 
3095 0 10 26 
3040 1 11 26 
3025 2 12 26 
2903 3 13 26 
2895 4 14 26 
2889 5 15 26 
2812 6 16 26 
2768 7 17 26 
2699 8 18 26 
2690 9 19 26 
2671 13 19 26 
2452 14 18 26 
2063 15 17 26 
1946 16 16 26 
1863 17 15 26 
1845 18 14 26 
1838 19 13 26 
1751 0 1 26 
1556 0 9 26 
1503 1 0 26 
1341 1 10 26 
1263 2 11 26 
1241 3 12 26 
1175 4 13 26 
1158 5 14 26 
1152 6 15 26 
1129 7 16 26 
1085 8 17 26 
1036 9 18 26 
942 10 19 26 
668 12 19 26 
663 13 18 26 
624 14 17 26 
597 15 16 26 
573 16 15 26 
325 17 14 26 
179 18 13 26 
164 19 12 26 
3494 0 2 26 
3419 0 6 26 
3281 0 8 26 
3225 1 1 26 
3182 1 9 26 
2980 2 0 26 
2928 2 10 26 
2543 3 11 26 
2449 4 12 26 
2160 5 13 26 
2158 6 14 26 
2117 7 15 26 
2033 8 16 26 
2016 9 17 26 
1747 10 18 26 
1707 11 19 26 
1386 12 18 26 
1167 13 17 26 
935 14 16 26 
705 15 15 26 
452 16 14 26 
379 17 13 26 
367 18 12 26 
332 19 11 26 
294 0 3 26 
288 0 7 26 
6 1 2 26 
3403 1 6 26 
3392 1 8 26 
3059 2 1 26 
2404 2 9 26 
2226 3 0 26 
1873 3 10 26 
1429 4 11 26 
1348 5 12 26 
1064 6 13 26 
1032 7 14 26 
937 8 15 26 
911 9 16 26 
892 10 17 26 
851 11 18 26 
782 12 17 26 
762 13 16 26 
645 14 15 26 
610 15 14 26 
552 16 13 26 
142 17 12 26 
3519 18 11 26 
3028 19 10 26 
2998 0 4 26 
2871 1 3 26 
2464 1 7 26 
2435 2 2 26 
2421 2 6 26 
2370 2 8 26 
1906 3 1 26 
1837 3 9 26 
1606 4 0 26 
1510 4 10 26 
1430 5 11 26 
1249 6 12 26 
1139 7 13 26 
916 8 14 26 
731 9 15 26 
718 10 16 26 
664 11 17 26 
372 12 16 26 
312 13 15 26 
229 14 14 26 
3413 15 13 26 
3289 16 12 26 
3132 17 11 26 
3019 18 10 26 
2825 19 9 26 
1978 0 5 26 
1954 1 4 26 
1872 2 3 26 
1810 2 7 26 
1766 3 2 26 
1709 3 6 26 
1596 3 8 26 
1532 4 1 26 
1457 4 9 26 
951 5 0 26 
683 5 10 26 
499 6 11 26 
410 7 12 26 
132 8 13 26 
3558 9 14 26 
3534 10 15 26 
3531 11 16 26 
3506 12 15 26 
3264 13 14 26 
2985 14 13 26 
2979 15 12 26 
2973 16 11 26 
2622 17 10 26 
2620 18 9 26 
2468 19 8 26 
2397 1 5 26 
2375 2 4 26 
2339 3 3 26 
2298 3 7 26 
2297 4 2 26 
2164 4 6 26 
2067 4 8 26 
1753 5 1 26 
1463 5 9 26 
1418 6 0 26 
1030 6 10 26 
994 7 11 26 
946 8 12 26 
934 9 13 26 
907 10 14 26 
905 11 15 26 
658 12 14 26 
371 13 13 26 
3462 14 12 26 
3449 15 11 26 
3351 16 10 26 
3178 17 9 26 
2990 18 8 26 
2931 19 7 26 
2840 2 5 26 
2767 3 4 26 
2340 4 3 26 
2337 4 7 26 
2334 5 2 26 
2078 5 6 26 
2027 5 8 26 
1270 6 1 26 
1147 6 9 26 
1087 7 0 26 
871 7 10 26 
793 8 11 26 
744 9 12 26 
630 10 13 26 
564 11 14 26 
281 12 13 26 
234 13 12 26 
3465 14 11 26 
3399 15 10 26 
3282 16 9 26 
3140 17 8 26 
3008 18 7 26 
2959 19 6 26 
2861 3 5 26 
2762 4 4 26 
2656 5 3 26 
2461 5 7 26 
2035 6 2 26 
1969 6 6 26 
1421 6 8 26 
780 7 1 26 
318 7 9 26 
290 8 0 26 
215 8 10 26 
3527 9 11 26 
3437 10 12 26 
3341 11 13 26 
3233 12 12 26 
3150 13 11 26 
3102 14 10 26 
2886 15 9 26 
2852 16 8 26 
2711 17 7 26 
2528 18 6 26 
2485 19 5 26 
2121 4 5 26 
1997 5 4 26 
1750 6 3 26 
1520 6 7 26 
1108 7 2 26 
979 7 8 26 
965 8 1 26 
884 8 9 26 
677 9 10 26 
584 10 11 26 
424 11 12 26 
373 12 11 26 
139 13 10 26 
113 14 9 26 
96 15 8 26 
15 16 7 26 
3605 17 6 26 
3570 18 5 26 
3537 19 4 26 
3398 5 5 26 
3197 6 4 26 
3156 7 3 26 
2838 7 7 26 
2347 8 2 26 
2225 8 8 26 
2201 9 9 26 
2106 10 10 26 
1718 11 11 26 
1704 12 10 26 
1563 13 9 26 
1526 14 8 26 
1477 15 7 26 
1112 16 6 26 
1042 17 5 26 
323 18 4 26 
256 19 3 26 
3463 6 5 26 
3458 7 4 26 
3185 7 6 26 
3134 8 3 26 
2758 8 7 26 
2654 9 8 26 
2645 10 9 26 
2398 11 10 26 
2386 12 9 26 
2159 13 8 26 
2148 14 7 26 
2130 15 6 26 
2004 16 5 26 
1797 17 4 26 
1762 18 3 26 
1537 19 2 26 
1365 7 5 26 
890 8 4 26 
840 8 6 26 
641 9 7 26 
588 10 8 26 
3619 11 9 26 
3475 12 8 26 
3228 13 7 26 
3048 14 6 26 
2995 15 5 26 
2845 16 4 26 
2789 17 3 26 
2703 18 2 26 
2648 19 1 26 
2509 8 5 26 
1684 9 6 26 
1523 10 7 26 
1370 11 8 26 
1347 12 7 26 
1315 13 6 26 
1293 14 5 26 
902 15 4 26 
789 16 3 26 
723 17 2 26 
541 18 1 26 
503 19 0 26 
232 9 5 26 
114 10 6 26 
3628 11 7 26 
3373 12 6 26 
3006 13 5 26 
2879 14 4 26 
2696 15 3 26 
2387 16 2 26 
2114 17 1 26 
2014 18 0 26 
1695 9 4 26 
1578 10 5 26 
1286 11 6 26 
779 12 5 26 
593 13 4 26 
473 14 3 26 
11 15 2 26 
3482 16 1 26 
2644 17 0 26 
2642 9 3 26 
2490 10 4 26 
2093 11 5 26 
1720 12 4 26 
1362 13 3 26 
929 14 2 26 
847 15 1 26 
693 16 0 26 
585 9 2 26 
3522 10 3 26 
3480 11 4 26 
3456 12 3 26 
3176 13 2 26 
2974 14 1 26 
1904 15 0 26 
1724 9 1 26 
1512 10 2 26 
1364 11 3 26 
534 12 2 26 
2618 13 1 26 
1388 14 0 26 
1071 9 0 26 
1028 10 1 26 
211 11 2 26 
2 12 1 26 
3320 13 0 26 
3070 10 0 26 
2834 11 1 26 
1294 12 0 26 
93 11 0 26 
169 11 1 35 
753 10 1 36 
280 11 2 36 
941 12 1 36 
1243 10 2 37 
1543 11 3 37 
1553 12 2 37 
1585 13 1 36 
2880 10 3 37 
3002 11 4 37 
775 12 3 37 
2084 13 2 37 
2488 14 1 37 
297 10 4 38 
576 11 5 38 
636 12 4 38 
651 14 2 38 
1453 15 1 38 
3492 10 5 39 
392 12 5 39 
701 15 2 39 
1204 16 1 38 
1966 10 6 40 
2532 15 3 39 
2709 16 2 39 
2859 17 1 39 
28 9 6 40 
87 10 7 40 
738 15 4 40 
1140 16 3 40 
1428 17 2 40 
1499 18 1 40 
2066 8 6 41 
292 9 7 41 
538 10 8 41 
1115 13 7 40 
1195 16 4 40 
3115 17 3 40 
156 18 2 40 
551 7 4 41 
1380 8 7 41 
2692 9 8 41 
116 14 7 41 
203 17 4 41 
680 18 3 41 
1579 6 4 42 
1602 7 3 42 
2288 8 8 42 
3053 9 9 42 
3400 12 10 42 
1246 15 7 42 
1649 18 4 42 
2402 5 4 43 
491 6 3 43 
674 7 2 43 
1570 7 8 43 
1608 8 9 43 
2037 11 12 43 
3535 0 19 51 
3459 0 18 51 
3346 1 19 51 
3063 0 17 51 
3046 1 18 51 
2940 2 19 51 
2698 0 16 51 
2474 1 17 51 
1889 2 18 51 
1800 3 19 51 
1730 19 19 51 
1660 0 15 51 
1583 1 16 51 
1500 2 17 51 
1433 3 18 51 
1357 4 19 51 
1130 18 19 51 
1078 19 18 51 
898 0 14 51 
853 1 15 51 
848 2 16 51 
792 3 17 51 
635 4 18 51 
352 5 19 51 
334 17 19 51 
184 18 18 51 
3593 19 17 51 
3478 0 13 51 
3299 1 14 51 
2984 2 15 51 
2836 3 16 51 
2675 4 17 51 
2584 5 18 51 
2558 6 19 51 
2537 16 19 51 
2504 17 18 51 
2494 18 17 51 
2419 19 16 51 
2330 0 12 51 
2293 1 13 51 
2213 2 14 51 
2198 3 15 51 
2192 4 16 51 
1931 5 17 51 
1881 6 18 51 
1846 7 19 51 
1506 15 19 51 
1329 16 18 51 
823 17 17 51 
765 18 16 51 
702 19 15 51 
669 0 11 51 
614 1 12 51 
412 2 13 51 
407 3 14 51 
374 4 15 51 
248 5 16 51 
3600 6 17 51 
3595 7 18 51 
3584 8 19 51 
3559 14 19 51 
3501 15 18 51 
3434 16 17 51 
3381 17 16 51 
3254 18 15 51 
3202 19 14 51 
3060 0 0 51 
2915 0 10 51 
2713 1 11 51 
2595 2 12 51 
2590 3 13 51 
2517 4 14 51 
2514 5 15 51 
2261 6 16 51 
2175 7 17 51 
1941 8 18 51 
1867 9 19 51 
1796 13 19 51 
1680 14 18 51 
1161 15 17 51 
1157 16 16 51 
1104 17 15 51 
1026 18 14 51 
1014 19 13 51 
876 0 1 51 
862 0 9 51 
605 1 0 51 
340 1 10 51 
336 2 11 51 
267 3 12 51 
167 4 13 51 
3604 5 14 51 
3436 6 15 51 
3361 7 16 51 
3310 8 17 51 
3168 9 18 51 
2938 10 19 51 
2935 12 19 51 
2060 13 18 51 
1882 14 17 51 
1567 15 16 51 
1516 16 15 51 
1383 17 14 51 
1211 18 13 51 
1117 19 12 51 
1048 0 2 51 
959 0 6 51 
928 0 8 51 
754 1 1 51 
423 1 9 51 
401 2 0 51 
347 2 10 51 
287 3 11 51 
137 4 12 51 
3591 5 13 51 
3590 6 14 51 
3573 7 15 51 
3429 8 16 51 
3332 9 17 51 
3307 10 18 51 
3118 11 19 51 
3077 12 18 51 
2866 13 17 51 
2704 14 16 51 
2694 15 15 51 
2652 16 14 51 
2036 17 13 51 
1924 18 12 51 
1860 19 11 51 
1825 0 3 51 
1655 0 7 51 
1458 1 2 51 
1257 1 6 51 
1090 1 8 51 
1049 2 1 51 
967 2 9 51 
919 3 0 51 
625 3 10 51 
577 4 11 51 
502 5 12 51 
357 6 13 51 
218 7 14 51 
31 8 15 51 
3447 9 16 51 
3366 10 17 51 
3309 11 18 51 
3248 12 17 51 
3079 13 16 51 
2921 14 15 51 
2612 15 14 51 
2408 16 13 51 
2299 17 12 51 
1793 18 11 51 
1760 19 10 51 
1461 0 4 51 
1384 1 3 51 
1351 1 7 51 
1332 2 2 51 
1261 2 6 51 
1247 2 8 51 
1206 3 1 51 
1174 3 9 51 
849 4 0 51 
747 4 10 51 
338 5 11 51 
3457 6 12 51 
3446 7 13 51 
3354 8 14 51 
3317 9 15 51 
3258 10 16 51 
3113 11 17 51 
3105 12 16 51 
3092 13 15 51 
2999 14 14 51 
2992 15 13 51 
2876 16 12 51 
2304 17 11 51 
2270 18 10 51 
2076 19 9 51 
2055 0 5 51 
1945 1 4 51 
1866 2 3 51 
1674 2 7 51 
1638 3 2 51 
1424 3 6 51 
1291 3 8 51 
1173 4 1 51 
1151 4 9 51 
1146 5 0 51 
1100 5 10 51 
983 6 11 51 
964 7 12 51 
924 8 13 51 
581 9 14 51 
3637 10 15 51 
3606 11 16 51 
3397 12 15 51 
3308 13 14 51 
3291 14 13 51 
3261 15 12 51 
3065 16 11 51 
2835 17 10 51 
2793 18 9 51 
2780 19 8 51 
2716 1 5 51 
2448 2 4 51 
2291 3 3 51 
2182 3 7 51 
1841 4 2 51 
1828 4 6 51 
1675 4 8 51 
1594 5 1 51 
1575 5 9 51 
1410 6 0 51 
1155 6 10 51 
1015 7 11 51 
981 8 12 51 
816 9 13 51 
803 10 14 51 
513 11 15 51 
447 12 14 51 
418 13 13 51 
414 14 12 51 
319 15 11 51 
277 16 10 51 
206 17 9 51 
108 18 8 51 
34 19 7 51 
3579 2 5 51 
3538 3 4 51 
3295 4 3 51 
3051 4 7 51 
2887 5 2 51 
2660 5 6 51 
2574 5 8 51 
2232 6 1 51 
2127 6 9 51 
1984 7 0 51 
1960 7 10 51 
1802 8 11 51 
1614 9 12 51 
1513 10 13 51 
1473 11 14 51 
1331 12 13 51 
1027 13 12 51 
1007 14 11 51 
796 15 10 51 
734 16 9 51 
555 17 8 51 
516 18 7 51 
152 19 6 51 
97 3 5 51 
3623 4 4 51 
3516 5 3 51 
3312 5 7 51 
3022 6 2 51 
2756 6 6 51 
2615 6 8 51 
2604 7 1 51 
2564 7 9 51 
2068 8 0 51 
1687 8 10 51 
1367 9 11 51 
1171 10 12 51 
1165 11 13 51 
1063 12 12 51 
540 13 11 51 
469 14 10 51 
291 15 9 51 
138 16 8 51 
131 17 7 51 
53 18 6 51 
3557 19 5 51 
3553 4 5 51 
3505 5 4 51 
3500 6 3 51 
3219 6 7 51 
3198 7 2 51 
2881 7 8 51 
2527 8 1 51 
2426 8 9 51 
2420 9 10 51 
2384 10 11 51 
2283 11 12 51 
2145 12 11 51 
2096 13 10 51 
2023 14 9 51 
1981 15 8 51 
1809 16 7 51 
1772 17 6 51 
1697 18 5 51 
1017 19 4 51 
910 5 5 51 
612 6 4 51 
485 7 3 51 
171 7 7 51 
63 8 2 51 
3104 8 8 51 
3084 9 9 51 
2848 10 10 51 
2795 11 11 51 
2773 12 10 51 
2761 13 9 51 
2681 14 8 51 
2518 15 7 51 
2111 16 6 51 
1988 17 5 51 
1853 18 4 51 
1726 19 3 51 
1493 6 5 51 
1490 7 4 51 
1390 7 6 51 
1250 8 3 51 
885 8 7 51 
675 9 8 51 
586 10 9 51 
400 11 10 51 
317 12 9 51 
160 13 8 51 
39 14 7 51 
3560 15 6 51 
3425 16 5 51 
3330 17 4 51 
3026 18 3 51 
2981 19 2 51 
2611 7 5 51 
2267 8 4 51 
2264 8 6 51 
2196 9 7 51 
1905 10 8 51 
1768 11 9 51 
1620 12 8 51 
1495 13 7 51 
1464 14 6 51 
1154 15 5 51 
921 16 4 51 
801 17 3 51 
524 18 2 51 
3608 19 1 51 
3120 8 5 51 
3050 9 6 51 
3039 10 7 51 
2971 11 8 51 
2910 12 7 51 
2906 13 6 51 
2809 14 5 51 
2009 15 4 51 
1975 16 3 51 
1913 17 2 51 
1748 18 1 51 
1729 19 0 51 
1472 9 5 51 
1441 10 6 51 
726 11 7 51 
526 12 6 51 
385 13 5 51 
118 14 4 51 
3074 15 3 51 
2894 16 2 51 
2516 17 1 51 
2214 18 0 51 
1712 9 4 51 
1673 10 5 51 
1226 11 6 51 
906 12 5 51 
897 13 4 51 
599 14 3 51 
386 15 2 51 
3424 16 1 51 
2897 17 0 51 
2341 9 3 51 
1699 10 4 51 
1586 11 5 51 
1319 12 4 51 
1255 13 3 51 
1187 14 2 51 
1019 15 1 51 
1011 16 0 51 
604 9 2 51 
197 10 3 51 
82 11 4 51 
3625 12 3 51 
3512 13 2 51 
1688 14 1 51 
1581 15 0 51 
1385 9 1 51 
813 10 2 51 
748 11 3 51 
432 12 2 51 
2637 13 1 51 
2285 14 0 51 
2273 9 0 51 
2056 10 1 51 
1548 11 2 51 
1194 12 1 51 
989 13 0 51 
470 10 0 51 
350 11 1 51 
3487 12 0 51 
492 11 0 51 
878 11 1 61 
90 10 1 61 
145 11 2 61 
969 12 1 61 
3133 10 2 62 
1411 11 3 62 
3426 12 2 62 
3621 13 1 61 
173 10 3 63 
1893 11 4 63 
2975 12 3 62 
3139 13 2 62 
81 14 1 62 
368 10 4 63 
399 11 5 63 
1935 12 4 63 
2682 14 2 63 
2891 15 1 63 
3379 10 5 64 
1121 12 5 64 
1653 15 2 64 
1848 16 1 63 
3298 10 6 65 
3468 15 3 64 
89 16 2 64 
383 17 1 64 
877 9 6 65 
1591 10 7 65 
2669 15 4 65 
3033 16 3 65 
639 17 2 65 
781 18 1 65 
2920 8 6 66 
272 9 7 66 
355 10 8 66 
770 13 7 66 
1133 16 4 66 
1378 17 3 66 
1600 18 2 66 
2124 7 4 67 
2883 8 7 67 
2983 9 8 67 
1561 14 7 67 
1621 17 4 66 
1683 18 3 66 
1829 6 4 68 
653 7 3 68 
772 8 8 67 
1336 9 9 67 
1454 12 10 67 
2011 15 7 67 
3166 18 4 67 
3220 5 4 68 
3613 6 3 68 
84 7 2 68 
327 7 8 68 
545 8 9 68 
570 11 12 68 
1095 12 11 68 
1812 15 8 68 
2252 16 7 68 
2374 4 4 69 
2475 5 3 69 
2610 5 7 69 
2664 6 2 69 
3024 6 8 69 
186 7 1 69 
189 7 9 69 
1344 10 12 69 
1989 11 13 69 
2240 12 12 69 
3199 15 9 69 
3638 0 19 76 
3401 0 18 76 
3321 1 19 76 
3123 0 17 76 
3018 1 18 76 
2968 2 19 76 
2957 0 16 76 
2857 1 17 76 
2849 2 18 76 
2806 3 19 76 
2790 19 19 76 
2575 0 15 76 
2560 1 16 76 
2266 2 17 76 
2258 3 18 76 
2200 4 19 76 
2128 18 19 76 
1942 19 18 76 
1930 0 14 76 
1898 1 15 76 
1210 2 16 76 
1190 3 17 76 
1102 4 18 76 
708 5 19 76 
580 17 19 76 
500 18 18 76 
498 19 17 76 
461 0 13 76 
413 1 14 76 
303 2 15 76 
299 3 16 76 
250 4 17 76 
224 5 18 76 
3607 6 19 76 
3578 16 19 76 
3544 17 18 76 
3292 18 17 76 
3284 19 16 76 
3195 0 12 76 
2962 1 13 76 
2946 2 14 76 
2896 3 15 76 
2685 4 16 76 
2561 5 17 76 
2447 6 18 76 
2412 7 19 76 
2335 15 19 76 
2243 16 18 76 
1994 17 17 76 
1957 18 16 76 
1360 19 15 76 
1308 0 11 76 
1273 1 12 76 
1252 2 13 76 
1239 3 14 76 
1097 4 15 76 
1034 5 16 76 
973 6 17 76 
861 7 18 76 
854 8 19 76 
843 14 19 76 
654 15 18 76 
633 16 17 76 
486 17 16 76 
27 18 15 76 
3632 19 14 76 
3523 0 0 76 
3388 0 10 76 
3119 1 11 76 
2941 2 12 76 
2892 3 13 76 
2707 4 14 76 
2525 5 15 76 
2395 6 16 76 
2360 7 17 76 
2310 8 18 76 
2238 9 19 76 
2132 13 19 76 
1847 14 18 76 
1708 15 17 76 
1640 16 16 76 
1479 17 15 76 
1330 18 14 76 
1309 19 13 76 
1229 0 1 76 
1217 0 9 76 
1181 1 0 76 
1179 1 10 76 
1125 2 11 76 
870 3 12 76 
648 4 13 76 
536 5 14 76 
403 6 15 76 
3328 7 16 76 
3230 8 17 76 
3159 9 18 76 
3153 10 19 76 
2777 12 19 76 
2765 13 18 76 
2651 14 17 76 
2596 15 16 76 
2513 16 15 76 
2486 17 14 76 
2469 18 13 76 
2364 19 12 76 
2281 0 2 76 
2251 0 6 76 
2211 0 8 76 
2098 1 1 76 
1894 1 9 76 
1482 2 0 76 
1417 2 10 76 
1203 3 11 76 
874 4 12 76 
825 5 13 76 
619 6 14 76 
370 7 15 76 
105 8 16 76 
3450 9 17 76 
3412 10 18 76 
3405 11 19 76 
3382 12 18 76 
3144 13 17 76 
2986 14 16 76 
2824 15 15 76 
2736 16 14 76 
2683 17 13 76 
2562 18 12 76 
2519 19 11 76 
2484 0 3 76 
2480 0 7 76 
2284 1 2 76 
2253 1 6 76 
2186 1 8 76 
2107 2 1 76 
2099 2 9 76 
2080 3 0 76 
2049 3 10 76 
1692 4 11 76 
1566 5 12 76 
1555 6 13 76 
1488 7 14 76 
1326 8 15 76 
1314 9 16 76 
1202 10 17 76 
978 11 18 76 
926 12 17 76 
922 13 16 76 
821 14 15 76 
716 15 14 76 
715 16 13 76 
556 17 12 76 
546 18 11 76 
431 19 10 76 
262 0 4 76 
70 1 3 76 
3636 1 7 76 
3353 2 2 76 
3208 2 6 76 
3122 2 8 76 
3062 3 1 76 
3013 3 9 76 
3007 4 0 76 
2964 4 10 76 
2904 5 11 76 
2776 6 12 76 
2497 7 13 76 
2445 8 14 76 
2157 9 15 76 
1967 10 16 76 
1895 11 17 76 
1791 12 16 76 
1732 13 15 76 
1717 14 14 76 
1437 15 13 76 
882 16 12 76 
869 17 11 76 
533 18 10 76 
531 19 9 76 
520 0 5 76 
305 1 4 76 
201 2 3 76 
123 2 7 76 
20 3 2 76 
3617 3 6 76 
3614 3 8 76 
3453 4 1 76 
3247 4 9 76 
3200 5 0 76 
3151 5 10 76 
3082 6 11 76 
3035 7 12 76 
2890 8 13 76 
2705 9 14 76 
2629 10 15 76 
2462 11 16 76 
2455 12 15 76 
2393 13 14 76 
2371 14 13 76 
2194 15 12 76 
2149 16 11 76 
2126 17 10 76 
2029 18 9 76 
1830 19 8 76 
1480 1 5 76 
1402 2 4 76 
1002 3 3 76 
742 3 7 76 
721 4 2 76 
600 4 6 76 
508 4 8 76 
484 5 1 76 
3378 5 9 76 
3238 6 0 76 
3224 6 10 76 
2917 7 11 76 
2639 8 12 76 
2535 9 13 76 
2502 10 14 76 
2479 11 15 76 
2333 12 14 76 
2180 13 13 76 
2171 14 12 76 
2166 15 11 76 
1917 16 10 76 
1839 17 9 76 
1677 18 8 76 
1554 19 7 76 
958 2 5 76 
458 3 4 76 
409 4 3 76 
359 4 7 76 
268 5 2 76 
192 5 6 76 
3541 5 8 76 
3539 6 1 76 
3076 6 9 76 
2688 7 0 76 
2684 7 10 76 
2507 8 11 76 
2143 9 12 76 
2133 10 13 76 
1958 11 14 76 
1601 12 13 76 
1542 13 12 76 
1533 14 11 76 
1496 15 10 76 
1296 16 9 76 
1280 17 8 76 
1271 18 7 76 
1200 19 6 76 
1103 3 5 76 
1096 4 4 76 
1084 5 3 76 
947 5 7 76 
711 6 2 76 
613 6 6 76 
497 6 8 76 
478 7 1 76 
320 7 9 76 
216 8 0 76 
3526 8 10 76 
3406 9 11 76 
3315 10 12 76 
3128 11 13 76 
2837 12 12 76 
2788 13 11 76 
2763 14 10 76 
2740 15 9 76 
2657 16 8 76 
2382 17 7 76 
2190 18 6 76 
2153 19 5 76 
1715 4 5 76 
1478 5 4 76 
1231 6 3 76 
1199 6 7 76 
846 7 2 76 
676 7 8 76 
489 8 1 76 
380 8 9 76 
240 9 10 76 
3513 10 11 76 
3387 11 12 76 
2754 12 11 76 
2717 13 10 76 
2396 14 9 76 
2358 15 8 76 
2239 16 7 76 
2030 17 6 76 
2020 18 5 76 
1719 19 4 76 
1711 5 5 76 
1240 6 4 76 
1191 7 3 76 
995 7 7 76 
932 8 2 76 
682 8 8 76 
679 9 9 76 
514 10 10 76 
88 11 11 76 
3627 12 10 76 
3561 13 9 76 
3508 14 8 76 
3296 15 7 76 
3209 16 6 76 
3138 17 5 76 
3020 18 4 76 
2579 19 3 76 
2470 6 5 76 
2348 7 4 76 
2234 7 6 76 
2227 8 3 76 
2165 8 7 76 
1993 9 8 76 
1986 10 9 76 
1702 11 10 76 
1701 12 9 76 
1671 13 8 76 
1004 14 7 76 
872 15 6 76 
691 16 5 76 
662 17 4 76 
626 18 3 76 
511 19 2 76 
387 7 5 76 
67 8 4 76 
3443 8 6 76 
3389 9 7 76 
3078 10 8 76 
3071 11 9 76 
2633 12 8 76 
2380 13 7 76 
2199 14 6 76 
1910 15 5 76 
1870 16 4 76 
1592 17 3 76 
1343 18 2 76 
1080 19 1 76 
860 8 5 76 
450 9 6 76 
235 10 7 76 
144 11 8 76 
3574 12 7 76 
3477 13 6 76 
3359 14 5 76 
3191 15 4 76 
2730 16 3 76 
2647 17 2 76 
2215 18 1 76 
1632 19 0 76 
1149 9 5 76 
839 10 6 76 
719 11 7 76 
344 12 6 76 
3222 13 5 76 
3127 14 4 76 
3124 15 3 76 
2369 16 2 76 
2255 17 1 76 
2203 18 0 76 
1936 9 4 76 
1646 10 5 76 
1468 11 6 76 
1455 12 5 76 
1334 13 4 76 
1242 14 3 76 
1057 15 2 76 
1047 16 1 76 
794 17 0 76 
554 9 3 76 
537 10 4 76 
255 11 5 76 
230 12 4 76 
3622 13 3 76 
3163 14 2 76 
3003 15 1 76 
2673 16 0 76 
2619 9 2 76 
2057 10 3 76 
1990 11 4 76 
1568 12 3 76 
1361 13 2 76 
1105 14 1 76 
1067 15 0 76 
2415 9 1 76 
2094 10 2 76 
1868 11 3 76 
1340 12 2 76 
1305 13 1 76 
822 14 0 76 
3550 9 0 76 
2764 10 1 76 
2602 11 2 76 
2324 12 1 76 
1685 13 0 76 
1603 10 0 76 
428 11 1 76 
3489 12 0 76 
2443 11 0 76 
1467 11 1 86 
77 10 1 86 
2549 11 2 86 
717 12 1 86 
1785 10 2 87 
2357 11 3 87 
353 12 2 87 
1721 13 1 87 
2458 10 3 88 
857 11 4 88 
1714 12 3 88 
2700 13 2 88 
692 14 1 88 
812 10 4 89 
826 11 5 89 
1134 12 4 89 
2401 14 2 88 
2467 15 1 88 
571 10 5 89 
1407 12 5 89 
1921 15 2 89 
3263 16 1 89 
3551 10 6 90 
44 15 3 89 
351 16 2 89 
595 17 1 89 
627 9 6 91 
2816 10 7 91 
640 15 4 90 
945 16 3 90 
1150 17 2 90 
1303 18 1 90 
1728 8 6 91 
1214 9 7 91 
1302 10 8 91 
1501 13 7 91 
2571 16 4 91 
2585 17 3 91 
2807 18 2 91 
3265 7 4 92 
1366 8 7 92 
1394 9 8 92 
1667 14 7 92 
2046 17 4 92 
2241 18 3 92 
3432 6 4 93 
191 7 3 93 
1039 8 8 93 
1359 9 9 93 
1401 12 10 92 
1737 15 7 92 
1999 18 4 92 
3098 5 4 94 
1 6 3 94 
278 7 2 94 
283 7 8 94 
912 8 9 94 
1337 11 12 93 
1436 12 11 93 
2779 15 8 93 
2936 16 7 93 
3323 4 4 95 
697 5 3 95 
703 5 7 95 
1260 6 2 95 
1266 6 8 95 
1451 7 1 95 
1545 7 9 95 
1862 10 12 94 
3530 11 13 94 
3610 12 12 94 
