1971
4555 0 19 1 
4497 0 18 1 
4447 1 19 1 
4361 0 17 1 
4297 1 18 1 
4076 2 19 1 
4051 0 16 1 
3823 1 17 1 
3739 2 18 1 
2946 3 19 1 
2832 19 19 1 
2755 0 15 1 
2630 1 16 1 
2599 2 17 1 
2594 3 18 1 
2410 4 19 1 
2201 18 19 1 
1953 19 18 1 
1950 0 14 1 
1642 1 15 1 
1602 2 16 1 
1539 3 17 1 
1475 4 18 1 
1335 5 19 1 
1272 13 19 1 
1153 17 19 1 
1148 18 18 1 
1146 19 17 1 
1035 0 13 1 
916 1 14 1 
900 2 15 1 
588 3 16 1 
527 4 17 1 
509 5 18 1 
406 6 19 1 
316 13 18 1 
117 14 19 1 
4943 16 19 1 
4654 17 18 1 
4579 18 17 1 
4432 19 16 1 
4358 0 10 1 
4289 0 12 1 
4280 1 13 1 
4190 2 14 1 
4075 3 15 1 
3995 4 16 1 
3860 5 17 1 
3745 6 18 1 
3225 7 19 1 
2948 13 17 1 
2843 14 18 1 
2783 15 19 1 
2497 16 18 1 
2177 17 17 1 
2097 18 16 1 
1932 19 15 1 
1830 0 11 1 
1382 1 10 1 
1295 1 12 1 
1103 2 13 1 
1015 3 14 1 
1012 4 15 1 
696 5 16 1 
668 6 17 1 
311 7 18 1 
205 8 19 1 
203 13 16 1 
4931 14 17 1 
4664 15 18 1 
4544 16 17 1 
4415 17 16 1 
4282 18 15 1 
3997 19 14 1 
3794 0 0 1 
3747 1 11 1 
3445 2 10 1 
3324 2 12 1 
3018 3 13 1 
3003 4 14 1 
2726 5 15 1 
2624 6 16 1 
2208 7 17 1 
2192 8 18 1 
1923 9 19 1 
1880 13 15 1 
1822 14 16 1 
1660 15 17 1 
947 16 16 1 
797 17 15 1 
573 18 14 1 
260 19 13 1 
173 0 1 1 
4860 0 9 1 
4553 1 0 1 
4336 2 11 1 
4143 3 10 1 
4110 3 12 1 
3715 4 13 1 
3532 5 14 1 
3344 6 15 1 
3224 7 16 1 
3035 8 17 1 
3006 9 18 1 
2868 10 19 1 
2855 12 19 1 
2736 13 14 1 
2555 14 15 1 
2551 15 16 1 
2373 16 15 1 
1996 17 14 1 
1716 18 13 1 
1304 19 12 1 
1268 0 2 1 
1158 0 8 1 
1112 1 1 1 
874 1 9 1 
842 2 0 1 
550 3 11 1 
42 4 10 1 
20 4 12 1 
4857 5 13 1 
4768 6 14 1 
4761 7 15 1 
4684 8 16 1 
4624 9 17 1 
4466 10 18 1 
4422 11 19 1 
4420 12 18 1 
4266 13 13 1 
4026 14 14 1 
3851 15 15 1 
3638 16 14 1 
3612 17 13 1 
3595 18 12 1 
3362 19 11 1 
3294 0 3 1 
3252 0 7 1 
3004 1 2 1 
2796 1 8 1 
2707 2 1 1 
2696 2 9 1 
2667 3 0 1 
2564 4 11 1 
2448 5 10 1 
2378 5 12 1 
2304 6 13 1 
2228 7 14 1 
2222 8 15 1 
2071 9 16 1 
2025 10 17 1 
1883 11 18 1 
1800 12 17 1 
1633 13 12 1 
1321 14 13 1 
1283 15 14 1 
1197 16 13 1 
949 17 12 1 
749 18 11 1 
741 19 10 1 
614 0 4 1 
577 0 6 1 
530 1 3 1 
461 1 7 1 
441 2 2 1 
431 2 8 1 
151 3 1 1 
131 3 9 1 
4963 4 0 1 
4542 5 11 1 
4526 6 10 1 
4267 6 12 1 
4199 7 13 1 
3352 8 14 1 
3306 9 15 1 
3234 10 16 1 
3183 11 17 1 
3128 12 16 1 
3044 14 12 1 
3036 15 13 1 
3031 16 12 1 
2939 17 11 1 
2820 18 10 1 
2794 19 9 1 
2607 0 5 1 
2506 1 4 1 
1904 1 6 1 
1885 2 3 1 
1776 2 7 1 
1503 3 2 1 
1449 3 8 1 
1420 4 1 1 
954 4 9 1 
877 5 0 1 
876 6 11 1 
701 7 10 1 
641 7 12 1 
421 8 13 1 
221 9 14 1 
4839 10 15 1 
4746 11 16 1 
4116 12 15 1 
3506 15 12 1 
3013 16 11 1 
2764 17 10 1 
2460 18 9 1 
2384 19 8 1 
2189 1 5 1 
2176 2 4 1 
2154 2 6 1 
2114 3 3 1 
1585 3 7 1 
1319 4 2 1 
1137 4 8 1 
584 5 1 1 
503 5 9 1 
386 6 0 1 
243 7 11 1 
4968 8 10 1 
4873 8 12 1 
4828 9 13 1 
4815 10 14 1 
4596 11 15 1 
4334 12 14 1 
4046 15 11 1 
3998 16 10 1 
3811 17 9 1 
3601 18 8 1 
3573 19 7 1 
3544 2 5 1 
3524 3 4 1 
3323 3 6 1 
3287 4 3 1 
3069 4 7 1 
2974 5 2 1 
2911 5 8 1 
2836 6 1 1 
2671 6 9 1 
2469 8 11 1 
1872 9 12 1 
1486 10 13 1 
1402 11 14 1 
684 12 13 1 
637 14 11 1 
284 15 10 1 
236 16 9 1 
34 17 8 1 
4720 18 7 1 
4669 19 6 1 
4563 3 5 1 
4550 4 4 1 
4357 4 6 1 
4228 5 3 1 
4223 5 7 1 
4008 6 2 1 
3917 6 8 1 
3633 7 9 1 
3608 9 11 1 
3220 10 12 1 
3056 11 13 1 
2817 12 12 1 
2782 13 11 1 
2263 14 10 1 
2206 15 9 1 
1478 16 8 1 
1470 17 7 1 
757 18 6 1 
688 19 5 1 
425 4 5 1 
417 5 4 1 
210 5 6 1 
158 6 3 1 
76 6 7 1 
4479 7 8 1 
4435 8 9 1 
4210 9 10 1 
3902 10 11 1 
3888 11 12 1 
3873 12 11 1 
3570 13 10 1 
3494 14 9 1 
3321 15 8 1 
2998 16 7 1 
2986 17 6 1 
2913 18 5 1 
2753 19 4 1 
2674 5 5 1 
2552 6 4 1 
2255 6 6 1 
1963 7 7 1 
1745 8 8 1 
1625 9 9 1 
1244 10 10 1 
1196 11 11 1 
1191 12 10 1 
1046 13 9 1 
681 14 8 1 
462 15 7 1 
383 16 6 1 
4519 17 5 1 
4259 18 4 1 
4196 19 3 1 
3963 6 5 1 
3876 7 6 1 
3365 8 7 1 
3316 9 8 1 
3090 10 9 1 
3055 11 10 1 
2777 12 9 1 
2740 13 8 1 
2705 14 7 1 
2588 15 6 1 
2166 16 5 1 
2094 17 4 1 
1764 18 3 1 
1610 19 2 1 
1587 7 5 1 
1418 8 6 1 
1201 9 7 1 
1101 10 8 1 
920 11 9 1 
890 12 8 1 
357 13 7 1 
257 14 6 1 
4974 15 5 1 
4835 16 4 1 
4628 17 3 1 
4611 18 2 1 
4411 19 1 1 
4274 7 4 1 
3863 8 5 1 
3648 9 6 1 
3374 10 7 1 
3139 11 8 1 
3079 12 7 1 
3070 13 6 1 
2983 14 5 1 
2338 15 4 1 
2038 16 3 1 
1914 17 2 1 
520 18 1 1 
418 19 0 1 
206 7 3 1 
101 8 4 1 
4902 9 5 1 
4656 10 6 1 
4224 11 7 1 
3982 12 6 1 
3868 13 5 1 
3786 14 4 1 
3606 15 3 1 
3593 16 2 1 
3516 17 1 1 
3271 18 0 1 
3107 7 2 1 
2899 8 3 1 
2406 9 4 1 
2281 10 5 1 
2207 11 6 1 
1943 12 5 1 
1794 13 4 1 
1508 14 3 1 
1293 15 2 1 
982 16 1 1 
241 17 0 1 
4915 7 1 1 
4613 8 2 1 
4437 9 3 1 
4204 10 4 1 
4142 11 5 1 
4130 12 4 1 
3935 13 3 1 
3926 14 2 1 
3875 15 1 1 
2617 16 0 1 
2170 7 0 1 
2080 8 1 1 
1506 9 2 1 
1065 10 3 1 
4255 11 4 1 
3864 12 3 1 
3722 13 2 1 
3424 14 1 1 
3408 15 0 1 
3214 8 0 1 
2940 9 1 1 
2242 10 2 1 
1945 11 3 1 
895 12 2 1 
656 13 1 1 
518 14 0 1 
8 9 0 1 
4923 10 1 1 
3578 11 2 1 
2226 12 1 1 
4879 13 0 1 
4655 10 0 1 
3144 11 1 1 
3075 12 0 1 
1166 11 0 1 
4060 11 1 12 
1580 10 1 13 
1946 11 2 13 
4459 12 1 13 
540 9 1 14 
991 10 2 14 
230 11 3 14 
319 12 2 14 
492 13 1 14 
836 8 1 15 
1400 9 2 15 
1528 10 3 15 
1919 11 4 14 
1973 12 3 14 
3660 13 2 14 
3748 14 1 14 
765 8 2 15 
1096 9 3 15 
1126 10 4 15 
1274 11 5 15 
1683 12 4 15 
2926 13 3 15 
3149 14 2 15 
3194 15 1 15 
3497 8 3 16 
4708 9 4 16 
105 10 5 16 
450 11 6 16 
4148 12 5 16 
4234 13 4 16 
4364 14 3 16 
4371 15 2 16 
4397 16 1 16 
4702 8 4 17 
4703 9 5 16 
4819 10 6 16 
126 11 7 16 
294 13 5 16 
331 14 4 16 
1393 15 3 16 
2361 16 2 16 
2419 17 1 16 
3038 8 5 17 
3336 9 6 17 
3345 10 7 17 
3603 11 8 17 
3773 14 5 17 
4287 15 4 17 
4585 16 3 17 
4754 17 2 17 
16 18 1 17 
772 8 6 18 
853 9 7 18 
943 10 8 18 
1049 11 9 18 
1359 12 8 18 
1510 15 5 17 
2452 16 4 17 
3115 17 3 17 
3229 18 2 17 
3563 7 6 18 
198 8 7 18 
672 9 8 18 
728 10 9 18 
858 11 10 18 
1204 12 9 18 
1626 13 8 18 
1896 16 5 18 
2367 17 4 18 
3106 18 3 18 
3724 5 5 19 
3869 6 6 19 
4581 7 7 19 
4794 8 8 19 
315 10 10 19 
601 11 11 19 
983 12 10 19 
1039 13 9 19 
1310 14 8 19 
2503 17 5 18 
2583 18 4 18 
2751 4 5 20 
2837 5 4 20 
3263 5 6 20 
3639 6 7 20 
3974 7 8 19 
4058 10 11 19 
4774 0 19 26 
4748 0 18 26 
4718 1 19 26 
4709 0 17 26 
4597 1 18 26 
4208 2 19 26 
4038 0 16 26 
3914 1 17 26 
3845 2 18 26 
3685 3 19 26 
3377 19 19 26 
3351 0 15 26 
3136 1 16 26 
3033 2 17 26 
2975 3 18 26 
2884 4 19 26 
2826 18 19 26 
2643 19 18 26 
2627 0 14 26 
2621 1 15 26 
2306 2 16 26 
2022 3 17 26 
1936 4 18 26 
1846 5 19 26 
1553 13 19 26 
1388 17 19 26 
1160 18 18 26 
1072 19 17 26 
1020 0 13 26 
1019 1 14 26 
941 2 15 26 
863 3 16 26 
648 4 17 26 
388 5 18 26 
51 6 19 26 
46 13 18 26 
4930 14 19 26 
4734 16 19 26 
4640 17 18 26 
4620 18 17 26 
4534 19 16 26 
3938 0 10 26 
3924 0 12 26 
3867 1 13 26 
3708 2 14 26 
3631 3 15 26 
3380 4 16 26 
3378 5 17 26 
3158 6 18 26 
3024 7 19 26 
2900 13 17 26 
2883 14 18 26 
2846 15 19 26 
2501 16 18 26 
2475 17 17 26 
2339 18 16 26 
2035 19 15 26 
2005 0 11 26 
1850 1 10 26 
1320 1 12 26 
1205 2 13 26 
1190 3 14 26 
1063 4 15 26 
841 5 16 26 
838 6 17 26 
356 7 18 26 
54 8 19 26 
49 13 16 26 
4517 14 17 26 
3889 15 18 26 
3528 16 17 26 
3415 17 16 26 
3405 18 15 26 
3184 19 14 26 
2932 0 0 26 
2770 1 11 26 
2604 2 10 26 
2426 2 12 26 
2077 3 13 26 
1907 4 14 26 
1842 5 15 26 
1840 6 16 26 
1835 7 17 26 
1827 8 18 26 
1534 9 19 26 
1496 13 15 26 
951 14 16 26 
821 15 17 26 
607 16 16 26 
576 17 15 26 
511 18 14 26 
322 19 13 26 
43 0 1 26 
4962 0 9 26 
4947 1 0 26 
4615 2 11 26 
4577 3 10 26 
4568 3 12 26 
4322 4 13 26 
4283 5 14 26 
4176 6 15 26 
4144 7 16 26 
4033 8 17 26 
3996 9 18 26 
3955 10 19 26 
3858 12 19 26 
3714 13 14 26 
3693 14 15 26 
3277 15 16 26 
2441 16 15 26 
2292 17 14 26 
2127 18 13 26 
2073 19 12 26 
2033 0 2 26 
2021 0 8 26 
1934 1 1 26 
1523 1 9 26 
1463 2 0 26 
1412 3 11 26 
1350 4 10 26 
1028 4 12 26 
1025 5 13 26 
899 6 14 26 
875 7 15 26 
563 8 16 26 
4547 9 17 26 
4438 10 18 26 
4353 11 19 26 
4138 12 18 26 
3766 13 13 26 
3421 14 14 26 
3393 15 15 26 
3337 16 14 26 
3329 17 13 26 
3166 18 12 26 
3015 19 11 26 
2918 0 3 26 
2759 0 7 26 
2524 1 2 26 
2413 1 8 26 
2012 2 1 26 
1795 2 9 26 
1749 3 0 26 
1741 4 11 26 
1674 5 10 26 
1360 5 12 26 
1047 6 13 26 
1044 7 14 26 
924 8 15 26 
677 9 16 26 
445 10 17 26 
217 11 18 26 
107 12 17 26 
4779 13 12 26 
4742 14 13 26 
4455 15 14 26 
4388 16 13 26 
4275 17 12 26 
4087 18 11 26 
3981 19 10 26 
3907 0 4 26 
3568 0 6 26 
3372 1 3 26 
3261 1 7 26 
3111 2 2 26 
3092 2 8 26 
2891 3 1 26 
2852 3 9 26 
2219 4 0 26 
2099 5 11 26 
1858 6 10 26 
1601 6 12 26 
1374 7 13 26 
1318 8 14 26 
1140 9 15 26 
856 10 16 26 
721 11 17 26 
5 12 16 26 
4856 14 12 26 
4849 15 13 26 
4837 16 12 26 
4804 17 11 26 
4690 18 10 26 
4608 19 9 26 
4592 0 5 26 
4518 1 4 26 
4342 1 6 26 
4083 2 3 26 
4064 2 7 26 
3541 3 2 26 
3211 3 8 26 
2881 4 1 26 
2712 4 9 26 
2596 5 0 26 
2558 6 11 26 
2079 7 10 26 
2048 7 12 26 
2037 8 13 26 
2014 9 14 26 
1572 10 15 26 
1569 11 16 26 
1147 12 15 26 
893 15 12 26 
823 16 11 26 
409 17 10 26 
338 18 9 26 
220 19 8 26 
4886 1 5 26 
4843 2 4 26 
4698 2 6 26 
4653 3 3 26 
4446 3 7 26 
4323 4 2 26 
4160 4 8 26 
3895 5 1 26 
3852 5 9 26 
3808 6 0 26 
3466 7 11 26 
3465 8 10 26 
3433 8 12 26 
2866 9 13 26 
2853 10 14 26 
2349 11 15 26 
2188 12 14 26 
2072 15 11 26 
1806 16 10 26 
1428 17 9 26 
1339 18 8 26 
1267 19 7 26 
1128 2 5 26 
1102 3 4 26 
1094 3 6 26 
962 4 3 26 
666 4 7 26 
400 5 2 26 
293 5 8 26 
4854 6 1 26 
4846 6 9 26 
4805 8 11 26 
4680 9 12 26 
4303 10 13 26 
4281 11 14 26 
4186 12 13 26 
4161 14 11 26 
4133 15 10 26 
3609 16 9 26 
2981 17 8 26 
2730 18 7 26 
2725 19 6 26 
2403 3 5 26 
2335 4 4 26 
1689 4 6 26 
1593 5 3 26 
1471 5 7 26 
1290 6 2 26 
1239 6 8 26 
1167 7 9 26 
1074 9 11 26 
915 10 12 26 
602 11 13 26 
460 12 12 26 
404 13 11 26 
121 14 10 26 
4892 15 9 26 
4449 16 8 26 
4265 17 7 26 
4254 18 6 26 
3763 19 5 26 
3596 4 5 26 
3553 5 4 26 
3396 5 6 26 
3085 6 3 26 
2819 6 7 26 
2610 7 8 26 
2433 8 9 26 
2308 9 10 26 
2265 10 11 26 
2256 11 12 26 
2220 12 11 26 
1803 13 10 26 
1734 14 9 26 
1422 15 8 26 
1168 16 7 26 
1082 17 6 26 
869 18 5 26 
751 19 4 26 
715 5 5 26 
568 6 4 26 
337 6 6 26 
4649 7 7 26 
4475 8 8 26 
4470 9 9 26 
4458 10 10 26 
3940 11 11 26 
3713 12 10 26 
3636 13 9 26 
3460 14 8 26 
3314 15 7 26 
2803 16 6 26 
2301 17 5 26 
1770 18 4 26 
1754 19 3 26 
1097 6 5 26 
809 7 6 26 
781 8 7 26 
675 9 8 26 
306 10 9 26 
4495 11 10 26 
4485 12 9 26 
4477 13 8 26 
4352 14 7 26 
4031 15 6 26 
3542 16 5 26 
3292 17 4 26 
3253 18 3 26 
2700 19 2 26 
2603 7 5 26 
2420 8 6 26 
2322 9 7 26 
1692 10 8 26 
1495 11 9 26 
1485 12 8 26 
867 13 7 26 
313 14 6 26 
4395 15 5 26 
4264 16 4 26 
4163 17 3 26 
4088 18 2 26 
3740 19 1 26 
3694 7 4 26 
3611 8 5 26 
3558 9 6 26 
3430 10 7 26 
3364 11 8 26 
3330 12 7 26 
3272 13 6 26 
3125 14 5 26 
3101 15 4 26 
3012 16 3 26 
2944 17 2 26 
2587 18 1 26 
2195 19 0 26 
1926 7 3 26 
1581 8 4 26 
1484 9 5 26 
1461 10 6 26 
1143 11 7 26 
819 12 6 26 
26 13 5 26 
4751 14 4 26 
4747 15 3 26 
4092 16 2 26 
4070 17 1 26 
3972 18 0 26 
3923 7 2 26 
3683 8 3 26 
3615 9 4 26 
3450 10 5 26 
2786 11 6 26 
2781 12 5 26 
2287 13 4 26 
2003 14 3 26 
1110 15 2 26 
978 16 1 26 
724 17 0 26 
621 7 1 26 
514 8 2 26 
4400 9 3 26 
4332 10 4 26 
4324 11 5 26 
4090 12 4 26 
3735 13 3 26 
3290 14 2 26 
2111 15 1 26 
2067 16 0 26 
1832 7 0 26 
1823 8 1 26 
1755 9 2 26 
1655 10 3 26 
994 11 4 26 
987 12 3 26 
622 13 2 26 
464 14 1 26 
4384 15 0 26 
4246 8 0 26 
4233 9 1 26 
4123 10 2 26 
4047 11 3 26 
3822 12 2 26 
3521 13 1 26 
2027 14 0 26 
1638 9 0 26 
1202 10 1 26 
882 11 2 26 
538 12 1 26 
84 13 0 26 
4791 10 0 26 
4728 11 1 26 
3246 12 0 26 
2798 11 0 26 
927 11 1 37 
4515 10 1 38 
906 11 2 38 
3487 12 1 38 
3675 9 1 38 
3723 10 2 38 
88 11 3 38 
531 12 2 38 
636 13 1 38 
2060 8 1 39 
4871 9 2 39 
4932 10 3 39 
128 11 4 39 
285 12 3 39 
429 13 2 39 
2683 14 1 39 
3121 8 2 40 
4692 9 3 39 
309 10 4 39 
479 11 5 39 
756 12 4 39 
1226 13 3 39 
1621 14 2 39 
2185 15 1 39 
2344 8 3 40 
3113 9 4 40 
4558 10 5 40 
4810 11 6 40 
599 12 5 40 
1154 13 4 40 
1199 14 3 40 
2874 15 2 40 
3356 16 1 40 
3580 8 4 41 
4665 9 5 41 
528 10 6 41 
880 11 7 41 
1171 13 5 41 
1853 14 4 40 
1944 15 3 40 
2019 16 2 40 
2357 17 1 40 
2581 8 5 41 
2685 9 6 41 
2860 10 7 41 
704 11 8 41 
787 14 5 41 
796 15 4 41 
957 16 3 41 
1200 17 2 41 
1395 18 1 41 
1446 8 6 42 
2059 9 7 42 
2225 10 8 42 
2369 11 9 42 
2505 12 8 42 
3262 15 5 41 
3478 16 4 41 
3813 17 3 41 
4217 18 2 41 
4533 7 6 43 
4950 8 7 43 
4953 9 8 43 
1460 10 9 43 
2065 11 10 42 
2081 12 9 42 
2466 13 8 42 
2644 16 5 42 
2965 17 4 42 
3054 18 3 42 
3088 5 5 44 
4894 6 6 44 
274 7 7 43 
484 8 8 43 
685 10 10 43 
846 11 11 43 
1041 12 10 43 
1502 13 9 43 
3118 14 8 43 
3700 17 5 43 
4132 18 4 43 
4167 4 5 44 
4240 5 4 44 
4351 5 6 44 
4442 6 7 44 
4508 7 8 44 
4724 10 11 44 
4863 11 12 44 
494 13 10 44 
603 14 9 44 
605 15 8 44 
912 18 5 44 
929 3 5 45 
1245 4 4 45 
1667 4 6 45 
2303 5 3 45 
2379 5 7 45 
2500 6 8 45 
2739 10 12 45 
4516 11 13 45 
4650 14 10 45 
4891 0 19 51 
4736 0 18 51 
4697 1 19 51 
4604 0 17 51 
4464 1 18 51 
4416 2 19 51 
4212 0 16 51 
4182 1 17 51 
4127 2 18 51 
3879 3 19 51 
3778 19 19 51 
3488 0 15 51 
3452 1 16 51 
3239 2 17 51 
2754 3 18 51 
2600 4 19 51 
2504 18 19 51 
2429 19 18 51 
1976 0 14 51 
1959 1 15 51 
1759 2 16 51 
1552 3 17 51 
1526 4 18 51 
1457 5 19 51 
1075 13 19 51 
655 17 19 51 
638 18 18 51 
495 19 17 51 
475 0 13 51 
150 1 14 51 
145 2 15 51 
95 3 16 51 
82 4 17 51 
4945 5 18 51 
4911 6 19 51 
4158 13 18 51 
4115 14 19 51 
4079 16 19 51 
4042 17 18 51 
4004 18 17 51 
3815 19 16 51 
3668 0 10 51 
3512 0 12 51 
3404 1 13 51 
3295 2 14 51 
3242 3 15 51 
3066 4 16 51 
3011 5 17 51 
2955 6 18 51 
2943 7 19 51 
2829 13 17 51 
2563 14 18 51 
2545 15 19 51 
2430 16 18 51 
2164 17 17 51 
1839 18 16 51 
1797 19 15 51 
1367 0 11 51 
1298 1 10 51 
866 1 12 51 
799 2 13 51 
777 3 14 51 
720 4 15 51 
512 5 16 51 
252 6 17 51 
31 7 18 51 
4859 8 19 51 
4840 13 16 51 
4561 14 17 51 
4270 15 18 51 
4162 16 17 51 
4153 17 16 51 
4141 18 15 51 
3931 19 14 51 
3872 0 0 51 
3846 1 11 51 
3616 2 10 51 
3355 2 12 51 
3243 3 13 51 
3135 4 14 51 
3010 5 15 51 
2897 6 16 51 
2864 7 17 51 
2445 8 18 51 
2411 9 19 51 
2399 13 15 51 
2374 14 16 51 
2098 15 17 51 
1941 16 16 51 
1925 17 15 51 
1922 18 14 51 
1731 19 13 51 
1275 0 1 51 
1243 0 9 51 
1038 1 0 51 
654 2 11 51 
401 3 10 51 
111 3 12 51 
40 4 13 51 
23 5 14 51 
4966 6 15 51 
4806 7 16 51 
4790 8 17 51 
4766 9 18 51 
4750 10 19 51 
4663 12 19 51 
4424 13 14 51 
4394 14 15 51 
4316 15 16 51 
3941 16 15 51 
3729 17 14 51 
3709 18 13 51 
3281 19 12 51 
3182 0 2 51 
3175 0 8 51 
3173 1 1 51 
2768 1 9 51 
2332 2 0 51 
2015 3 11 51 
2009 4 10 51 
1921 4 12 51 
1538 5 13 51 
1537 6 14 51 
1533 7 15 51 
1345 8 16 51 
998 9 17 51 
871 10 18 51 
788 11 19 51 
712 12 18 51 
403 13 13 51 
326 14 14 51 
239 15 15 51 
225 16 14 51 
160 17 13 51 
4865 18 12 51 
4716 19 11 51 
4648 0 3 51 
4642 0 7 51 
4457 1 2 51 
4430 1 8 51 
4335 2 1 51 
4226 2 9 51 
4171 3 0 51 
4129 4 11 51 
4106 5 10 51 
3582 5 12 51 
3099 6 13 51 
2780 7 14 51 
2351 8 15 51 
2254 9 16 51 
2245 10 17 51 
2191 11 18 51 
1891 12 17 51 
1854 13 12 51 
1790 14 13 51 
1357 15 14 51 
1309 16 13 51 
816 17 12 51 
737 18 11 51 
402 19 10 51 
307 0 4 51 
246 0 6 51 
196 1 3 51 
75 1 7 51 
4916 2 2 51 
4763 2 8 51 
4725 3 1 51 
4512 3 9 51 
4461 4 0 51 
3960 5 11 51 
3581 6 10 51 
3464 6 12 51 
3310 7 13 51 
3059 8 14 51 
2842 9 15 51 
2797 10 16 51 
2197 11 17 51 
2147 12 16 51 
1956 14 12 51 
1561 15 13 51 
1555 16 12 51 
1300 17 11 51 
913 18 10 51 
612 19 9 51 
493 0 5 51 
211 1 4 51 
89 1 6 51 
4935 2 3 51 
4570 2 7 51 
4248 3 2 51 
4117 3 8 51 
3961 4 1 51 
2961 4 9 51 
2650 5 0 51 
2628 6 11 51 
2615 7 10 51 
2513 7 12 51 
2489 8 13 51 
2458 9 14 51 
2434 10 15 51 
2229 11 16 51 
2002 12 15 51 
1979 15 12 51 
1954 16 11 51 
1786 17 10 51 
1571 18 9 51 
1448 19 8 51 
1369 1 5 51 
1305 2 4 51 
1259 2 6 51 
1206 3 3 51 
717 3 7 51 
324 4 2 51 
190 4 8 51 
4796 5 1 51 
4785 5 9 51 
4375 6 0 51 
4318 7 11 51 
4081 8 10 51 
3238 8 12 51 
2949 9 13 51 
2690 10 14 51 
2689 11 15 51 
2682 12 14 51 
2565 15 11 51 
2521 16 10 51 
2425 17 9 51 
2409 18 8 51 
2408 19 7 51 
2062 2 5 51 
2030 3 4 51 
2011 3 6 51 
2001 4 3 51 
1906 4 7 51 
1775 5 2 51 
1761 5 8 51 
1729 6 1 51 
1652 6 9 51 
1282 8 11 51 
1188 9 12 51 
1024 10 13 51 
830 11 14 51 
780 12 13 51 
769 14 11 51 
482 15 10 51 
305 16 9 51 
4919 17 8 51 
4530 18 7 51 
4488 19 6 51 
4295 3 5 51 
4245 4 4 51 
4136 4 6 51 
3732 5 3 51 
3436 5 7 51 
3349 6 2 51 
2684 6 8 51 
2537 7 9 51 
2173 9 11 51 
1986 10 12 51 
1909 11 13 51 
1905 12 12 51 
1868 13 11 51 
1828 14 10 51 
1408 15 9 51 
1365 16 8 51 
1228 17 7 51 
952 18 6 51 
579 19 5 51 
259 4 5 51 
4827 5 4 51 
4811 5 6 51 
4252 6 3 51 
4242 6 7 51 
4113 7 8 51 
3804 8 9 51 
3371 9 10 51 
3279 10 11 51 
3213 11 12 51 
3159 12 11 51 
2763 13 10 51 
2648 14 9 51 
2557 15 8 51 
2432 16 7 51 
2392 17 6 51 
2234 18 5 51 
2117 19 4 51 
2010 5 5 51 
1864 6 4 51 
1829 6 6 51 
1732 7 7 51 
1472 8 8 51 
1054 9 9 51 
974 10 10 51 
831 11 11 51 
726 12 10 51 
670 13 9 51 
557 14 8 51 
437 15 7 51 
168 16 6 51 
124 17 5 51 
19 18 4 51 
4901 19 3 51 
4689 6 5 51 
4429 7 6 51 
4229 8 7 51 
4168 9 8 51 
4164 10 9 51 
4077 11 10 51 
4040 12 9 51 
4020 13 8 51 
3663 14 7 51 
3547 15 6 51 
3425 16 5 51 
3400 17 4 51 
3187 18 3 51 
2862 19 2 51 
2178 7 5 51 
1882 8 6 51 
1785 9 7 51 
1349 10 8 51 
1013 11 9 51 
767 12 8 51 
644 13 7 51 
625 14 6 51 
219 15 5 51 
21 16 4 51 
4958 17 3 51 
4834 18 2 51 
4764 19 1 51 
4701 7 4 51 
4480 8 5 51 
3190 9 6 51 
3142 10 7 51 
2933 11 8 51 
2901 12 7 51 
2423 13 6 51 
1982 14 5 51 
1913 15 4 51 
1622 16 3 51 
1133 17 2 51 
1053 18 1 51 
813 19 0 51 
803 7 3 51 
4230 8 4 51 
4037 9 5 51 
3796 10 6 51 
3741 11 7 51 
3556 12 6 51 
3172 13 5 51 
3034 14 4 51 
2999 15 3 51 
2047 16 2 51 
2023 17 1 51 
1693 18 0 51 
1333 7 2 51 
1252 8 3 51 
855 9 4 51 
453 10 5 51 
165 11 6 51 
59 12 5 51 
4441 13 4 51 
4032 14 3 51 
3682 15 2 51 
3655 16 1 51 
3170 17 0 51 
2787 7 1 51 
2577 8 2 51 
2467 9 3 51 
1661 10 4 51 
1149 11 5 51 
878 12 4 51 
374 13 3 51 
4896 14 2 51 
3621 15 1 51 
3402 16 0 51 
2507 7 0 51 
1679 8 1 51 
970 9 2 51 
554 10 3 51 
4683 11 4 51 
4607 12 3 51 
4253 13 2 51 
3969 14 1 51 
3806 15 0 51 
3793 8 0 51 
3654 9 1 51 
2928 10 2 51 
2882 11 3 51 
2598 12 2 51 
2496 13 1 51 
2415 14 0 51 
1336 9 0 51 
1289 10 1 51 
558 11 2 51 
4705 12 1 51 
4185 13 0 51 
3354 10 0 51 
2830 11 1 51 
4799 12 0 51 
4222 11 0 51 
1179 11 1 62 
2693 10 1 63 
3489 11 2 63 
283 12 1 62 
1277 9 1 63 
1287 10 2 63 
1366 11 3 63 
2212 12 2 63 
3086 13 1 63 
360 8 1 64 
452 9 2 64 
496 10 3 64 
1442 11 4 63 
1990 12 3 63 
4337 13 2 63 
4385 14 1 63 
1862 8 2 65 
2238 9 3 65 
3156 10 4 65 
104 11 5 65 
120 12 4 65 
242 13 3 65 
288 14 2 64 
1236 15 1 64 
1371 8 3 66 
2964 9 4 66 
3078 10 5 66 
4111 11 6 66 
4647 12 5 66 
218 13 4 65 
362 14 3 65 
892 15 2 65 
939 16 1 65 
1043 8 4 66 
1076 9 5 66 
1619 10 6 66 
2102 11 7 66 
4687 13 5 66 
583 14 4 66 
795 15 3 66 
1162 16 2 66 
3482 17 1 66 
4591 8 5 67 
147 9 6 67 
430 10 7 67 
953 11 8 67 
1777 14 5 67 
1814 15 4 67 
2123 16 3 67 
2747 17 2 67 
3439 18 1 67 
3583 8 6 68 
4612 9 7 68 
4 10 8 68 
801 11 9 68 
1375 12 8 68 
1997 15 5 68 
2028 16 4 68 
2387 17 3 67 
2575 18 2 67 
2676 7 6 68 
2850 8 7 68 
3416 9 8 68 
3534 10 9 68 
3622 11 10 68 
4146 12 9 68 
85 13 8 68 
653 16 5 68 
969 17 4 68 
1529 18 3 68 
1700 5 5 69 
2566 6 6 69 
2645 7 7 69 
3093 8 8 69 
4738 10 10 69 
4921 11 11 69 
879 12 10 69 
1001 13 9 69 
1098 14 8 69 
1439 17 5 69 
1810 18 4 69 
1825 4 5 70 
2258 5 4 69 
2553 5 6 69 
3554 6 7 69 
3651 7 8 69 
3701 10 11 69 
4025 11 12 69 
4055 13 10 69 
4870 14 9 69 
4937 15 8 69 
4949 0 19 76 
4582 0 18 76 
4521 1 19 76 
4406 0 17 76 
4261 1 18 76 
4134 2 19 76 
3849 0 16 76 
3848 1 17 76 
3814 2 18 76 
3467 3 19 76 
3334 19 19 76 
3325 0 15 76 
3276 1 16 76 
3248 2 17 76 
2822 3 18 76 
2653 4 19 76 
2514 18 19 76 
2461 19 18 76 
2359 0 14 76 
2156 1 15 76 
1920 2 16 76 
1718 3 17 76 
1505 4 18 76 
1413 5 19 76 
1323 13 19 76 
1083 17 19 76 
988 18 18 76 
510 19 17 76 
501 0 13 76 
483 1 14 76 
4889 2 15 76 
4631 3 16 76 
4532 4 17 76 
4523 5 18 76 
4209 6 19 76 
3719 13 18 76 
3662 14 19 76 
3485 16 19 76 
3432 17 18 76 
3235 18 17 76 
3185 19 16 76 
3021 0 10 76 
2909 0 12 76 
2655 1 13 76 
2534 2 14 76 
2480 3 15 76 
2326 4 16 76 
2246 5 17 76 
2057 6 18 76 
1988 7 19 76 
1975 13 17 76 
1677 14 18 76 
1609 15 19 76 
1604 16 18 76 
1033 17 17 76 
1022 18 16 76 
966 19 15 76 
785 0 11 76 
109 1 10 76 
39 1 12 76 
4914 2 13 76 
4890 3 14 76 
4851 4 15 76 
4803 5 16 76 
4802 6 17 76 
4574 7 18 76 
4528 8 19 76 
4410 13 16 76 
4382 14 17 76 
4231 15 18 76 
3994 16 17 76 
3359 17 16 76 
3124 18 15 76 
3120 19 14 76 
3028 0 0 76 
3022 1 11 76 
3014 2 10 76 
2958 2 12 76 
2124 3 13 76 
2006 4 14 76 
1987 5 15 76 
1981 6 16 76 
1789 7 17 76 
1756 8 18 76 
1696 9 19 76 
1554 13 15 76 
1487 14 16 76 
888 15 17 76 
731 16 16 76 
163 17 15 76 
10 18 14 76 
4955 19 13 76 
4572 0 1 76 
4535 0 9 76 
3989 1 0 76 
3984 2 11 76 
3896 3 10 76 
3456 3 12 76 
3219 4 13 76 
3171 5 14 76 
2931 6 15 76 
2710 7 16 76 
2681 8 17 76 
2141 9 18 76 
2040 10 19 76 
1747 12 19 76 
1746 13 14 76 
1438 14 15 76 
1384 15 16 76 
1214 16 15 76 
1030 17 14 76 
708 18 13 76 
595 19 12 76 
223 0 2 76 
29 0 8 76 
15 1 1 76 
4956 1 9 76 
4564 2 0 76 
4543 3 11 76 
4502 4 10 76 
4290 4 12 76 
4269 5 13 76 
4214 6 14 76 
3884 7 15 76 
3565 8 16 76 
3127 9 17 76 
3016 10 18 76 
2845 11 19 76 
2766 12 18 76 
2663 13 13 76 
2472 14 14 76 
2470 15 15 76 
2450 16 14 76 
2431 17 13 76 
2401 18 12 76 
2092 19 11 76 
2090 0 3 76 
2043 0 7 76 
2016 1 2 76 
1728 1 8 76 
1632 2 1 76 
1576 2 9 76 
1498 3 0 76 
1488 4 11 76 
1409 5 10 76 
1302 5 12 76 
1134 6 13 76 
1069 7 14 76 
935 8 15 76 
661 9 16 76 
551 10 17 76 
69 11 18 76 
4793 12 17 76 
4576 13 12 76 
4537 14 13 76 
4000 15 14 76 
3999 16 13 76 
3754 17 12 76 
3501 18 11 76 
3343 19 10 76 
3266 0 4 76 
3164 0 6 76 
3061 1 3 76 
3026 1 7 76 
3020 2 2 76 
2543 2 8 76 
2449 3 1 76 
2276 3 9 76 
1841 4 0 76 
1558 5 11 76 
1520 6 10 76 
1512 6 12 76 
1316 7 13 76 
1280 8 14 76 
1230 9 15 76 
1042 10 16 76 
889 11 17 76 
860 12 16 76 
810 14 12 76 
771 15 13 76 
754 16 12 76 
72 17 11 76 
4927 18 10 76 
4823 19 9 76 
4712 0 5 76 
4390 1 4 76 
3904 1 6 76 
3830 2 3 76 
3227 2 7 76 
2875 3 2 76 
2641 3 8 76 
2509 4 1 76 
2495 4 9 76 
2360 5 0 76 
1824 6 11 76 
1743 7 10 76 
1684 7 12 76 
1494 8 13 76 
1132 9 14 76 
975 10 15 76 
938 11 16 76 
258 12 15 76 
4924 15 12 76 
4667 16 11 76 
4407 17 10 76 
4380 18 9 76 
4362 19 8 76 
4126 1 5 76 
4074 2 4 76 
4018 2 6 76 
3854 3 3 76 
3674 3 7 76 
3605 4 2 76 
3529 4 8 76 
3017 5 1 76 
2863 5 9 76 
2638 6 0 76 
2629 7 11 76 
2536 8 10 76 
2435 8 12 76 
2355 9 13 76 
2300 10 14 76 
2259 11 15 76 
2232 12 14 76 
1933 15 11 76 
1807 16 10 76 
1767 17 9 76 
1672 18 8 76 
1631 19 7 76 
1521 2 5 76 
1435 3 4 76 
1362 3 6 76 
1078 4 3 76 
1051 4 7 76 
624 5 2 76 
543 5 8 76 
521 6 1 76 
321 6 9 76 
156 8 11 76 
140 9 12 76 
90 10 13 76 
86 11 14 76 
4864 12 13 76 
4404 14 11 76 
4366 15 10 76 
4207 16 9 76 
3991 17 8 76 
3836 18 7 76 
3755 19 6 76 
3552 3 5 76 
3373 4 4 76 
3042 4 6 76 
2920 5 3 76 
2869 5 7 76 
2567 6 2 76 
2559 6 8 76 
2444 7 9 76 
2418 9 11 76 
2362 10 12 76 
2165 11 13 76 
2139 12 12 76 
1977 13 11 76 
1917 14 10 76 
1186 15 9 76 
1104 16 8 76 
1090 17 7 76 
884 18 6 76 
817 19 5 76 
662 4 5 76 
608 5 4 76 
382 5 6 76 
351 6 3 76 
298 6 7 76 
28 7 8 76 
4309 8 9 76 
4114 9 10 76 
3928 10 11 76 
3832 11 12 76 
3828 12 11 76 
3347 13 10 76 
3160 14 9 76 
2437 15 8 76 
2282 16 7 76 
1809 17 6 76 
1562 18 5 76 
1482 19 4 76 
1380 5 5 76 
1327 6 4 76 
1152 6 6 76 
497 7 7 76 
193 8 8 76 
4472 9 9 76 
4413 10 10 76 
4263 11 11 76 
4041 12 10 76 
3816 13 9 76 
3762 14 8 76 
3569 15 7 76 
3538 16 6 76 
3369 17 5 76 
3205 18 4 76 
3167 19 3 76 
3104 6 5 76 
2795 7 6 76 
2395 8 7 76 
2280 9 8 76 
2093 10 9 76 
2087 11 10 76 
2042 12 9 76 
1916 13 8 76 
1706 14 7 76 
1640 15 6 76 
1586 16 5 76 
1476 17 4 76 
1441 18 3 76 
1169 19 2 76 
945 7 5 76 
630 8 6 76 
463 9 7 76 
367 10 8 76 
302 11 9 76 
78 12 8 76 
4359 13 7 76 
4086 14 6 76 
4005 15 5 76 
3083 16 4 76 
3041 17 3 76 
2749 18 2 76 
2649 19 1 76 
2562 7 4 76 
2560 8 5 76 
2150 9 6 76 
2089 10 7 76 
2052 11 8 76 
1878 12 7 76 
1866 13 6 76 
1477 14 5 76 
950 15 4 76 
626 16 3 76 
487 17 2 76 
440 18 1 76 
323 19 0 76 
52 7 3 76 
4781 8 4 76 
4696 9 5 76 
4685 10 6 76 
4121 11 7 76 
3692 12 6 76 
3689 13 5 76 
3448 14 4 76 
3361 15 3 76 
2959 16 2 76 
2688 17 1 76 
2622 18 0 76 
2115 7 2 76 
2101 8 3 76 
1947 9 4 76 
1812 10 5 76 
1334 11 6 76 
909 12 5 76 
868 13 4 76 
317 14 3 76 
255 15 2 76 
4510 16 1 76 
4105 17 0 76 
3780 7 1 76 
2634 8 2 76 
2354 9 3 76 
1541 10 4 76 
1055 11 5 76 
646 12 4 76 
537 13 3 76 
387 14 2 76 
297 15 1 76 
4906 16 0 76 
4054 7 0 76 
3821 8 1 76 
3681 9 2 76 
2865 10 3 76 
2750 11 4 76 
2122 12 3 76 
2050 13 2 76 
1668 14 1 76 
182 15 0 76 
4967 8 0 76 
4433 9 1 76 
3315 10 2 76 
2812 11 3 76 
2799 12 2 76 
2729 13 1 76 
2284 14 0 76 
1594 9 0 76 
547 10 1 76 
4593 11 2 76 
3191 12 1 76 
3137 13 0 76 
3073 10 0 76 
3046 11 1 76 
1440 12 0 76 
789 11 0 76 
3094 11 1 87 
3301 10 1 88 
692 11 2 87 
1549 12 1 87 
170 9 1 88 
2032 10 2 88 
2793 11 3 88 
3030 12 2 88 
3628 13 1 88 
38 8 1 89 
79 9 2 89 
420 10 3 89 
449 11 4 89 
1174 12 3 89 
2661 13 2 89 
3442 14 1 89 
4043 8 2 90 
119 9 3 90 
1064 10 4 90 
1848 11 5 90 
2000 12 4 90 
2902 13 3 90 
3082 14 2 90 
4606 15 1 90 
265 8 3 91 
1525 9 4 91 
2203 10 5 91 
3109 11 6 91 
4444 12 5 91 
4753 13 4 91 
176 14 3 91 
507 15 2 91 
804 16 1 90 
1225 8 4 91 
1301 9 5 91 
1490 10 6 91 
1556 11 7 91 
2076 13 5 91 
3103 14 4 91 
3617 15 3 91 
3650 16 2 91 
3699 17 1 91 
3711 8 5 92 
4091 9 6 92 
4465 10 7 92 
4944 11 8 92 
634 14 5 92 
1100 15 4 92 
1303 16 3 92 
2216 17 2 92 
2720 18 1 92 
2857 8 6 93 
3108 9 7 93 
3449 10 8 93 
4009 11 9 93 
113 12 8 93 
202 15 5 92 
289 16 4 92 
768 17 3 92 
976 18 2 92 
1641 7 6 93 
1837 8 7 93 
2296 9 8 93 
2350 10 9 93 
2358 11 10 93 
3049 12 9 93 
3395 13 8 93 
4021 16 5 93 
4304 17 4 93 
4575 18 3 93 
4912 5 5 94 
4960 6 6 94 
904 7 7 94 
1058 8 8 94 
1647 10 10 93 
1815 11 11 93 
2611 12 10 93 
3499 13 9 93 
4044 14 8 93 
4688 17 5 93 
491 18 4 93 
561 4 5 95 
774 5 4 95 
1453 5 6 95 
1639 6 7 95 
1969 7 8 95 
2394 10 11 94 
2662 11 12 94 
3367 13 10 94 
3704 14 9 94 
4293 15 8 94 
4344 18 5 94 
