1668
4496 0 10 1 
4261 0 11 1 
4190 0 19 1 
4143 1 10 1 
4120 7 10 1 
3938 0 12 1 
3876 0 18 1 
3533 1 11 1 
3467 1 19 1 
3367 2 10 1 
3188 5 19 1 
3015 6 10 1 
2970 7 11 1 
2890 0 13 1 
2875 0 17 1 
2794 1 12 1 
2514 1 18 1 
2064 2 11 1 
1955 2 19 1 
1848 3 10 1 
1720 4 19 1 
1392 5 10 1 
1384 5 18 1 
1328 6 11 1 
1275 7 12 1 
816 0 14 1 
762 0 16 1 
461 1 13 1 
460 1 17 1 
230 2 12 1 
206 2 18 1 
33 3 11 1 
22 3 19 1 
16 4 10 1 
4454 4 18 1 
4400 5 11 1 
4229 6 12 1 
4206 7 13 1 
4195 0 15 1 
4182 1 14 1 
4164 1 16 1 
3565 2 13 1 
3560 2 17 1 
3452 3 12 1 
3343 3 18 1 
3278 4 11 1 
3243 5 12 1 
2975 6 13 1 
2618 1 15 1 
2359 2 14 1 
2247 2 16 1 
2226 3 13 1 
1976 3 17 1 
1782 4 12 1 
1743 5 13 1 
1733 2 15 1 
1571 3 14 1 
1558 3 16 1 
1519 4 13 1 
1117 4 17 1 
581 3 15 1 
408 4 14 1 
155 4 16 1 
50 5 17 1 
4455 4 15 1 
4033 5 14 1 
3502 5 16 1 
3445 6 17 1 
3440 5 15 1 
2919 6 14 1 
2453 6 16 1 
2412 7 17 1 
2199 6 15 1 
2047 6 19 1 
1646 7 14 1 
1614 7 16 1 
1420 19 14 1 
1343 6 18 1 
1213 7 15 1 
1176 7 19 1 
1057 8 14 1 
941 18 14 1 
868 19 13 1 
518 19 15 1 
72 7 18 1 
4374 8 15 1 
4343 8 19 1 
4025 9 14 1 
3971 18 13 1 
3950 18 15 1 
3834 19 10 1 
3790 19 12 1 
3707 19 16 1 
3651 8 16 1 
3504 8 18 1 
3419 9 15 1 
3411 9 19 1 
3369 10 14 1 
3282 17 15 1 
3184 18 10 1 
2870 18 12 1 
2825 18 16 1 
2811 19 11 1 
2749 19 17 1 
2587 19 19 1 
2525 8 17 1 
2522 9 16 1 
1836 9 18 1 
1793 10 15 1 
1552 10 19 1 
1405 11 14 1 
1282 17 10 1 
1010 17 12 1 
930 17 16 1 
924 18 11 1 
905 18 17 1 
683 18 19 1 
559 19 0 1 
366 19 2 1 
350 19 18 1 
327 9 17 1 
202 10 16 1 
129 10 18 1 
4365 11 15 1 
3943 11 19 1 
3635 16 10 1 
3163 17 11 1 
2840 17 17 1 
2363 17 19 1 
2331 18 0 1 
2302 18 2 1 
2201 18 18 1 
1860 19 1 1 
1581 19 9 1 
1537 10 17 1 
1363 11 16 1 
963 11 18 1 
674 12 19 1 
660 14 19 1 
513 15 10 1 
396 16 11 1 
357 16 19 1 
292 17 0 1 
275 17 2 1 
225 17 18 1 
134 18 1 1 
108 18 9 1 
25 19 8 1 
4520 11 17 1 
4437 12 18 1 
4373 13 19 1 
4268 14 18 1 
4021 15 11 1 
3823 15 19 1 
3666 16 0 1 
3336 16 2 1 
3288 16 12 1 
3245 16 18 1 
3204 17 1 1 
3025 17 13 1 
2645 18 8 1 
2640 19 7 1 
2531 12 17 1 
2450 13 0 1 
1934 13 18 1 
1658 15 0 1 
1655 15 2 1 
1613 15 12 1 
1169 15 18 1 
997 16 1 1 
708 16 13 1 
527 16 17 1 
369 17 14 1 
54 18 7 1 
4386 19 6 1 
4180 12 16 1 
4123 13 1 1 
4103 13 17 1 
4013 14 0 1 
3534 14 8 1 
3477 15 1 1 
3476 15 9 1 
2962 15 13 1 
2759 15 17 1 
2707 16 14 1 
2595 16 16 1 
2577 17 9 1 
2096 18 6 1 
2026 19 3 1 
1944 19 5 1 
1788 13 2 1 
1568 13 16 1 
940 14 1 1 
786 14 17 1 
758 15 8 1 
665 15 14 1 
147 15 16 1 
109 16 9 1 
82 16 15 1 
4393 17 8 1 
4326 18 3 1 
4151 18 5 1 
4144 19 4 1 
4061 13 3 1 
3828 14 2 1 
3818 14 16 1 
3775 15 15 1 
3772 16 8 1 
3685 17 3 1 
3478 17 5 1 
3203 17 7 1 
2873 18 4 1 
2844 14 3 1 
2690 14 15 1 
2501 16 3 1 
2389 16 7 1 
2120 17 4 1 
1950 17 6 1 
1621 13 15 1 
1575 14 14 1 
1535 15 3 1 
1406 15 7 1 
1393 16 4 1 
961 16 6 1 
893 12 15 1 
848 13 14 1 
457 14 13 1 
195 15 4 1 
164 15 6 1 
112 16 5 1 
4253 12 14 1 
4129 13 13 1 
4087 14 4 1 
3849 14 12 1 
3710 15 5 1 
3620 4 9 1 
3545 8 13 1 
3386 12 13 1 
3007 13 4 1 
2913 13 12 1 
2848 14 5 1 
2764 14 7 1 
2708 14 9 1 
2666 14 11 1 
2603 3 9 1 
2589 4 6 1 
2426 4 8 1 
2315 8 12 1 
1953 9 13 1 
1175 11 13 1 
998 12 12 1 
864 13 5 1 
853 13 9 1 
732 13 11 1 
704 14 6 1 
328 14 10 1 
317 0 9 1 
274 2 9 1 
4165 3 6 1 
3951 3 8 1 
3856 4 7 1 
3736 8 11 1 
3514 9 12 1 
3486 10 13 1 
3422 11 12 1 
3384 12 5 1 
3150 12 11 1 
3146 13 6 1 
3090 13 10 1 
3060 0 8 1 
2958 1 9 1 
2953 2 8 1 
2744 3 7 1 
2736 9 11 1 
2303 10 12 1 
2213 11 5 1 
2073 11 11 1 
1315 12 6 1 
1283 12 10 1 
1139 13 7 1 
1086 0 7 1 
619 1 8 1 
221 2 7 1 
188 10 11 1 
4115 11 6 1 
4034 11 10 1 
3955 12 7 1 
3857 12 9 1 
3735 13 8 1 
2925 0 6 1 
2879 1 7 1 
2789 2 6 1 
2463 3 5 1 
2385 8 10 1 
2299 10 10 1 
2262 11 7 1 
2222 11 9 1 
2148 12 8 1 
2111 0 5 1 
1708 1 6 1 
1704 2 5 1 
1531 3 4 1 
1424 9 10 1 
1310 10 9 1 
1302 11 8 1 
1126 0 4 1 
1096 1 5 1 
492 2 4 1 
4490 9 9 1 
4444 10 8 1 
4016 0 3 1 
3996 1 4 1 
3835 2 3 1 
3745 8 9 1 
3348 9 8 1 
3328 10 5 1 
3239 10 7 1 
3076 0 0 1 
2918 0 2 1 
2801 1 3 1 
2146 2 2 1 
1961 7 9 1 
1784 8 8 1 
954 9 5 1 
784 9 7 1 
696 10 6 1 
667 0 1 1 
561 1 0 1 
554 1 2 1 
281 6 9 1 
4308 7 8 1 
3854 8 5 1 
3528 8 7 1 
2950 9 6 1 
2258 1 1 1 
1726 2 0 1 
1529 5 9 1 
1486 6 8 1 
1407 7 7 1 
1303 8 6 1 
1197 2 1 1 
1111 3 0 1 
213 5 8 1 
2 6 7 1 
4157 7 6 1 
3766 3 1 1 
3005 4 0 1 
2741 5 7 1 
1325 6 6 1 
1290 7 5 1 
1124 3 2 1 
1100 4 1 1 
874 4 5 1 
857 5 0 1 
849 5 6 1 
773 6 5 1 
701 3 3 1 
654 4 2 1 
571 4 4 1 
562 5 1 1 
358 5 5 1 
26 4 3 1 
4111 5 2 1 
3953 5 4 1 
3224 5 3 1 
3212 6 0 1 
2895 6 2 1 
2229 6 4 1 
2162 6 1 1 
1672 6 3 1 
1399 7 0 1 
979 7 4 1 
817 7 1 1 
720 7 3 1 
595 8 0 1 
376 8 4 1 
183 7 2 1 
3752 8 1 1 
2980 8 3 1 
2552 9 0 1 
1972 9 4 1 
1908 8 2 1 
892 9 1 1 
382 9 3 1 
30 10 0 1 
4525 10 4 1 
4357 9 2 1 
3901 10 1 1 
3566 10 3 1 
2408 11 4 1 
2356 10 2 1 
1253 11 3 1 
1114 12 4 1 
878 11 2 1 
825 12 3 1 
671 11 1 1 
4515 12 2 1 
3836 11 0 1 
2218 12 1 1 
1507 12 0 1 
244 11 3 12 
975 10 3 12 
1709 9 1 13 
1987 8 1 13 
870 4 1 15 
29 1 3 17 
490 10 9 18 
635 1 8 19 
1104 12 7 18 
3430 12 6 19 
372 9 12 19 
1375 13 11 20 
1654 13 12 20 
1727 13 13 20 
3052 13 14 21 
689 18 4 21 
3661 16 1 23 
4524 0 10 26 
4225 0 11 26 
4181 0 19 26 
4020 1 10 26 
3837 7 10 26 
3683 0 12 26 
3677 0 18 26 
3607 1 11 26 
3493 1 19 26 
3218 2 10 26 
3217 5 19 26 
3158 6 10 26 
3067 7 11 26 
3066 0 13 26 
2800 0 17 26 
2723 1 12 26 
2697 1 18 26 
2638 2 11 26 
2585 2 19 26 
2431 3 10 26 
2351 4 19 26 
2098 5 10 26 
2023 5 18 26 
2016 6 11 26 
1899 7 12 26 
1894 0 14 26 
1801 0 16 26 
1737 1 13 26 
1735 1 17 26 
1530 2 12 26 
1194 2 18 26 
1187 3 11 26 
955 3 19 26 
770 4 10 26 
611 4 18 26 
172 5 11 26 
150 6 12 26 
4329 7 13 26 
4252 0 15 26 
3991 1 14 26 
3817 1 16 26 
3636 2 13 26 
3543 2 17 26 
3377 3 12 26 
3065 3 18 26 
3035 4 11 26 
3010 5 12 26 
2896 6 13 26 
2837 1 15 26 
2515 2 14 26 
2404 2 16 26 
2251 3 13 26 
2248 3 17 26 
2195 4 12 26 
2140 5 13 26 
1952 2 15 26 
1897 3 14 26 
1775 3 16 26 
1713 4 13 26 
1484 4 17 26 
1366 3 15 26 
1210 4 14 26 
983 4 16 26 
482 5 17 26 
291 4 15 26 
122 5 14 26 
4471 5 16 26 
4414 6 17 26 
4361 5 15 26 
4325 6 14 26 
4163 6 16 26 
4030 7 17 26 
3982 6 15 26 
3812 6 19 26 
3803 7 14 26 
3755 7 16 26 
3714 19 14 26 
3576 6 18 26 
3389 7 15 26 
3365 7 19 26 
3351 8 14 26 
3170 18 14 26 
3129 19 13 26 
2836 19 15 26 
2663 7 18 26 
2619 8 15 26 
2349 8 19 26 
2264 9 14 26 
2182 18 13 26 
1635 18 15 26 
1603 19 10 26 
1523 19 12 26 
1444 19 16 26 
1373 8 16 26 
1256 8 18 26 
1222 9 15 26 
726 9 19 26 
679 10 14 26 
360 17 15 26 
351 18 10 26 
293 18 12 26 
268 18 16 26 
4546 19 11 26 
4476 19 17 26 
4198 19 19 26 
4099 8 17 26 
4055 9 16 26 
3868 9 18 26 
3728 10 15 26 
3697 10 19 26 
3541 11 14 26 
3526 17 10 26 
2766 17 12 26 
2748 17 16 26 
2656 18 11 26 
2278 18 17 26 
1882 18 19 26 
1769 19 0 26 
1563 19 2 26 
1471 19 18 26 
1321 9 17 26 
1268 10 16 26 
1254 10 18 26 
1249 11 15 26 
535 11 19 26 
416 16 10 26 
138 17 11 26 
4146 17 17 26 
3946 17 19 26 
3917 18 0 26 
3865 18 2 26 
3850 18 18 26 
3584 19 1 26 
3536 19 9 26 
3499 10 17 26 
3373 11 16 26 
3181 11 18 26 
2999 12 19 26 
2831 14 19 26 
2780 15 10 26 
1766 16 11 26 
1579 16 19 26 
1255 17 0 26 
1151 17 2 26 
1109 17 18 26 
1026 18 1 26 
822 18 9 26 
715 19 8 26 
623 11 17 26 
498 12 18 26 
483 13 19 26 
228 14 18 26 
173 15 11 26 
4068 15 19 26 
3879 16 0 26 
3846 16 2 26 
3581 16 12 26 
3522 16 18 26 
3407 17 1 26 
3352 17 13 26 
3147 18 8 26 
2938 19 7 26 
2892 12 17 26 
2845 13 0 26 
2729 13 18 26 
2057 15 0 26 
1999 15 2 26 
1940 15 12 26 
1725 15 18 26 
1574 16 1 26 
1528 16 13 26 
1414 16 17 26 
1295 17 14 26 
1170 18 7 26 
1061 19 6 26 
858 12 16 26 
417 13 1 26 
412 13 17 26 
286 14 0 26 
222 14 8 26 
4313 15 1 26 
4285 15 9 26 
4019 15 13 26 
4001 15 17 26 
3960 16 14 26 
3815 16 16 26 
3656 17 9 26 
3596 18 6 26 
3444 19 3 26 
3219 19 5 26 
3023 13 2 26 
2993 13 16 26 
2715 14 1 26 
2706 14 17 26 
2242 15 8 26 
2093 15 14 26 
2009 15 16 26 
2000 16 9 26 
1983 16 15 26 
1875 17 8 26 
1798 18 3 26 
1687 18 5 26 
1686 19 4 26 
1450 13 3 26 
1070 14 2 26 
1065 14 16 26 
1011 15 15 26 
909 16 8 26 
902 17 3 26 
641 17 5 26 
574 17 7 26 
383 18 4 26 
335 14 3 26 
106 14 15 26 
4461 16 3 26 
3701 16 7 26 
3416 17 4 26 
3121 17 6 26 
2863 13 15 26 
2676 14 14 26 
2673 15 3 26 
2657 15 7 26 
2548 16 4 26 
2535 16 6 26 
2310 12 15 26 
2250 13 14 26 
2104 14 13 26 
1920 15 4 26 
1842 15 6 26 
1544 16 5 26 
1513 12 14 26 
1195 13 13 26 
1080 14 4 26 
1051 14 12 26 
4441 15 5 26 
4422 4 9 26 
4312 8 13 26 
4141 12 13 26 
3747 13 4 26 
3713 13 12 26 
3325 14 5 26 
3266 14 7 26 
3171 14 9 26 
3167 14 11 26 
2945 3 9 26 
2936 4 6 26 
2654 4 8 26 
2609 8 12 26 
2511 9 13 26 
2317 11 13 26 
2123 12 12 26 
2088 13 5 26 
1970 13 9 26 
1777 13 11 26 
1757 14 6 26 
1589 14 10 26 
1449 0 9 26 
1196 2 9 26 
1099 3 6 26 
959 3 8 26 
787 4 7 26 
549 8 11 26 
469 9 12 26 
198 10 13 26 
4491 11 12 26 
4391 12 5 26 
4284 12 11 26 
3921 13 6 26 
3652 13 10 26 
3446 0 8 26 
3131 1 9 26 
3119 2 8 26 
2943 3 7 26 
2468 9 11 26 
2149 10 12 26 
1642 11 5 26 
1617 11 11 26 
1550 12 6 26 
1340 12 10 26 
1313 13 7 26 
1093 0 7 26 
824 1 8 26 
509 2 7 26 
402 10 11 26 
160 11 6 26 
12 11 10 26 
4389 12 7 26 
4220 12 9 26 
4147 13 8 26 
4012 0 6 26 
3981 1 7 26 
3948 2 6 26 
3861 3 5 26 
3787 8 10 26 
3551 10 10 26 
3295 11 7 26 
3055 11 9 26 
2621 12 8 26 
2599 0 5 26 
2504 1 6 26 
2124 2 5 26 
1739 3 4 26 
1734 9 10 26 
1451 10 9 26 
1147 11 8 26 
801 0 4 26 
688 1 5 26 
631 2 4 26 
330 9 9 26 
190 10 8 26 
35 0 3 26 
4508 1 4 26 
4406 2 3 26 
4340 8 9 26 
4246 9 8 26 
4231 10 5 26 
4070 10 7 26 
4026 0 0 26 
4004 0 2 26 
3883 1 3 26 
2846 2 2 26 
2348 7 9 26 
2291 8 8 26 
2214 9 5 26 
2171 9 7 26 
1644 10 6 26 
1365 0 1 26 
1350 1 0 26 
1285 1 2 26 
765 6 9 26 
102 7 8 26 
4544 8 5 26 
4263 8 7 26 
4171 9 6 26 
4134 1 1 26 
4102 2 0 26 
3973 5 9 26 
3847 6 8 26 
3723 7 7 26 
3335 8 6 26 
2922 2 1 26 
2783 3 0 26 
2730 5 8 26 
2329 6 7 26 
2168 7 6 26 
2066 3 1 26 
1975 4 0 26 
1688 5 7 26 
1625 6 6 26 
1463 7 5 26 
1368 3 2 26 
894 4 1 26 
503 4 5 26 
450 5 0 26 
282 5 6 26 
4328 6 5 26 
4320 3 3 26 
4294 4 2 26 
3383 4 4 26 
3283 5 1 26 
2689 5 5 26 
2336 4 3 26 
2032 5 2 26 
1600 5 4 26 
1586 5 3 26 
1383 6 0 26 
1180 6 2 26 
1141 6 4 26 
614 6 1 26 
541 6 3 26 
4130 7 0 26 
3987 7 4 26 
3412 7 1 26 
3237 7 3 26 
2536 8 0 26 
2384 8 4 26 
2268 7 2 26 
2186 8 1 26 
2156 8 3 26 
1146 9 0 26 
1013 9 4 26 
841 8 2 26 
59 9 1 26 
4480 9 3 26 
3643 10 0 26 
3462 10 4 26 
3354 9 2 26 
2731 10 1 26 
2365 10 3 26 
2238 11 4 26 
1781 10 2 26 
1019 11 3 26 
3936 12 4 26 
2726 11 2 26 
926 12 3 26 
736 11 1 26 
139 12 2 26 
4199 11 0 26 
3382 12 1 26 
1546 12 0 26 
2277 11 3 38 
4060 10 3 38 
1674 9 1 39 
207 8 1 39 
512 4 1 41 
3829 1 3 42 
3884 10 9 43 
2491 1 8 44 
3180 12 7 43 
3164 12 6 44 
1432 9 12 45 
2342 13 11 45 
3274 13 12 45 
3378 13 13 46 
4045 13 14 46 
606 18 4 47 
1191 16 1 48 
3957 0 10 51 
3405 0 11 51 
3401 0 19 51 
3270 1 10 51 
3074 7 10 51 
2883 0 12 51 
2826 0 18 51 
2814 1 11 51 
2662 1 19 51 
2633 2 10 51 
2564 5 19 51 
2518 6 10 51 
2483 7 11 51 
2259 0 13 51 
2169 0 17 51 
1936 1 12 51 
1919 1 18 51 
1656 2 11 51 
1462 2 19 51 
1208 3 10 51 
1172 4 19 51 
1112 5 10 51 
972 5 18 51 
750 6 11 51 
647 7 12 51 
496 0 14 51 
304 0 16 51 
289 1 13 51 
4503 1 17 51 
4390 2 12 51 
4175 2 18 51 
4161 3 11 51 
4149 3 19 51 
4079 4 10 51 
3510 4 18 51 
3395 5 11 51 
3393 6 12 51 
3379 7 13 51 
2369 0 15 51 
2206 1 14 51 
2184 1 16 51 
2112 2 13 51 
2094 2 17 51 
1941 3 12 51 
1930 3 18 51 
1831 4 11 51 
1824 5 12 51 
1738 6 13 51 
1335 1 15 51 
838 2 14 51 
815 2 16 51 
713 3 13 51 
467 3 17 51 
428 4 12 51 
7 5 13 51 
4537 2 15 51 
4392 3 14 51 
4072 3 16 51 
3794 4 13 51 
3779 4 17 51 
3562 3 15 51 
3511 4 14 51 
3463 4 16 51 
3341 5 17 51 
3198 4 15 51 
3148 5 14 51 
2979 5 16 51 
2699 6 17 51 
2561 5 15 51 
2507 6 14 51 
2492 6 16 51 
2487 7 17 51 
2466 6 15 51 
2065 6 19 51 
2004 7 14 51 
1935 7 16 51 
1747 19 14 51 
1583 6 18 51 
783 7 15 51 
738 7 19 51 
610 8 14 51 
495 18 14 51 
381 19 13 51 
254 19 15 51 
4517 7 18 51 
4209 8 15 51 
4188 8 19 51 
4178 9 14 51 
4168 18 13 51 
3573 18 15 51 
3449 19 10 51 
3277 19 12 51 
3094 19 16 51 
2989 8 16 51 
2941 8 18 51 
2899 9 15 51 
2893 9 19 51 
2823 10 14 51 
2788 17 15 51 
2752 18 10 51 
2655 18 12 51 
2644 18 16 51 
2572 19 11 51 
2352 19 17 51 
2285 19 19 51 
2176 8 17 51 
1990 9 16 51 
1984 9 18 51 
1700 10 15 51 
1682 10 19 51 
1661 11 14 51 
1594 17 10 51 
1504 17 12 51 
1421 17 16 51 
1154 18 11 51 
1150 18 17 51 
1064 18 19 51 
1060 19 0 51 
935 19 2 51 
920 19 18 51 
844 9 17 51 
756 10 16 51 
491 10 18 51 
488 11 15 51 
452 11 19 51 
395 16 10 51 
310 17 11 51 
201 17 17 51 
4551 17 19 51 
4416 18 0 51 
4375 18 2 51 
4273 18 18 51 
3870 19 1 51 
3721 19 9 51 
3498 10 17 51 
3375 11 16 51 
3247 11 18 51 
3236 12 19 51 
3229 14 19 51 
2954 15 10 51 
2881 16 11 51 
2596 16 19 51 
2416 17 0 51 
2323 17 2 51 
1923 17 18 51 
1820 18 1 51 
1749 18 9 51 
1710 19 8 51 
1433 11 17 51 
1157 12 18 51 
1138 13 19 51 
1030 14 18 51 
968 15 11 51 
401 15 19 51 
302 16 0 51 
121 16 2 51 
75 16 12 51 
68 16 18 51 
4536 17 1 51 
4415 17 13 51 
4109 18 8 51 
3980 19 7 51 
3933 12 17 51 
3897 13 0 51 
3784 13 18 51 
3653 15 0 51 
3605 15 2 51 
3557 15 12 51 
3454 15 18 51 
3364 16 1 51 
3353 16 13 51 
3307 16 17 51 
3199 17 14 51 
3130 18 7 51 
3070 19 6 51 
3026 12 16 51 
3011 13 1 51 
2903 13 17 51 
2897 14 0 51 
2886 14 8 51 
2834 15 1 51 
2829 15 9 51 
2232 15 13 51 
2102 15 17 51 
1826 16 14 51 
1792 16 16 51 
1648 17 9 51 
1229 18 6 51 
1149 19 3 51 
710 19 5 51 
577 13 2 51 
551 13 16 51 
464 14 1 51 
184 14 17 51 
145 15 8 51 
63 15 14 51 
4456 15 16 51 
4446 16 9 51 
4382 16 15 51 
4240 17 8 51 
4218 18 3 51 
4207 18 5 51 
4193 19 4 51 
4088 13 3 51 
3977 14 2 51 
3945 14 16 51 
3715 15 15 51 
3679 16 8 51 
3655 17 3 51 
3516 17 5 51 
3280 17 7 51 
2594 18 4 51 
2521 14 3 51 
2474 14 15 51 
2386 16 3 51 
2205 16 7 51 
2055 17 4 51 
1938 17 6 51 
1794 13 15 51 
1129 14 14 51 
733 15 3 51 
523 15 7 51 
403 16 4 51 
391 16 6 51 
322 12 15 51 
189 13 14 51 
141 14 13 51 
4556 15 4 51 
4385 15 6 51 
4333 16 5 51 
3992 12 14 51 
3902 13 13 51 
3826 14 4 51 
3760 14 12 51 
3659 15 5 51 
3641 4 9 51 
3592 8 13 51 
3577 12 13 51 
3273 13 4 51 
2785 13 12 51 
2777 14 5 51 
2703 14 7 51 
2530 14 9 51 
2443 14 11 51 
2437 3 9 51 
2432 4 6 51 
2276 4 8 51 
2260 8 12 51 
2161 9 13 51 
2051 11 13 51 
1906 12 12 51 
1133 13 5 51 
339 13 9 51 
270 13 11 51 
211 14 6 51 
4316 14 10 51 
4196 0 9 51 
4093 2 9 51 
4040 3 6 51 
4023 3 8 51 
4007 4 7 51 
3711 8 11 51 
3671 9 12 51 
3459 10 13 51 
3370 11 12 51 
3321 12 5 51 
3254 12 11 51 
3206 13 6 51 
3183 13 10 51 
3088 0 8 51 
2972 1 9 51 
2911 2 8 51 
2815 3 7 51 
2488 9 11 51 
2266 10 12 51 
2241 11 5 51 
2137 11 11 51 
1816 12 6 51 
1780 12 10 51 
1675 13 7 51 
1660 0 7 51 
1649 1 8 51 
1543 2 7 51 
1209 10 11 51 
1083 11 6 51 
1012 11 10 51 
993 12 7 51 
766 12 9 51 
722 13 8 51 
712 0 6 51 
661 1 7 51 
433 2 6 51 
4470 3 5 51 
4465 8 10 51 
4447 10 10 51 
4387 11 7 51 
4217 11 9 51 
4112 12 8 51 
4108 0 5 51 
3983 1 6 51 
3956 2 5 51 
3781 3 4 51 
3564 9 10 51 
3124 10 9 51 
3118 11 8 51 
3093 0 4 51 
2948 1 5 51 
2888 2 4 51 
2772 9 9 51 
2632 10 8 51 
2216 0 3 51 
1339 1 4 51 
861 2 3 51 
4460 8 9 51 
4242 9 8 51 
3718 10 5 51 
3598 10 7 51 
3501 0 0 51 
2648 0 2 51 
2265 1 3 51 
1573 2 2 51 
1276 7 9 51 
1200 8 8 51 
1193 9 5 51 
937 9 7 51 
4137 10 6 51 
4009 0 1 51 
3587 1 0 51 
3580 1 2 51 
3465 6 9 51 
3311 7 8 51 
3138 8 5 51 
3082 8 7 51 
2613 9 6 51 
2553 1 1 51 
2191 2 0 51 
2105 5 9 51 
1516 6 8 51 
1418 7 7 51 
1329 8 6 51 
931 2 1 51 
542 3 0 51 
200 5 8 51 
4547 6 7 51 
4448 7 6 51 
3748 3 1 51 
3644 4 0 51 
3527 5 7 51 
3142 6 6 51 
2992 7 5 51 
2967 3 2 51 
2773 4 1 51 
2100 4 5 51 
1918 5 0 51 
1681 5 6 51 
1040 6 5 51 
431 3 3 51 
305 4 2 51 
284 4 4 51 
233 5 1 51 
4488 5 5 51 
4358 4 3 51 
3455 5 2 51 
2910 5 4 51 
2769 5 3 51 
2508 6 0 51 
2293 6 2 51 
2019 6 4 51 
1630 6 1 51 
1499 6 3 51 
1496 7 0 51 
4191 7 4 51 
4135 7 1 51 
4107 7 3 51 
3396 8 0 51 
1346 8 4 51 
904 7 2 51 
519 8 1 51 
432 8 3 51 
67 9 0 51 
4557 9 4 51 
4433 8 2 51 
4085 9 1 51 
4074 9 3 51 
3875 10 0 51 
3609 10 4 51 
3485 9 2 51 
3347 10 1 51 
3310 10 3 51 
2631 11 4 51 
2574 10 2 51 
2301 11 3 51 
1697 12 4 51 
1480 11 2 51 
3484 12 3 51 
3097 11 1 51 
2856 12 2 51 
2449 11 0 51 
1306 12 1 51 
435 12 0 51 
2818 11 3 63 
1730 10 3 63 
2254 9 1 63 
714 8 1 64 
278 4 1 66 
283 1 3 68 
4081 10 9 69 
1153 1 8 70 
1214 12 7 70 
447 12 6 70 
2820 9 12 70 
4000 13 11 71 
4362 13 12 71 
751 13 13 71 
1072 13 14 72 
1119 18 4 72 
2701 16 1 73 
4535 0 10 76 
4317 0 11 76 
4293 0 19 76 
4150 1 10 76 
4096 7 10 76 
3880 0 12 76 
3820 0 18 76 
3810 1 11 76 
3657 1 19 76 
3601 2 10 76 
3531 5 19 76 
3466 6 10 76 
3397 7 11 76 
3047 0 13 76 
2871 0 17 76 
2427 1 12 76 
2175 1 18 76 
2075 2 11 76 
2007 2 19 76 
1982 3 10 76 
1979 4 19 76 
1928 5 10 76 
1804 5 18 76 
1538 6 11 76 
1442 7 12 76 
1419 0 14 76 
1409 0 16 76 
1225 1 13 76 
1179 1 17 76 
1174 2 12 76 
862 2 18 76 
628 3 11 76 
585 3 19 76 
486 4 10 76 
455 4 18 76 
389 5 11 76 
266 6 12 76 
161 7 13 76 
4550 0 15 76 
4519 1 14 76 
4424 1 16 76 
4401 2 13 76 
4364 2 17 76 
4244 3 12 76 
4235 3 18 76 
3742 4 11 76 
3588 5 12 76 
3421 6 13 76 
3329 1 15 76 
3291 2 14 76 
3257 2 16 76 
3020 3 13 76 
2928 3 17 76 
2900 4 12 76 
2623 5 13 76 
2546 2 15 76 
2387 3 14 76 
2309 3 16 76 
2294 4 13 76 
2227 4 17 76 
2015 3 15 76 
1888 4 14 76 
1853 4 16 76 
1699 5 17 76 
1457 4 15 76 
1379 5 14 76 
1090 5 16 76 
943 6 17 76 
636 5 15 76 
448 6 14 76 
111 6 16 76 
49 7 17 76 
4349 6 15 76 
4201 6 19 76 
4116 7 14 76 
4083 7 16 76 
4051 19 14 76 
3754 6 18 76 
3699 7 15 76 
3650 7 19 76 
3210 8 14 76 
3189 18 14 76 
3137 19 13 76 
3087 19 15 76 
3042 7 18 76 
2952 8 15 76 
2582 8 19 76 
2493 9 14 76 
2281 18 13 76 
1864 18 15 76 
1805 19 10 76 
1764 19 12 76 
1756 19 16 76 
1521 8 16 76 
1493 8 18 76 
1143 9 15 76 
929 9 19 76 
777 10 14 76 
673 17 15 76 
552 18 10 76 
52 18 12 76 
4466 18 16 76 
4438 19 11 76 
4132 19 17 76 
3958 19 19 76 
3939 8 17 76 
3908 9 16 76 
3767 9 18 76 
3704 10 15 76 
3435 10 19 76 
3417 11 14 76 
2711 17 10 76 
2637 17 12 76 
2584 17 16 76 
2489 18 11 76 
2187 18 17 76 
2183 18 19 76 
2106 19 0 76 
2042 19 2 76 
1971 19 18 76 
1786 9 17 76 
1761 10 16 76 
1623 10 18 76 
1476 11 15 76 
1219 11 19 76 
399 16 10 76 
380 17 11 76 
344 17 17 76 
316 17 19 76 
229 18 0 76 
224 18 2 76 
4542 18 18 76 
4457 19 1 76 
4331 19 9 76 
4309 10 17 76 
4256 11 16 76 
4232 11 18 76 
4179 12 19 76 
4140 14 19 76 
4003 15 10 76 
3863 16 11 76 
3759 16 19 76 
3632 17 0 76 
3471 17 2 76 
3286 17 18 76 
3222 18 1 76 
3018 18 9 76 
2861 19 8 76 
2859 11 17 76 
2803 12 18 76 
2641 13 19 76 
2576 14 18 76 
2510 15 11 76 
2314 15 19 76 
2003 16 0 76 
1996 16 2 76 
1783 16 12 76 
1110 16 18 76 
965 17 1 76 
847 17 13 76 
622 18 8 76 
533 19 7 76 
529 12 17 76 
73 13 0 76 
4397 13 18 76 
4133 15 0 76 
3690 15 2 76 
3428 15 12 76 
3297 15 18 76 
3194 16 1 76 
3155 16 13 76 
3091 16 17 76 
2374 17 14 76 
1942 18 7 76 
1811 19 6 76 
1361 12 16 76 
1336 13 1 76 
1272 13 17 76 
1259 14 0 76 
1239 14 8 76 
657 15 1 76 
398 15 9 76 
345 15 13 76 
99 15 17 76 
4478 16 14 76 
4213 16 16 76 
4105 17 9 76 
4084 18 6 76 
3962 19 3 76 
3819 19 5 76 
3776 13 2 76 
3213 13 16 76 
3133 14 1 76 
2990 14 17 76 
2912 15 8 76 
2854 15 14 76 
2809 15 16 76 
2643 16 9 76 
2128 16 15 76 
2084 17 8 76 
1916 18 3 76 
1502 18 5 76 
912 19 4 76 
473 13 3 76 
174 14 2 76 
53 14 16 76 
42 15 15 76 
4484 16 8 76 
3952 17 3 76 
3802 17 5 76 
3739 17 7 76 
3734 18 4 76 
3730 14 3 76 
3579 14 15 76 
3497 16 3 76 
3244 16 7 76 
3083 17 4 76 
3059 17 6 76 
2601 13 15 76 
2194 14 14 76 
1859 15 3 76 
1763 15 7 76 
1567 16 4 76 
1512 16 6 76 
1305 12 15 76 
867 13 14 76 
780 14 13 76 
769 15 4 76 
760 15 6 76 
307 16 5 76 
273 12 14 76 
4439 13 13 76 
4177 14 4 76 
4170 14 12 76 
3925 15 5 76 
3304 4 9 76 
3285 8 13 76 
3173 12 13 76 
3122 13 4 76 
2984 13 12 76 
2885 14 5 76 
2880 14 7 76 
2797 14 9 76 
2679 14 11 76 
2428 3 9 76 
1624 4 6 76 
1452 4 8 76 
1292 8 12 76 
1257 9 13 76 
865 11 13 76 
812 12 12 76 
321 13 5 76 
170 13 9 76 
142 13 11 76 
65 14 6 76 
3894 14 10 76 
3741 0 9 76 
3738 2 9 76 
3628 3 6 76 
3547 3 8 76 
3461 4 7 76 
3424 8 11 76 
3028 9 12 76 
2909 10 13 76 
2906 11 12 76 
2855 12 5 76 
2700 12 11 76 
2558 13 6 76 
2547 13 10 76 
2505 0 8 76 
2498 1 9 76 
2417 2 8 76 
2353 3 7 76 
2204 9 11 76 
1833 10 12 76 
1796 11 5 76 
1768 11 11 76 
1728 12 6 76 
1576 12 10 76 
1455 13 7 76 
1352 0 7 76 
1331 1 8 76 
1053 2 7 76 
1052 10 11 76 
836 11 6 76 
699 11 10 76 
516 12 7 76 
4381 12 9 76 
4241 13 8 76 
4205 0 6 76 
3827 1 7 76 
3732 2 6 76 
3608 3 5 76 
3525 8 10 76 
3241 10 10 76 
2692 11 7 76 
2413 11 9 76 
2280 12 8 76 
2166 0 5 76 
2022 1 6 76 
1490 2 5 76 
1391 3 4 76 
1367 9 10 76 
1334 10 9 76 
1298 11 8 76 
1262 0 4 76 
414 1 5 76 
232 2 4 76 
178 9 9 76 
4440 10 8 76 
4421 0 3 76 
4366 1 4 76 
4271 2 3 76 
3918 8 9 76 
3778 9 8 76 
3617 10 5 76 
3414 10 7 76 
2974 0 0 76 
2746 0 2 76 
2651 1 3 76 
2549 2 2 76 
2524 7 9 76 
1966 8 8 76 
1917 9 5 76 
1901 9 7 76 
1787 10 6 76 
1440 0 1 76 
1429 1 0 76 
1045 1 2 76 
110 6 9 76 
3793 7 8 76 
3284 8 5 76 
3032 8 7 76 
3021 9 6 76 
2937 1 1 76 
2682 2 0 76 
2181 5 9 76 
2031 6 8 76 
1823 7 7 76 
1441 8 6 76 
1387 2 1 76 
1017 3 0 76 
598 5 8 76 
423 6 7 76 
343 7 6 76 
104 3 1 76 
4413 4 0 76 
4255 5 7 76 
4159 6 6 76 
3298 7 5 76 
3201 3 2 76 
3024 4 1 76 
2956 4 5 76 
2436 5 0 76 
1896 5 6 76 
1891 6 5 76 
1758 3 3 76 
1478 4 2 76 
1294 4 4 76 
1198 5 1 76 
1032 5 5 76 
835 4 3 76 
438 5 2 76 
4270 5 4 76 
3975 5 3 76 
3727 6 0 76 
2580 6 2 76 
2333 6 4 76 
2283 6 1 76 
2072 6 3 76 
1341 7 0 76 
1105 7 4 76 
982 7 1 76 
763 7 3 76 
252 8 0 76 
3385 8 4 76 
2578 7 2 76 
2423 8 1 76 
1569 8 3 76 
1106 9 0 76 
797 9 4 76 
755 8 2 76 
703 9 1 76 
258 9 3 76 
208 10 0 76 
4462 10 4 76 
4280 9 2 76 
4234 10 1 76 
3824 10 3 76 
3319 11 4 76 
3081 10 2 76 
2683 11 3 76 
2503 12 4 76 
2442 11 2 76 
2435 12 3 76 
1632 11 1 76 
1602 12 2 76 
4260 11 0 76 
3800 12 1 76 
3125 12 0 76 
165 11 3 87 
524 10 3 87 
1755 9 1 88 
1358 8 1 88 
906 4 1 90 
4106 1 3 92 
1707 10 9 93 
648 1 8 94 
1721 12 7 94 
31 12 6 94 
465 9 12 94 
1533 13 11 95 
880 13 12 95 
1742 13 13 95 
319 13 14 96 
1599 18 4 96 
4158 16 1 98 
