1871
5712 19 7 1 
5607 18 7 1 
5582 19 8 1 
5578 17 7 1 
5362 18 8 1 
5203 19 9 1 
5164 14 7 1 
5103 16 7 1 
4983 17 8 1 
4975 18 9 1 
4524 19 10 1 
4300 11 11 1 
4151 14 8 1 
3973 15 7 1 
3771 16 8 1 
3599 17 9 1 
3563 18 10 1 
3500 19 11 1 
2889 11 12 1 
2849 12 11 1 
2848 14 9 1 
2418 15 8 1 
2398 16 9 1 
2350 17 10 1 
2136 18 11 1 
1924 19 12 1 
1791 11 13 1 
1388 12 12 1 
1257 13 11 1 
1239 14 10 1 
1146 15 9 1 
1116 16 10 1 
967 17 11 1 
720 18 12 1 
631 19 13 1 
533 19 19 1 
515 12 13 1 
386 13 12 1 
64 14 11 1 
5906 15 10 1 
5869 16 11 1 
5769 17 12 1 
5491 18 13 1 
5468 18 19 1 
5357 19 14 1 
5261 19 18 1 
5114 12 14 1 
4900 13 13 1 
4834 14 12 1 
4813 15 11 1 
4734 16 12 1 
4603 17 13 1 
4429 17 19 1 
4275 18 14 1 
4217 18 18 1 
4052 19 15 1 
3584 19 17 1 
3472 13 14 1 
3125 14 13 1 
3031 15 12 1 
2972 16 13 1 
2853 16 19 1 
2762 17 14 1 
2566 17 18 1 
2347 18 15 1 
1986 18 17 1 
1797 19 16 1 
1760 14 14 1 
1620 15 13 1 
1499 15 19 1 
411 16 14 1 
323 16 18 1 
6033 17 15 1 
5907 17 17 1 
5819 18 16 1 
5603 0 19 1 
5539 14 19 1 
5435 15 14 1 
5396 15 18 1 
5389 16 15 1 
5234 16 17 1 
4891 17 16 1 
4756 0 10 1 
4343 0 18 1 
4197 1 19 1 
4015 14 18 1 
3580 15 15 1 
3547 15 17 1 
3384 16 16 1 
3053 0 11 1 
2423 0 17 1 
2369 1 10 1 
2029 1 18 1 
2026 2 19 1 
1923 3 10 1 
1741 14 15 1 
1712 14 17 1 
1665 15 16 1 
1516 0 12 1 
1402 0 16 1 
1010 1 11 1 
994 1 17 1 
810 2 10 1 
799 2 18 1 
604 3 11 1 
471 3 19 1 
384 4 12 1 
357 13 15 1 
110 13 19 1 
41 14 16 1 
6098 0 13 1 
5545 0 15 1 
5404 1 12 1 
5073 1 16 1 
4841 2 11 1 
4610 2 17 1 
4547 3 12 1 
4540 3 18 1 
4337 4 19 1 
4137 9 14 1 
4093 11 14 1 
3972 12 15 1 
3863 12 19 1 
3607 13 16 1 
3542 13 18 1 
3127 0 14 1 
2874 1 13 1 
2382 1 15 1 
2257 2 12 1 
2129 2 16 1 
2120 3 17 1 
1714 4 18 1 
1676 5 19 1 
1594 9 15 1 
1416 10 14 1 
1215 11 15 1 
878 11 19 1 
858 12 16 1 
741 12 18 1 
557 13 17 1 
513 1 14 1 
167 2 13 1 
65 2 15 1 
17 3 16 1 
6099 4 17 1 
5818 5 18 1 
5766 6 19 1 
5436 9 16 1 
5303 10 15 1 
5121 10 19 1 
4842 11 16 1 
4729 11 18 1 
4705 12 17 1 
4113 2 14 1 
3543 3 15 1 
3505 4 16 1 
3346 5 17 1 
3099 6 18 1 
1939 7 19 1 
1880 9 19 1 
1571 10 16 1 
1207 10 18 1 
750 11 17 1 
589 3 14 1 
5626 4 15 1 
5601 5 16 1 
5570 6 17 1 
5499 7 18 1 
5393 8 19 1 
5284 9 18 1 
5111 10 17 1 
5048 3 13 1 
4941 4 14 1 
4850 5 15 1 
4427 6 16 1 
4183 7 17 1 
4102 8 18 1 
4002 9 17 1 
3720 4 13 1 
3603 5 14 1 
3558 6 15 1 
3450 7 16 1 
3181 8 17 1 
3105 5 13 1 
3073 6 14 1 
2939 7 15 1 
2714 8 16 1 
2637 6 13 1 
2401 7 14 1 
2361 8 15 1 
2227 10 13 1 
2113 13 10 1 
2106 7 13 1 
1870 8 14 1 
1809 9 13 1 
1706 10 12 1 
1368 12 10 1 
1321 13 9 1 
1205 8 13 1 
1184 9 12 1 
1182 10 11 1 
1167 11 10 1 
851 12 9 1 
780 13 8 1 
766 8 12 1 
377 9 11 1 
6008 10 10 1 
5902 11 9 1 
5817 12 8 1 
5748 7 12 1 
5604 8 11 1 
5345 9 10 1 
5002 10 9 1 
4211 11 8 1 
3800 6 12 1 
3409 7 11 1 
3258 8 10 1 
2884 9 9 1 
2772 10 8 1 
2399 5 12 1 
2290 6 11 1 
2265 7 10 1 
1525 8 9 1 
1129 9 8 1 
905 5 11 1 
739 6 10 1 
5738 7 9 1 
5625 8 8 1 
5264 4 11 1 
5100 5 10 1 
4997 6 9 1 
4946 7 8 1 
4940 8 7 1 
4898 4 10 1 
4640 5 9 1 
4587 6 8 1 
4562 7 7 1 
4497 8 6 1 
4161 0 9 1 
4063 4 9 1 
3848 5 8 1 
3425 6 7 1 
3294 7 6 1 
3180 8 5 1 
2923 0 8 1 
2718 1 9 1 
2528 3 9 1 
2436 4 8 1 
2247 5 7 1 
2157 6 4 1 
2098 6 6 1 
2039 7 5 1 
1420 0 7 1 
1033 1 8 1 
871 2 9 1 
815 3 8 1 
789 4 7 1 
470 5 4 1 
222 5 6 1 
6073 6 5 1 
5544 0 0 1 
5485 0 6 1 
5403 1 7 1 
5361 2 8 1 
5112 3 7 1 
5087 4 4 1 
5067 4 6 1 
4948 5 5 1 
4550 0 1 1 
4458 0 5 1 
4355 1 0 1 
4315 1 6 1 
3801 2 7 1 
3647 3 4 1 
3112 3 6 1 
3058 4 5 1 
2966 0 2 1 
2494 0 4 1 
2442 1 1 1 
2318 1 5 1 
2260 2 0 1 
1973 2 6 1 
1845 3 5 1 
1813 0 3 1 
1470 1 2 1 
1081 1 4 1 
1077 2 1 1 
920 2 5 1 
903 3 0 1 
509 1 3 1 
5973 2 2 1 
5806 2 4 1 
5795 3 1 1 
5753 4 0 1 
5590 2 3 1 
5515 3 2 1 
5439 4 1 1 
5273 5 0 1 
5266 3 3 1 
4958 4 2 1 
4316 5 1 1 
4293 6 0 1 
4175 4 3 1 
3908 5 2 1 
3783 6 1 1 
3701 7 0 1 
3585 5 3 1 
3395 6 2 1 
3253 7 1 1 
3093 8 0 1 
2795 9 7 1 
2743 6 3 1 
2725 7 2 1 
2518 7 4 1 
2086 8 1 1 
1074 9 0 1 
1051 9 6 1 
964 10 7 1 
863 7 3 1 
565 8 2 1 
395 8 4 1 
356 9 1 1 
5924 9 5 1 
5602 10 0 1 
4525 10 6 1 
3891 11 7 1 
3825 13 7 1 
3323 8 3 1 
3243 9 2 1 
3134 9 4 1 
3082 10 1 1 
2307 10 5 1 
1936 11 0 1 
1928 11 6 1 
1639 12 7 1 
1422 9 3 1 
1377 10 2 1 
884 10 4 1 
850 11 1 1 
6075 11 5 1 
6012 12 0 1 
5931 12 6 1 
5834 10 3 1 
5354 11 2 1 
4533 11 4 1 
4242 12 1 1 
4044 12 5 1 
3742 13 0 1 
3081 13 6 1 
2998 11 3 1 
2888 12 2 1 
2615 12 4 1 
2219 13 1 1 
2169 13 5 1 
1707 14 0 1 
1668 14 6 1 
1558 12 3 1 
1460 13 2 1 
1140 13 4 1 
973 14 1 1 
552 14 5 1 
433 15 0 1 
5680 15 6 1 
5651 13 3 1 
5363 14 2 1 
5162 14 4 1 
4816 15 1 1 
3777 15 5 1 
3643 16 6 1 
3597 14 3 1 
2794 15 2 1 
2703 15 4 1 
2342 16 5 1 
2146 17 6 1 
607 19 6 1 
93 15 3 1 
6028 16 4 1 
6010 17 5 1 
4957 18 6 1 
4234 19 5 1 
3723 16 3 1 
3660 17 4 1 
2014 18 5 1 
1529 19 4 1 
771 16 2 1 
461 17 3 1 
351 18 4 1 
56 19 3 1 
5109 16 1 1 
4933 17 2 1 
4336 18 3 1 
2940 19 2 1 
2072 16 0 1 
2053 17 1 1 
1763 18 2 1 
1606 19 1 1 
4575 17 0 1 
4418 18 1 1 
3747 19 0 1 
5975 18 0 1 
5526 18 1 13 
2267 17 1 14 
303 18 2 14 
1374 17 2 14 
5745 18 3 14 
1866 17 3 15 
1990 18 4 15 
2905 17 4 15 
3454 18 5 15 
4431 16 4 15 
5589 17 5 15 
2299 14 3 16 
2503 15 4 16 
2825 16 5 16 
4339 14 2 16 
4949 14 4 16 
5513 15 5 16 
155 13 2 17 
1040 14 1 17 
2880 14 5 17 
141 12 2 17 
729 13 1 17 
1684 11 4 17 
3544 12 1 17 
4144 9 3 18 
4724 10 4 18 
5318 11 5 17 
43 8 3 18 
255 9 2 18 
983 10 5 18 
1197 11 6 18 
5532 8 2 19 
5830 9 1 19 
5990 10 6 18 
1106 7 2 19 
1513 8 1 19 
1686 6 2 19 
1796 7 1 19 
3250 5 2 19 
4363 6 1 19 
5007 4 2 19 
5510 5 1 19 
5593 3 2 19 
85 4 1 19 
781 1 3 20 
2203 2 2 19 
2294 3 1 19 
2440 1 2 20 
3036 1 4 20 
3086 2 1 20 
3548 1 1 20 
4519 1 5 20 
4936 2 6 20 
5575 1 6 20 
5741 2 7 20 
31 4 5 20 
194 1 7 20 
650 2 8 20 
1172 5 5 20 
2827 1 8 21 
3220 5 6 21 
3696 5 7 21 
3923 6 6 21 
5689 5 8 21 
5894 19 7 26 
5878 18 7 26 
5847 19 8 26 
5836 17 7 26 
5647 18 8 26 
5596 19 9 26 
5540 14 7 26 
5506 16 7 26 
5377 17 8 26 
5344 18 9 26 
5301 19 10 26 
5200 11 11 26 
5195 14 8 26 
5116 15 7 26 
4802 16 8 26 
4685 17 9 26 
4615 18 10 26 
4424 19 11 26 
4268 11 12 26 
4202 12 11 26 
4180 14 9 26 
4162 15 8 26 
4077 16 9 26 
3796 17 10 26 
3766 18 11 26 
3760 19 12 26 
3434 11 13 26 
3370 12 12 26 
3348 13 11 26 
2850 14 10 26 
2809 15 9 26 
2724 16 10 26 
1943 17 11 26 
1739 18 12 26 
1366 19 13 26 
1135 19 19 26 
1089 12 13 26 
833 13 12 26 
817 14 11 26 
753 15 10 26 
701 16 11 26 
627 17 12 26 
495 18 13 26 
274 18 19 26 
144 19 14 26 
9 19 18 26 
6 12 14 26 
6080 13 13 26 
6061 14 12 26 
4926 15 11 26 
4760 16 12 26 
4561 17 13 26 
4393 17 19 26 
4103 18 14 26 
3866 18 18 26 
3345 19 15 26 
3163 19 17 26 
3059 13 14 26 
2895 14 13 26 
2594 15 12 26 
2364 16 13 26 
2252 16 19 26 
2248 17 14 26 
2073 17 18 26 
1890 18 15 26 
1766 18 17 26 
1749 19 16 26 
1618 14 14 26 
1598 15 13 26 
1183 15 19 26 
1153 16 14 26 
1049 16 18 26 
1035 17 15 26 
373 17 17 26 
6083 18 16 26 
5786 0 19 26 
5785 14 19 26 
5730 15 14 26 
5372 15 18 26 
5163 16 15 26 
4614 16 17 26 
4465 17 16 26 
4354 0 10 26 
4287 0 18 26 
4104 1 19 26 
3966 14 18 26 
3965 15 15 26 
3899 15 17 26 
3675 16 16 26 
3629 0 11 26 
3601 0 17 26 
3565 1 10 26 
3156 1 18 26 
2742 2 19 26 
2080 3 10 26 
1921 14 15 26 
1786 14 17 26 
1666 15 16 26 
1509 0 12 26 
1478 0 16 26 
1405 1 11 26 
1283 1 17 26 
986 2 10 26 
845 2 18 26 
822 3 11 26 
480 3 19 26 
254 4 12 26 
72 13 15 26 
14 13 19 26 
5444 14 16 26 
5365 0 13 26 
5230 0 15 26 
4795 1 12 26 
4596 1 16 26 
4521 2 11 26 
4410 2 17 26 
4184 3 12 26 
3963 3 18 26 
3744 4 19 26 
3476 9 14 26 
3326 11 14 26 
3325 12 15 26 
3308 12 19 26 
3135 13 16 26 
2801 13 18 26 
2102 0 14 26 
2032 1 13 26 
1817 1 15 26 
1502 2 12 26 
1110 2 16 26 
1047 3 17 26 
963 4 18 26 
941 5 19 26 
840 9 15 26 
749 10 14 26 
734 11 15 26 
612 11 19 26 
5993 12 16 26 
4765 12 18 26 
4125 13 17 26 
4014 1 14 26 
3143 2 13 26 
2867 2 15 26 
2673 3 16 26 
2407 4 17 26 
2212 5 18 26 
1652 6 19 26 
1223 9 16 26 
1187 10 15 26 
1145 10 19 26 
1028 11 16 26 
1011 11 18 26 
897 12 17 26 
848 2 14 26 
754 3 15 26 
623 4 16 26 
250 5 17 26 
5805 6 18 26 
5700 7 19 26 
5681 9 19 26 
5552 10 16 26 
5525 10 18 26 
5418 11 17 26 
5380 3 14 26 
5349 4 15 26 
5054 5 16 26 
4879 6 17 26 
4669 7 18 26 
4639 8 19 26 
4391 9 18 26 
3655 10 17 26 
3478 3 13 26 
3447 4 14 26 
3066 5 15 26 
2927 6 16 26 
2788 7 17 26 
2415 8 18 26 
2319 9 17 26 
2223 4 13 26 
2186 5 14 26 
2114 6 15 26 
1593 7 16 26 
1125 8 17 26 
947 5 13 26 
940 6 14 26 
808 7 15 26 
458 8 16 26 
316 6 13 26 
184 7 14 26 
6081 8 15 26 
5874 10 13 26 
5828 13 10 26 
5727 7 13 26 
5608 8 14 26 
5135 9 13 26 
5120 10 12 26 
5105 12 10 26 
5005 13 9 26 
4774 8 13 26 
4746 9 12 26 
4517 10 11 26 
4226 11 10 26 
4111 12 9 26 
3944 13 8 26 
3540 8 12 26 
3025 9 11 26 
2535 10 10 26 
2443 11 9 26 
2301 12 8 26 
1600 7 12 26 
1526 8 11 26 
1510 9 10 26 
126 10 9 26 
5925 11 8 26 
5790 6 12 26 
5777 7 11 26 
5443 8 10 26 
5283 9 9 26 
5259 10 8 26 
5204 5 12 26 
5192 6 11 26 
5126 7 10 26 
4991 8 9 26 
4972 9 8 26 
4710 5 11 26 
4442 6 10 26 
4404 7 9 26 
3713 8 8 26 
3498 4 11 26 
3191 5 10 26 
3155 6 9 26 
2868 7 8 26 
2767 8 7 26 
2421 4 10 26 
2052 5 9 26 
1956 6 8 26 
1858 7 7 26 
1794 8 6 26 
1128 0 9 26 
1027 4 9 26 
936 5 8 26 
666 6 7 26 
412 7 6 26 
405 8 5 26 
49 0 8 26 
5746 1 9 26 
5684 3 9 26 
5327 4 8 26 
4706 5 7 26 
4662 6 4 26 
4619 6 6 26 
3902 7 5 26 
3608 0 7 26 
3259 1 8 26 
3153 2 9 26 
2832 3 8 26 
2608 4 7 26 
2208 5 4 26 
2176 5 6 26 
2158 6 5 26 
2090 0 0 26 
2081 0 6 26 
1837 1 7 26 
1384 2 8 26 
1117 3 7 26 
995 4 4 26 
981 4 6 26 
945 5 5 26 
767 0 1 26 
683 0 5 26 
484 1 0 26 
425 1 6 26 
288 2 7 26 
5815 3 4 26 
5656 3 6 26 
5655 4 5 26 
5572 0 2 26 
5481 0 4 26 
5055 1 1 26 
4694 1 5 26 
4039 2 0 26 
3988 2 6 26 
3628 3 5 26 
3402 0 3 26 
3051 1 2 26 
3015 1 4 26 
2236 2 1 26 
1816 2 5 26 
1174 3 0 26 
1071 1 3 26 
597 2 2 26 
226 2 4 26 
215 3 1 26 
5735 4 0 26 
5198 2 3 26 
4860 3 2 26 
4368 4 1 26 
3921 5 0 26 
3810 3 3 26 
3611 4 2 26 
3515 5 1 26 
3484 6 0 26 
3011 4 3 26 
2936 5 2 26 
2864 6 1 26 
2764 7 0 26 
2734 5 3 26 
2604 6 2 26 
2563 7 1 26 
2392 8 0 26 
2371 9 7 26 
2303 6 3 26 
2286 7 2 26 
2160 7 4 26 
1703 8 1 26 
1554 9 0 26 
1490 9 6 26 
1395 10 7 26 
1139 7 3 26 
1021 8 2 26 
971 8 4 26 
864 9 1 26 
205 9 5 26 
201 10 0 26 
52 10 6 26 
6078 11 7 26 
5920 13 7 26 
5598 8 3 26 
5579 9 2 26 
5495 9 4 26 
5477 10 1 26 
5453 10 5 26 
5081 11 0 26 
4880 11 6 26 
4833 12 7 26 
4684 9 3 26 
4664 10 2 26 
4555 10 4 26 
4515 11 1 26 
3958 11 5 26 
3870 12 0 26 
3688 12 6 26 
3561 10 3 26 
2934 11 2 26 
2574 11 4 26 
2376 12 1 26 
2075 12 5 26 
1658 13 0 26 
1143 13 6 26 
1020 11 3 26 
171 12 2 26 
5765 12 4 26 
5644 13 1 26 
4001 13 5 26 
3839 14 0 26 
3639 14 6 26 
3527 12 3 26 
3222 13 2 26 
3121 13 4 26 
3028 14 1 26 
2873 14 5 26 
2194 15 0 26 
2104 15 6 26 
1821 13 3 26 
1754 14 2 26 
273 14 4 26 
5693 15 1 26 
5166 15 5 26 
4109 16 6 26 
3621 14 3 26 
2624 15 2 26 
1829 15 4 26 
1548 16 5 26 
1109 17 6 26 
879 19 6 26 
852 15 3 26 
830 16 4 26 
493 17 5 26 
397 18 6 26 
376 19 5 26 
319 16 3 26 
208 17 4 26 
21 18 5 26 
5676 19 4 26 
4471 16 2 26 
3980 17 3 26 
3387 18 4 26 
2894 19 3 26 
2638 16 1 26 
1667 17 2 26 
1551 18 3 26 
1359 19 2 26 
912 16 0 26 
788 17 1 26 
645 18 2 26 
116 19 1 26 
4398 17 0 26 
3479 18 1 26 
1290 19 0 26 
675 18 0 26 
928 18 1 38 
4604 17 1 39 
592 18 2 39 
970 17 2 39 
1142 18 3 39 
1178 17 3 39 
1286 18 4 39 
3616 17 4 40 
5263 18 5 40 
34 16 4 40 
717 17 5 40 
2181 14 3 40 
2607 15 4 40 
4209 16 5 40 
101 14 2 41 
225 14 4 41 
230 15 5 40 
980 13 2 41 
1521 14 1 41 
1746 14 5 41 
3267 12 2 42 
3592 13 1 41 
3983 11 4 42 
1564 12 1 42 
3764 9 3 42 
3922 10 4 42 
4642 11 5 42 
5124 8 3 42 
427 9 2 42 
1671 10 5 42 
2746 11 6 42 
3299 8 2 43 
4518 9 1 43 
5768 10 6 43 
856 7 2 43 
1082 8 1 43 
1641 6 2 43 
1882 7 1 43 
2046 5 2 43 
2344 6 1 43 
2639 4 2 43 
2948 5 1 43 
3710 3 2 43 
4311 4 1 43 
5150 1 3 44 
344 2 2 44 
1626 3 1 44 
3834 1 2 44 
3835 1 4 44 
4382 2 1 44 
5350 1 1 44 
5679 1 5 44 
143 2 6 44 
854 1 6 45 
1438 2 7 45 
1883 4 5 44 
4132 1 7 45 
4469 2 8 45 
4928 5 5 45 
5307 1 8 45 
227 5 6 45 
595 5 7 45 
812 6 6 45 
827 5 8 46 
2087 6 7 46 
2843 7 6 46 
3354 5 9 46 
3746 6 8 46 
4876 7 7 46 
5199 5 10 46 
5617 7 8 46 
5922 19 7 51 
5850 18 7 51 
5802 19 8 51 
5764 17 7 51 
5402 18 8 51 
5034 19 9 51 
4929 14 7 51 
4141 16 7 51 
4135 17 8 51 
4074 18 9 51 
3905 19 10 51 
3630 11 11 51 
3512 14 8 51 
3485 15 7 51 
3444 16 8 51 
3429 17 9 51 
3270 18 10 51 
3237 19 11 51 
2944 11 12 51 
2820 12 11 51 
2526 14 9 51 
2488 15 8 51 
2195 16 9 51 
1972 17 10 51 
1970 18 11 51 
1807 19 12 51 
1336 11 13 51 
1225 12 12 51 
1083 13 11 51 
1031 14 10 51 
115 15 9 51 
68 16 10 51 
5994 17 11 51 
5937 18 12 51 
5814 19 13 51 
5720 19 19 51 
5422 12 13 51 
5414 13 12 51 
5390 14 11 51 
5370 15 10 51 
5304 16 11 51 
5243 17 12 51 
5239 18 13 51 
5146 18 19 51 
5123 19 14 51 
5072 19 18 51 
4993 12 14 51 
4798 13 13 51 
4686 14 12 51 
4493 15 11 51 
4232 16 12 51 
4229 17 13 51 
3953 17 19 51 
3826 18 14 51 
3673 18 18 51 
3564 19 15 51 
3279 19 17 51 
3201 13 14 51 
3014 14 13 51 
2973 15 12 51 
2869 16 13 51 
2466 16 19 51 
2255 17 14 51 
2163 17 18 51 
2063 18 15 51 
1974 18 17 51 
1854 19 16 51 
1800 14 14 51 
1062 15 13 51 
972 15 19 51 
843 16 14 51 
649 16 18 51 
530 17 15 51 
249 17 17 51 
6030 18 16 51 
5911 0 19 51 
5866 14 19 51 
5697 15 14 51 
5618 15 18 51 
5464 16 15 51 
5369 16 17 51 
5306 17 16 51 
5167 0 10 51 
5076 0 18 51 
5064 1 19 51 
4740 14 18 51 
4130 15 15 51 
3894 15 17 51 
3806 16 16 51 
3803 0 11 51 
3790 0 17 51 
3528 1 10 51 
3347 1 18 51 
2390 2 19 51 
2148 3 10 51 
1351 14 15 51 
1189 14 17 51 
1050 15 16 51 
772 0 12 51 
659 0 16 51 
522 1 11 51 
302 1 17 51 
176 2 10 51 
47 2 18 51 
5957 3 11 51 
5956 3 19 51 
5916 4 12 51 
5892 13 15 51 
5497 13 19 51 
5476 14 16 51 
5441 0 13 51 
5288 0 15 51 
5140 1 12 51 
5014 1 16 51 
4961 2 11 51 
4840 2 17 51 
4507 3 12 51 
4207 3 18 51 
4011 4 19 51 
4007 9 14 51 
3819 11 14 51 
3626 12 15 51 
3356 12 19 51 
3162 13 16 51 
2468 13 18 51 
2444 0 14 51 
2225 1 13 51 
2133 1 15 51 
2079 2 12 51 
2068 2 16 51 
1835 3 17 51 
1528 4 18 51 
642 5 19 51 
6040 9 15 51 
5842 10 14 51 
5771 11 15 51 
5400 11 19 51 
5233 12 16 51 
4955 12 18 51 
4584 13 17 51 
4257 1 14 51 
3862 2 13 51 
2980 2 15 51 
2960 3 16 51 
2925 4 17 51 
2872 5 18 51 
2847 6 19 51 
2721 9 16 51 
2649 10 15 51 
2617 10 19 51 
2570 11 16 51 
2511 11 18 51 
2213 12 17 51 
2119 2 14 51 
1968 3 15 51 
1840 4 16 51 
1779 5 17 51 
1476 6 18 51 
1442 7 19 51 
1218 9 19 51 
1046 10 16 51 
613 10 18 51 
400 11 17 51 
5908 3 14 51 
5837 4 15 51 
5787 5 16 51 
5752 6 17 51 
5629 7 18 51 
5450 8 19 51 
5043 9 18 51 
4954 10 17 51 
4758 3 13 51 
4046 4 14 51 
4025 5 15 51 
4008 6 16 51 
4003 7 17 51 
3730 8 18 51 
3726 9 17 51 
3578 4 13 51 
3467 5 14 51 
3423 6 15 51 
2658 7 16 51 
2205 8 17 51 
2161 5 13 51 
1978 6 14 51 
1711 7 15 51 
1619 8 16 51 
1584 6 13 51 
1408 7 14 51 
1141 8 15 51 
1104 10 13 51 
550 13 10 51 
287 7 13 51 
195 8 14 51 
37 9 13 51 
33 10 12 51 
5856 12 10 51 
5678 13 9 51 
5108 8 13 51 
4913 9 12 51 
4899 10 11 51 
4861 11 10 51 
4581 12 9 51 
4430 13 8 51 
4381 8 12 51 
4358 9 11 51 
4338 10 10 51 
4061 11 9 51 
3987 12 8 51 
3732 7 12 51 
3645 8 11 51 
3165 9 10 51 
3106 10 9 51 
2916 11 8 51 
2802 6 12 51 
2690 7 11 51 
2507 8 10 51 
2428 9 9 51 
2370 10 8 51 
2254 5 12 51 
1946 6 11 51 
1940 7 10 51 
1694 8 9 51 
1450 9 8 51 
1301 5 11 51 
1192 6 10 51 
1102 7 9 51 
765 8 8 51 
620 4 11 51 
270 5 10 51 
5711 6 9 51 
5650 7 8 51 
5332 8 7 51 
5059 4 10 51 
4875 5 9 51 
4829 6 8 51 
4757 7 7 51 
4461 8 6 51 
4136 0 9 51 
4000 4 9 51 
3871 5 8 51 
3802 6 7 51 
3661 7 6 51 
3633 8 5 51 
3631 0 8 51 
3198 1 9 51 
2838 3 9 51 
2375 4 8 51 
2362 5 7 51 
2274 6 4 51 
1421 6 6 51 
1335 7 5 51 
1078 0 7 51 
900 1 8 51 
775 2 9 51 
5841 3 8 51 
5754 4 7 51 
5355 5 4 51 
5291 5 6 51 
5082 6 5 51 
4894 0 0 51 
4872 0 6 51 
4767 1 7 51 
4473 2 8 51 
4407 3 7 51 
4388 4 4 51 
3445 4 6 51 
3104 5 5 51 
2412 0 1 51 
2062 0 5 51 
1851 1 0 51 
1689 1 6 51 
1651 2 7 51 
1589 3 4 51 
1406 3 6 51 
1393 4 5 51 
1323 0 2 51 
1277 0 4 51 
1234 1 1 51 
1054 1 5 51 
931 2 0 51 
793 2 6 51 
499 3 5 51 
409 0 3 51 
12 1 2 51 
6031 1 4 51 
5846 2 1 51 
5702 2 5 51 
5285 3 0 51 
5106 1 3 51 
4677 2 2 51 
4396 2 4 51 
4283 3 1 51 
4174 4 0 51 
3868 2 3 51 
3651 3 2 51 
3399 4 1 51 
3169 5 0 51 
3141 3 3 51 
2728 4 2 51 
2625 5 1 51 
2330 6 0 51 
2308 4 3 51 
2263 5 2 51 
2226 6 1 51 
1382 7 0 51 
1222 5 3 51 
1041 6 2 51 
784 7 1 51 
782 8 0 51 
740 9 7 51 
656 6 3 51 
217 7 2 51 
5222 7 4 51 
5101 8 1 51 
5001 9 0 51 
4789 9 6 51 
4483 10 7 51 
4360 7 3 51 
4359 8 2 51 
4346 8 4 51 
4106 9 1 51 
4092 9 5 51 
3962 10 0 51 
3372 10 6 51 
3202 11 7 51 
3109 13 7 51 
2912 8 3 51 
2587 9 2 51 
1702 9 4 51 
934 10 1 51 
5913 10 5 51 
5726 11 0 51 
5507 11 6 51 
5026 12 7 51 
4986 9 3 51 
4800 10 2 51 
4504 10 4 51 
4378 11 1 51 
3789 11 5 51 
3787 12 0 51 
3610 12 6 51 
2910 10 3 51 
2310 11 2 51 
1437 11 4 51 
1344 12 1 51 
1097 12 5 51 
798 13 0 51 
154 13 6 51 
5287 11 3 51 
4853 12 2 51 
4653 12 4 51 
4299 13 1 51 
3689 13 5 51 
3204 14 0 51 
3177 14 6 51 
2280 12 3 51 
2242 13 2 51 
2167 13 4 51 
1635 14 1 51 
1390 14 5 51 
880 15 0 51 
654 15 6 51 
328 13 3 51 
6072 14 2 51 
5675 14 4 51 
5641 15 1 51 
5501 15 5 51 
5137 16 6 51 
4804 14 3 51 
3774 15 2 51 
3674 15 4 51 
3553 16 5 51 
3319 17 6 51 
2664 19 6 51 
1629 15 3 51 
1486 16 4 51 
1208 17 5 51 
261 18 6 51 
172 19 5 51 
130 16 3 51 
6052 17 4 51 
5873 18 5 51 
5780 19 4 51 
5724 16 2 51 
5635 17 3 51 
5612 18 4 51 
5511 19 3 51 
5093 16 1 51 
4786 17 2 51 
4613 18 3 51 
3874 19 2 51 
3353 16 0 51 
1415 17 1 51 
790 18 2 51 
5832 19 1 51 
2151 17 0 51 
647 18 1 51 
46 19 0 51 
5562 18 0 51 
3131 18 1 63 
2359 17 1 64 
5058 18 2 64 
5981 17 2 64 
3263 18 3 64 
3885 17 3 64 
4719 18 4 64 
5773 17 4 64 
2122 18 5 64 
3173 16 4 65 
4387 17 5 65 
211 14 3 65 
374 15 4 65 
3316 16 5 65 
3324 14 2 65 
5219 14 4 65 
5236 15 5 65 
1364 13 2 66 
2314 14 1 66 
2993 14 5 66 
3021 12 2 66 
3342 13 1 66 
3618 11 4 67 
5098 12 1 67 
5228 9 3 67 
693 10 4 67 
1409 11 5 67 
1646 8 3 68 
1710 9 2 68 
2378 10 5 67 
3379 11 6 67 
3914 8 2 68 
5205 9 1 68 
13 10 6 68 
466 7 2 69 
546 8 1 68 
1284 6 2 69 
1285 7 1 69 
1348 5 2 69 
2224 6 1 69 
3152 4 2 69 
4012 5 1 69 
4084 3 2 69 
4432 4 1 69 
5022 1 3 69 
796 2 2 69 
1466 3 1 69 
1951 1 2 70 
2266 1 4 69 
2477 2 1 69 
4320 1 1 70 
5855 1 5 70 
290 2 6 70 
758 1 6 70 
925 2 7 70 
1037 4 5 70 
1075 1 7 70 
1798 2 8 70 
2179 5 5 70 
2289 1 8 71 
2579 5 6 70 
3110 5 7 71 
3937 6 6 71 
5351 5 8 71 
5371 6 7 71 
5521 7 6 71 
904 5 9 71 
1203 6 8 71 
1891 7 7 71 
2567 5 10 72 
3128 7 8 71 
3680 8 9 72 
4328 8 10 72 
4543 9 9 72 
4902 8 11 72 
5980 9 10 72 
6062 19 7 76 
5816 18 7 76 
5583 19 8 76 
5469 17 7 76 
5391 18 8 76 
5235 19 9 76 
5004 14 7 76 
4837 16 7 76 
4683 17 8 76 
4671 18 9 76 
4560 19 10 76 
4534 11 11 76 
4305 14 8 76 
4286 15 7 76 
4220 16 8 76 
4070 17 9 76 
4042 18 10 76 
3686 19 11 76 
3587 11 12 76 
3406 12 11 76 
3373 14 9 76 
3352 15 8 76 
3257 16 9 76 
2562 17 10 76 
2414 18 11 76 
2373 19 12 76 
2349 11 13 76 
2154 12 12 76 
1827 13 11 76 
1777 14 10 76 
1331 15 9 76 
996 16 10 76 
630 17 11 76 
529 18 12 76 
469 19 13 76 
385 19 19 76 
213 12 13 76 
109 13 12 76 
76 14 11 76 
6076 15 10 76 
6054 16 11 76 
6053 17 12 76 
5057 18 13 76 
5050 18 19 76 
5031 19 14 76 
4886 19 18 76 
4659 12 14 76 
4630 13 13 76 
4254 14 12 76 
3978 15 11 76 
3901 16 12 76 
3507 17 13 76 
3475 17 19 76 
3012 18 14 76 
2739 18 18 76 
2585 19 15 76 
2529 19 17 76 
2329 13 14 76 
2192 14 13 76 
1808 15 12 76 
1425 16 13 76 
1334 16 19 76 
465 17 14 76 
299 17 18 76 
218 18 15 76 
183 18 17 76 
152 19 16 76 
138 14 14 76 
119 15 13 76 
5934 15 19 76 
5715 16 14 76 
5523 16 18 76 
5488 17 15 76 
5298 17 17 76 
4985 18 16 76 
4863 0 19 76 
4826 14 19 76 
4808 15 14 76 
4699 15 18 76 
4051 16 15 76 
4016 16 17 76 
3668 17 16 76 
3649 0 10 76 
3483 0 18 76 
3318 1 19 76 
3292 14 18 76 
3089 15 15 76 
2899 15 17 76 
2341 16 16 76 
1877 0 11 76 
1875 0 17 76 
1708 1 10 76 
1640 1 18 76 
1414 2 19 76 
1152 3 10 76 
1066 14 15 76 
948 14 17 76 
787 15 16 76 
736 0 12 76 
702 0 16 76 
340 1 11 76 
327 1 17 76 
35 2 10 76 
6113 2 18 76 
5533 3 11 76 
5496 3 19 76 
5401 4 12 76 
5244 13 15 76 
5070 13 19 76 
5053 14 16 76 
4895 0 13 76 
4422 0 15 76 
4181 1 12 76 
3788 1 16 76 
3721 2 11 76 
3612 2 17 76 
3606 3 12 76 
3408 3 18 76 
3390 4 19 76 
3374 9 14 76 
3214 11 14 76 
3185 12 15 76 
3071 12 19 76 
2719 13 16 76 
2523 13 18 76 
2352 0 14 76 
2337 1 13 76 
1899 1 15 76 
1776 2 12 76 
1742 2 16 76 
1435 3 17 76 
174 4 18 76 
6044 5 19 76 
5848 9 15 76 
5793 10 14 76 
5591 11 15 76 
5322 11 19 76 
5201 12 16 76 
4711 12 18 76 
4655 13 17 76 
4539 1 14 76 
4502 2 13 76 
4308 2 15 76 
3880 3 16 76 
3841 4 17 76 
3793 5 18 76 
3775 6 19 76 
3656 9 16 76 
3549 10 15 76 
3396 10 19 76 
3301 11 16 76 
3137 11 18 76 
1984 12 17 76 
1881 2 14 76 
1863 3 15 76 
1720 4 16 76 
1578 5 17 76 
1549 6 18 76 
1213 7 19 76 
1186 9 19 76 
1053 10 16 76 
252 10 18 76 
6114 11 17 76 
6020 3 14 76 
5861 4 15 76 
5742 5 16 76 
5251 6 17 76 
4796 7 18 76 
4625 8 19 76 
4067 9 18 76 
4045 10 17 76 
3366 3 13 76 
3088 4 14 76 
3019 5 15 76 
2918 6 16 76 
2448 7 17 76 
2339 8 18 76 
2197 9 17 76 
1436 4 13 76 
1350 5 14 76 
953 6 15 76 
209 7 16 76 
98 8 17 76 
75 5 13 76 
58 6 14 76 
5952 7 15 76 
5833 8 16 76 
5747 6 13 76 
5737 7 14 76 
5638 8 15 76 
5549 10 13 76 
5519 13 10 76 
5426 7 13 76 
5376 8 14 76 
5248 9 13 76 
5247 10 12 76 
4737 12 10 76 
4702 13 9 76 
4627 8 13 76 
4544 9 12 76 
4352 10 11 76 
4160 11 10 76 
4121 12 9 76 
4006 13 8 76 
3969 8 12 76 
3864 9 11 76 
3728 10 10 76 
3388 11 9 76 
3313 12 8 76 
3287 7 12 76 
3203 8 11 76 
2652 9 10 76 
2647 10 9 76 
2409 11 8 76 
2396 6 12 76 
2367 7 11 76 
1989 8 10 76 
1912 9 9 76 
1744 10 8 76 
1616 5 12 76 
1443 6 11 76 
708 7 10 76 
661 8 9 76 
596 9 8 76 
503 5 11 76 
478 6 10 76 
443 7 9 76 
438 8 8 76 
407 4 11 76 
350 5 10 76 
157 6 9 76 
57 7 8 76 
5969 8 7 76 
5620 4 10 76 
5375 5 9 76 
5292 6 8 76 
5241 7 7 76 
5225 8 6 76 
4904 0 9 76 
4890 4 9 76 
4849 5 8 76 
4492 6 7 76 
4274 7 6 76 
4171 8 5 76 
4087 0 8 76 
3828 1 9 76 
3309 3 9 76 
3211 4 8 76 
2896 5 7 76 
2882 6 4 76 
2596 6 6 76 
1830 7 5 76 
1546 0 7 76 
1333 1 8 76 
1185 2 9 76 
756 3 8 76 
695 4 7 76 
497 5 4 76 
231 5 6 76 
179 6 5 76 
6109 0 0 76 
6095 0 6 76 
5929 1 7 76 
5849 2 8 76 
5560 3 7 76 
5551 4 4 76 
5542 4 6 76 
5492 5 5 76 
5479 0 1 76 
4638 0 5 76 
4626 1 0 76 
4606 1 6 76 
4222 2 7 76 
3765 3 4 76 
3718 3 6 76 
2976 4 5 76 
2914 0 2 76 
2901 0 4 76 
2898 1 1 76 
2391 1 5 76 
2207 2 0 76 
2041 2 6 76 
1942 3 5 76 
1927 0 3 76 
1902 1 2 76 
1687 1 4 76 
1231 2 1 76 
1211 2 5 76 
1045 3 0 76 
648 1 3 76 
519 2 2 76 
5991 2 4 76 
5949 3 1 76 
5791 4 0 76 
5113 2 3 76 
4942 3 2 76 
4730 4 1 76 
4379 5 0 76 
4235 3 3 76 
4167 4 2 76 
4069 5 1 76 
3703 6 0 76 
3428 4 3 76 
3394 5 2 76 
3262 6 1 76 
2561 7 0 76 
2232 5 3 76 
2170 6 2 76 
2000 7 1 76 
1194 8 0 76 
982 9 7 76 
770 6 3 76 
700 7 2 76 
682 7 4 76 
399 8 1 76 
6090 9 0 76 
5843 9 6 76 
5696 10 7 76 
5454 7 3 76 
4927 8 2 76 
4270 8 4 76 
4218 9 1 76 
3745 9 5 76 
3705 10 0 76 
3609 10 6 76 
2975 11 7 76 
2577 13 7 76 
2143 8 3 76 
2008 9 2 76 
1997 9 4 76 
1976 10 1 76 
1545 10 5 76 
977 11 0 76 
544 11 6 76 
271 12 7 76 
5900 9 3 76 
4831 10 2 76 
4754 10 4 76 
4605 11 1 76 
4440 11 5 76 
4397 12 0 76 
4361 12 6 76 
4306 10 3 76 
3998 11 2 76 
3671 11 4 76 
3536 12 1 76 
3451 12 5 76 
2986 13 0 76 
2317 13 6 76 
1855 11 3 76 
1692 12 2 76 
1621 12 4 76 
1311 13 1 76 
1293 13 5 76 
1282 14 0 76 
917 14 6 76 
831 12 3 76 
730 13 2 76 
5325 13 4 76 
4676 14 1 76 
4670 14 5 76 
4643 15 0 76 
4295 15 6 76 
4214 13 3 76 
4199 14 2 76 
4033 14 4 76 
3900 15 1 76 
3331 15 5 76 
2784 16 6 76 
2492 14 3 76 
2381 15 2 76 
1965 15 4 76 
619 16 5 76 
568 17 6 76 
5548 19 6 76 
3942 15 3 76 
3756 16 4 76 
3691 17 5 76 
3410 18 6 76 
3182 19 5 76 
2813 16 3 76 
2774 17 4 76 
2174 18 5 76 
1861 19 4 76 
1524 16 2 76 
1467 17 3 76 
5898 18 4 76 
5386 19 3 76 
4688 16 1 76 
4276 17 2 76 
4085 18 3 76 
3247 19 2 76 
3034 16 0 76 
2708 17 1 76 
2668 18 2 76 
2551 19 1 76 
2067 17 0 76 
1795 18 1 76 
1032 19 0 76 
4342 18 0 76 
2164 18 1 89 
3846 17 1 89 
1161 18 2 89 
2777 17 2 89 
3856 18 3 89 
5324 17 3 90 
5659 18 4 89 
1740 17 4 90 
2985 18 5 90 
3477 16 4 90 
4486 17 5 90 
4990 14 3 91 
88 15 4 91 
2101 16 5 91 
2460 14 2 91 
186 14 4 91 
725 15 5 91 
2776 13 2 92 
4971 14 1 91 
1134 14 5 91 
1289 12 2 92 
2549 13 1 92 
2735 11 4 92 
4568 12 1 92 
4843 9 3 92 
190 10 4 92 
844 11 5 92 
1322 8 3 93 
2270 9 2 93 
2510 10 5 93 
3079 11 6 93 
5094 8 2 93 
394 9 1 93 
462 10 6 93 
4439 7 2 94 
4 8 1 94 
285 6 2 94 
1566 7 1 94 
1643 5 2 94 
2185 6 1 94 
2692 4 2 94 
2822 5 1 94 
3334 3 2 94 
4223 4 1 94 
295 1 3 95 
453 2 2 95 
921 3 1 94 
1633 1 2 95 
1954 1 4 95 
2967 2 1 95 
3644 1 1 95 
3740 1 5 95 
3823 2 6 95 
3990 1 6 95 
4280 2 7 95 
4695 4 5 95 
5175 1 7 95 
5196 2 8 95 
5373 5 5 95 
5405 1 8 96 
