1914
5844 0 19 1 
5594 0 18 1 
5547 1 19 1 
5543 0 17 1 
5514 1 18 1 
5493 2 19 1 
5227 6 19 1 
5040 0 0 1 
5037 0 16 1 
4792 1 17 1 
4754 2 18 1 
4649 3 19 1 
4536 5 19 1 
4040 6 18 1 
3873 0 1 1 
3788 0 15 1 
3722 1 0 1 
3639 1 16 1 
3598 2 17 1 
3361 3 18 1 
3341 4 19 1 
2792 5 18 1 
2751 6 17 1 
2614 0 2 1 
2590 0 14 1 
2381 1 1 1 
2342 1 15 1 
2306 2 0 1 
2126 2 16 1 
2019 3 17 1 
1921 4 18 1 
1752 5 17 1 
1483 6 16 1 
1368 0 3 1 
1121 0 13 1 
976 1 2 1 
825 1 14 1 
717 2 1 1 
6039 2 15 1 
5564 3 0 1 
5509 3 16 1 
5305 4 17 1 
5295 5 16 1 
5022 6 15 1 
4925 0 4 1 
4916 0 12 1 
4299 1 3 1 
3874 1 13 1 
3791 2 2 1 
3655 2 14 1 
3554 3 1 1 
3496 3 15 1 
3422 4 0 1 
2800 4 16 1 
2657 5 15 1 
2504 6 14 1 
2245 7 19 1 
1719 13 19 1 
1638 0 5 1 
1555 0 11 1 
1510 1 4 1 
1306 1 12 1 
862 2 3 1 
848 2 13 1 
782 3 2 1 
766 3 14 1 
467 4 1 1 
273 4 15 1 
145 5 0 1 
88 5 14 1 
5738 6 13 1 
5271 7 18 1 
5074 8 19 1 
4947 12 19 1 
4819 13 18 1 
4487 0 6 1 
4471 0 10 1 
4381 1 5 1 
4296 1 11 1 
4288 2 4 1 
4157 2 12 1 
4071 3 3 1 
4057 3 13 1 
4024 4 2 1 
3862 4 14 1 
3725 5 1 1 
3700 5 13 1 
3505 6 0 1 
3225 6 12 1 
3194 7 17 1 
2996 8 18 1 
2630 9 19 1 
1999 11 19 1 
1980 12 18 1 
1851 13 17 1 
1627 0 7 1 
1621 0 9 1 
1583 1 6 1 
1280 1 10 1 
1246 2 5 1 
800 2 11 1 
645 3 4 1 
614 3 12 1 
586 4 3 1 
67 4 13 1 
5948 5 2 1 
5292 5 12 1 
5116 6 1 1 
4959 7 0 1 
4951 7 16 1 
4892 8 17 1 
4077 9 18 1 
3987 10 19 1 
3570 11 18 1 
3552 12 17 1 
3525 13 16 1 
3336 0 8 1 
3198 1 7 1 
2886 1 9 1 
2335 2 6 1 
2153 2 10 1 
1840 3 5 1 
1598 3 11 1 
1471 4 4 1 
1375 4 12 1 
1021 5 3 1 
416 6 2 1 
373 7 1 1 
5982 7 15 1 
5911 8 0 1 
5610 8 16 1 
5515 9 17 1 
5422 10 18 1 
5254 11 17 1 
5242 12 16 1 
5082 13 15 1 
5029 19 19 1 
4423 1 8 1 
4012 2 7 1 
3509 2 9 1 
3463 3 6 1 
3293 3 10 1 
3281 4 5 1 
2722 4 11 1 
2623 5 4 1 
2412 6 3 1 
2401 7 2 1 
2349 7 14 1 
2256 8 1 1 
1961 8 15 1 
1891 9 0 1 
1826 9 16 1 
1731 10 17 1 
1438 11 16 1 
1179 12 15 1 
897 13 14 1 
863 18 19 1 
701 19 18 1 
108 2 8 1 
90 3 7 1 
26 3 9 1 
5592 4 6 1 
5557 4 10 1 
5234 5 5 1 
5212 5 11 1 
4765 6 4 1 
4644 7 3 1 
4512 7 13 1 
4392 8 2 1 
4271 8 14 1 
4258 9 1 1 
4114 9 15 1 
3898 10 0 1 
3425 10 16 1 
3354 11 15 1 
3259 12 14 1 
3195 13 13 1 
3044 17 19 1 
3038 18 18 1 
2626 19 17 1 
2617 3 8 1 
1937 4 7 1 
1698 4 9 1 
1456 5 6 1 
1419 5 10 1 
1054 6 5 1 
989 6 11 1 
878 7 4 1 
741 7 12 1 
512 8 3 1 
477 8 13 1 
5586 9 2 1 
5466 9 14 1 
4875 10 1 1 
4852 10 15 1 
4756 11 14 1 
4742 12 13 1 
4510 13 12 1 
4239 14 19 1 
3901 16 19 1 
3594 17 18 1 
3414 18 17 1 
3132 19 16 1 
3034 4 8 1 
3029 5 7 1 
2997 5 9 1 
2964 6 6 1 
2908 6 10 1 
2785 7 5 1 
2639 7 11 1 
2441 8 4 1 
2279 8 12 1 
2074 9 3 1 
2066 9 13 1 
1744 10 2 1 
1380 10 14 1 
1189 11 13 1 
999 12 12 1 
721 14 18 1 
102 15 19 1 
6041 16 18 1 
5921 17 17 1 
5873 18 16 1 
5810 19 15 1 
5753 5 8 1 
5499 6 7 1 
5112 6 9 1 
4828 7 6 1 
4398 7 10 1 
4252 8 5 1 
3957 8 11 1 
3828 9 4 1 
2823 9 12 1 
2821 10 3 1 
2618 10 13 1 
2518 11 12 1 
2467 14 17 1 
2296 15 18 1 
2149 16 17 1 
2143 17 16 1 
1872 18 15 1 
1516 19 14 1 
1458 6 8 1 
1151 7 7 1 
977 7 9 1 
761 8 6 1 
743 8 10 1 
688 9 5 1 
632 9 11 1 
566 10 4 1 
191 10 12 1 
5510 14 16 1 
5497 15 17 1 
5001 16 16 1 
4538 17 15 1 
4340 18 14 1 
4207 19 13 1 
4095 7 8 1 
3947 8 7 1 
3424 8 9 1 
3166 9 6 1 
3118 9 10 1 
3091 10 5 1 
3067 10 11 1 
2948 11 4 1 
2579 14 15 1 
2361 15 16 1 
2027 16 15 1 
1901 17 14 1 
1723 18 13 1 
1673 19 12 1 
1589 8 8 1 
1534 9 7 1 
1522 9 9 1 
1013 10 6 1 
713 10 10 1 
132 11 5 1 
21 11 11 1 
6044 12 4 1 
5967 14 14 1 
5957 15 15 1 
5635 16 14 1 
5534 17 13 1 
5214 18 12 1 
4857 19 11 1 
4596 9 8 1 
4581 10 7 1 
4453 10 9 1 
4284 11 6 1 
4213 11 10 1 
4148 12 5 1 
3835 12 11 1 
3827 14 13 1 
3466 15 14 1 
3224 16 13 1 
3147 17 12 1 
3141 18 11 1 
2834 19 10 1 
2319 10 8 1 
2128 11 7 1 
1692 11 9 1 
1321 12 6 1 
1274 12 10 1 
1176 13 11 1 
950 14 12 1 
796 15 13 1 
715 16 12 1 
650 17 11 1 
271 18 10 1 
148 19 9 1 
5663 11 8 1 
5380 12 7 1 
5220 12 9 1 
5033 13 10 1 
4926 14 11 1 
4920 15 12 1 
4206 16 11 1 
4080 17 10 1 
4000 18 9 1 
3804 19 8 1 
2794 12 8 1 
2742 13 9 1 
2562 14 10 1 
2317 15 11 1 
2059 16 10 1 
1383 17 9 1 
1275 18 8 1 
1267 19 7 1 
1059 13 8 1 
852 14 9 1 
579 15 10 1 
5433 16 9 1 
5409 17 8 1 
5183 18 7 1 
4830 19 6 1 
4360 13 7 1 
3731 14 8 1 
3508 15 9 1 
3494 16 8 1 
2981 17 7 1 
2852 18 6 1 
2802 19 5 1 
2775 13 6 1 
2583 14 7 1 
2527 15 8 1 
2275 16 7 1 
2048 17 6 1 
348 18 5 1 
5481 19 4 1 
5419 13 5 1 
5078 14 6 1 
4698 15 7 1 
4286 16 6 1 
4137 17 5 1 
4133 18 4 1 
2944 19 3 1 
2475 13 4 1 
2468 14 5 1 
1781 15 6 1 
922 16 5 1 
654 17 4 1 
312 18 3 1 
5700 19 2 1 
5591 14 4 1 
4779 15 5 1 
4473 16 4 1 
3673 17 3 1 
3438 18 2 1 
2479 19 1 1 
2262 15 4 1 
1914 16 3 1 
1712 17 2 1 
1619 18 1 1 
1363 19 0 1 
1229 11 3 1 
1023 15 3 1 
584 16 2 1 
5734 17 1 1 
5532 18 0 1 
4439 11 2 1 
4391 12 3 1 
4336 14 3 1 
4201 15 2 1 
3049 16 1 1 
3047 17 0 1 
2961 11 1 1 
2896 12 2 1 
2844 13 3 1 
786 14 2 1 
17 15 1 1 
4973 16 0 1 
4209 11 0 1 
3289 12 1 1 
3015 13 2 1 
2849 14 1 1 
1925 15 0 1 
366 12 0 1 
5833 13 1 1 
5500 14 0 1 
4597 13 0 1 
1030 13 1 12 
1983 12 1 13 
2747 13 2 13 
3790 14 1 13 
4674 12 2 14 
5086 14 2 14 
664 15 1 14 
2004 15 2 14 
2141 16 1 14 
3071 16 2 15 
3261 17 1 14 
3444 16 3 15 
272 17 2 15 
490 18 1 15 
731 15 5 15 
2529 16 4 15 
2619 17 3 15 
4074 18 2 15 
4413 14 5 16 
5858 15 6 16 
915 16 5 16 
4818 17 4 16 
4930 18 3 16 
257 14 6 16 
589 15 7 16 
605 16 6 16 
896 17 5 16 
1230 18 4 16 
2121 14 7 17 
2165 16 7 17 
2683 17 6 17 
3342 18 5 17 
4461 14 8 17 
80 17 7 17 
99 18 6 17 
1152 14 9 18 
2766 15 10 18 
3460 18 7 17 
3677 13 9 18 
3755 14 10 18 
4261 15 11 18 
4574 16 10 18 
5434 11 8 18 
5545 12 9 18 
5577 13 10 18 
5741 15 12 18 
5755 16 11 18 
5834 17 10 18 
684 10 8 19 
788 11 7 19 
1083 11 9 19 
1145 12 10 19 
3581 15 13 19 
3760 16 12 19 
4167 17 11 19 
4662 18 10 19 
7 10 7 19 
84 10 9 19 
1209 11 6 19 
1533 11 10 19 
2841 15 14 19 
2987 16 13 19 
3500 17 12 19 
4246 18 11 19 
4377 9 7 20 
281 10 6 20 
3229 10 10 20 
3701 11 5 20 
3832 15 15 19 
4006 16 14 19 
4164 17 13 19 
4298 18 12 19 
4591 8 7 20 
5211 9 6 20 
5363 9 10 20 
5894 0 19 26 
5869 0 18 26 
5854 1 19 26 
5853 0 17 26 
5797 1 18 26 
5616 2 19 26 
5429 6 19 26 
5359 0 0 26 
4849 0 16 26 
4750 1 17 26 
4701 2 18 26 
4642 3 19 26 
4495 5 19 26 
4295 6 18 26 
4218 0 1 26 
4185 0 15 26 
4085 1 0 26 
3658 1 16 26 
3636 2 17 26 
3477 3 18 26 
3048 4 19 26 
2758 5 18 26 
2741 6 17 26 
2506 0 2 26 
2434 0 14 26 
1823 1 1 26 
906 1 15 26 
879 2 0 26 
835 2 16 26 
683 3 17 26 
376 4 18 26 
5979 5 17 26 
5898 6 16 26 
5805 0 3 26 
5667 0 13 26 
5203 1 2 26 
5059 1 14 26 
4996 2 1 26 
4567 2 15 26 
4212 3 0 26 
4166 3 16 26 
3656 4 17 26 
3522 5 16 26 
3203 6 15 26 
3177 0 4 26 
3110 0 12 26 
3097 1 3 26 
3056 1 13 26 
3035 2 2 26 
2776 2 14 26 
2682 3 1 26 
2505 3 15 26 
2323 4 0 26 
2249 4 16 26 
2176 5 15 26 
1635 6 14 26 
1427 7 19 26 
1354 13 19 26 
979 0 5 26 
958 0 11 26 
818 1 4 26 
816 1 12 26 
608 2 3 26 
295 2 13 26 
262 3 2 26 
218 3 14 26 
207 4 1 26 
106 4 15 26 
6048 5 0 26 
5871 5 14 26 
5684 6 13 26 
5600 7 18 26 
5417 8 19 26 
5298 12 19 26 
5231 13 18 26 
5007 0 6 26 
4657 0 10 26 
4467 1 5 26 
4456 1 11 26 
4368 2 4 26 
4234 2 12 26 
4119 3 3 26 
3686 3 13 26 
3586 4 2 26 
3511 4 14 26 
3297 5 1 26 
3103 5 13 26 
3070 6 0 26 
2937 6 12 26 
2927 7 17 26 
2587 8 18 26 
2308 9 19 26 
2299 11 19 26 
2204 12 18 26 
1951 13 17 26 
1742 0 7 26 
1389 0 9 26 
441 1 6 26 
432 1 10 26 
5973 2 5 26 
5953 2 11 26 
5373 3 4 26 
5357 3 12 26 
5205 4 3 26 
5167 4 13 26 
5036 5 2 26 
4827 5 12 26 
4545 6 1 26 
4479 7 0 26 
3989 7 16 26 
3799 8 17 26 
3569 9 18 26 
3542 10 19 26 
3486 11 18 26 
3371 12 17 26 
3167 13 16 26 
2534 0 8 26 
2363 1 7 26 
2362 1 9 26 
2327 2 6 26 
2173 2 10 26 
1786 3 5 26 
1579 3 11 26 
1162 4 4 26 
750 4 12 26 
429 5 3 26 
261 6 2 26 
121 7 1 26 
70 7 15 26 
5975 8 0 26 
5821 8 16 26 
5784 9 17 26 
5709 10 18 26 
5653 11 17 26 
5525 12 16 26 
5513 13 15 26 
5350 19 19 26 
5303 1 8 26 
4686 2 7 26 
4243 2 9 26 
4078 3 6 26 
3986 3 10 26 
3863 4 5 26 
3779 4 11 26 
3776 5 4 26 
3664 6 3 26 
3643 7 2 26 
3559 7 14 26 
3501 8 1 26 
3231 8 15 26 
2354 9 0 26 
2040 9 16 26 
1991 10 17 26 
1944 11 16 26 
1928 12 15 26 
1448 13 14 26 
1361 18 19 26 
875 19 18 26 
843 2 8 26 
600 3 7 26 
403 3 9 26 
401 4 6 26 
372 4 10 26 
5962 5 5 26 
5519 5 11 26 
5457 6 4 26 
5420 7 3 26 
4839 7 13 26 
4643 8 2 26 
4432 8 14 26 
4410 9 1 26 
4408 9 15 26 
4138 10 0 26 
4132 10 16 26 
3899 11 15 26 
3744 12 14 26 
3712 13 13 26 
3375 17 19 26 
3271 18 18 26 
3217 19 17 26 
3187 3 8 26 
2652 4 7 26 
2320 4 9 26 
1234 5 6 26 
936 5 10 26 
855 6 5 26 
836 6 11 26 
807 7 4 26 
762 7 12 26 
362 8 3 26 
86 8 13 26 
6007 9 2 26 
5944 9 14 26 
5856 10 1 26 
5824 10 15 26 
5640 11 14 26 
5522 12 13 26 
5376 13 12 26 
5215 14 19 26 
5210 16 19 26 
5095 17 18 26 
5030 18 17 26 
4981 19 16 26 
4933 4 8 26 
4519 5 7 26 
4403 5 9 26 
3946 6 6 26 
3857 6 10 26 
3767 7 5 26 
3723 7 11 26 
3621 8 4 26 
3590 8 12 26 
3395 9 3 26 
2971 9 13 26 
2798 10 2 26 
1640 10 14 26 
1631 11 13 26 
1604 12 12 26 
1447 14 18 26 
869 15 19 26 
868 16 18 26 
507 17 17 26 
242 18 16 26 
16 19 15 26 
5986 5 8 26 
5786 6 7 26 
5539 6 9 26 
5343 7 6 26 
5338 7 10 26 
4814 8 5 26 
4769 8 11 26 
4544 9 4 26 
4464 9 12 26 
4323 10 3 26 
4079 10 13 26 
3711 11 12 26 
3469 14 17 26 
3429 15 18 26 
3290 16 17 26 
3159 17 16 26 
2810 18 15 26 
2714 19 14 26 
2588 6 8 26 
2520 7 7 26 
2402 7 9 26 
2373 8 6 26 
2084 8 10 26 
889 9 5 26 
729 9 11 26 
596 10 4 26 
536 10 12 26 
365 14 16 26 
6047 15 17 26 
5860 16 16 26 
5795 17 15 26 
5788 18 14 26 
5590 19 13 26 
5552 7 8 26 
5505 8 7 26 
5442 8 9 26 
5016 9 6 26 
5002 9 10 26 
4850 10 5 26 
4774 10 11 26 
4771 11 4 26 
4684 14 15 26 
4443 15 16 26 
4365 16 15 26 
4356 17 14 26 
3792 18 13 26 
3764 19 12 26 
3252 8 8 26 
3094 9 7 26 
2604 9 9 26 
2566 10 6 26 
2547 10 10 26 
2470 11 5 26 
2253 11 11 26 
2052 12 4 26 
1950 14 14 26 
1831 15 15 26 
1634 16 14 26 
1607 17 13 26 
1496 18 12 26 
1378 19 11 26 
1360 9 8 26 
423 10 7 26 
392 10 9 26 
140 11 6 26 
69 11 10 26 
5754 12 5 26 
5749 12 11 26 
5698 14 13 26 
5071 15 14 26 
4343 16 13 26 
3885 17 12 26 
3824 18 11 26 
3630 19 10 26 
3478 10 8 26 
3409 11 7 26 
3182 11 9 26 
2871 12 6 26 
2293 12 10 26 
2053 13 11 26 
1639 14 12 26 
1480 15 13 26 
1443 16 12 26 
1104 17 11 26 
991 18 10 26 
960 19 9 26 
847 11 8 26 
805 12 7 26 
779 12 9 26 
647 13 10 26 
565 14 11 26 
6027 15 12 26 
5719 16 11 26 
5267 17 10 26 
5229 18 9 26 
5136 19 8 26 
5063 12 8 26 
4589 13 9 26 
4098 14 10 26 
3497 15 11 26 
3468 16 10 26 
3419 17 9 26 
3196 18 8 26 
2824 19 7 26 
1749 13 8 26 
1651 14 9 26 
1453 15 10 26 
1116 16 9 26 
306 17 8 26 
5910 18 7 26 
5184 19 6 26 
5152 13 7 26 
4791 14 8 26 
4738 15 9 26 
4630 16 8 26 
4483 17 7 26 
4181 18 6 26 
4123 19 5 26 
4037 13 6 26 
4005 14 7 26 
3487 15 8 26 
3180 16 7 26 
2755 17 6 26 
2582 18 5 26 
2450 19 4 26 
2415 13 5 26 
2035 14 6 26 
2009 15 7 26 
1764 16 6 26 
1701 17 5 26 
1387 18 4 26 
1203 19 3 26 
687 13 4 26 
57 14 5 26 
5287 15 6 26 
4974 16 5 26 
4553 17 4 26 
4176 18 3 26 
3904 19 2 26 
3682 14 4 26 
3350 15 5 26 
2589 16 4 26 
2409 17 3 26 
829 18 2 26 
595 19 1 26 
500 15 4 26 
203 16 3 26 
4513 17 2 26 
3927 18 1 26 
3611 19 0 26 
3238 11 3 26 
3008 15 3 26 
2105 16 2 26 
1156 17 1 26 
817 18 0 26 
582 11 2 26 
5908 12 3 26 
5751 14 3 26 
4950 15 2 26 
4948 16 1 26 
3589 17 0 26 
3567 11 1 26 
3205 12 2 26 
3012 13 3 26 
2543 14 2 26 
2181 15 1 26 
765 16 0 26 
459 11 0 26 
5889 12 1 26 
5659 13 2 26 
5144 14 1 26 
2394 15 0 26 
1883 12 0 26 
1656 13 1 26 
4634 14 0 26 
3936 13 0 26 
1315 13 1 38 
3837 12 1 38 
1913 13 2 38 
1118 14 1 38 
1838 12 2 39 
4718 14 2 39 
1065 15 1 39 
1728 15 2 39 
1962 16 1 39 
4384 16 2 40 
415 17 1 40 
2670 16 3 41 
3242 17 2 40 
3489 18 1 40 
5259 15 5 41 
3884 16 4 41 
5576 17 3 41 
251 18 2 41 
4435 14 5 42 
4451 15 6 41 
4855 16 5 41 
723 17 4 41 
986 18 3 41 
1532 14 6 42 
2018 15 7 42 
2940 16 6 42 
3615 17 5 42 
4794 18 4 42 
4847 14 7 42 
5654 16 7 42 
1034 17 6 42 
1173 18 5 42 
1762 14 8 42 
2091 17 7 42 
2287 18 6 42 
3830 14 9 43 
5535 15 10 43 
103 18 7 42 
174 13 9 43 
314 14 10 43 
631 15 11 43 
888 16 10 43 
904 11 8 44 
1064 12 9 44 
1198 13 10 44 
1778 15 12 43 
2627 16 11 43 
2768 17 10 43 
3064 10 8 44 
3324 11 7 44 
3623 11 9 44 
4607 12 10 44 
4886 15 13 44 
5043 16 12 44 
5065 17 11 44 
5115 18 10 44 
5524 10 7 45 
6020 10 9 45 
296 11 6 45 
451 11 10 45 
709 15 14 44 
1014 16 13 44 
1113 17 12 44 
1262 18 11 44 
1476 9 7 45 
1916 10 6 45 
2949 10 10 45 
3016 11 5 45 
3142 15 15 45 
3805 16 14 45 
3895 17 13 45 
3999 18 12 45 
4457 8 7 45 
4834 9 6 45 
4942 9 10 45 
4953 10 5 45 
5058 15 16 45 
5512 16 15 45 
5959 0 19 51 
5929 0 18 51 
5887 1 19 51 
5733 0 17 51 
5704 1 18 51 
5693 2 19 51 
5492 6 19 51 
5470 0 0 51 
5361 0 16 51 
5014 1 17 51 
4921 2 18 51 
4809 3 19 51 
4550 5 19 51 
4447 6 18 51 
4354 0 1 51 
4326 0 15 51 
3968 1 0 51 
3886 1 16 51 
3785 2 17 51 
3713 3 18 51 
3025 4 19 51 
2148 5 18 51 
2089 6 17 51 
1973 0 2 51 
1771 0 14 51 
1648 1 1 51 
1546 1 15 51 
1526 2 0 51 
1495 2 16 51 
1345 3 17 51 
1224 4 18 51 
1168 5 17 51 
1146 6 16 51 
1063 0 3 51 
887 0 13 51 
677 1 2 51 
529 1 14 51 
164 2 1 51 
6008 2 15 51 
5961 3 0 51 
5603 3 16 51 
5593 4 17 51 
5498 5 16 51 
5427 6 15 51 
5411 0 4 51 
5406 0 12 51 
5394 1 3 51 
5121 1 13 51 
4772 2 2 51 
4561 2 14 51 
4289 3 1 51 
3718 3 15 51 
3340 4 0 51 
3186 4 16 51 
3051 5 15 51 
2832 6 14 51 
2799 7 19 51 
2777 13 19 51 
2688 0 5 51 
2420 0 11 51 
2196 1 4 51 
1689 1 12 51 
1459 2 3 51 
1432 2 13 51 
1250 3 2 51 
1040 3 14 51 
1011 4 1 51 
913 4 15 51 
749 5 0 51 
309 5 14 51 
125 6 13 51 
107 7 18 51 
6017 8 19 51 
6014 12 19 51 
5206 13 18 51 
4837 0 6 51 
4766 0 10 51 
4711 1 5 51 
4652 1 11 51 
4636 2 4 51 
4503 2 12 51 
4486 3 3 51 
4419 3 13 51 
4200 4 2 51 
4047 4 14 51 
3978 5 1 51 
3602 5 13 51 
3572 6 0 51 
3408 6 12 51 
3306 7 17 51 
3124 8 18 51 
2994 9 19 51 
2950 11 19 51 
2752 12 18 51 
2725 13 17 51 
2721 0 7 51 
2539 0 9 51 
2276 1 6 51 
1608 1 10 51 
1585 2 5 51 
1241 2 11 51 
404 3 4 51 
402 3 12 51 
81 4 3 51 
52 4 13 51 
5680 5 2 51 
5455 5 12 51 
5435 6 1 51 
5128 7 0 51 
4887 7 16 51 
4851 8 17 51 
4805 9 18 51 
4670 10 19 51 
4459 11 18 51 
4351 12 17 51 
4278 13 16 51 
4004 0 8 51 
3746 1 7 51 
3459 1 9 51 
3333 2 6 51 
2663 2 10 51 
2211 3 5 51 
2112 3 11 51 
1946 4 4 51 
1655 4 12 51 
1417 5 3 51 
1265 6 2 51 
1148 7 1 51 
1008 7 15 51 
655 8 0 51 
471 8 16 51 
95 9 17 51 
11 10 18 51 
6035 11 17 51 
5937 12 16 51 
5688 13 15 51 
5665 19 19 51 
5556 1 8 51 
5464 2 7 51 
5371 2 9 51 
5344 3 6 51 
5188 3 10 51 
4993 4 5 51 
4669 4 11 51 
4658 5 4 51 
4557 6 3 51 
4506 7 2 51 
4458 7 14 51 
4282 8 1 51 
4014 8 15 51 
3520 9 0 51 
3277 9 16 51 
3146 10 17 51 
3144 11 16 51 
2815 12 15 51 
2680 13 14 51 
2497 18 19 51 
2466 19 18 51 
2426 2 8 51 
2082 3 7 51 
2064 3 9 51 
2013 4 6 51 
1976 4 10 51 
1926 5 5 51 
1900 5 11 51 
1710 6 4 51 
1671 7 3 51 
1562 7 13 51 
1484 8 2 51 
1346 8 14 51 
1286 9 1 51 
1254 9 15 51 
1243 10 0 51 
1037 10 16 51 
736 11 15 51 
720 12 14 51 
653 13 13 51 
624 17 19 51 
320 18 18 51 
189 19 17 51 
89 3 8 51 
5942 4 7 51 
5875 4 9 51 
5666 5 6 51 
5620 5 10 51 
5551 6 5 51 
4632 6 11 51 
4612 7 4 51 
4517 7 12 51 
4465 8 3 51 
4215 8 13 51 
4116 9 2 51 
3181 9 14 51 
3154 10 1 51 
3138 10 15 51 
2771 11 14 51 
2698 12 13 51 
2672 13 12 51 
2395 14 19 51 
2241 16 19 51 
1793 17 18 51 
1686 18 17 51 
1654 19 16 51 
1288 4 8 51 
1264 5 7 51 
1252 5 9 51 
1147 6 6 51 
1086 6 10 51 
846 7 5 51 
821 7 11 51 
792 8 4 51 
663 8 12 51 
538 9 3 51 
329 9 13 51 
5980 10 2 51 
5855 10 14 51 
5683 11 13 51 
5531 12 12 51 
5430 14 18 51 
4514 15 19 51 
4493 16 18 51 
4230 17 17 51 
4048 18 16 51 
3415 19 15 51 
3327 5 8 51 
3212 6 7 51 
2120 6 9 51 
1880 7 6 51 
523 7 10 51 
375 8 5 51 
326 8 11 51 
324 9 4 51 
118 9 12 51 
45 10 3 51 
6036 10 13 51 
5726 11 12 51 
5697 14 17 51 
5425 15 18 51 
4680 16 17 51 
4548 17 16 51 
4141 18 15 51 
4019 19 14 51 
3561 6 8 51 
3461 7 7 51 
3379 7 9 51 
2839 8 6 51 
2344 8 10 51 
2247 9 5 51 
1939 9 11 51 
1879 10 4 51 
1057 10 12 51 
1048 14 16 51 
1022 15 17 51 
1001 16 16 51 
898 17 15 51 
809 18 14 51 
747 19 13 51 
718 7 8 51 
409 8 7 51 
355 8 9 51 
66 9 6 51 
5673 9 10 51 
5623 10 5 51 
5393 10 11 51 
5381 11 4 51 
5256 14 15 51 
4043 15 16 51 
3633 16 15 51 
3416 17 14 51 
3250 18 13 51 
3087 19 12 51 
2989 8 8 51 
2847 9 7 51 
2797 9 9 51 
2574 10 6 51 
2435 10 10 51 
872 11 5 51 
280 11 11 51 
232 12 4 51 
120 14 14 51 
115 15 15 51 
30 16 14 51 
5951 17 13 51 
5763 18 12 51 
5678 19 11 51 
5353 9 8 51 
5322 10 7 51 
4664 10 9 51 
4449 11 6 51 
3558 11 10 51 
3319 12 5 51 
3313 12 11 51 
3286 14 13 51 
2687 15 14 51 
2564 16 13 51 
2291 17 12 51 
2044 18 11 51 
1787 19 10 51 
903 10 8 51 
83 11 7 51 
6026 11 9 51 
5843 12 6 51 
5721 12 10 51 
5686 13 11 51 
5468 14 12 51 
4909 15 13 51 
4784 16 12 51 
4715 17 11 51 
4331 18 10 51 
4274 19 9 51 
3545 11 8 51 
3441 12 7 51 
3171 12 9 51 
2358 13 10 51 
2136 14 11 51 
2031 15 12 51 
2015 16 11 51 
1556 17 10 51 
1237 18 9 51 
831 19 8 51 
659 12 8 51 
434 13 9 51 
418 14 10 51 
317 15 11 51 
253 16 10 51 
49 17 9 51 
33 18 8 51 
5902 19 7 51 
5816 13 8 51 
5728 14 9 51 
5460 15 10 51 
5230 16 9 51 
5148 17 8 51 
4835 18 7 51 
4800 19 6 51 
4745 13 7 51 
4734 14 8 51 
4609 15 9 51 
4603 16 8 51 
4433 17 7 51 
4143 18 6 51 
4128 19 5 51 
4036 13 6 51 
3996 14 7 51 
3838 15 8 51 
3534 16 7 51 
3317 17 6 51 
3028 18 5 51 
2424 19 4 51 
2294 13 5 51 
2214 14 6 51 
1986 15 7 51 
1974 16 6 51 
1902 17 5 51 
1418 18 4 51 
1382 19 3 51 
598 13 4 51 
318 14 5 51 
152 15 6 51 
5134 16 5 51 
4429 17 4 51 
4205 18 3 51 
3813 19 2 51 
3576 14 4 51 
3248 15 5 51 
2478 16 4 51 
2110 17 3 51 
2070 18 2 51 
1957 19 1 51 
440 15 4 51 
331 16 3 51 
5976 17 2 51 
5006 18 1 51 
4917 19 0 51 
4796 11 3 51 
4530 15 3 51 
3622 16 2 51 
3471 17 1 51 
3276 18 0 51 
2974 11 2 51 
2712 12 3 51 
2050 14 3 51 
1730 15 2 51 
1570 16 1 51 
1196 17 0 51 
5746 11 1 51 
5192 12 2 51 
5090 13 3 51 
4250 14 2 51 
3928 15 1 51 
3921 16 0 51 
1977 11 0 51 
478 12 1 51 
302 13 2 51 
4889 14 1 51 
4068 15 0 51 
3026 12 0 51 
2756 13 1 51 
656 14 0 51 
6038 13 0 51 
881 13 1 63 
2108 12 1 64 
3262 13 2 64 
4070 14 1 63 
4238 12 2 64 
5997 14 2 64 
840 15 1 64 
1055 15 2 65 
3706 16 1 65 
5865 16 2 65 
422 17 1 65 
3854 16 3 66 
4821 17 2 65 
5159 18 1 65 
1379 15 5 66 
2028 16 4 66 
2730 17 3 66 
3042 18 2 66 
31 14 5 67 
110 15 6 67 
1560 16 5 66 
1837 17 4 66 
2162 18 3 66 
3568 14 6 67 
3878 15 7 67 
944 16 6 67 
1843 17 5 67 
5445 18 4 67 
5820 14 7 67 
1169 16 7 67 
2612 17 6 67 
2931 18 5 67 
3288 14 8 67 
3710 17 7 67 
3995 18 6 67 
4799 14 9 67 
185 15 10 67 
202 18 7 67 
332 13 9 68 
592 14 10 68 
692 15 11 68 
845 16 10 68 
1605 11 8 68 
1931 12 9 68 
1938 13 10 68 
2169 15 12 68 
3603 16 11 68 
3703 17 10 68 
4407 10 8 69 
5047 11 7 69 
5056 11 9 68 
5695 12 10 68 
1197 15 13 68 
2392 16 12 68 
2515 17 11 68 
3390 18 10 68 
3913 10 7 69 
4543 10 9 69 
5217 11 6 69 
5572 11 10 69 
349 15 14 69 
811 16 13 69 
880 17 12 69 
1009 18 11 69 
1201 9 7 70 
1273 10 6 70 
1372 10 10 70 
1501 11 5 70 
1551 15 15 70 
1601 16 14 70 
2186 17 13 69 
2216 18 12 69 
2976 8 7 71 
4897 9 6 71 
5179 9 10 70 
5955 10 5 70 
5885 0 19 76 
5776 0 18 76 
5119 1 19 76 
5061 0 17 76 
4949 1 18 76 
4454 2 19 76 
4255 6 19 76 
3973 0 0 76 
3752 0 16 76 
3737 1 17 76 
3498 2 18 76 
3421 3 19 76 
3265 5 19 76 
3098 6 18 76 
3082 0 1 76 
2968 0 15 76 
2857 1 0 76 
2812 1 16 76 
2765 2 17 76 
2724 3 18 76 
2608 4 19 76 
2347 5 18 76 
2163 6 17 76 
1669 0 2 76 
1333 0 14 76 
1316 1 1 76 
1207 1 15 76 
1154 2 0 76 
824 2 16 76 
561 3 17 76 
491 4 18 76 
381 5 17 76 
134 6 16 76 
5538 0 3 76 
5374 0 13 76 
5108 1 2 76 
4806 1 14 76 
4691 2 1 76 
4546 2 15 76 
4421 3 0 76 
4254 3 16 76 
3933 4 17 76 
3778 5 16 76 
3704 6 15 76 
3647 0 4 76 
3488 0 12 76 
3323 1 3 76 
2941 1 13 76 
2918 2 2 76 
2803 2 14 76 
2790 3 1 76 
2664 3 15 76 
2117 4 0 76 
1582 4 16 76 
1536 5 15 76 
1317 6 14 76 
1270 7 19 76 
1157 13 19 76 
1060 0 5 76 
965 0 11 76 
772 1 4 76 
421 1 12 76 
419 2 3 76 
411 2 13 76 
387 3 2 76 
291 3 14 76 
65 4 1 76 
6010 4 15 76 
5940 5 0 76 
5791 5 14 76 
5711 6 13 76 
5672 7 18 76 
5548 8 19 76 
5487 12 19 76 
5323 13 18 76 
5258 0 6 76 
5106 0 10 76 
4761 1 5 76 
4720 1 11 76 
4552 2 4 76 
4527 2 12 76 
4224 3 3 76 
4191 3 13 76 
3809 4 2 76 
3591 4 14 76 
3582 5 1 76 
3382 5 13 76 
3076 6 0 76 
2953 6 12 76 
2951 7 17 76 
2895 8 18 76 
2854 9 19 76 
2728 11 19 76 
2711 12 18 76 
2489 13 17 76 
2453 0 7 76 
2399 0 9 76 
2277 1 6 76 
2011 1 10 76 
1578 2 5 76 
1543 2 11 76 
1416 3 4 76 
1381 3 12 76 
1329 4 3 76 
948 4 13 76 
621 5 2 76 
178 5 12 76 
128 6 1 76 
5670 7 0 76 
5517 7 16 76 
5351 8 17 76 
5320 9 18 76 
5123 10 19 76 
5048 11 18 76 
4987 12 17 76 
4616 13 16 76 
4291 0 8 76 
4280 1 7 76 
4064 1 9 76 
3948 2 6 76 
3566 2 10 76 
3413 3 5 76 
3392 3 11 76 
2983 4 4 76 
2873 4 12 76 
2808 5 3 76 
2793 6 2 76 
2561 7 1 76 
2528 7 15 76 
2359 8 0 76 
2228 8 16 76 
2182 9 17 76 
2061 10 18 76 
1934 11 17 76 
1924 12 16 76 
1792 13 15 76 
1704 19 19 76 
1342 1 8 76 
1328 2 7 76 
1320 2 9 76 
487 3 6 76 
221 3 10 76 
201 4 5 76 
196 4 11 76 
87 5 4 76 
5984 6 3 76 
5862 7 2 76 
5799 7 14 76 
5777 8 1 76 
5718 8 15 76 
5177 9 0 76 
5072 9 16 76 
5032 10 17 76 
4945 11 16 76 
4890 12 15 76 
4838 13 14 76 
4699 18 19 76 
4061 19 18 76 
3735 2 8 76 
3540 3 7 76 
3491 3 9 76 
2885 4 6 76 
2662 4 10 76 
2565 5 5 76 
2522 5 11 76 
2514 6 4 76 
2484 7 3 76 
2462 7 13 76 
2379 8 2 76 
2336 8 14 76 
2268 9 1 76 
2130 9 15 76 
1770 10 0 76 
1561 10 16 76 
1435 11 15 76 
1223 12 14 76 
1036 13 13 76 
988 17 19 76 
864 18 18 76 
841 19 17 76 
785 3 8 76 
615 4 7 76 
602 4 9 76 
156 5 6 76 
36 5 10 76 
5823 6 5 76 
5811 6 11 76 
5807 7 4 76 
5802 7 12 76 
5570 8 3 76 
5111 8 13 76 
4770 9 2 76 
4638 9 14 76 
4425 10 1 76 
4303 10 15 76 
4100 11 14 76 
4082 12 13 76 
3678 13 12 76 
3592 14 19 76 
3584 16 19 76 
3021 17 18 76 
2842 18 17 76 
2706 19 16 76 
2127 4 8 76 
1904 5 7 76 
1676 5 9 76 
1492 6 6 76 
1441 6 10 76 
1425 7 5 76 
567 7 11 76 
556 8 4 76 
170 8 12 76 
19 9 3 76 
5402 9 13 76 
5309 10 2 76 
5301 10 14 76 
5244 11 13 76 
5240 12 12 76 
4895 14 18 76 
4696 15 19 76 
4273 16 18 76 
4267 17 17 76 
4236 18 16 76 
4227 19 15 76 
4199 5 8 76 
3546 6 7 76 
3374 6 9 76 
3360 7 6 76 
3247 7 10 76 
2921 8 5 76 
2188 8 11 76 
1829 9 4 76 
1803 9 12 76 
1586 10 3 76 
1217 10 13 76 
1163 11 12 76 
1087 14 17 76 
1085 15 18 76 
803 16 17 76 
787 17 16 76 
739 18 15 76 
638 19 14 76 
424 6 8 76 
236 7 7 76 
5809 7 9 76 
5712 8 6 76 
5075 8 10 76 
4884 9 5 76 
4571 9 11 76 
4556 10 4 76 
4446 10 12 76 
4321 14 16 76 
3897 15 17 76 
3889 16 16 76 
3637 17 15 76 
3516 18 14 76 
2923 19 13 76 
2259 7 8 76 
2042 8 7 76 
1990 8 9 76 
1765 9 6 76 
1351 9 10 76 
1205 10 5 76 
639 10 11 76 
549 11 4 76 
537 14 15 76 
300 15 16 76 
5888 16 15 76 
5575 17 14 76 
5473 18 13 76 
5191 19 12 76 
4944 8 8 76 
4395 9 7 76 
4333 9 9 76 
4279 10 6 76 
3980 10 10 76 
3707 11 5 76 
3672 11 11 76 
3279 12 4 76 
2956 14 14 76 
2838 15 15 76 
2598 16 14 76 
2396 17 13 76 
1906 18 12 76 
1120 19 11 76 
510 9 8 76 
472 10 7 76 
269 10 9 76 
5604 11 6 76 
5554 11 10 76 
5490 12 5 76 
5224 12 11 76 
4810 14 13 76 
4763 15 14 76 
4489 16 13 76 
4292 17 12 76 
3756 18 11 76 
3600 19 10 76 
3455 10 8 76 
3330 11 7 76 
2517 11 9 76 
2417 12 6 76 
2295 12 10 76 
2190 13 11 76 
2109 14 12 76 
1612 15 13 76 
1415 16 12 76 
1347 17 11 76 
649 18 10 76 
308 19 9 76 
82 11 8 76 
5945 12 7 76 
5890 12 9 76 
5439 13 10 76 
4842 14 11 76 
4525 15 12 76 
4197 16 11 76 
4031 17 10 76 
3924 18 9 76 
3736 19 8 76 
3557 12 8 76 
3538 13 9 76 
3347 14 10 76 
2252 15 11 76 
2232 16 10 76 
2185 17 9 76 
962 18 8 76 
770 19 7 76 
339 13 8 76 
175 14 9 76 
5972 15 10 76 
5527 16 9 76 
5290 17 8 76 
4986 18 7 76 
4869 19 6 76 
4352 13 7 76 
4060 14 8 76 
3969 15 9 76 
3896 16 8 76 
3702 17 7 76 
3698 18 6 76 
3684 19 5 76 
3683 13 6 76 
3465 14 7 76 
3054 15 8 76 
2827 16 7 76 
2548 17 6 76 
2503 18 5 76 
2208 19 4 76 
2174 13 5 76 
2005 14 6 76 
1929 15 7 76 
1816 16 6 76 
1661 17 5 76 
1574 18 4 76 
1567 19 3 76 
997 13 4 76 
657 14 5 76 
517 15 6 76 
462 16 5 76 
250 17 4 76 
4090 18 3 76 
3715 19 2 76 
3692 14 4 76 
3394 15 5 76 
2973 16 4 76 
2930 17 3 76 
2784 18 2 76 
2761 19 1 76 
2731 15 4 76 
2471 16 3 76 
2142 17 2 76 
1959 18 1 76 
790 19 0 76 
603 11 3 76 
578 15 3 76 
241 16 2 76 
5966 17 1 76 
5062 18 0 76 
4943 11 2 76 
4789 12 3 76 
4689 14 3 76 
4179 15 2 76 
3010 16 1 76 
2734 17 0 76 
2575 11 1 76 
2168 12 2 76 
503 13 3 76 
6033 14 2 76 
5949 15 1 76 
4997 16 0 76 
3246 11 0 76 
1420 12 1 76 
1307 13 2 76 
658 14 1 76 
457 15 0 76 
135 12 0 76 
5567 13 1 76 
2708 14 0 76 
97 13 0 76 
3665 13 1 88 
5768 12 1 89 
301 13 2 89 
2330 14 1 89 
4293 12 2 90 
5000 14 2 89 
180 15 1 89 
628 15 2 90 
4404 16 1 90 
5528 16 2 91 
256 17 1 90 
1279 16 3 91 
1454 17 2 91 
3564 18 1 91 
4001 15 5 91 
4107 16 4 91 
4155 17 3 91 
4979 18 2 91 
464 14 5 92 
1291 15 6 92 
1442 16 5 92 
1824 17 4 92 
3117 18 3 91 
3908 14 6 92 
5747 15 7 92 
576 16 6 92 
740 17 5 92 
921 18 4 92 
1206 14 7 92 
1705 16 7 92 
2311 17 6 92 
4091 18 5 92 
4586 14 8 92 
4713 17 7 92 
5579 18 6 92 
5617 14 9 93 
5743 15 10 92 
1523 18 7 92 
1537 13 9 93 
1919 14 10 93 
1997 15 11 93 
2098 16 10 93 
4108 11 8 94 
518 12 9 93 
1136 13 10 93 
1450 15 12 93 
1461 16 11 93 
1890 17 10 93 
1966 10 8 94 
2079 11 7 94 
3915 11 9 94 
4264 12 10 94 
4320 15 13 94 
4540 16 12 94 
5025 17 11 94 
5857 18 10 94 
546 10 7 95 
674 10 9 95 
682 11 6 94 
1191 11 10 94 
1384 15 14 94 
1388 16 13 94 
3152 17 12 94 
3170 18 11 94 
5456 9 7 95 
270 10 6 95 
833 10 10 95 
1225 11 5 95 
1331 15 15 95 
2743 16 14 95 
2915 17 13 95 
3237 18 12 95 
3299 8 7 96 
3985 9 6 96 
4217 9 10 96 
4376 10 5 96 
4623 15 16 96 
4764 16 15 95 
4782 17 14 95 
5122 18 13 95 
5423 7 7 97 
5866 8 6 96 
5969 8 10 96 
6011 9 5 96 
6042 9 11 96 
