1944
5569 19 19 1 
5240 18 19 1 
5217 19 18 1 
5110 17 19 1 
5090 18 18 1 
5013 19 17 1 
4841 16 19 1 
4451 17 18 1 
4263 18 17 1 
4224 19 16 1 
3926 15 19 1 
3721 16 18 1 
3289 17 17 1 
3079 18 16 1 
2769 19 15 1 
2693 14 19 1 
2423 15 18 1 
2068 16 17 1 
2065 17 16 1 
1862 18 15 1 
1844 19 14 1 
1604 13 19 1 
1497 14 18 1 
1282 15 17 1 
1245 16 16 1 
1060 17 15 1 
957 18 14 1 
887 19 13 1 
717 0 19 1 
355 12 19 1 
207 13 18 1 
149 14 17 1 
28 15 16 1 
5762 16 15 1 
5714 17 14 1 
5693 18 13 1 
5532 19 12 1 
5342 0 18 1 
5332 1 19 1 
5249 11 19 1 
5155 12 18 1 
5067 13 17 1 
5022 14 16 1 
5019 15 15 1 
4969 16 14 1 
4586 17 13 1 
4315 18 12 1 
4257 19 11 1 
4155 0 17 1 
4109 1 18 1 
3868 2 19 1 
3720 10 19 1 
3268 11 18 1 
2943 12 17 1 
2402 13 16 1 
2301 14 15 1 
2152 15 14 1 
1681 16 13 1 
1365 17 12 1 
1150 18 11 1 
1132 19 0 1 
1056 19 10 1 
891 0 16 1 
882 1 17 1 
420 2 18 1 
5712 3 19 1 
4968 9 19 1 
4881 10 18 1 
4388 11 17 1 
4368 12 16 1 
4340 13 15 1 
4227 14 14 1 
4157 15 13 1 
4133 16 12 1 
4035 17 11 1 
3899 18 0 1 
3886 18 10 1 
3679 19 1 1 
3622 19 9 1 
3529 0 15 1 
3434 1 16 1 
3226 2 17 1 
3180 3 18 1 
2891 4 19 1 
2804 8 19 1 
2330 9 18 1 
2307 10 17 1 
1708 11 16 1 
1669 12 15 1 
1503 13 14 1 
1488 14 13 1 
1425 15 12 1 
994 16 11 1 
939 17 0 1 
932 17 10 1 
683 18 1 1 
676 18 9 1 
664 19 2 1 
303 19 8 1 
124 0 14 1 
40 1 15 1 
5451 2 16 1 
5416 3 17 1 
5203 4 18 1 
5161 5 19 1 
5012 7 19 1 
4878 8 18 1 
4656 9 17 1 
4617 10 16 1 
4613 11 15 1 
4518 12 14 1 
4459 13 13 1 
4358 14 12 1 
4083 15 11 1 
3864 16 0 1 
3524 16 10 1 
3447 17 1 1 
2972 17 9 1 
2667 18 2 1 
2175 18 8 1 
1921 19 3 1 
1466 19 7 1 
1116 0 13 1 
995 1 14 1 
594 2 15 1 
530 3 16 1 
523 4 17 1 
300 5 18 1 
198 6 19 1 
5802 7 18 1 
5793 8 17 1 
5363 9 16 1 
5237 10 15 1 
5121 11 14 1 
4323 12 13 1 
4277 13 12 1 
4064 14 11 1 
3989 15 0 1 
3818 15 10 1 
3485 16 1 1 
3414 16 9 1 
3372 17 2 1 
3194 17 8 1 
3080 18 3 1 
2476 18 7 1 
2462 19 4 1 
2357 19 6 1 
2325 0 12 1 
2254 1 13 1 
2020 2 14 1 
1713 3 15 1 
1271 4 16 1 
1154 5 17 1 
1005 6 18 1 
483 7 17 1 
360 8 16 1 
5742 9 15 1 
5493 10 14 1 
4725 11 13 1 
4689 12 12 1 
4031 13 11 1 
3752 14 0 1 
3690 14 10 1 
3408 15 1 1 
3340 15 9 1 
3238 16 2 1 
3124 16 8 1 
3105 17 3 1 
2979 17 7 1 
2920 18 4 1 
2729 18 6 1 
2727 19 5 1 
2668 0 11 1 
2539 1 12 1 
2473 2 13 1 
2417 3 14 1 
2403 4 15 1 
2365 5 16 1 
2326 6 17 1 
2144 7 16 1 
1769 8 15 1 
1188 9 14 1 
1074 10 13 1 
936 11 12 1 
775 12 11 1 
557 13 0 1 
220 13 10 1 
5807 14 1 1 
5620 14 9 1 
5576 15 2 1 
5506 15 8 1 
5415 16 3 1 
5313 16 7 1 
4760 17 4 1 
4627 17 6 1 
4625 18 5 1 
4610 0 10 1 
4604 1 11 1 
4567 2 12 1 
4255 3 13 1 
4237 4 14 1 
3787 5 15 1 
3354 6 16 1 
3073 7 15 1 
3020 8 14 1 
2754 9 13 1 
2704 10 12 1 
2339 11 11 1 
2136 12 0 1 
2135 12 10 1 
2043 13 1 1 
1984 13 9 1 
1980 14 2 1 
1827 14 8 1 
1490 15 3 1 
652 15 7 1 
415 16 4 1 
5578 16 6 1 
5568 17 5 1 
4679 0 9 1 
4614 1 10 1 
4378 2 11 1 
4220 3 12 1 
3976 4 13 1 
3948 5 14 1 
3873 6 15 1 
3824 7 14 1 
3624 8 13 1 
3538 9 12 1 
3234 10 11 1 
3168 11 0 1 
2469 11 10 1 
2467 12 1 1 
2147 12 9 1 
2108 13 2 1 
2058 13 8 1 
1841 14 3 1 
1709 14 7 1 
999 15 4 1 
809 15 6 1 
671 16 5 1 
445 0 8 1 
150 1 9 1 
12 2 10 1 
5148 3 11 1 
5091 4 12 1 
5064 5 13 1 
4868 6 14 1 
4819 7 13 1 
4811 8 12 1 
4535 9 11 1 
4393 10 0 1 
4225 10 10 1 
3891 11 1 1 
3498 11 9 1 
3300 12 2 1 
3232 12 8 1 
3097 13 3 1 
3061 13 7 1 
2381 14 4 1 
2199 14 6 1 
2090 15 5 1 
1992 0 7 1 
1971 1 8 1 
1870 2 9 1 
1808 3 10 1 
1529 4 11 1 
1255 5 12 1 
990 6 13 1 
374 7 12 1 
190 8 11 1 
77 9 0 1 
16 9 10 1 
5733 10 1 1 
5686 10 9 1 
5387 11 2 1 
4939 11 8 1 
4741 12 3 1 
4269 12 7 1 
4258 13 4 1 
4130 13 6 1 
3599 14 5 1 
3130 0 6 1 
2760 1 7 1 
2577 2 8 1 
2327 3 9 1 
2092 4 10 1 
1630 5 11 1 
1424 6 12 1 
1248 7 11 1 
950 8 0 1 
598 8 10 1 
537 9 1 1 
390 9 9 1 
102 10 2 1 
5397 10 8 1 
5028 11 3 1 
4976 11 7 1 
4949 12 4 1 
4931 12 6 1 
4832 13 5 1 
4828 0 5 1 
4321 1 6 1 
3994 2 7 1 
3841 3 8 1 
3334 4 9 1 
3032 5 10 1 
2383 6 11 1 
2367 7 0 1 
2235 7 10 1 
2162 8 1 1 
1612 8 9 1 
1392 9 2 1 
1334 9 8 1 
1266 10 3 1 
545 10 7 1 
541 11 4 1 
484 11 6 1 
167 12 5 1 
5135 0 4 1 
4631 1 5 1 
4152 2 6 1 
3782 3 7 1 
3178 4 8 1 
2837 5 9 1 
2756 6 10 1 
2053 7 1 1 
1899 7 9 1 
1588 8 2 1 
1383 8 8 1 
934 9 3 1 
375 9 7 1 
73 10 4 1 
66 10 6 1 
5455 11 5 1 
5424 0 3 1 
5368 1 4 1 
5167 2 5 1 
4599 3 6 1 
4397 4 7 1 
4389 5 8 1 
4271 6 9 1 
3890 7 2 1 
3683 7 8 1 
3604 8 3 1 
3282 8 7 1 
3231 9 4 1 
3067 9 6 1 
2978 10 5 1 
2967 0 2 1 
2848 1 3 1 
2813 2 4 1 
2544 3 5 1 
1990 4 6 1 
1444 5 7 1 
1273 6 8 1 
1133 7 3 1 
613 7 7 1 
367 8 4 1 
5520 8 6 1 
5274 9 5 1 
5020 0 1 1 
4899 1 2 1 
4692 2 3 1 
4587 3 4 1 
4506 4 5 1 
4122 5 6 1 
3484 6 7 1 
3062 7 4 1 
2245 7 6 1 
2234 8 5 1 
2099 0 0 1 
1357 1 1 1 
876 2 2 1 
492 3 3 1 
5324 4 4 1 
4953 5 5 1 
4151 6 6 1 
4067 7 5 1 
3686 1 0 1 
3463 2 1 1 
3052 3 2 1 
2826 4 3 1 
1096 5 4 1 
803 6 5 1 
287 2 0 1 
71 3 1 1 
5795 4 2 1 
5129 5 3 1 
4884 6 4 1 
4200 3 0 1 
4059 4 1 1 
3349 5 2 1 
3302 6 3 1 
2160 4 0 1 
1495 5 1 1 
1473 6 2 1 
4519 5 0 1 
4353 6 1 1 
3002 6 0 1 
1715 5 1 13 
4282 4 1 13 
4869 5 2 13 
559 3 1 14 
848 4 2 13 
984 5 3 13 
1314 2 1 14 
1816 3 2 14 
1866 4 3 14 
3094 5 4 14 
3167 1 1 15 
94 2 2 15 
930 3 3 15 
1239 4 4 14 
2994 5 5 14 
3557 6 6 14 
3660 1 2 15 
5244 2 3 15 
5308 3 4 15 
35 4 5 15 
631 5 6 15 
1078 6 7 15 
1955 7 6 15 
3177 8 5 15 
3483 1 3 16 
4777 2 4 16 
184 3 5 16 
351 4 6 16 
742 5 7 16 
1285 6 8 16 
2346 7 7 16 
2453 8 4 16 
2493 8 6 15 
3240 9 5 15 
3643 1 4 16 
4501 2 5 16 
5806 3 6 16 
5826 4 7 16 
584 5 8 16 
639 7 8 16 
938 8 3 16 
1095 8 7 16 
1358 9 4 16 
1534 9 6 16 
1869 10 5 16 
2399 1 5 17 
5514 2 6 17 
5616 3 7 17 
57 4 8 17 
361 5 9 17 
1518 8 2 17 
1781 8 8 17 
1940 9 3 17 
2777 9 7 17 
3921 10 4 17 
3996 10 6 17 
4718 11 5 16 
5262 1 6 18 
272 2 7 18 
538 3 8 18 
1011 4 9 18 
1892 5 10 18 
2103 6 11 18 
2239 8 1 18 
3311 9 2 18 
3858 9 8 18 
5393 10 3 18 
14 10 7 18 
307 11 4 18 
840 11 6 18 
1110 12 5 18 
1555 1 7 19 
1914 2 8 19 
2240 3 9 19 
2538 4 10 19 
2928 5 11 19 
3072 6 12 19 
3658 7 11 19 
4020 9 1 19 
5206 10 2 19 
5282 10 8 18 
60 11 3 18 
340 11 7 18 
1083 12 4 18 
1199 12 6 18 
1224 1 8 20 
1618 2 9 20 
3635 3 10 20 
3727 4 11 20 
4137 5 12 20 
4964 6 13 20 
5411 7 12 20 
5482 8 11 20 
5837 10 1 19 
5819 19 19 26 
5798 18 19 26 
5659 19 18 26 
5450 17 19 26 
5334 18 18 26 
5312 19 17 26 
5310 16 19 26 
5143 17 18 26 
5033 18 17 26 
4702 19 16 26 
4680 15 19 26 
4558 16 18 26 
4431 17 17 26 
4070 18 16 26 
3804 19 15 26 
3781 14 19 26 
3680 15 18 26 
3591 16 17 26 
3587 17 16 26 
3421 18 15 26 
3277 19 14 26 
2776 13 19 26 
2686 14 18 26 
2324 15 17 26 
2094 16 16 26 
1996 17 15 26 
1086 18 14 26 
1008 19 13 26 
869 0 19 26 
730 12 19 26 
378 13 18 26 
213 14 17 26 
64 15 16 26 
5756 16 15 26 
5580 17 14 26 
5562 18 13 26 
5471 19 12 26 
5084 0 18 26 
5080 1 19 26 
4995 11 19 26 
4808 12 18 26 
4607 13 17 26 
4572 14 16 26 
4513 15 15 26 
4498 16 14 26 
4410 17 13 26 
4366 18 12 26 
4326 19 11 26 
4001 0 17 26 
3743 1 18 26 
3671 2 19 26 
3427 10 19 26 
3288 11 18 26 
3089 12 17 26 
2953 13 16 26 
2886 14 15 26 
2824 15 14 26 
2698 16 13 26 
2653 17 12 26 
2639 18 11 26 
2550 19 0 26 
2351 19 10 26 
2168 0 16 26 
1976 1 17 26 
1786 2 18 26 
1763 3 19 26 
1449 9 19 26 
1347 10 18 26 
1268 11 17 26 
941 12 16 26 
864 13 15 26 
750 14 14 26 
661 15 13 26 
231 16 12 26 
5583 17 11 26 
5466 18 0 26 
5297 18 10 26 
5163 19 1 26 
5100 19 9 26 
4910 0 15 26 
4729 1 16 26 
4674 2 17 26 
4457 3 18 26 
3697 4 19 26 
3652 8 19 26 
3547 9 18 26 
3371 10 17 26 
3367 11 16 26 
3135 12 15 26 
2900 13 14 26 
2802 14 13 26 
2678 15 12 26 
2642 16 11 26 
2598 17 0 26 
2576 17 10 26 
2337 18 1 26 
2259 18 9 26 
2214 19 2 26 
2208 19 8 26 
2131 0 14 26 
2088 1 15 26 
2000 2 16 26 
1877 3 17 26 
1704 4 18 26 
1696 5 19 26 
1457 7 19 26 
1403 8 18 26 
897 9 17 26 
621 10 16 26 
570 11 15 26 
494 12 14 26 
5443 13 13 26 
5294 14 12 26 
5101 15 11 26 
4896 16 0 26 
4691 16 10 26 
4675 17 1 26 
4500 17 9 26 
4491 18 2 26 
4474 18 8 26 
4369 19 3 26 
4325 19 7 26 
4080 0 13 26 
3971 1 14 26 
3825 2 15 26 
3784 3 16 26 
3704 4 17 26 
3413 5 18 26 
3338 6 19 26 
3327 7 18 26 
3309 8 17 26 
3139 9 16 26 
2921 10 15 26 
2919 11 14 26 
2843 12 13 26 
2656 13 12 26 
2647 14 11 26 
2614 15 0 26 
2570 15 10 26 
2503 16 1 26 
2281 16 9 26 
2062 17 2 26 
2008 17 8 26 
1286 18 3 26 
1090 18 7 26 
998 19 4 26 
827 19 6 26 
325 0 12 26 
289 1 13 26 
5724 2 14 26 
5607 3 15 26 
5596 4 16 26 
5302 5 17 26 
5162 6 18 26 
5082 7 17 26 
4975 8 16 26 
4971 9 15 26 
4834 10 14 26 
4833 11 13 26 
4820 12 12 26 
3938 13 11 26 
3875 14 0 26 
3838 14 10 26 
3638 15 1 26 
3562 15 9 26 
3162 16 2 26 
2858 16 8 26 
2457 17 3 26 
2225 17 7 26 
1698 18 4 26 
1527 18 6 26 
1496 19 5 26 
1429 0 11 26 
1352 1 12 26 
1310 2 13 26 
915 3 14 26 
804 4 15 26 
780 5 16 26 
58 6 17 26 
5834 7 16 26 
4876 8 15 26 
4863 9 14 26 
4783 10 13 26 
4443 11 12 26 
4433 12 11 26 
4399 13 0 26 
4318 13 10 26 
4026 14 1 26 
3457 14 9 26 
3454 15 2 26 
3048 15 8 26 
2279 16 3 26 
2275 16 7 26 
2265 17 4 26 
1867 17 6 26 
1854 18 5 26 
1738 0 10 26 
1622 1 11 26 
1570 2 12 26 
1445 3 13 26 
1359 4 14 26 
1252 5 15 26 
985 6 16 26 
629 7 15 26 
606 8 14 26 
398 9 13 26 
261 10 12 26 
192 11 11 26 
5251 12 0 26 
4963 12 10 26 
4740 13 1 26 
4195 13 9 26 
3810 14 2 26 
3526 14 8 26 
3213 15 3 26 
2806 15 7 26 
2624 16 4 26 
2592 16 6 26 
2313 17 5 26 
2134 0 9 26 
1821 1 10 26 
1561 2 11 26 
1554 3 12 26 
1386 4 13 26 
1356 5 14 26 
1180 6 15 26 
1108 7 14 26 
834 8 13 26 
366 9 12 26 
5820 10 11 26 
5557 11 0 26 
5548 11 10 26 
5477 12 1 26 
5348 12 9 26 
5218 13 2 26 
4681 13 8 26 
4490 14 3 26 
4281 14 7 26 
3227 15 4 26 
3085 15 6 26 
2922 16 5 26 
2879 0 8 26 
2666 1 9 26 
2509 2 10 26 
1972 3 11 26 
1942 4 12 26 
1880 5 13 26 
1825 6 14 26 
1513 7 13 26 
970 8 12 26 
109 9 11 26 
5778 10 0 26 
5775 10 10 26 
5735 11 1 26 
5528 11 9 26 
5354 12 2 26 
5307 12 8 26 
5220 13 3 26 
4983 13 7 26 
4562 14 4 26 
4507 14 6 26 
4437 15 5 26 
4346 0 7 26 
4229 1 8 26 
4186 2 9 26 
4149 3 10 26 
3675 4 11 26 
3316 5 12 26 
2842 6 13 26 
2783 7 12 26 
2750 8 11 26 
2419 9 0 26 
2401 9 10 26 
2195 10 1 26 
1408 10 9 26 
1175 11 2 26 
1170 11 8 26 
1152 12 3 26 
238 12 7 26 
91 13 4 26 
5350 13 6 26 
5295 14 5 26 
4879 0 6 26 
3531 1 7 26 
3394 2 8 26 
3361 3 9 26 
3322 4 10 26 
3264 5 11 26 
3246 6 12 26 
3131 7 11 26 
3117 8 0 26 
2933 8 10 26 
1685 9 1 26 
1676 9 9 26 
1582 10 2 26 
1274 10 8 26 
1153 11 3 26 
1015 11 7 26 
456 12 4 26 
5358 12 6 26 
5288 13 5 26 
5278 0 5 26 
5018 1 6 26 
4945 2 7 26 
4853 3 8 26 
4401 4 9 26 
4391 5 10 26 
4344 6 11 26 
4336 7 0 26 
4231 7 10 26 
3817 8 1 26 
3552 8 9 26 
3535 9 2 26 
3233 9 8 26 
3119 10 3 26 
3107 10 7 26 
2982 11 4 26 
2773 11 6 26 
2724 12 5 26 
2040 0 4 26 
1185 1 5 26 
1144 2 6 26 
1140 3 7 26 
757 4 8 26 
500 5 9 26 
313 6 10 26 
53 7 1 26 
5658 7 9 26 
5655 8 2 26 
5340 8 8 26 
4982 9 3 26 
4779 9 7 26 
4331 10 4 26 
3877 10 6 26 
3811 11 5 26 
3540 0 3 26 
3441 1 4 26 
3353 2 5 26 
2851 3 6 26 
2830 4 7 26 
1402 5 8 26 
1370 6 9 26 
1044 7 2 26 
129 7 8 26 
5726 8 3 26 
5635 8 7 26 
5298 9 4 26 
5008 9 6 26 
4529 10 5 26 
4011 0 2 26 
3574 1 3 26 
3260 2 4 26 
2910 3 5 26 
2530 4 6 26 
1396 5 7 26 
1315 6 8 26 
1037 7 3 26 
5608 7 7 26 
5317 8 4 26 
5194 8 6 26 
5063 9 5 26 
4784 0 1 26 
4761 1 2 26 
4275 2 3 26 
4230 3 4 26 
3867 4 5 26 
3479 5 6 26 
2944 6 7 26 
2749 7 4 26 
2441 7 6 26 
2292 8 5 26 
1156 0 0 26 
680 1 1 26 
306 2 2 26 
116 3 3 26 
5838 4 4 26 
5598 5 5 26 
5182 6 6 26 
5066 7 5 26 
5056 1 0 26 
4533 2 1 26 
3840 3 2 26 
3760 4 3 26 
3606 5 4 26 
3506 6 5 26 
2784 2 0 26 
2536 3 1 26 
2352 4 2 26 
2314 5 3 26 
1936 6 4 26 
4912 3 0 26 
4570 4 1 26 
4292 5 2 26 
3445 6 3 26 
2775 4 0 26 
1528 5 1 26 
465 6 2 26 
5740 5 0 26 
5680 6 1 26 
4662 6 0 26 
1093 5 1 38 
228 4 1 38 
4162 5 2 38 
592 3 1 39 
1389 4 2 39 
3313 5 3 39 
5475 2 1 39 
108 3 2 39 
650 4 3 39 
706 5 4 39 
909 1 1 40 
2822 2 2 40 
5689 3 3 40 
164 4 4 39 
493 5 5 39 
679 6 6 39 
1568 1 2 40 
2443 2 3 40 
3771 3 4 40 
122 4 5 40 
223 5 6 40 
402 6 7 40 
565 7 6 40 
1254 8 5 40 
1401 1 3 41 
2024 2 4 41 
2882 3 5 41 
3973 4 6 41 
4192 5 7 41 
4394 6 8 41 
5553 7 7 40 
33 8 4 40 
417 8 6 40 
439 9 5 40 
991 1 4 42 
3411 2 5 42 
3731 3 6 42 
4024 4 7 42 
4686 5 8 42 
5214 7 8 42 
62 8 3 41 
317 8 7 41 
1748 9 4 41 
1811 9 6 41 
1857 10 5 41 
2523 1 5 43 
2661 2 6 43 
3768 3 7 43 
3842 4 8 43 
5361 5 9 43 
263 8 2 42 
384 8 8 42 
1803 9 3 42 
1932 9 7 42 
2011 10 4 42 
2018 10 6 42 
2080 11 5 42 
2173 1 6 43 
2178 2 7 43 
2420 3 8 43 
2679 4 9 43 
3207 5 10 43 
3892 6 11 43 
3937 8 1 43 
4087 9 2 43 
4821 9 8 43 
4870 10 3 43 
5010 10 7 43 
5541 11 4 43 
5542 11 6 43 
262 12 5 43 
1489 1 7 44 
1754 2 8 44 
1876 3 9 44 
2181 4 10 44 
2319 5 11 44 
3066 6 12 44 
4235 7 11 44 
4569 9 1 44 
4603 10 2 44 
4862 10 8 44 
224 11 3 44 
1237 11 7 44 
1450 12 4 44 
1472 12 6 43 
1778 1 8 45 
2102 2 9 45 
2165 3 10 45 
2480 4 11 45 
3006 5 12 45 
3935 6 13 45 
3949 7 12 45 
4073 8 11 45 
4228 10 1 45 
4502 11 2 45 
5092 11 8 45 
5232 12 3 45 
5382 12 7 45 
5662 13 6 44 
5737 19 19 51 
5472 18 19 51 
5271 19 18 51 
4790 17 19 51 
4676 18 18 51 
4565 19 17 51 
4414 16 19 51 
4094 17 18 51 
3962 18 17 51 
3410 19 16 51 
3257 15 19 51 
3202 16 18 51 
3091 17 17 51 
3088 18 16 51 
2745 19 15 51 
2521 14 19 51 
2322 15 18 51 
2229 16 17 51 
2046 17 16 51 
1728 18 15 51 
1453 19 14 51 
1000 13 19 51 
851 14 18 51 
771 15 17 51 
718 16 16 51 
708 17 15 51 
669 18 14 51 
477 19 13 51 
427 0 19 51 
422 12 19 51 
335 13 18 51 
78 14 17 51 
61 15 16 51 
49 16 15 51 
8 17 14 51 
5800 18 13 51 
5746 19 12 51 
5732 0 18 51 
5666 1 19 51 
5447 11 19 51 
5433 12 18 51 
5241 13 17 51 
5198 14 16 51 
5123 15 15 51 
3944 16 14 51 
3928 17 13 51 
3832 18 12 51 
3545 19 11 51 
3494 0 17 51 
3419 1 18 51 
3063 2 19 51 
2990 10 19 51 
2764 11 18 51 
2692 12 17 51 
2680 13 16 51 
2595 14 15 51 
1814 15 14 51 
1265 16 13 51 
1064 17 12 51 
755 18 11 51 
556 19 0 51 
460 19 10 51 
413 0 16 51 
265 1 17 51 
134 2 18 51 
105 3 19 51 
90 9 19 51 
54 10 18 51 
10 11 17 51 
5653 12 16 51 
5611 13 15 51 
5579 14 14 51 
5574 15 13 51 
5487 16 12 51 
5221 17 11 51 
5053 18 0 51 
4888 18 10 51 
4800 19 1 51 
4715 19 9 51 
4342 0 15 51 
4116 1 16 51 
4056 2 17 51 
4036 3 18 51 
3876 4 19 51 
3747 8 19 51 
3360 9 18 51 
3262 10 17 51 
3033 11 16 51 
2817 12 15 51 
2400 13 14 51 
2389 14 13 51 
2215 15 12 51 
2078 16 11 51 
1998 17 0 51 
1928 17 10 51 
1824 18 1 51 
1770 18 9 51 
1658 19 2 51 
1335 19 8 51 
721 0 14 51 
667 1 15 51 
281 2 16 51 
244 3 17 51 
5699 4 18 51 
5684 5 19 51 
5097 7 19 51 
4966 8 18 51 
4782 9 17 51 
4756 10 16 51 
4185 11 15 51 
4027 12 14 51 
3980 13 13 51 
3930 14 12 51 
3900 15 11 51 
3843 16 0 51 
3800 16 10 51 
3601 17 1 51 
3436 17 9 51 
3027 18 2 51 
2996 18 8 51 
2984 19 3 51 
2942 19 7 51 
2742 0 13 51 
2156 1 14 51 
1970 2 15 51 
1939 3 16 51 
1683 4 17 51 
1629 5 18 51 
1567 6 19 51 
1544 7 18 51 
1520 8 17 51 
1464 9 16 51 
1377 10 15 51 
728 11 14 51 
600 12 13 51 
575 13 12 51 
414 14 11 51 
295 15 0 51 
209 15 10 51 
9 16 1 51 
5571 16 9 51 
5259 17 2 51 
5119 17 8 51 
5073 18 3 51 
4948 18 7 51 
4917 19 4 51 
4314 19 6 51 
3999 0 12 51 
3987 1 13 51 
3674 2 14 51 
3555 3 15 51 
3510 4 16 51 
3351 5 17 51 
3228 6 18 51 
3222 7 17 51 
2140 8 16 51 
1493 9 15 51 
1475 10 14 51 
1092 11 13 51 
964 12 12 51 
637 13 11 51 
623 14 0 51 
438 14 10 51 
89 15 1 51 
76 15 9 51 
5519 16 2 51 
5378 16 8 51 
5330 17 3 51 
5290 17 7 51 
5185 18 4 51 
5069 18 6 51 
4972 19 5 51 
4885 0 11 51 
4754 1 12 51 
4585 2 13 51 
4387 3 14 51 
4138 4 15 51 
3849 5 16 51 
3701 6 17 51 
3023 7 16 51 
3022 8 15 51 
2628 9 14 51 
2549 10 13 51 
2433 11 12 51 
2363 12 11 51 
2285 13 0 51 
2194 13 10 51 
2056 14 1 51 
1989 14 9 51 
1688 15 2 51 
1361 15 8 51 
1236 16 3 51 
1172 16 7 51 
1030 17 4 51 
619 17 6 51 
555 18 5 51 
550 0 10 51 
19 1 11 51 
5803 2 12 51 
5697 3 13 51 
5517 4 14 51 
5434 5 15 51 
5234 6 16 51 
5113 7 15 51 
4616 8 14 51 
4403 9 13 51 
4240 10 12 51 
3298 11 11 51 
3296 12 0 51 
3221 12 10 51 
3215 13 1 51 
3204 13 9 51 
3161 14 2 51 
2976 14 8 51 
2838 15 3 51 
2823 15 7 51 
2629 16 4 51 
2500 16 6 51 
2267 17 5 51 
1287 0 9 51 
828 1 10 51 
765 2 11 51 
711 3 12 51 
690 4 13 51 
441 5 14 51 
118 6 15 51 
5839 7 14 51 
5701 8 13 51 
5437 9 12 51 
5341 10 11 51 
5279 11 0 51 
4958 11 10 51 
4943 12 1 51 
4928 12 9 51 
4816 13 2 51 
4803 13 8 51 
4716 14 3 51 
4530 14 7 51 
4510 15 4 51 
4236 15 6 51 
3829 16 5 51 
3452 0 8 51 
3366 1 9 51 
2929 2 10 51 
2796 3 11 51 
2425 4 12 51 
1818 5 13 51 
1702 6 14 51 
1640 7 13 51 
1634 8 12 51 
1624 9 11 51 
1560 10 0 51 
1530 10 10 51 
1526 11 1 51 
1509 11 9 51 
1434 12 2 51 
1048 12 8 51 
1009 13 3 51 
1007 13 7 51 
739 14 4 51 
488 14 6 51 
106 15 5 51 
5781 0 7 51 
5636 1 8 51 
5629 2 9 51 
5535 3 10 51 
5513 4 11 51 
5449 5 12 51 
5183 6 13 51 
5111 7 12 51 
5041 8 11 51 
4927 9 0 51 
4605 9 10 51 
4600 10 1 51 
4460 10 9 51 
4208 11 2 51 
3881 11 8 51 
3682 12 3 51 
3661 12 7 51 
3596 13 4 51 
3544 13 6 51 
3263 14 5 51 
3121 0 6 51 
2963 1 7 51 
2864 2 8 51 
2709 3 9 51 
2687 4 10 51 
2495 5 11 51 
2378 6 12 51 
2193 7 11 51 
1794 8 0 51 
1726 8 10 51 
1655 9 1 51 
1423 9 9 51 
1288 10 2 51 
1073 10 8 51 
1003 11 3 51 
787 11 7 51 
432 12 4 51 
397 12 6 51 
162 13 5 51 
159 0 5 51 
20 1 6 51 
5790 2 7 51 
5766 3 8 51 
5559 4 9 51 
5202 5 10 51 
5039 6 11 51 
4900 7 0 51 
4721 7 10 51 
4112 8 1 51 
3328 8 9 51 
3158 9 2 51 
2878 9 8 51 
2835 10 3 51 
1112 10 7 51 
1031 11 4 51 
580 11 6 51 
496 12 5 51 
283 0 4 51 
113 1 5 51 
5179 2 6 51 
4827 3 7 51 
4588 4 8 51 
4146 5 9 51 
4005 6 10 51 
3857 7 1 51 
3491 7 9 51 
2452 8 2 51 
2176 8 8 51 
1731 9 3 51 
1596 9 7 51 
1580 10 4 51 
1456 10 6 51 
1278 11 5 51 
1026 0 3 51 
820 1 4 51 
754 2 5 51 
410 3 6 51 
121 4 7 51 
74 5 8 51 
5786 6 9 51 
5083 7 2 51 
4747 7 8 51 
3993 8 3 51 
3901 8 7 51 
3170 9 4 51 
2954 9 6 51 
2620 10 5 51 
2479 0 2 51 
1855 1 3 51 
1087 2 4 51 
404 3 5 51 
5840 4 6 51 
5801 5 7 51 
5672 6 8 51 
5412 7 3 51 
5127 7 7 51 
4992 8 4 51 
4160 8 6 51 
3741 9 5 51 
3615 0 1 51 
3558 1 2 51 
3179 2 3 51 
3025 3 4 51 
2350 4 5 51 
1760 5 6 51 
888 6 7 51 
560 7 4 51 
5309 7 6 51 
5255 8 5 51 
5085 0 0 51 
4797 1 1 51 
4726 2 2 51 
4043 3 3 51 
3451 4 4 51 
3418 5 5 51 
3344 6 6 51 
3086 7 5 51 
3047 1 0 51 
1716 2 1 51 
1690 3 2 51 
1447 4 3 51 
1227 5 4 51 
524 6 5 51 
5435 2 0 51 
4696 3 1 51 
4540 4 2 51 
4066 5 3 51 
3977 6 4 51 
3959 3 0 51 
1706 4 1 51 
1066 5 2 51 
399 6 3 51 
379 4 0 51 
5114 5 1 51 
2632 6 2 51 
1202 5 0 51 
5422 6 1 51 
5031 6 0 51 
364 5 1 63 
2246 4 1 64 
3026 5 2 64 
5267 3 1 64 
447 4 2 64 
467 5 3 64 
2163 2 1 65 
2289 3 2 65 
2504 4 3 65 
3650 5 4 65 
4568 1 1 65 
2009 2 2 65 
2428 3 3 65 
2715 4 4 65 
3594 5 5 65 
3770 6 6 65 
5379 1 2 66 
161 2 3 66 
1581 3 4 66 
2143 4 5 66 
3209 5 6 66 
3537 6 7 66 
3657 7 6 65 
4006 8 5 65 
359 1 3 67 
986 2 4 67 
1440 3 5 67 
1635 4 6 66 
1663 5 7 66 
1785 6 8 66 
2758 7 7 66 
3751 8 4 66 
4580 8 6 66 
4991 9 5 66 
1162 1 4 68 
4302 2 5 68 
4583 3 6 68 
4700 4 7 68 
5258 5 8 68 
5707 7 8 67 
52 8 3 67 
127 8 7 67 
452 9 4 67 
1081 9 6 67 
1197 10 5 67 
1834 1 5 69 
2366 2 6 68 
2552 3 7 68 
3290 4 8 68 
3693 5 9 68 
3895 8 2 68 
4450 8 8 68 
4860 9 3 68 
5062 9 7 68 
5316 10 4 68 
5327 10 6 68 
5427 11 5 68 
1387 1 6 70 
2002 2 7 69 
3744 3 8 69 
4297 4 9 69 
4766 5 10 69 
4781 6 11 69 
5377 8 1 69 
5392 9 2 69 
689 9 8 69 
1485 10 3 69 
1958 10 7 69 
2049 11 4 69 
2901 11 6 69 
3239 12 5 69 
3467 1 7 70 
4123 2 8 70 
4636 3 9 70 
4905 4 10 70 
5170 5 11 70 
5577 6 12 70 
5809 19 19 76 
5764 18 19 76 
5515 19 18 76 
5423 17 19 76 
5366 18 18 76 
4835 19 17 76 
4735 16 19 76 
4407 17 18 76 
4361 18 17 76 
4234 19 16 76 
4025 15 19 76 
3939 16 18 76 
3769 17 17 76 
3750 18 16 76 
3377 19 15 76 
2973 14 19 76 
2940 15 18 76 
2736 16 17 76 
2701 17 16 76 
2590 18 15 76 
2295 19 14 76 
1986 13 19 76 
1660 14 18 76 
1571 15 17 76 
1235 16 16 76 
928 17 15 76 
810 18 14 76 
729 19 13 76 
727 0 19 76 
485 12 19 76 
435 13 18 76 
288 14 17 76 
5522 15 16 76 
5499 16 15 76 
5498 17 14 76 
5420 18 13 76 
5404 19 12 76 
5257 0 18 76 
4967 1 19 76 
4864 11 19 76 
4845 12 18 76 
4769 13 17 76 
4645 14 16 76 
4362 15 15 76 
4221 16 14 76 
4211 17 13 76 
4190 18 12 76 
4125 19 11 76 
3905 0 17 76 
3862 1 18 76 
3646 2 19 76 
3608 10 19 76 
3199 11 18 76 
3182 12 17 76 
3040 13 16 76 
2998 14 15 76 
2694 15 14 76 
2464 16 13 76 
2316 17 12 76 
2089 18 11 76 
2015 19 0 76 
1993 19 10 76 
1806 0 16 76 
1680 1 17 76 
1471 2 18 76 
1251 3 19 76 
885 9 19 76 
807 10 18 76 
681 11 17 76 
640 12 16 76 
446 13 15 76 
395 14 14 76 
341 15 13 76 
269 16 12 76 
141 17 11 76 
5828 18 0 76 
5647 18 10 76 
5406 19 1 76 
5242 19 9 76 
5205 0 15 76 
5009 1 16 76 
4977 2 17 76 
4965 3 18 76 
4921 4 19 76 
4183 8 19 76 
3813 9 18 76 
3665 10 17 76 
3381 11 16 76 
3273 12 15 76 
3132 13 14 76 
2904 14 13 76 
2744 15 12 76 
2507 16 11 76 
2343 17 0 76 
2340 17 10 76 
2035 18 1 76 
1967 18 9 76 
1620 19 2 76 
1541 19 8 76 
1231 0 14 76 
1161 1 15 76 
873 2 16 76 
314 3 17 76 
69 4 18 76 
5595 5 19 76 
5555 7 19 76 
5195 8 18 76 
4846 9 17 76 
4823 10 16 76 
4646 11 15 76 
4561 12 14 76 
4555 13 13 76 
4543 14 12 76 
4469 15 11 76 
4312 16 0 76 
4169 16 10 76 
3904 17 1 76 
3902 17 9 76 
3885 18 2 76 
3865 18 8 76 
3691 19 3 76 
3551 19 7 76 
3514 0 13 76 
3502 1 14 76 
3375 2 15 76 
3293 3 16 76 
3114 4 17 76 
3057 5 18 76 
3038 6 19 76 
3037 7 18 76 
2475 8 17 76 
2436 9 16 76 
2396 10 15 76 
2304 11 14 76 
2109 12 13 76 
2087 13 12 76 
2071 14 11 76 
1948 15 0 76 
1737 15 10 76 
1247 16 1 76 
1063 16 9 76 
926 17 2 76 
833 17 8 76 
817 18 3 76 
436 18 7 76 
199 19 4 76 
179 19 6 76 
5734 0 12 76 
5558 1 13 76 
5524 2 14 76 
5442 3 15 76 
5124 4 16 76 
5106 5 17 76 
5045 6 18 76 
5025 7 17 76 
5015 8 16 76 
4894 9 15 76 
4591 10 14 76 
3823 11 13 76 
3753 12 12 76 
3736 13 11 76 
3385 14 0 76 
3336 14 10 76 
2477 15 1 76 
2006 15 9 76 
1943 16 2 76 
1836 16 8 76 
1835 17 3 76 
1757 17 7 76 
1723 18 4 76 
1647 18 6 76 
1318 19 5 76 
1123 0 11 76 
1061 1 12 76 
1014 2 13 76 
912 3 14 76 
868 4 15 76 
636 5 16 76 
345 6 17 76 
5584 7 16 76 
5575 8 15 76 
5536 9 14 76 
5318 10 13 76 
5044 11 12 76 
5005 12 11 76 
4644 13 0 76 
4547 13 10 76 
4488 14 1 76 
4483 14 9 76 
4384 15 2 76 
4338 15 8 76 
4065 16 3 76 
3992 16 7 76 
3831 17 4 76 
3719 17 6 76 
3710 18 5 76 
3666 0 10 76 
3493 1 11 76 
3490 2 12 76 
3310 3 13 76 
3096 4 14 76 
2648 5 15 76 
2578 6 16 76 
2474 7 15 76 
2155 8 14 76 
1848 9 13 76 
1390 10 12 76 
1302 11 11 76 
1256 12 0 76 
1241 12 10 76 
1114 13 1 76 
1040 13 9 76 
642 14 2 76 
517 14 8 76 
505 15 3 76 
407 15 7 76 
142 16 4 76 
92 16 6 76 
80 17 5 76 
5716 0 9 76 
5561 1 10 76 
5497 2 11 76 
4954 3 12 76 
4515 4 13 76 
4265 5 14 76 
4264 6 15 76 
4159 7 14 76 
3766 8 13 76 
3307 9 12 76 
3029 10 11 76 
2936 11 0 76 
2827 11 10 76 
2793 12 1 76 
2342 12 9 76 
2183 13 2 76 
2033 13 8 76 
1874 14 3 76 
1637 14 7 76 
1584 15 4 76 
1381 15 6 76 
1178 16 5 76 
1080 0 8 76 
1055 1 9 76 
237 2 10 76 
23 3 11 76 
5634 4 12 76 
5260 5 13 76 
5158 6 14 76 
5051 7 13 76 
4757 8 12 76 
4244 9 11 76 
4238 10 0 76 
4223 10 10 76 
4171 11 1 76 
3943 11 9 76 
3942 12 2 76 
3734 12 8 76 
3513 13 3 76 
3193 13 7 76 
2597 14 4 76 
2376 14 6 76 
2112 15 5 76 
2045 0 7 76 
1950 1 8 76 
1923 2 9 76 
1223 3 10 76 
794 4 11 76 
98 5 12 76 
5722 6 13 76 
5632 7 12 76 
5429 8 11 76 
5252 9 0 76 
4920 9 10 76 
4103 10 1 76 
4044 10 9 76 
3688 11 2 76 
3664 11 8 76 
3205 12 3 76 
3203 12 7 76 
3157 13 4 76 
3120 13 6 76 
3100 14 5 76 
2992 0 6 76 
2923 1 7 76 
2870 2 8 76 
2554 3 9 76 
2397 4 10 76 
2100 5 11 76 
1956 6 12 76 
1839 7 11 76 
1665 8 0 76 
1276 8 10 76 
1242 9 1 76 
514 9 9 76 
491 10 2 76 
296 10 8 76 
5835 11 3 76 
5671 11 7 76 
5601 12 4 76 
5463 12 6 76 
5351 13 5 76 
5333 0 5 76 
5266 1 6 76 
5184 2 7 76 
4877 3 8 76 
4724 4 9 76 
4285 5 10 76 
4267 6 11 76 
4215 7 0 76 
3211 7 10 76 
2262 8 1 76 
2230 8 9 76 
2216 9 2 76 
1973 9 8 76 
1906 10 3 76 
1905 10 7 76 
1810 11 4 76 
1547 11 6 76 
967 12 5 76 
923 0 4 76 
898 1 5 76 
595 2 6 76 
5750 3 7 76 
5710 4 8 76 
5543 5 9 76 
5253 6 10 76 
5201 7 1 76 
4010 7 9 76 
3247 8 2 76 
3095 8 8 76 
2869 9 3 76 
2846 9 7 76 
1633 10 4 76 
1280 10 6 76 
1158 11 5 76 
894 0 3 76 
874 1 4 76 
738 2 5 76 
657 3 6 76 
577 4 7 76 
336 5 8 76 
5685 6 9 76 
5683 7 2 76 
4489 7 8 76 
4356 8 3 76 
4158 8 7 76 
4089 9 4 76 
4069 9 6 76 
3968 10 5 76 
3809 0 2 76 
3586 1 3 76 
3575 2 4 76 
2906 3 5 76 
2695 4 6 76 
2662 5 7 76 
2601 6 8 76 
2468 7 3 76 
2129 7 7 76 
1883 8 4 76 
1374 8 6 76 
1322 9 5 76 
893 0 1 76 
649 1 2 76 
451 2 3 76 
5698 3 4 76 
5011 4 5 76 
4078 5 6 76 
3957 6 7 76 
3589 7 4 76 
3317 7 6 76 
3126 8 5 76 
3077 0 0 76 
3000 1 1 76 
2969 2 2 76 
2241 3 3 76 
1455 4 4 76 
1046 5 5 76 
767 6 6 76 
153 7 5 76 
85 1 0 76 
4207 2 1 76 
3694 3 2 76 
3626 4 3 76 
2765 5 4 76 
2061 6 5 76 
1195 2 0 76 
1042 3 1 76 
933 4 2 76 
692 5 3 76 
5743 6 4 76 
4806 3 0 76 
3878 4 1 76 
3152 5 2 76 
1873 6 3 76 
1088 4 0 76 
976 5 1 76 
5814 6 2 76 
2809 5 0 76 
2757 6 1 76 
815 6 0 76 
1891 5 1 89 
2387 4 1 89 
3242 5 2 89 
1474 3 1 90 
462 4 2 90 
761 5 3 90 
921 2 1 90 
1451 3 2 90 
1499 4 3 90 
2310 5 4 90 
3956 1 1 91 
4156 2 2 91 
5150 3 3 91 
5508 4 4 91 
5622 5 5 91 
542 6 6 91 
2445 1 2 92 
4556 2 3 92 
4606 3 4 91 
257 4 5 91 
597 5 6 91 
877 6 7 91 
1101 7 6 91 
1173 8 5 91 
2312 1 3 92 
2369 2 4 92 
2408 3 5 92 
3208 4 6 92 
3470 5 7 92 
4590 6 8 92 
4710 7 7 92 
5360 8 4 92 
290 8 6 92 
1312 9 5 92 
2466 1 4 93 
3869 2 5 93 
5811 3 6 93 
267 4 7 93 
1301 5 8 93 
1946 7 8 92 
3525 8 3 92 
3532 8 7 92 
3974 9 4 92 
4773 9 6 92 
4930 10 5 92 
5507 1 5 94 
5516 2 6 94 
5 3 7 93 
521 4 8 93 
911 5 9 93 
1071 8 2 93 
1884 8 8 93 
2207 9 3 93 
2421 9 7 93 
2991 10 4 93 
4218 10 6 93 
4421 11 5 93 
4933 1 6 94 
5421 2 7 94 
5525 3 8 94 
93 4 9 94 
677 5 10 94 
935 6 11 94 
1718 8 1 94 
2447 9 2 94 
2670 9 8 94 
3055 10 3 94 
3614 10 7 94 
3887 11 4 94 
3918 11 6 94 
4415 12 5 94 
4642 1 7 95 
5817 2 8 95 
5833 3 9 95 
