1642
5615 0 9 1 
5399 2 9 1 
5127 7 10 1 
5102 0 10 1 
4983 0 16 1 
4711 1 9 1 
4492 2 10 1 
4423 6 10 1 
4351 7 11 1 
4268 0 11 1 
3926 0 15 1 
3659 1 10 1 
3650 1 16 1 
3519 2 11 1 
3122 4 9 1 
3110 5 10 1 
2989 6 11 1 
2762 0 12 1 
2584 0 14 1 
2515 1 11 1 
2484 1 15 1 
2469 3 9 1 
2461 4 10 1 
2424 5 11 1 
1863 0 13 1 
1838 1 12 1 
1757 1 14 1 
1681 3 10 1 
1554 4 11 1 
1354 5 12 1 
1209 1 13 1 
540 2 12 1 
5750 3 11 1 
5644 4 12 1 
5627 5 13 1 
5443 17 19 1 
5219 19 19 1 
5110 0 19 1 
5034 2 13 1 
5008 3 12 1 
4798 4 13 1 
4796 5 14 1 
4721 17 18 1 
4703 18 19 1 
4565 19 18 1 
4441 0 18 1 
4406 1 19 1 
4366 2 14 1 
4270 3 13 1 
4262 4 14 1 
4183 5 15 1 
3568 17 17 1 
3507 18 18 1 
3471 19 15 1 
3455 19 17 1 
3452 0 17 1 
3435 1 18 1 
3222 2 15 1 
3142 2 19 1 
3106 3 0 1 
2944 3 14 1 
2599 4 15 1 
2533 18 15 1 
2274 18 17 1 
1927 19 16 1 
1821 0 0 1 
1722 1 17 1 
1570 2 16 1 
1517 2 18 1 
1394 3 1 1 
1328 3 15 1 
997 3 19 1 
633 4 0 1 
195 17 15 1 
79 18 16 1 
5597 0 1 1 
5578 1 0 1 
5402 2 17 1 
5310 3 16 1 
5243 3 18 1 
5172 4 1 1 
5079 4 19 1 
4984 5 0 1 
4932 7 0 1 
4743 16 15 1 
4740 16 19 1 
4699 17 16 1 
4644 0 2 1 
4595 1 1 1 
4284 2 0 1 
4227 3 17 1 
4033 4 2 1 
3956 4 16 1 
3835 4 18 1 
3727 5 1 1 
3512 5 19 1 
3009 6 0 1 
2854 7 1 1 
2696 9 19 1 
2534 15 15 1 
2289 15 19 1 
2249 16 16 1 
2058 16 18 1 
1929 0 3 1 
1767 1 2 1 
1441 2 1 1 
1072 3 2 1 
1011 4 17 1 
1005 5 2 1 
891 5 16 1 
804 5 18 1 
752 6 1 1 
460 6 19 1 
10 7 2 1 
5 8 19 1 
5604 9 18 1 
5592 14 15 1 
5178 15 16 1 
5065 15 18 1 
4422 16 17 1 
4321 19 14 1 
4291 0 4 1 
3767 1 3 1 
3747 2 2 1 
3746 3 3 1 
3619 5 17 1 
3556 6 2 1 
3257 6 12 1 
2643 6 18 1 
2425 7 3 1 
2300 7 19 1 
2111 8 12 1 
1925 8 18 1 
1762 14 16 1 
1658 15 17 1 
1623 16 14 1 
1322 18 14 1 
1043 19 13 1 
920 0 5 1 
597 1 4 1 
353 2 3 1 
5782 3 4 1 
5678 6 3 1 
5620 6 13 1 
5404 6 17 1 
5401 7 4 1 
5258 7 12 1 
5019 7 18 1 
4909 8 13 1 
4708 13 16 1 
4477 14 17 1 
4192 14 19 1 
3475 16 13 1 
3328 17 14 1 
3083 18 13 1 
3078 0 6 1 
2536 1 5 1 
2523 2 4 1 
2377 5 3 1 
2319 6 4 1 
2125 6 14 1 
1820 6 16 1 
1524 7 13 1 
1488 7 17 1 
1460 8 14 1 
1432 9 17 1 
1396 13 17 1 
1377 13 19 1 
1087 14 18 1 
621 16 12 1 
522 17 13 1 
467 0 7 1 
435 1 6 1 
5708 2 5 1 
5686 4 3 1 
5537 5 4 1 
5294 6 15 1 
5053 7 14 1 
4944 7 16 1 
4872 8 17 1 
4793 10 19 1 
4628 12 19 1 
4551 13 18 1 
4507 16 11 1 
4341 17 12 1 
4309 19 6 1 
4199 19 12 1 
4120 0 8 1 
4012 1 7 1 
3596 2 6 1 
3570 3 5 1 
3480 4 4 1 
3088 5 5 1 
2998 7 15 1 
2769 8 10 1 
2763 8 16 1 
2753 10 18 1 
1356 11 19 1 
1333 12 18 1 
1116 16 6 1 
1104 17 11 1 
1101 18 6 1 
768 18 12 1 
556 19 7 1 
443 19 11 1 
106 1 8 1 
5787 2 7 1 
5599 3 6 1 
5541 4 5 1 
5463 8 11 1 
5262 8 15 1 
4902 9 10 1 
4883 9 16 1 
4792 10 17 1 
4361 11 18 1 
4301 12 17 1 
4231 15 14 1 
3973 16 7 1 
3948 17 6 1 
3741 18 7 1 
3539 18 11 1 
3389 19 8 1 
3107 19 10 1 
2994 2 8 1 
2791 3 7 1 
2747 4 6 1 
2555 9 11 1 
2542 9 15 1 
2263 10 10 1 
2028 10 16 1 
1940 11 17 1 
1885 12 16 1 
1792 13 15 1 
1771 14 14 1 
1584 15 13 1 
1532 17 7 1 
1435 18 8 1 
1298 18 10 1 
1193 19 9 1 
890 3 8 1 
851 4 7 1 
483 5 6 1 
312 9 12 1 
281 9 14 1 
133 10 11 1 
12 10 15 1 
5397 11 16 1 
5039 12 15 1 
5031 13 14 1 
4811 14 7 1 
4738 14 13 1 
4720 15 12 1 
4575 17 8 1 
4451 17 10 1 
4328 18 9 1 
4234 4 8 1 
4122 5 7 1 
4045 5 9 1 
3622 9 13 1 
3593 10 12 1 
3489 10 14 1 
3289 11 15 1 
3278 12 14 1 
3271 13 13 1 
3202 14 8 1 
2885 14 12 1 
2529 15 7 1 
2363 15 11 1 
2229 16 8 1 
2118 16 10 1 
2041 17 9 1 
1995 5 8 1 
1851 6 9 1 
1015 10 13 1 
436 11 14 1 
65 12 13 1 
5148 13 12 1 
5114 14 11 1 
4776 15 8 1 
4698 15 10 1 
3655 16 9 1 
3601 6 8 1 
3419 7 9 1 
3256 8 0 1 
2538 11 13 1 
2169 12 12 1 
2027 13 11 1 
1749 14 10 1 
1710 15 9 1 
1133 6 5 1 
718 6 7 1 
703 7 8 1 
600 8 1 1 
471 8 9 1 
16 9 0 1 
5302 11 12 1 
4578 12 11 1 
4430 13 8 1 
4035 13 10 1 
3963 14 9 1 
3576 6 6 1 
3312 7 5 1 
3214 7 7 1 
2935 8 2 1 
2874 8 8 1 
2637 9 1 1 
2537 9 9 1 
2489 11 11 1 
1847 12 8 1 
1355 12 10 1 
934 13 9 1 
723 7 6 1 
642 8 3 1 
605 8 7 1 
468 9 2 1 
380 9 8 1 
249 10 9 1 
137 11 10 1 
5282 12 9 1 
5001 19 0 1 
4666 8 4 1 
4642 8 6 1 
4597 9 3 1 
4245 9 7 1 
4208 10 8 1 
4048 11 9 1 
3156 18 0 1 
2510 19 1 1 
1170 19 5 1 
1081 8 5 1 
842 9 4 1 
326 9 6 1 
5640 10 7 1 
5606 11 8 1 
4661 17 0 1 
4524 18 1 1 
4405 18 5 1 
4203 19 2 1 
4098 19 4 1 
3877 9 5 1 
3447 10 6 1 
3084 11 7 1 
2785 16 0 1 
2488 17 1 1 
2401 18 2 1 
2208 18 4 1 
1753 19 3 1 
1696 10 5 1 
1564 11 6 1 
1113 12 7 1 
627 16 1 1 
466 17 2 1 
186 18 3 1 
5376 10 4 1 
5097 11 5 1 
4986 12 6 1 
3815 13 7 1 
3692 16 2 1 
2903 17 3 1 
2748 17 5 1 
2640 10 3 1 
1886 11 4 1 
1590 12 5 1 
1103 13 6 1 
724 15 6 1 
711 16 3 1 
323 16 5 1 
265 17 4 1 
5643 11 3 1 
5362 12 4 1 
5231 13 5 1 
5084 14 6 1 
4845 15 5 1 
4702 16 4 1 
4574 12 3 1 
2984 13 4 1 
2872 14 5 1 
2852 15 0 1 
2321 15 4 1 
2250 13 3 1 
1900 14 0 1 
1666 14 4 1 
1407 15 1 1 
1340 15 3 1 
1174 13 0 1 
908 14 1 1 
5316 14 3 1 
5185 15 2 1 
4566 13 1 1 
3273 14 2 1 
2997 13 2 1 
2268 10 2 1 
1649 12 2 1 
5679 10 1 1 
2367 11 2 1 
1414 12 1 1 
998 10 0 1 
864 11 1 1 
5776 12 0 1 
4145 11 0 1 
286 11 1 13 
1553 14 1 15 
2162 14 5 15 
5058 12 6 16 
441 11 6 17 
274 12 10 19 
957 16 9 20 
3904 11 17 22 
577 11 18 22 
1644 18 7 22 
1285 7 16 23 
5759 0 9 26 
5548 2 9 26 
5424 7 10 26 
5128 0 10 26 
4767 0 16 26 
4501 1 9 26 
4401 2 10 26 
3868 6 10 26 
3717 7 11 26 
3341 0 11 26 
3158 0 15 26 
3124 1 10 26 
2958 1 16 26 
2861 2 11 26 
2796 4 9 26 
2709 5 10 26 
2682 6 11 26 
2646 0 12 26 
2626 0 14 26 
2615 1 11 26 
2613 1 15 26 
2207 3 9 26 
2177 4 10 26 
1861 5 11 26 
1688 0 13 26 
1594 1 12 26 
1179 1 14 26 
1044 3 10 26 
892 4 11 26 
748 5 12 26 
560 1 13 26 
476 2 12 26 
5761 3 11 26 
5645 4 12 26 
5405 5 13 26 
5235 17 19 26 
5199 19 19 26 
4865 0 19 26 
4360 2 13 26 
4224 3 12 26 
4113 4 13 26 
4068 5 14 26 
4041 17 18 26 
3774 18 19 26 
3736 19 18 26 
3524 0 18 26 
3436 1 19 26 
3316 2 14 26 
3247 3 13 26 
3111 4 14 26 
3073 5 15 26 
3008 17 17 26 
2970 18 18 26 
2931 19 15 26 
2821 19 17 26 
2445 0 17 26 
2230 1 18 26 
2131 2 15 26 
2020 2 19 26 
1937 3 0 26 
1730 3 14 26 
1548 4 15 26 
1082 18 15 26 
868 18 17 26 
840 19 16 26 
785 0 0 26 
487 1 17 26 
484 2 16 26 
121 2 18 26 
5657 3 1 26 
5500 3 15 26 
5479 3 19 26 
5456 4 0 26 
5308 17 15 26 
5075 18 16 26 
5018 0 1 26 
5003 1 0 26 
4971 2 17 26 
4827 3 16 26 
4816 3 18 26 
4336 4 1 26 
4216 4 19 26 
4210 5 0 26 
4171 7 0 26 
3964 16 15 26 
3788 16 19 26 
3688 17 16 26 
3654 0 2 26 
3639 1 1 26 
3091 2 0 26 
2816 3 17 26 
2366 4 2 26 
2199 4 16 26 
2132 4 18 26 
1775 5 1 26 
1445 5 19 26 
977 6 0 26 
929 7 1 26 
539 9 19 26 
485 15 15 26 
432 15 19 26 
228 16 16 26 
110 16 18 26 
5530 0 3 26 
5495 1 2 26 
5325 2 1 26 
5307 3 2 26 
5036 4 17 26 
4623 5 2 26 
4455 5 16 26 
4410 5 18 26 
4251 6 1 26 
4129 6 19 26 
3776 7 2 26 
3701 8 19 26 
3533 9 18 26 
3528 14 15 26 
3379 15 16 26 
3303 15 18 26 
3246 16 17 26 
3143 19 14 26 
2544 0 4 26 
2472 1 3 26 
2344 2 2 26 
2150 3 3 26 
2136 5 17 26 
1989 6 2 26 
1646 6 12 26 
1109 6 18 26 
986 7 3 26 
837 7 19 26 
321 8 12 26 
158 8 18 26 
5464 14 16 26 
5342 15 17 26 
4755 16 14 26 
4680 18 14 26 
4656 19 13 26 
4581 0 5 26 
4135 1 4 26 
3909 2 3 26 
3550 3 4 26 
3521 6 3 26 
3286 6 13 26 
3254 6 17 26 
3240 7 4 26 
3086 7 12 26 
3042 7 18 26 
3019 8 13 26 
2530 13 16 26 
2464 14 17 26 
2343 14 19 26 
2341 16 13 26 
2146 17 14 26 
2090 18 13 26 
1933 0 6 26 
1533 1 5 26 
1416 2 4 26 
912 5 3 26 
867 6 4 26 
5523 6 14 26 
5421 6 16 26 
5299 7 13 26 
4817 7 17 26 
4626 8 14 26 
4474 9 17 26 
4456 13 17 26 
4065 13 19 26 
4007 14 18 26 
3972 16 12 26 
3848 17 13 26 
3760 0 7 26 
3472 1 6 26 
3383 2 5 26 
2261 4 3 26 
1996 5 4 26 
1622 6 15 26 
1515 7 14 26 
1497 7 16 26 
1288 8 17 26 
1249 10 19 26 
1211 12 19 26 
928 13 18 26 
859 16 11 26 
784 17 12 26 
750 19 6 26 
372 19 12 26 
112 0 8 26 
20 1 7 26 
5416 2 6 26 
4973 3 5 26 
4870 4 4 26 
4824 5 5 26 
4790 7 15 26 
4769 8 10 26 
4592 8 16 26 
4577 10 18 26 
4510 11 19 26 
4375 12 18 26 
4354 16 6 26 
4317 17 11 26 
4300 18 6 26 
3819 18 12 26 
3691 19 7 26 
3287 19 11 26 
3162 1 8 26 
2671 2 7 26 
2454 3 6 26 
2166 4 5 26 
2092 8 11 26 
1948 8 15 26 
1871 9 10 26 
1733 9 16 26 
963 10 17 26 
955 11 18 26 
800 12 17 26 
542 15 14 26 
329 16 7 26 
239 17 6 26 
73 18 7 26 
5562 18 11 26 
5323 19 8 26 
5170 19 10 26 
4955 2 8 26 
4908 3 7 26 
4394 4 6 26 
3795 9 11 26 
3478 9 15 26 
3170 10 10 26 
3152 10 16 26 
3079 11 17 26 
3028 12 16 26 
2995 13 15 26 
2969 14 14 26 
2655 15 13 26 
2603 17 7 26 
2586 18 8 26 
2494 18 10 26 
2275 19 9 26 
2141 3 8 26 
2050 4 7 26 
1987 5 6 26 
1559 9 12 26 
1380 9 14 26 
1342 10 11 26 
915 10 15 26 
895 11 16 26 
865 12 15 26 
825 13 14 26 
652 14 7 26 
559 14 13 26 
537 15 12 26 
400 17 8 26 
80 17 10 26 
5710 18 9 26 
5705 4 8 26 
5564 5 7 26 
5292 5 9 26 
5289 9 13 26 
5253 10 12 26 
4784 10 14 26 
4608 11 15 26 
4545 12 14 26 
4312 13 13 26 
4277 14 8 26 
4266 14 12 26 
4217 15 7 26 
3915 15 11 26 
3913 16 8 26 
3845 16 10 26 
3684 17 9 26 
3375 5 8 26 
3252 6 9 26 
2644 10 13 26 
2606 11 14 26 
2582 12 13 26 
2576 13 12 26 
2514 14 11 26 
2434 15 8 26 
2320 15 10 26 
2309 16 9 26 
1600 6 8 26 
1418 7 9 26 
1406 8 0 26 
872 11 13 26 
737 12 12 26 
629 13 11 26 
500 14 10 26 
156 15 9 26 
49 6 5 26 
5742 6 7 26 
5676 7 8 26 
5598 8 1 26 
5550 8 9 26 
5275 9 0 26 
5173 11 12 26 
5107 12 11 26 
5082 13 8 26 
4707 13 10 26 
4618 14 9 26 
4457 6 6 26 
4364 7 5 26 
4195 7 7 26 
3530 8 2 26 
3406 8 8 26 
3058 9 1 26 
2708 9 9 26 
1801 11 11 26 
904 12 8 26 
826 12 10 26 
464 13 9 26 
5630 7 6 26 
5451 8 3 26 
5442 8 7 26 
5395 9 2 26 
5164 9 8 26 
4966 10 9 26 
4924 11 10 26 
4828 12 9 26 
4728 19 0 26 
4298 8 4 26 
3724 8 6 26 
3367 9 3 26 
3166 9 7 26 
2836 10 8 26 
2737 11 9 26 
2719 18 0 26 
2541 19 1 26 
2338 19 5 26 
2270 8 5 26 
1727 9 4 26 
1525 9 6 26 
1180 10 7 26 
257 11 8 26 
30 17 0 26 
5252 18 1 26 
5091 18 5 26 
4886 19 2 26 
4469 19 4 26 
4256 9 5 26 
3847 10 6 26 
3731 11 7 26 
3551 16 0 26 
2773 17 1 26 
2662 18 2 26 
2470 18 4 26 
2428 19 3 26 
2278 10 5 26 
2052 11 6 26 
1501 12 7 26 
477 16 1 26 
293 17 2 26 
279 18 3 26 
226 10 4 26 
5632 11 5 26 
5420 12 6 26 
5300 13 7 26 
4293 16 2 26 
3940 17 3 26 
3676 17 5 26 
3460 10 3 26 
3227 11 4 26 
2641 12 5 26 
2107 13 6 26 
1199 15 6 26 
832 16 3 26 
797 16 5 26 
632 17 4 26 
386 11 3 26 
5167 12 4 26 
4678 13 5 26 
4614 14 6 26 
4449 15 5 26 
4327 16 4 26 
4297 12 3 26 
3600 13 4 26 
3496 14 5 26 
2849 15 0 26 
2764 15 4 26 
1919 13 3 26 
1661 14 0 26 
1365 14 4 26 
1225 15 1 26 
602 15 3 26 
5764 13 0 26 
5725 14 1 26 
5453 14 3 26 
3295 15 2 26 
3014 13 1 26 
2743 14 2 26 
771 13 2 26 
224 10 2 26 
76 12 2 26 
4797 10 1 26 
4182 11 2 26 
761 12 1 26 
5388 10 0 26 
4830 11 1 26 
4646 12 0 26 
3337 11 0 26 
3441 11 1 37 
1608 14 1 39 
2444 14 5 40 
769 12 6 41 
21 11 6 42 
1824 12 10 44 
4116 16 9 45 
3266 11 17 46 
2236 11 18 47 
3961 18 7 47 
5766 0 9 51 
5697 2 9 51 
5576 7 10 51 
5491 0 10 51 
5433 0 16 51 
5398 1 9 51 
5348 2 10 51 
5176 6 10 51 
5160 7 11 51 
4821 0 11 51 
4637 0 15 51 
4615 1 10 51 
4590 1 16 51 
4388 2 11 51 
4304 4 9 51 
3858 5 10 51 
3789 6 11 51 
3592 0 12 51 
3558 0 14 51 
3362 1 11 51 
3292 1 15 51 
3237 3 9 51 
3221 4 10 51 
3130 5 11 51 
3072 0 13 51 
2636 1 12 51 
2418 1 14 51 
2176 3 10 51 
1632 4 11 51 
1178 5 12 51 
1060 1 13 51 
1000 2 12 51 
843 3 11 51 
764 4 12 51 
291 5 13 51 
81 17 19 51 
5773 19 19 51 
5434 0 19 51 
5368 2 13 51 
5259 3 12 51 
5089 4 13 51 
5083 5 14 51 
5041 17 18 51 
4935 18 19 51 
4894 19 18 51 
4867 0 18 51 
4497 1 19 51 
4392 2 14 51 
4390 3 13 51 
4307 4 14 51 
4196 5 15 51 
4089 17 17 51 
4059 18 18 51 
3586 19 15 51 
3360 19 17 51 
3253 0 17 51 
3033 1 18 51 
2899 2 15 51 
2188 2 19 51 
2138 3 0 51 
2088 3 14 51 
1993 4 15 51 
1912 18 15 51 
1876 18 17 51 
1747 19 16 51 
1573 0 0 51 
1496 1 17 51 
1358 2 16 51 
1268 2 18 51 
1190 3 1 51 
1155 3 15 51 
970 3 19 51 
916 4 0 51 
494 17 15 51 
434 18 16 51 
385 0 1 51 
382 1 0 51 
342 2 17 51 
95 3 16 51 
5647 3 18 51 
5505 4 1 51 
5363 4 19 51 
5182 5 0 51 
5069 7 0 51 
4988 16 15 51 
4970 16 19 51 
4835 17 16 51 
4576 0 2 51 
4489 1 1 51 
4471 2 0 51 
3718 3 17 51 
3574 4 2 51 
2883 4 16 51 
2811 4 18 51 
2506 5 1 51 
2349 5 19 51 
2314 6 0 51 
2114 7 1 51 
1905 9 19 51 
1827 15 15 51 
1692 15 19 51 
1552 16 16 51 
1352 16 18 51 
1317 0 3 51 
1271 1 2 51 
1234 2 1 51 
624 3 2 51 
565 4 17 51 
410 5 2 51 
283 5 16 51 
192 5 18 51 
183 6 1 51 
90 6 19 51 
5743 7 2 51 
5693 8 19 51 
5525 9 18 51 
5503 14 15 51 
5496 15 16 51 
5457 15 18 51 
5436 16 17 51 
5339 19 14 51 
5038 0 4 51 
5037 1 3 51 
4856 2 2 51 
4500 3 3 51 
4445 5 17 51 
4427 6 2 51 
4343 6 12 51 
3852 6 18 51 
3679 7 3 51 
3412 7 19 51 
3363 8 12 51 
3333 8 18 51 
3160 14 16 51 
3131 15 17 51 
3075 16 14 51 
1951 18 14 51 
1864 19 13 51 
1634 0 5 51 
1339 1 4 51 
910 2 3 51 
897 3 4 51 
609 6 3 51 
447 6 13 51 
351 6 17 51 
149 7 4 51 
5789 7 12 51 
5408 7 18 51 
5142 8 13 51 
4857 13 16 51 
4563 14 17 51 
4428 14 19 51 
4345 16 13 51 
4204 17 14 51 
3938 18 13 51 
3742 0 6 51 
3700 1 5 51 
3413 2 4 51 
3342 5 3 51 
3208 6 4 51 
2924 6 14 51 
2725 6 16 51 
2656 7 13 51 
2491 7 17 51 
2346 8 14 51 
2323 9 17 51 
1641 13 17 51 
1530 13 19 51 
1512 14 18 51 
1138 16 12 51 
1099 17 13 51 
781 0 7 51 
779 1 6 51 
536 2 5 51 
236 4 3 51 
5729 5 4 51 
5707 6 15 51 
5510 7 14 51 
5384 7 16 51 
5266 8 17 51 
5005 10 19 51 
4948 12 19 51 
4730 13 18 51 
4638 16 11 51 
4616 17 12 51 
4603 19 6 51 
4353 19 12 51 
4264 0 8 51 
4229 1 7 51 
4212 2 6 51 
4119 3 5 51 
3612 4 4 51 
3459 5 5 51 
3054 7 15 51 
2689 8 10 51 
2547 8 16 51 
2100 10 18 51 
1647 11 19 51 
1229 12 18 51 
1067 16 6 51 
636 17 11 51 
412 18 6 51 
403 18 12 51 
349 19 7 51 
275 19 11 51 
241 1 8 51 
114 2 7 51 
23 3 6 51 
5432 4 5 51 
5248 8 11 51 
4585 8 15 51 
4569 9 10 51 
4233 9 16 51 
4044 10 17 51 
3962 11 18 51 
3695 12 17 51 
3677 15 14 51 
3457 16 7 51 
3340 17 6 51 
3147 18 7 51 
2397 18 11 51 
2185 19 8 51 
1848 19 10 51 
1823 2 8 51 
1706 3 7 51 
1543 4 6 51 
1442 9 11 51 
952 9 15 51 
5166 10 10 51 
5139 10 16 51 
4979 11 17 51 
4655 12 16 51 
4611 13 15 51 
4435 14 14 51 
4393 15 13 51 
4369 17 7 51 
3764 18 8 51 
3752 18 10 51 
3525 19 9 51 
3461 3 8 51 
3434 4 7 51 
3176 5 6 51 
2983 9 12 51 
2961 9 14 51 
2869 10 11 51 
2732 10 15 51 
2594 11 16 51 
2487 12 15 51 
2396 13 14 51 
2387 14 7 51 
2029 14 13 51 
1932 15 12 51 
1774 17 8 51 
1319 17 10 51 
968 18 9 51 
717 4 8 51 
617 5 7 51 
428 5 9 51 
5762 9 13 51 
5699 10 12 51 
5400 10 14 51 
5227 11 15 51 
4967 12 14 51 
4887 13 13 51 
4859 14 8 51 
4505 14 12 51 
3832 15 7 51 
3511 15 11 51 
2617 16 8 51 
2575 16 10 51 
2409 17 9 51 
2405 5 8 51 
2134 6 9 51 
1231 10 13 51 
1095 11 14 51 
1056 12 13 51 
862 13 12 51 
615 14 11 51 
395 15 8 51 
308 15 10 51 
5572 16 9 51 
5515 6 8 51 
5106 7 9 51 
5103 8 0 51 
4960 11 13 51 
4775 12 12 51 
4253 13 11 51 
4244 14 10 51 
4159 15 9 51 
3844 6 5 51 
3665 6 7 51 
3605 7 8 51 
3535 8 1 51 
2893 8 9 51 
2839 9 0 51 
2382 11 12 51 
1991 12 11 51 
1829 13 8 51 
1793 13 10 51 
1668 14 9 51 
1610 6 6 51 
1046 7 5 51 
836 7 7 51 
809 8 2 51 
758 8 8 51 
689 9 1 51 
594 9 9 51 
88 11 11 51 
5198 12 8 51 
4759 12 10 51 
4558 13 9 51 
4325 7 6 51 
4175 8 3 51 
4063 8 7 51 
4038 9 2 51 
4010 9 8 51 
3479 10 9 51 
3280 11 10 51 
2782 12 9 51 
2770 19 0 51 
2568 8 4 51 
2116 8 6 51 
1953 9 3 51 
1712 9 7 51 
1270 10 8 51 
990 11 9 51 
841 18 0 51 
822 19 1 51 
5681 19 5 51 
5319 8 5 51 
5138 9 4 51 
4947 9 6 51 
4725 10 7 51 
4643 11 8 51 
4418 17 0 51 
4214 18 1 51 
3618 18 5 51 
3144 19 2 51 
3116 19 4 51 
2904 9 5 51 
2468 10 6 51 
2435 11 7 51 
2010 16 0 51 
1758 17 1 51 
1682 18 2 51 
940 18 4 51 
677 19 3 51 
475 10 5 51 
397 11 6 51 
373 12 7 51 
225 16 1 51 
5628 17 2 51 
5605 18 3 51 
5237 10 4 51 
5133 11 5 51 
5105 12 6 51 
5066 13 7 51 
4847 16 2 51 
4844 17 3 51 
4465 17 5 51 
4273 10 3 51 
3787 11 4 51 
3105 12 5 51 
2987 13 6 51 
2558 15 6 51 
1797 16 3 51 
564 16 5 51 
5535 17 4 51 
5295 11 3 51 
5135 12 4 51 
4248 13 5 51 
4235 14 6 51 
4158 15 5 51 
3945 16 4 51 
3121 12 3 51 
3025 13 4 51 
2550 14 5 51 
1969 15 0 51 
1904 15 4 51 
835 13 3 51 
777 14 0 51 
657 14 4 51 
3739 15 1 51 
3422 15 3 51 
3123 13 0 51 
2806 14 1 51 
2629 14 3 51 
1786 15 2 51 
1172 13 1 51 
5600 14 2 51 
5393 13 2 51 
4609 10 2 51 
4446 12 2 51 
3985 10 1 51 
3715 11 2 51 
3372 12 1 51 
2285 10 0 51 
305 11 1 51 
96 12 0 51 
2858 11 0 51 
2630 11 1 63 
1284 14 1 64 
202 14 5 65 
1410 12 6 66 
458 11 6 67 
5124 12 10 68 
3420 16 9 69 
2674 11 17 71 
3497 11 18 72 
706 18 7 72 
5483 0 9 76 
4747 2 9 76 
4556 7 10 76 
3906 0 10 76 
3839 0 16 76 
3710 1 9 76 
3667 2 10 76 
3343 6 10 76 
3207 7 11 76 
3098 0 11 76 
3090 0 15 76 
2901 1 10 76 
2572 1 16 76 
2505 2 11 76 
2499 4 9 76 
2449 5 10 76 
2093 6 11 76 
2072 0 12 76 
1810 0 14 76 
1802 1 11 76 
1789 1 15 76 
1731 3 9 76 
1679 4 10 76 
1659 5 11 76 
1627 0 13 76 
1518 1 12 76 
1502 1 14 76 
1454 3 10 76 
1278 4 11 76 
1079 5 12 76 
1070 1 13 76 
1061 2 12 76 
1028 3 11 76 
981 4 12 76 
966 5 13 76 
743 17 19 76 
505 19 19 76 
355 0 19 76 
242 2 13 76 
223 3 12 76 
5719 4 13 76 
5619 5 14 76 
5472 17 18 76 
5098 18 19 76 
4991 19 18 76 
4745 0 18 76 
4693 1 19 76 
4567 2 14 76 
3905 3 13 76 
3897 4 14 76 
3876 5 15 76 
3836 17 17 76 
3645 18 18 76 
3482 19 15 76 
3322 19 17 76 
3081 0 17 76 
2856 1 18 76 
2844 2 15 76 
2351 2 19 76 
2159 3 0 76 
1988 3 14 76 
1674 4 15 76 
1629 18 15 76 
1612 18 17 76 
1556 19 16 76 
1527 0 0 76 
1140 1 17 76 
1096 2 16 76 
898 2 18 76 
883 3 1 76 
880 3 15 76 
831 3 19 76 
545 4 0 76 
495 17 15 76 
422 18 16 76 
383 0 1 76 
169 1 0 76 
151 2 17 76 
43 3 16 76 
5601 3 18 76 
5508 4 1 76 
5369 4 19 76 
4962 5 0 76 
4933 7 0 76 
4605 16 15 76 
4310 16 19 76 
4286 17 16 76 
4001 0 2 76 
3947 1 1 76 
3615 2 0 76 
3590 3 17 76 
3307 4 2 76 
3306 4 16 76 
3022 4 18 76 
2974 5 1 76 
2880 5 19 76 
2717 6 0 76 
2398 7 1 76 
2122 9 19 76 
2059 15 15 76 
2031 15 19 76 
2014 16 16 76 
1399 16 18 76 
1312 0 3 76 
1064 1 2 76 
985 2 1 76 
901 3 2 76 
591 4 17 76 
578 5 2 76 
531 5 16 76 
5733 5 18 76 
5698 6 1 76 
5689 6 19 76 
5306 7 2 76 
5188 8 19 76 
4617 9 18 76 
4520 14 15 76 
4468 15 16 76 
4373 15 18 76 
4337 16 17 76 
4137 19 14 76 
4025 0 4 76 
3429 1 3 76 
3070 2 2 76 
2597 3 3 76 
2518 5 17 76 
2482 6 2 76 
2331 6 12 76 
2311 6 18 76 
2082 7 3 76 
1879 7 19 76 
1811 8 12 76 
1286 8 18 76 
907 14 16 76 
854 15 17 76 
852 16 14 76 
795 18 14 76 
463 19 13 76 
453 0 5 76 
416 1 4 76 
62 2 3 76 
27 3 4 76 
5674 6 3 76 
5403 6 13 76 
5251 6 17 76 
5206 7 4 76 
5108 7 12 76 
4906 7 18 76 
4879 8 13 76 
4654 13 16 76 
4594 14 17 76 
4583 14 19 76 
4450 16 13 76 
4308 17 14 76 
4056 18 13 76 
3887 0 6 76 
3104 1 5 76 
2815 2 4 76 
2593 5 3 76 
2559 6 4 76 
2308 6 14 76 
2255 6 16 76 
2086 7 13 76 
1972 7 17 76 
1669 8 14 76 
1343 9 17 76 
745 13 17 76 
574 13 19 76 
573 14 18 76 
521 16 12 76 
278 17 13 76 
187 0 7 76 
5732 1 6 76 
5694 2 5 76 
5425 4 3 76 
5095 5 4 76 
4913 6 15 76 
4822 7 14 76 
4504 7 16 76 
4324 8 17 76 
3965 10 19 76 
3833 12 19 76 
3647 13 18 76 
3526 16 11 76 
2954 17 12 76 
2866 19 6 76 
2789 19 12 76 
2201 0 8 76 
1980 1 7 76 
1818 2 6 76 
1790 3 5 76 
1765 4 4 76 
1695 5 5 76 
1495 7 15 76 
1489 8 10 76 
1291 8 16 76 
1019 10 18 76 
690 11 19 76 
452 12 18 76 
230 16 6 76 
104 17 11 76 
5610 18 6 76 
5383 18 12 76 
5305 19 7 76 
5234 19 11 76 
5200 1 8 76 
5094 2 7 76 
4881 3 6 76 
4873 4 5 76 
4397 8 11 76 
4209 8 15 76 
3998 9 10 76 
3988 9 16 76 
3895 10 17 76 
3636 11 18 76 
3321 12 17 76 
3245 15 14 76 
2938 16 7 76 
2660 17 6 76 
1656 18 7 76 
1528 18 11 76 
1206 19 8 76 
1122 19 10 76 
170 2 8 76 
5757 3 7 76 
5203 4 6 76 
5169 9 11 76 
4683 9 15 76 
4358 10 10 76 
4020 10 16 76 
3803 11 17 76 
3785 12 16 76 
3579 13 15 76 
3545 14 14 76 
3465 15 13 76 
3250 17 7 76 
3087 18 8 76 
3051 18 10 76 
2902 19 9 76 
2786 3 8 76 
2463 4 7 76 
2430 5 6 76 
2389 9 12 76 
2265 9 14 76 
2187 10 11 76 
2156 10 15 76 
1485 11 16 76 
1468 12 15 76 
1308 13 14 76 
1236 14 7 76 
1201 14 13 76 
620 15 12 76 
502 17 8 76 
404 17 10 76 
369 18 9 76 
5639 4 8 76 
5581 5 7 76 
5454 5 9 76 
5197 9 13 76 
5050 10 12 76 
4925 10 14 76 
4831 11 15 76 
4526 12 14 76 
4431 13 13 76 
3811 14 8 76 
3777 14 12 76 
3510 15 7 76 
3305 15 11 76 
2803 16 8 76 
2706 16 10 76 
2565 17 9 76 
2563 5 8 76 
2479 6 9 76 
2221 10 13 76 
2144 11 14 76 
2096 12 13 76 
1934 13 12 76 
1691 14 11 76 
1519 15 8 76 
1255 15 10 76 
857 16 9 76 
792 6 8 76 
702 7 9 76 
5715 8 0 76 
5476 11 13 76 
5287 12 12 76 
5261 13 11 76 
4777 14 10 76 
4630 15 9 76 
4213 6 5 76 
4191 6 7 76 
4011 7 8 76 
3892 8 1 76 
3872 8 9 76 
3861 9 0 76 
3794 11 12 76 
3784 12 11 76 
3737 13 8 76 
3671 13 10 76 
3669 14 9 76 
3534 6 6 76 
3411 7 5 76 
2675 7 7 76 
2223 8 2 76 
1955 8 8 76 
1817 9 1 76 
1699 9 9 76 
1585 11 11 76 
1506 12 8 76 
1392 12 10 76 
1276 13 9 76 
1210 7 6 76 
1161 8 3 76 
1002 8 7 76 
808 9 2 76 
357 9 8 76 
42 10 9 76 
5367 11 10 76 
4889 12 9 76 
4534 19 0 76 
4100 8 4 76 
4084 8 6 76 
3159 9 3 76 
3089 9 7 76 
3004 10 8 76 
2635 11 9 76 
2347 18 0 76 
1403 19 1 76 
1029 19 5 76 
946 8 5 76 
132 9 4 76 
68 9 6 76 
5437 10 7 76 
5360 11 8 76 
4064 17 0 76 
3927 18 1 76 
3809 18 5 76 
3338 19 2 76 
2688 19 4 76 
2595 9 5 76 
2570 10 6 76 
2406 11 7 76 
1966 16 0 76 
1916 17 1 76 
1367 18 2 76 
1071 18 4 76 
1069 19 3 76 
670 10 5 76 
616 11 6 76 
5391 12 7 76 
5257 16 1 76 
5104 17 2 76 
4141 18 3 76 
4132 10 4 76 
4111 11 5 76 
4096 12 6 76 
4002 13 7 76 
3532 16 2 76 
2097 17 3 76 
1931 17 5 76 
1535 10 3 76 
1237 11 4 76 
742 12 5 76 
647 13 6 76 
5614 15 6 76 
5159 16 3 76 
4319 16 5 76 
3791 17 4 76 
3117 11 3 76 
2583 12 4 76 
1800 13 5 76 
1487 14 6 76 
1283 15 5 76 
606 16 4 76 
6 12 3 76 
5320 13 4 76 
5116 14 5 76 
4516 15 0 76 
4029 15 4 76 
3487 13 3 76 
3319 14 0 76 
2154 14 4 76 
1091 15 1 76 
1086 15 3 76 
1018 13 0 76 
1012 14 1 76 
811 14 3 76 
658 15 2 76 
313 13 1 76 
5016 14 2 76 
4275 13 2 76 
4157 10 2 76 
3951 12 2 76 
3181 10 1 76 
2766 11 2 76 
1227 12 1 76 
4160 10 0 76 
2234 11 1 76 
1943 12 0 76 
1054 11 0 76 
607 11 1 87 
881 14 1 89 
1332 14 5 89 
282 12 6 91 
5328 11 6 92 
1045 12 10 94 
2705 16 9 95 
1269 11 17 96 
2988 11 18 97 
675 18 7 97 
716 7 16 98 
