1866
4976 19 19 1 
4783 18 19 1 
4761 19 18 1 
4717 17 19 1 
4712 18 18 1 
4581 19 17 1 
4395 16 19 1 
4361 17 18 1 
4146 18 17 1 
4123 19 16 1 
3391 15 19 1 
3253 16 18 1 
3230 17 17 1 
2873 18 16 1 
2568 19 15 1 
2505 0 13 1 
2450 0 19 1 
2404 14 19 1 
2036 15 18 1 
1593 16 17 1 
1567 17 16 1 
1435 18 15 1 
1407 0 0 1 
1177 0 12 1 
1092 0 18 1 
726 1 13 1 
660 1 19 1 
634 4 12 1 
557 13 19 1 
333 14 18 1 
224 15 17 1 
156 16 16 1 
35 17 15 1 
19 0 1 1 
5202 0 11 1 
5157 0 17 1 
5050 1 0 1 
4721 1 12 1 
4599 1 18 1 
4546 2 13 1 
4544 2 19 1 
4097 3 12 1 
3872 4 11 1 
3502 12 19 1 
3383 13 18 1 
2908 14 17 1 
2792 15 16 1 
1915 16 15 1 
1700 0 2 1 
1439 0 10 1 
1181 0 16 1 
1096 1 1 1 
1079 1 11 1 
1035 1 17 1 
555 2 0 1 
519 2 12 1 
459 2 18 1 
424 3 11 1 
334 3 19 1 
5136 4 10 1 
4939 11 19 1 
4754 12 18 1 
4654 13 17 1 
4480 14 16 1 
4190 15 15 1 
4061 0 3 1 
4006 0 9 1 
3806 0 15 1 
3295 1 2 1 
3057 1 10 1 
2811 1 16 1 
2806 2 1 1 
2431 2 11 1 
2408 2 17 1 
2381 3 0 1 
2306 3 10 1 
2012 3 18 1 
1752 4 9 1 
1719 4 19 1 
1631 10 19 1 
1564 11 18 1 
1285 12 17 1 
1069 13 16 1 
786 14 15 1 
684 0 4 1 
442 0 8 1 
305 0 14 1 
286 1 3 1 
232 1 9 1 
5170 1 15 1 
4997 2 2 1 
4885 2 10 1 
4775 2 16 1 
4729 3 1 1 
4390 3 9 1 
3950 3 17 1 
3910 4 0 1 
3678 4 8 1 
3335 4 18 1 
3334 5 19 1 
3212 9 19 1 
3106 10 18 1 
3010 11 13 1 
2819 11 17 1 
2714 12 16 1 
2470 13 15 1 
2162 0 5 1 
1993 0 7 1 
1740 1 4 1 
1629 1 8 1 
1514 1 14 1 
1218 2 3 1 
1167 2 9 1 
526 2 15 1 
325 3 2 1 
22 3 8 1 
5107 3 16 1 
4799 4 1 1 
4772 4 17 1 
4682 5 0 1 
4621 5 18 1 
4274 6 19 1 
4050 8 19 1 
4017 9 18 1 
4003 10 13 1 
4000 10 17 1 
3983 11 14 1 
3876 11 16 1 
3722 12 15 1 
3702 0 6 1 
3691 1 5 1 
3656 1 7 1 
3631 2 4 1 
3615 2 8 1 
3544 2 14 1 
3476 3 3 1 
3336 3 15 1 
3257 4 2 1 
3228 4 16 1 
3208 5 1 1 
2896 5 17 1 
2434 6 0 1 
2291 6 18 1 
2147 7 19 1 
2006 8 18 1 
1862 9 13 1 
1814 9 17 1 
1721 10 14 1 
1625 10 16 1 
932 11 15 1 
892 1 6 1 
873 2 5 1 
828 2 7 1 
520 3 4 1 
417 3 14 1 
394 4 3 1 
339 4 15 1 
116 5 2 1 
99 5 16 1 
4 6 1 1 
5090 6 17 1 
4436 7 0 1 
4336 7 18 1 
4120 8 17 1 
4103 9 14 1 
3753 9 16 1 
3735 10 15 1 
3696 2 6 1 
3496 3 5 1 
3412 3 7 1 
2939 3 13 1 
2920 4 4 1 
2623 4 14 1 
2602 5 3 1 
2406 5 9 1 
2353 5 15 1 
2221 6 2 1 
2206 6 16 1 
2092 7 1 1 
1986 7 17 1 
1925 8 0 1 
1908 8 16 1 
1716 9 15 1 
1693 3 6 1 
1425 4 5 1 
964 4 7 1 
852 4 13 1 
847 5 4 1 
481 5 8 1 
43 5 14 1 
5144 6 3 1 
5043 6 15 1 
4915 7 2 1 
4902 7 16 1 
4836 8 1 1 
4757 8 15 1 
4731 9 0 1 
4660 4 6 1 
4512 5 5 1 
4359 5 7 1 
4070 5 13 1 
3953 6 4 1 
3645 6 14 1 
3337 7 3 1 
3310 7 15 1 
3231 8 2 1 
2715 9 1 1 
2654 10 0 1 
2621 5 6 1 
2501 5 12 1 
2385 6 5 1 
2241 6 9 1 
1916 6 13 1 
1805 7 4 1 
1333 7 14 1 
1076 8 3 1 
1063 9 2 1 
812 10 1 1 
763 11 0 1 
575 5 11 1 
5031 6 6 1 
4746 6 8 1 
4491 6 12 1 
4096 7 5 1 
4004 7 9 1 
3891 7 13 1 
3882 8 4 1 
3794 8 14 1 
3784 9 3 1 
3751 10 2 1 
3747 11 1 1 
3729 12 0 1 
3661 5 10 1 
3530 6 7 1 
3418 6 11 1 
3053 7 6 1 
2779 7 8 1 
2767 7 12 1 
2683 8 5 1 
2050 8 9 1 
1919 8 13 1 
1655 9 4 1 
1646 10 3 1 
1507 11 2 1 
1411 12 1 1 
1088 6 10 1 
1047 7 7 1 
974 7 11 1 
447 8 6 1 
4888 8 8 1 
4877 8 12 1 
4651 9 5 1 
3941 9 9 1 
3930 10 4 1 
3698 11 3 1 
3670 12 2 1 
3594 7 10 1 
3458 8 7 1 
2871 8 11 1 
2855 9 6 1 
2721 9 8 1 
2062 9 12 1 
1904 10 5 1 
1863 11 4 1 
1532 12 3 1 
1186 8 10 1 
870 9 7 1 
771 9 11 1 
574 10 6 1 
501 10 12 1 
135 11 5 1 
5059 12 4 1 
4811 12 14 1 
4550 9 10 1 
4530 10 7 1 
4493 10 11 1 
4375 11 6 1 
4261 11 12 1 
3946 12 5 1 
3859 12 13 1 
3633 13 14 1 
3332 19 14 1 
3127 10 8 1 
3019 10 10 1 
2826 11 7 1 
2777 11 11 1 
2584 12 6 1 
2368 12 12 1 
2314 13 13 1 
2225 14 14 1 
2094 18 14 1 
2090 19 13 1 
2040 10 9 1 
1321 11 8 1 
1281 11 10 1 
1124 12 7 1 
1073 12 11 1 
664 13 12 1 
615 14 13 1 
492 15 14 1 
94 17 14 1 
5197 18 13 1 
5041 19 12 1 
4529 11 9 1 
4226 12 8 1 
4208 12 10 1 
4198 13 11 1 
3979 14 12 1 
3804 15 13 1 
3801 16 14 1 
3791 17 13 1 
3776 18 12 1 
3711 19 11 1 
3669 12 9 1 
3641 13 10 1 
3589 14 11 1 
3363 15 12 1 
2387 16 13 1 
1983 17 12 1 
1630 18 11 1 
1518 19 10 1 
1495 13 9 1 
1277 14 10 1 
1268 15 11 1 
1219 16 12 1 
1146 17 11 1 
776 18 10 1 
657 19 9 1 
652 13 8 1 
262 14 9 1 
237 15 10 1 
140 16 11 1 
4986 17 10 1 
4823 18 9 1 
4041 19 8 1 
3972 13 7 1 
3935 14 8 1 
3513 15 9 1 
3411 16 10 1 
3404 17 9 1 
3356 18 8 1 
3256 19 7 1 
2923 13 0 1 
2369 13 6 1 
2170 14 7 1 
2131 15 8 1 
1929 16 9 1 
1884 17 8 1 
1358 18 7 1 
783 19 6 1 
5222 13 1 1 
4816 13 5 1 
4623 14 0 1 
4613 14 6 1 
4389 15 7 1 
4272 16 8 1 
4014 17 7 1 
3884 18 6 1 
3767 19 5 1 
3736 13 2 1 
3596 13 4 1 
2269 14 1 1 
2264 14 5 1 
2044 15 0 1 
1946 15 6 1 
1537 16 7 1 
1169 17 6 1 
1048 18 5 1 
911 19 4 1 
412 13 3 1 
300 14 2 1 
50 14 4 1 
5169 15 1 1 
4635 15 5 1 
4204 16 6 1 
3967 17 5 1 
3298 18 4 1 
2591 19 3 1 
2295 14 3 1 
2169 15 2 1 
168 15 4 1 
4969 16 5 1 
4940 17 4 1 
3628 18 3 1 
1899 19 2 1 
1622 15 3 1 
1521 16 4 1 
1095 17 3 1 
599 18 2 1 
411 19 1 1 
336 16 3 1 
5118 17 2 1 
3868 18 1 1 
3001 19 0 1 
2550 16 2 1 
2519 17 1 1 
3903 18 0 1 
2377 16 1 1 
2361 17 0 1 
893 16 0 1 
3015 17 1 13 
1072 17 2 13 
2649 18 1 13 
3221 16 4 14 
3724 17 3 14 
1312 18 2 14 
2596 14 3 15 
4999 15 4 15 
1707 16 5 14 
2137 17 4 14 
2610 18 3 14 
26 14 2 16 
997 14 4 16 
1793 15 5 15 
1906 17 5 15 
2813 18 4 15 
3459 14 1 16 
4921 14 5 16 
434 15 6 16 
1127 18 5 16 
1271 14 6 16 
1443 15 7 16 
1589 16 8 16 
2188 14 7 17 
2531 17 8 17 
2545 18 8 17 
3674 15 10 18 
801 14 10 18 
814 17 11 18 
1060 13 10 18 
3075 14 11 18 
3125 17 12 18 
3330 18 11 18 
3813 11 9 18 
4437 12 10 18 
159 13 11 18 
202 14 12 18 
315 17 13 18 
972 18 12 18 
1819 11 8 19 
2010 11 10 19 
2453 13 12 19 
2860 14 13 19 
2874 18 13 18 
2875 11 7 19 
3046 13 13 19 
3113 10 11 19 
3144 11 6 19 
3358 9 11 20 
4203 10 6 20 
4561 11 5 20 
640 8 7 20 
654 8 11 20 
762 9 6 20 
1007 10 5 20 
1098 11 4 20 
2174 7 7 21 
2263 7 11 21 
4718 8 8 20 
247 9 5 20 
344 10 4 20 
441 11 3 20 
811 6 11 21 
1662 7 8 21 
1761 7 12 21 
2499 9 4 21 
3768 10 3 21 
5131 19 19 26 
4893 18 19 26 
4569 19 18 26 
4468 17 19 26 
4403 18 18 26 
4288 19 17 26 
4248 16 19 26 
3763 17 18 26 
3353 18 17 26 
3326 19 16 26 
3244 15 19 26 
3005 16 18 26 
2881 17 17 26 
2837 18 16 26 
2787 19 15 26 
2617 0 13 26 
2613 0 19 26 
2582 14 19 26 
2455 15 18 26 
2316 16 17 26 
2101 17 16 26 
1817 18 15 26 
1574 0 0 26 
1525 0 12 26 
1231 0 18 26 
1190 1 13 26 
1110 1 19 26 
885 4 12 26 
715 13 19 26 
606 14 18 26 
554 15 17 26 
497 16 16 26 
464 17 15 26 
382 0 1 26 
317 0 11 26 
40 0 17 26 
5228 1 0 26 
5126 1 12 26 
4889 1 18 26 
4541 2 13 26 
4481 2 19 26 
4443 3 12 26 
4323 4 11 26 
4308 12 19 26 
4281 13 18 26 
4092 14 17 26 
4053 15 16 26 
3921 16 15 26 
3815 0 2 26 
3642 0 10 26 
3398 0 16 26 
3199 1 1 26 
2915 1 11 26 
2614 1 17 26 
2466 2 0 26 
2459 2 12 26 
2270 2 18 26 
2166 3 11 26 
1772 3 19 26 
1328 4 10 26 
1138 11 19 26 
1005 12 18 26 
470 13 17 26 
29 14 16 26 
5155 15 15 26 
5026 0 3 26 
4844 0 9 26 
4709 0 15 26 
4473 1 2 26 
4353 1 10 26 
4275 1 16 26 
4196 2 1 26 
3760 2 11 26 
3333 2 17 26 
3196 3 0 26 
2803 3 10 26 
2686 3 18 26 
2669 4 9 26 
2664 4 19 26 
2405 10 19 26 
1947 11 18 26 
1891 12 17 26 
1240 13 16 26 
1126 14 15 26 
1001 0 4 26 
931 0 8 26 
838 0 14 26 
342 1 3 26 
5149 1 9 26 
5017 1 15 26 
4970 2 2 26 
4926 2 10 26 
4856 2 16 26 
4687 3 1 26 
4547 3 9 26 
4009 3 17 26 
3971 4 0 26 
3879 4 8 26 
3874 4 18 26 
3649 5 19 26 
3425 9 19 26 
3207 10 18 26 
2998 11 13 26 
2900 11 17 26 
2876 12 16 26 
2816 13 15 26 
2718 0 5 26 
2682 0 7 26 
2579 1 4 26 
2557 1 8 26 
2046 1 14 26 
2039 2 3 26 
1682 2 9 26 
1203 2 15 26 
1149 3 2 26 
1121 3 8 26 
993 3 16 26 
730 4 1 26 
713 4 17 26 
699 5 0 26 
591 5 18 26 
544 6 19 26 
488 8 19 26 
407 9 18 26 
392 10 13 26 
321 10 17 26 
5175 11 14 26 
5062 11 16 26 
4829 12 15 26 
4090 0 6 26 
3810 1 5 26 
3754 1 7 26 
3623 2 4 26 
3392 2 8 26 
3152 2 14 26 
3041 3 3 26 
2941 3 15 26 
2783 4 2 26 
2319 4 16 26 
2294 5 1 26 
1933 5 17 26 
1909 6 0 26 
1762 6 18 26 
1400 7 19 26 
1003 8 18 26 
738 9 13 26 
721 9 17 26 
613 10 14 26 
101 10 16 26 
5012 11 15 26 
4932 1 6 26 
4927 2 5 26 
4847 2 7 26 
4821 3 4 26 
4817 3 14 26 
4494 4 3 26 
4418 4 15 26 
4386 5 2 26 
4324 5 16 26 
4122 6 1 26 
4079 6 17 26 
3913 7 0 26 
3742 7 18 26 
3585 8 17 26 
3535 9 14 26 
3492 9 16 26 
3370 10 15 26 
3111 2 6 26 
2891 3 5 26 
2880 3 7 26 
2835 3 13 26 
2738 4 4 26 
1936 4 14 26 
1706 5 3 26 
1480 5 9 26 
1466 5 15 26 
1441 6 2 26 
471 6 16 26 
319 7 1 26 
5081 7 17 26 
5051 8 0 26 
5015 8 16 26 
4916 9 15 26 
4499 3 6 26 
4021 4 5 26 
3607 4 7 26 
3551 4 13 26 
3432 5 4 26 
2979 5 8 26 
2911 5 14 26 
2838 6 3 26 
2711 6 15 26 
2634 7 2 26 
2620 7 16 26 
2488 8 1 26 
1556 8 15 26 
1524 9 0 26 
973 4 6 26 
948 5 5 26 
765 5 7 26 
745 5 13 26 
546 6 4 26 
435 6 14 26 
354 7 3 26 
323 7 15 26 
157 8 2 26 
5020 9 1 26 
4953 10 0 26 
4808 5 6 26 
4787 5 12 26 
4348 6 5 26 
4262 6 9 26 
4171 6 13 26 
4047 7 4 26 
4026 7 14 26 
3980 8 3 26 
3578 9 2 26 
3464 10 1 26 
3352 11 0 26 
3069 5 11 26 
2995 6 6 26 
2981 6 8 26 
2974 6 12 26 
2573 7 5 26 
2534 7 9 26 
2073 7 13 26 
1691 8 4 26 
1616 8 14 26 
1378 9 3 26 
1034 10 2 26 
723 11 1 26 
703 12 0 26 
623 5 10 26 
512 6 7 26 
256 6 11 26 
5223 7 6 26 
5166 7 8 26 
4892 7 12 26 
4573 8 5 26 
4525 8 9 26 
4414 8 13 26 
4401 9 4 26 
4135 10 3 26 
3838 11 2 26 
3833 12 1 26 
3694 6 10 26 
3304 7 7 26 
3193 7 11 26 
3040 8 6 26 
2999 8 8 26 
2732 8 12 26 
2509 9 5 26 
2462 9 9 26 
2152 10 4 26 
1940 11 3 26 
1423 12 2 26 
1408 7 10 26 
1162 8 7 26 
1055 8 11 26 
792 9 6 26 
772 9 8 26 
705 9 12 26 
491 10 5 26 
254 11 4 26 
108 12 3 26 
5164 8 10 26 
4933 9 7 26 
4771 9 11 26 
4445 10 6 26 
3902 10 12 26 
3866 11 5 26 
3732 12 4 26 
3581 12 14 26 
3122 9 10 26 
2601 10 7 26 
2300 10 11 26 
2279 11 6 26 
2063 11 12 26 
2053 12 5 26 
2026 12 13 26 
1698 13 14 26 
1654 19 14 26 
1557 10 8 26 
1551 10 10 26 
992 11 7 26 
806 11 11 26 
5208 12 6 26 
5152 12 12 26 
4912 13 13 26 
4699 14 14 26 
4684 18 14 26 
4291 19 13 26 
4194 10 9 26 
4045 11 8 26 
3710 11 10 26 
3342 12 7 26 
2824 12 11 26 
2778 13 12 26 
2647 14 13 26 
2646 15 14 26 
2013 17 14 26 
1999 18 13 26 
1797 19 12 26 
1428 11 9 26 
1275 12 8 26 
1135 12 10 26 
919 13 11 26 
797 14 12 26 
440 15 13 26 
248 16 14 26 
5110 17 13 26 
5029 18 12 26 
4859 19 11 26 
4812 12 9 26 
4662 13 10 26 
4534 14 11 26 
4459 15 12 26 
3873 16 13 26 
3836 17 12 26 
3712 18 11 26 
3664 19 10 26 
3483 13 9 26 
3079 14 10 26 
2945 15 11 26 
2756 16 12 26 
2379 17 11 26 
1911 18 10 26 
1822 19 9 26 
1598 13 8 26 
1573 14 9 26 
1434 15 10 26 
813 16 11 26 
678 17 10 26 
39 18 9 26 
4363 19 8 26 
4236 13 7 26 
4168 14 8 26 
3888 15 9 26 
3816 16 10 26 
3546 17 9 26 
3314 18 8 26 
2724 19 7 26 
2581 13 0 26 
2473 13 6 26 
2323 14 7 26 
2260 15 8 26 
2215 16 9 26 
2208 17 8 26 
2135 18 7 26 
1298 19 6 26 
1046 13 1 26 
845 13 5 26 
170 14 0 26 
5070 14 6 26 
4965 15 7 26 
4878 16 8 26 
4148 17 7 26 
4111 18 6 26 
3889 19 5 26 
2588 13 2 26 
2334 13 4 26 
2273 14 1 26 
2222 14 5 26 
2154 15 0 26 
2142 15 6 26 
2068 16 7 26 
1643 17 6 26 
1481 18 5 26 
1221 19 4 26 
915 13 3 26 
585 14 2 26 
582 14 4 26 
63 15 1 26 
45 15 5 26 
5094 16 6 26 
5044 17 5 26 
4508 18 4 26 
4185 19 3 26 
3469 14 3 26 
3251 15 2 26 
3192 15 4 26 
2746 16 5 26 
2580 17 4 26 
2020 18 3 26 
1997 19 2 26 
1365 15 3 26 
822 16 4 26 
328 17 3 26 
287 18 2 26 
4983 19 1 26 
4609 16 3 26 
3587 17 2 26 
3447 18 1 26 
3240 19 0 26 
2780 16 2 26 
2401 17 1 26 
1802 18 0 26 
4179 16 1 26 
3029 17 0 26 
2639 16 0 26 
2107 17 1 38 
2569 17 2 38 
3300 18 1 38 
409 16 4 39 
742 17 3 39 
1413 18 2 39 
1751 14 3 39 
2072 15 4 39 
2086 16 5 39 
2526 17 4 39 
5061 18 3 39 
1888 14 2 40 
2403 14 4 40 
4158 15 5 40 
4182 17 5 39 
4617 18 4 39 
4719 14 1 40 
406 14 5 40 
1621 15 6 40 
1935 18 5 40 
2349 14 6 40 
4290 15 7 40 
4703 16 8 40 
5229 14 7 41 
203 17 8 41 
448 18 8 41 
498 15 10 42 
1541 14 10 42 
3797 17 11 42 
4373 13 10 42 
925 14 11 42 
944 17 12 42 
1724 18 11 42 
4947 11 9 43 
4995 12 10 43 
163 13 11 43 
179 14 12 43 
234 17 13 42 
679 18 12 42 
1865 11 8 43 
2077 11 10 43 
2156 13 12 43 
3565 14 13 43 
5180 18 13 43 
143 11 7 44 
1354 13 13 43 
1963 10 11 44 
3056 11 6 44 
4075 9 11 44 
4961 10 6 44 
621 11 5 44 
748 8 7 45 
1624 8 11 45 
1953 9 6 45 
2627 10 5 45 
2929 11 4 45 
3088 7 7 45 
3095 7 11 45 
4174 8 8 45 
4759 9 5 45 
5030 10 4 45 
3 11 3 45 
415 6 11 46 
1205 7 8 45 
1352 7 12 45 
2733 9 4 45 
2867 10 3 45 
2983 11 2 45 
3305 7 13 46 
3782 9 3 46 
4276 10 2 46 
4498 11 1 46 
4657 6 5 46 
5162 19 19 51 
5091 18 19 51 
4992 19 18 51 
4936 17 19 51 
4924 18 18 51 
4918 19 17 51 
4833 16 19 51 
4737 17 18 51 
4695 18 17 51 
4426 19 16 51 
4415 15 19 51 
4328 16 18 51 
4098 17 17 51 
3854 18 16 51 
3831 19 15 51 
3749 0 13 51 
3673 0 19 51 
3635 14 19 51 
3521 15 18 51 
3360 16 17 51 
3313 17 16 51 
3042 18 15 51 
2992 0 0 51 
2894 0 12 51 
2892 0 18 51 
2869 1 13 51 
2814 1 19 51 
2716 4 12 51 
2537 13 19 51 
2158 14 18 51 
2060 15 17 51 
1973 16 16 51 
1652 17 15 51 
1375 0 1 51 
1193 0 11 51 
1163 0 17 51 
842 1 0 51 
767 1 12 51 
674 1 18 51 
239 2 13 51 
4793 2 19 51 
4762 3 12 51 
4622 4 11 51 
4104 12 19 51 
4099 13 18 51 
3652 14 17 51 
3625 15 16 51 
3436 16 15 51 
3309 0 2 51 
3112 0 10 51 
2691 0 16 51 
2663 1 1 51 
2662 1 11 51 
2532 1 17 51 
2287 2 0 51 
2217 2 12 51 
2095 2 18 51 
1230 3 11 51 
1061 3 19 51 
837 4 10 51 
549 11 19 51 
516 12 18 51 
356 13 17 51 
276 14 16 51 
189 15 15 51 
5104 0 3 51 
5000 0 9 51 
4616 0 15 51 
4595 1 2 51 
4540 1 10 51 
4295 1 16 51 
4259 2 1 51 
3974 2 11 51 
3969 2 17 51 
3771 3 0 51 
3539 3 10 51 
3475 3 18 51 
2328 4 9 51 
2284 4 19 51 
1774 10 19 51 
1596 11 18 51 
1444 12 17 51 
1366 13 16 51 
1308 14 15 51 
1287 0 4 51 
1269 0 8 51 
1242 0 14 51 
954 1 3 51 
629 1 9 51 
570 1 15 51 
522 2 2 51 
500 2 10 51 
171 2 16 51 
5100 3 1 51 
4981 3 9 51 
4923 3 17 51 
4922 4 0 51 
4865 4 8 51 
4588 4 18 51 
4341 5 19 51 
4325 9 19 51 
3785 10 18 51 
3783 11 13 51 
3781 11 17 51 
3278 12 16 51 
3186 13 15 51 
3179 0 5 51 
3164 0 7 51 
2885 1 4 51 
2731 1 8 51 
2712 1 14 51 
2707 2 3 51 
2486 2 9 51 
2393 2 15 51 
2346 3 2 51 
2317 3 8 51 
2249 3 16 51 
2195 4 1 51 
2009 4 17 51 
1861 5 0 51 
1469 5 18 51 
1309 6 19 51 
1123 8 19 51 
866 9 18 51 
741 10 13 51 
729 10 17 51 
671 11 14 51 
566 11 16 51 
454 12 15 51 
353 0 6 51 
154 1 5 51 
58 1 7 51 
5071 2 4 51 
4960 2 8 51 
4779 2 14 51 
4597 3 3 51 
4590 3 15 51 
4558 4 2 51 
4035 4 16 51 
3952 5 1 51 
3773 5 17 51 
3727 6 0 51 
3687 6 18 51 
3426 7 19 51 
3367 8 18 51 
3248 9 13 51 
3222 9 17 51 
3205 10 14 51 
2734 10 16 51 
2335 11 15 51 
2298 1 6 51 
2281 2 5 51 
2109 2 7 51 
1549 3 4 51 
1527 3 14 51 
1438 4 3 51 
1323 4 15 51 
1104 5 2 51 
865 5 16 51 
844 6 1 51 
719 6 17 51 
675 7 0 51 
658 7 18 51 
644 8 17 51 
607 9 14 51 
62 9 16 51 
5211 10 15 51 
5168 2 6 51 
4959 3 5 51 
4931 3 7 51 
4806 3 13 51 
4490 4 4 51 
4463 4 14 51 
4446 5 3 51 
4344 5 9 51 
4051 5 15 51 
3856 6 2 51 
3849 6 16 51 
3319 7 1 51 
3105 7 17 51 
3074 8 0 51 
2757 8 16 51 
2643 9 15 51 
2419 3 6 51 
2212 4 5 51 
2207 4 7 51 
2184 4 13 51 
1886 5 4 51 
1803 5 8 51 
1471 5 14 51 
1386 6 3 51 
1345 6 15 51 
1150 7 2 51 
780 7 16 51 
737 8 1 51 
622 8 15 51 
452 9 0 51 
408 4 6 51 
98 5 5 51 
47 5 7 51 
5194 5 13 51 
5140 6 4 51 
5001 6 14 51 
4773 7 3 51 
4592 7 15 51 
4551 8 2 51 
4391 9 1 51 
4147 10 0 51 
4083 5 6 51 
3978 5 12 51 
3920 6 5 51 
3864 6 9 51 
3527 6 13 51 
3519 7 4 51 
3071 7 14 51 
2893 8 3 51 
2864 9 2 51 
2629 10 1 51 
2127 11 0 51 
1763 5 11 51 
1656 6 6 51 
1627 6 8 51 
1523 6 12 51 
1385 7 5 51 
1239 7 9 51 
1137 7 13 51 
886 8 4 51 
850 8 14 51 
146 9 3 51 
4882 10 2 51 
4387 11 1 51 
4369 12 0 51 
3991 5 10 51 
2858 6 7 51 
2833 6 11 51 
2797 7 6 51 
2789 7 8 51 
2311 7 12 51 
2201 8 5 51 
1841 8 9 51 
1335 8 13 51 
1257 9 4 51 
1243 10 3 51 
468 11 2 51 
5224 12 1 51 
5132 6 10 51 
5121 7 7 51 
4852 7 11 51 
4830 8 6 51 
4556 8 8 51 
4537 8 12 51 
3796 9 5 51 
3668 9 9 51 
3575 10 4 51 
3508 11 3 51 
3472 12 2 51 
3373 7 10 51 
3178 8 7 51 
3123 8 11 51 
3051 9 6 51 
2988 9 8 51 
2681 9 12 51 
2504 10 5 51 
2400 11 4 51 
2220 12 3 51 
1971 8 10 51 
1694 9 7 51 
1391 9 11 51 
889 10 6 51 
840 10 12 51 
611 11 5 51 
149 12 4 51 
5153 12 14 51 
5036 9 10 51 
4879 10 7 51 
4858 10 11 51 
4851 11 6 51 
4576 11 12 51 
4570 12 5 51 
4300 12 13 51 
3883 13 14 51 
3738 19 14 51 
3663 10 8 51 
3467 10 10 51 
3288 11 7 51 
3210 11 11 51 
3114 12 6 51 
3102 12 12 51 
3090 13 13 51 
3004 14 14 51 
2755 18 14 51 
2640 19 13 51 
2320 10 9 51 
2312 11 8 51 
2081 11 10 51 
1881 12 7 51 
1760 12 11 51 
1609 13 12 51 
1195 14 13 51 
397 15 14 51 
211 17 14 51 
114 18 13 51 
4873 19 12 51 
4301 11 9 51 
4102 12 8 51 
4101 12 10 51 
3821 13 11 51 
3820 14 12 51 
3573 15 13 51 
2971 16 14 51 
2965 17 13 51 
2946 18 12 51 
2696 19 11 51 
2364 12 9 51 
2315 13 10 51 
1848 14 11 51 
1509 15 12 51 
1183 16 13 51 
1087 17 12 51 
863 18 11 51 
600 19 10 51 
472 13 9 51 
176 14 10 51 
4884 15 11 51 
4689 16 12 51 
4327 17 11 51 
4175 18 10 51 
4029 19 9 51 
3662 13 8 51 
3586 14 9 51 
3438 15 10 51 
3166 16 11 51 
3115 17 10 51 
2861 18 9 51 
2599 19 8 51 
2495 13 7 51 
2223 14 8 51 
2191 15 9 51 
2087 16 10 51 
2047 17 9 51 
2038 18 8 51 
1744 19 7 51 
1714 13 0 51 
1506 13 6 51 
1459 14 7 51 
1196 15 8 51 
592 16 9 51 
5014 17 8 51 
4594 18 7 51 
4552 19 6 51 
4232 13 1 51 
3629 13 5 51 
3445 14 0 51 
3427 14 6 51 
3316 15 7 51 
2802 16 8 51 
2763 17 7 51 
2528 18 6 51 
2296 19 5 51 
2085 13 2 51 
1902 13 4 51 
1568 14 1 51 
1510 14 5 51 
1484 15 0 51 
1272 15 6 51 
387 16 7 51 
367 17 6 51 
269 18 5 51 
5201 19 4 51 
4716 13 3 51 
3811 14 2 51 
3307 14 4 51 
2877 15 1 51 
2449 15 5 51 
808 16 6 51 
646 17 5 51 
456 18 4 51 
250 19 3 51 
199 14 3 51 
4950 15 2 51 
4785 15 4 51 
4227 16 5 51 
3600 17 4 51 
3407 18 3 51 
3086 19 2 51 
2793 15 3 51 
1758 16 4 51 
1074 17 3 51 
4007 18 2 51 
3648 19 1 51 
3542 16 3 51 
2769 17 2 51 
2337 18 1 51 
1674 19 0 51 
1091 16 2 51 
5006 17 1 51 
4797 18 0 51 
4285 16 1 51 
2849 17 0 51 
2485 16 0 51 
736 17 1 62 
3229 17 2 63 
4192 18 1 63 
2145 16 4 64 
3282 17 3 64 
3861 18 2 63 
1022 14 3 65 
1487 15 4 64 
2799 16 5 64 
3174 17 4 64 
511 18 3 64 
1727 14 2 65 
188 14 4 65 
490 15 5 65 
1042 17 5 65 
2631 18 4 65 
3471 14 1 66 
4333 14 5 66 
4483 15 6 66 
5064 18 5 66 
71 14 6 66 
1647 15 7 66 
2549 16 8 66 
107 14 7 67 
268 17 8 66 
395 18 8 67 
510 15 10 67 
2665 14 10 68 
3377 17 11 67 
3962 13 10 68 
329 14 11 68 
1501 17 12 68 
1960 18 11 68 
2197 11 9 68 
2720 12 10 68 
2964 13 11 68 
3096 14 12 68 
3250 17 13 68 
3610 18 12 68 
61 11 8 69 
608 11 10 69 
2464 13 12 69 
3052 14 13 69 
4778 18 13 69 
4824 11 7 69 
945 13 13 69 
2035 10 11 69 
2857 11 6 69 
3368 9 11 70 
4727 10 6 70 
4838 11 5 70 
76 8 7 70 
1266 8 11 70 
1371 9 6 70 
1961 10 5 70 
2506 11 4 70 
2594 7 7 70 
2872 7 11 70 
3699 8 8 70 
4522 9 5 70 
4639 10 4 70 
4641 11 3 70 
4982 6 11 71 
5088 7 8 71 
5190 7 12 71 
5200 19 19 76 
4862 18 19 76 
4724 19 18 76 
4671 17 19 76 
4648 18 18 76 
4608 19 17 76 
4506 16 19 76 
4425 17 18 76 
4187 18 17 76 
4118 19 16 76 
4024 15 19 76 
4023 16 18 76 
4018 17 17 76 
3961 18 16 76 
3532 19 15 76 
3409 0 13 76 
3395 0 19 76 
3013 14 19 76 
2749 15 18 76 
2677 16 17 76 
2564 17 16 76 
2510 18 15 76 
2041 0 0 76 
1976 0 12 76 
1948 0 18 76 
1767 1 13 76 
1592 1 19 76 
1172 4 12 76 
795 13 19 76 
694 14 18 76 
558 15 17 76 
217 16 16 76 
194 17 15 76 
44 0 1 76 
5195 0 11 76 
5171 0 17 76 
5093 1 0 76 
5055 1 12 76 
4846 1 18 76 
4832 2 13 76 
4745 2 19 76 
4575 3 12 76 
4471 4 11 76 
4448 12 19 76 
4270 13 18 76 
4055 14 17 76 
4048 15 16 76 
4027 16 15 76 
3981 0 2 76 
3922 0 10 76 
3900 0 16 76 
3844 1 1 76 
3812 1 11 76 
3772 1 17 76 
3406 2 0 76 
3386 2 12 76 
3345 2 18 76 
3169 3 11 76 
3147 3 19 76 
2658 4 10 76 
2512 11 19 76 
2193 12 18 76 
2168 13 17 76 
2119 14 16 76 
1701 15 15 76 
1626 0 3 76 
1618 0 9 76 
1361 0 15 76 
1148 1 2 76 
1101 1 10 76 
1032 1 16 76 
1011 2 1 76 
903 2 11 76 
517 2 17 76 
418 3 0 76 
337 3 10 76 
330 3 18 76 
279 4 9 76 
4945 4 19 76 
4602 10 19 76 
4433 11 18 76 
4427 12 17 76 
4338 13 16 76 
4188 14 15 76 
4163 0 4 76 
4019 0 8 76 
3968 0 14 76 
3875 1 3 76 
3733 1 9 76 
3619 1 15 76 
3299 2 2 76 
3271 2 10 76 
2479 2 16 76 
2173 3 1 76 
1937 3 9 76 
1871 3 17 76 
1389 4 0 76 
1331 4 8 76 
951 4 18 76 
313 5 19 76 
5084 9 19 76 
4887 10 18 76 
4748 11 13 76 
4715 11 17 76 
4710 12 16 76 
4589 13 15 76 
4467 0 5 76 
4289 0 7 76 
3955 1 4 76 
3954 1 8 76 
3911 1 14 76 
3824 2 3 76 
3603 2 9 76 
3558 2 15 76 
3017 3 2 76 
2761 3 8 76 
2690 3 16 76 
2632 4 1 76 
2589 4 17 76 
2324 5 0 76 
2159 5 18 76 
2083 6 19 76 
1726 8 19 76 
1678 9 18 76 
1672 10 13 76 
1536 10 17 76 
1453 11 14 76 
1373 11 16 76 
1197 12 15 76 
1191 0 6 76 
753 1 5 76 
560 1 7 76 
523 2 4 76 
311 2 8 76 
4943 2 14 76 
4788 3 3 76 
4604 3 15 76 
4371 4 2 76 
4211 4 16 76 
4166 5 1 76 
4046 5 17 76 
3986 6 0 76 
3926 6 18 76 
3817 7 19 76 
3701 8 18 76 
3692 9 13 76 
3548 9 17 76 
3477 10 14 76 
2744 10 16 76 
2728 11 15 76 
2608 1 6 76 
2538 2 5 76 
2425 2 7 76 
2239 3 4 76 
1868 3 14 76 
1843 4 3 76 
1731 4 15 76 
1709 5 2 76 
1377 5 16 76 
1340 6 1 76 
1297 6 17 76 
1223 7 0 76 
1215 7 18 76 
1206 8 17 76 
918 9 14 76 
548 9 16 76 
528 10 15 76 
153 2 6 76 
129 3 5 76 
5133 3 7 76 
5095 3 13 76 
4356 4 4 76 
4294 4 14 76 
4169 5 3 76 
4044 5 9 76 
3584 5 15 76 
3555 6 2 76 
3506 6 16 76 
3500 7 1 76 
3448 7 17 76 
2870 8 0 76 
2625 8 16 76 
2435 9 15 76 
2432 3 6 76 
2233 4 5 76 
1858 4 7 76 
1816 4 13 76 
1808 5 4 76 
1770 5 8 76 
1608 5 14 76 
1545 6 3 76 
1528 6 15 76 
1251 7 2 76 
1030 7 16 76 
895 8 1 76 
789 8 15 76 
770 9 0 76 
463 4 6 76 
396 5 5 76 
309 5 7 76 
55 5 13 76 
17 6 4 76 
4784 6 14 76 
4013 7 3 76 
4012 7 15 76 
3931 8 2 76 
3254 9 1 76 
3134 10 0 76 
3099 5 6 76 
3043 5 12 76 
2947 6 5 76 
2698 6 9 76 
2234 6 13 76 
2055 7 4 76 
1856 7 14 76 
1749 8 3 76 
1602 9 2 76 
1584 10 1 76 
1457 11 0 76 
1456 5 11 76 
1451 6 6 76 
1325 6 8 76 
1236 6 12 76 
827 7 5 76 
521 7 9 76 
310 7 13 76 
289 8 4 76 
5167 8 14 76 
5146 9 3 76 
4383 10 2 76 
3700 11 1 76 
3374 12 0 76 
3325 5 10 76 
3219 6 7 76 
3175 6 11 76 
3104 7 6 76 
3082 7 8 76 
2702 7 12 76 
2676 8 5 76 
2590 8 9 76 
2530 8 13 76 
2262 9 4 76 
2171 10 3 76 
2019 11 2 76 
1981 12 1 76 
1768 6 10 76 
1663 7 7 76 
1488 7 11 76 
1317 8 6 76 
1238 8 8 76 
1200 8 12 76 
910 9 5 76 
619 9 9 76 
559 10 4 76 
509 11 3 76 
505 12 2 76 
437 7 10 76 
5074 8 7 76 
4825 8 11 76 
4614 9 6 76 
4501 9 8 76 
4278 9 12 76 
3795 10 5 76 
3582 11 4 76 
3293 12 3 76 
2906 8 10 76 
2628 9 7 76 
2593 9 11 76 
2008 10 6 76 
1928 10 12 76 
1876 11 5 76 
1722 12 4 76 
1424 12 14 76 
1372 9 10 76 
1025 10 7 76 
890 10 11 76 
255 11 6 76 
5227 11 12 76 
5018 12 5 76 
4533 12 13 76 
4316 13 14 76 
3688 19 14 76 
3480 10 8 76 
3397 10 10 76 
3286 11 7 76 
3025 11 11 76 
2932 12 6 76 
2710 12 12 76 
2586 13 13 76 
2427 14 14 76 
2007 18 14 76 
1737 19 13 76 
1199 10 9 76 
1134 11 8 76 
1040 11 10 76 
921 12 7 76 
697 12 11 76 
372 13 12 76 
174 14 13 76 
4661 15 14 76 
4531 17 14 76 
4242 18 13 76 
3949 19 12 76 
3837 11 9 76 
3449 12 8 76 
2619 12 10 76 
2576 13 11 76 
2216 14 12 76 
1975 15 13 76 
1901 16 14 76 
1165 17 13 76 
883 18 12 76 
760 19 11 76 
755 12 9 76 
696 13 10 76 
687 14 11 76 
643 15 12 76 
343 16 13 76 
69 17 12 76 
5112 18 11 76 
4951 19 10 76 
4626 13 9 76 
4497 14 10 76 
3787 15 11 76 
3538 16 12 76 
3465 17 11 76 
3232 18 10 76 
3209 19 9 76 
2960 13 8 76 
2585 14 9 76 
2567 15 10 76 
2297 16 11 76 
2146 17 10 76 
1579 18 9 76 
1132 19 8 76 
966 13 7 76 
420 14 8 76 
5007 15 9 76 
4909 16 10 76 
4834 17 9 76 
4781 18 8 76 
4345 19 7 76 
4143 13 0 76 
3933 13 6 76 
3846 14 7 76 
3124 15 8 76 
2948 16 9 76 
2847 17 8 76 
2735 18 7 76 
2727 19 6 76 
2496 13 1 76 
2484 13 5 76 
1688 14 0 76 
1477 14 6 76 
1379 15 7 76 
1362 16 8 76 
3965 17 7 76 
3845 18 6 76 
3270 19 5 76 
3030 13 2 76 
2675 13 4 76 
2578 14 1 76 
2458 14 5 76 
2380 15 0 76 
1497 15 6 76 
1388 16 7 76 
1299 17 6 76 
943 18 5 76 
929 19 4 76 
145 13 3 76 
4419 14 2 76 
4310 14 4 76 
3080 15 1 76 
2622 15 5 76 
1764 16 6 76 
1489 17 5 76 
1412 18 4 76 
1168 19 3 76 
1058 14 3 76 
851 15 2 76 
229 15 4 76 
4725 16 5 76 
4354 17 4 76 
4022 18 3 76 
2815 19 2 76 
2477 15 3 76 
2341 16 4 76 
2246 17 3 76 
1254 18 2 76 
900 19 1 76 
824 16 3 76 
23 17 2 76 
5221 18 1 76 
5028 19 0 76 
4720 16 2 76 
4677 17 1 76 
4151 18 0 76 
3611 16 1 76 
3273 17 0 76 
1931 16 0 76 
2954 17 1 87 
1399 17 2 88 
4694 18 1 87 
4872 16 4 88 
5143 17 3 88 
190 18 2 88 
3101 14 3 89 
74 15 4 89 
495 16 5 88 
1421 17 4 88 
1613 18 3 88 
1790 14 2 89 
2424 14 4 89 
2553 15 5 89 
3934 17 5 89 
4347 18 4 89 
4850 14 1 90 
5150 14 5 90 
359 15 6 90 
1753 18 5 90 
2367 14 6 91 
1950 15 7 91 
2342 16 8 91 
2612 14 7 91 
121 17 8 91 
874 18 8 91 
2854 15 10 92 
836 14 10 92 
2163 17 11 92 
4704 13 10 93 
1235 14 11 93 
1671 17 12 93 
2410 18 11 92 
2845 11 9 93 
4058 12 10 93 
4461 13 11 93 
4819 14 12 93 
5023 17 13 93 
307 18 12 93 
774 11 8 94 
1154 11 10 94 
2226 13 12 94 
2886 14 13 94 
3415 18 13 93 
4378 11 7 94 
27 13 13 94 
2687 10 11 95 
3202 11 6 95 
3545 9 11 95 
4979 10 6 95 
79 11 5 95 
373 8 7 95 
567 8 11 95 
957 9 6 95 
1636 10 5 95 
1810 11 4 95 
1840 7 7 96 
2164 7 11 96 
2445 8 8 96 
4191 9 5 96 
5192 10 4 96 
