1919
5377 0 19 1 
5059 0 18 1 
5013 1 19 1 
4383 9 19 1 
4345 0 9 1 
4202 0 17 1 
4062 1 18 1 
4017 2 19 1 
3508 9 18 1 
3212 10 19 1 
2996 0 10 1 
2913 0 16 1 
2892 1 9 1 
2845 1 17 1 
2780 2 18 1 
2755 3 19 1 
2662 9 17 1 
2624 10 18 1 
2621 11 13 1 
2615 11 19 1 
2258 0 11 1 
1872 0 15 1 
1791 1 10 1 
1506 1 16 1 
1289 2 9 1 
1178 2 17 1 
588 3 18 1 
569 4 19 1 
484 9 16 1 
5381 10 17 1 
5371 11 14 1 
5307 11 18 1 
5298 12 13 1 
5239 12 19 1 
5217 0 12 1 
4926 0 14 1 
4617 1 11 1 
4247 1 15 1 
4177 2 10 1 
4156 2 16 1 
4142 3 9 1 
3868 3 17 1 
3755 4 18 1 
3696 5 19 1 
3671 10 16 1 
3580 11 15 1 
3058 11 17 1 
3027 12 14 1 
2636 12 18 1 
2573 13 13 1 
2357 13 19 1 
2296 19 19 1 
2279 0 13 1 
1896 1 12 1 
1799 1 14 1 
1780 2 11 1 
850 2 15 1 
567 3 10 1 
356 3 16 1 
24 4 9 1 
5361 4 17 1 
5318 5 18 1 
5147 6 19 1 
5069 11 16 1 
4950 12 15 1 
4841 12 17 1 
4831 13 14 1 
4656 13 18 1 
4616 14 13 1 
4609 14 19 1 
4317 18 19 1 
4309 19 18 1 
4250 1 13 1 
4034 2 12 1 
3929 2 14 1 
3716 3 11 1 
3439 3 15 1 
3374 4 10 1 
3361 4 16 1 
3270 5 9 1 
3122 5 17 1 
2979 6 18 1 
2858 7 19 1 
2776 12 16 1 
2753 13 15 1 
2587 13 17 1 
2574 14 14 1 
2440 14 18 1 
2288 15 13 1 
2164 15 19 1 
1981 17 19 1 
1766 18 18 1 
1621 19 17 1 
1611 2 13 1 
1558 3 12 1 
994 3 14 1 
897 4 11 1 
456 4 15 1 
196 5 10 1 
5126 5 16 1 
4808 6 9 1 
4713 6 17 1 
4634 7 18 1 
4346 8 19 1 
4341 13 16 1 
4253 14 15 1 
4024 14 17 1 
3903 15 14 1 
3777 15 18 1 
3729 16 19 1 
3708 17 18 1 
3545 18 17 1 
3026 19 16 1 
2864 3 13 1 
2847 4 12 1 
2699 4 14 1 
2681 5 11 1 
2613 5 15 1 
2467 6 10 1 
2408 6 16 1 
2190 7 17 1 
2165 8 18 1 
2149 14 16 1 
2130 15 15 1 
2003 15 17 1 
1797 16 18 1 
1725 17 17 1 
1403 18 16 1 
1212 19 15 1 
1140 4 13 1 
1016 5 12 1 
675 5 14 1 
635 6 11 1 
622 6 15 1 
309 7 16 1 
166 8 17 1 
5348 15 16 1 
5082 16 17 1 
5030 17 16 1 
4994 18 15 1 
4476 19 14 1 
4409 5 13 1 
4394 6 12 1 
4262 6 14 1 
4221 7 15 1 
4178 8 16 1 
4109 16 16 1 
4052 17 15 1 
3941 18 14 1 
3939 19 13 1 
3892 6 13 1 
3762 7 14 1 
3662 8 15 1 
3055 16 15 1 
2994 17 14 1 
2779 18 13 1 
2775 19 12 1 
2697 7 13 1 
2517 8 14 1 
2514 9 15 1 
2397 16 14 1 
2396 17 13 1 
2121 18 12 1 
2113 19 11 1 
2021 7 12 1 
1909 8 13 1 
1832 9 14 1 
1272 10 15 1 
1247 16 13 1 
1223 17 12 1 
1121 18 11 1 
1039 19 0 1 
752 19 10 1 
684 7 11 1 
343 8 12 1 
282 9 13 1 
218 10 14 1 
168 16 12 1 
5339 17 11 1 
5259 18 0 1 
5191 18 10 1 
5149 19 1 1 
5093 19 9 1 
4587 7 10 1 
4342 8 11 1 
4228 9 12 1 
3918 10 13 1 
3878 15 12 1 
3820 16 11 1 
3724 17 0 1 
3379 17 10 1 
3050 18 1 1 
2976 18 9 1 
2793 19 2 1 
2568 19 8 1 
2468 7 9 1 
2340 8 10 1 
2312 9 11 1 
1994 10 12 1 
1742 14 12 1 
1689 15 11 1 
1672 16 0 1 
1609 16 10 1 
1410 17 1 1 
1364 17 9 1 
1257 18 2 1 
1092 18 8 1 
1087 19 3 1 
938 19 7 1 
919 8 9 1 
575 9 10 1 
170 10 11 1 
5520 11 12 1 
5430 13 12 1 
5345 14 11 1 
4822 15 0 1 
4434 15 10 1 
4302 16 1 1 
4234 16 9 1 
4077 17 2 1 
3819 17 8 1 
3771 18 3 1 
3672 18 7 1 
3558 19 4 1 
3047 19 6 1 
2691 9 9 1 
2476 10 10 1 
2443 11 11 1 
2291 12 12 1 
2197 13 11 1 
1749 14 0 1 
1473 14 10 1 
1395 15 1 1 
1308 15 9 1 
981 16 2 1 
768 16 8 1 
757 17 3 1 
594 17 7 1 
498 18 4 1 
132 18 6 1 
5485 19 5 1 
5375 10 9 1 
5284 11 10 1 
5198 12 11 1 
5053 13 0 1 
4988 13 10 1 
4827 14 1 1 
4809 14 9 1 
4382 15 2 1 
4189 15 8 1 
4186 16 3 1 
4068 16 7 1 
4051 17 4 1 
3983 17 6 1 
3871 18 5 1 
3644 11 9 1 
3298 12 0 1 
3266 12 10 1 
2816 13 1 1 
2806 13 9 1 
2797 14 2 1 
2339 14 8 1 
2067 15 3 1 
1958 15 7 1 
1834 16 4 1 
1416 16 6 1 
1335 17 5 1 
1038 11 0 1 
704 12 1 1 
448 12 9 1 
5411 13 2 1 
5110 13 8 1 
4679 14 3 1 
4134 14 7 1 
4053 15 4 1 
3732 15 6 1 
3083 16 5 1 
2548 11 1 1 
1608 12 2 1 
1586 12 8 1 
1515 13 3 1 
1439 13 7 1 
1280 14 4 1 
1262 14 6 1 
1173 15 5 1 
1148 11 2 1 
1070 11 8 1 
764 12 3 1 
707 12 7 1 
555 13 4 1 
546 13 6 1 
526 14 5 1 
169 10 8 1 
48 11 3 1 
5459 11 7 1 
5414 12 4 1 
5202 12 6 1 
5120 13 5 1 
4767 9 8 1 
4035 10 7 1 
3743 11 4 1 
3355 11 6 1 
3140 12 5 1 
2884 0 8 1 
2813 8 8 1 
2510 9 7 1 
1952 10 4 1 
1241 10 6 1 
1234 11 5 1 
1073 0 7 1 
1054 1 8 1 
688 7 8 1 
514 8 7 1 
5240 9 4 1 
4775 9 6 1 
4023 10 5 1 
3488 0 6 1 
3375 1 7 1 
3243 2 8 1 
3038 6 8 1 
3031 7 7 1 
2917 8 4 1 
2886 8 6 1 
2628 9 5 1 
2380 0 5 1 
1568 1 6 1 
1375 2 7 1 
1372 3 8 1 
648 5 8 1 
427 6 7 1 
425 7 6 1 
5384 8 5 1 
5155 10 3 1 
5138 0 4 1 
5107 1 5 1 
4998 2 6 1 
4811 3 7 1 
4243 4 8 1 
4151 5 7 1 
4120 6 6 1 
4112 7 5 1 
3944 9 3 1 
3769 10 2 1 
3665 1 4 1 
3399 2 5 1 
3258 3 6 1 
2556 4 7 1 
1665 5 6 1 
1601 6 5 1 
1482 7 4 1 
1305 8 3 1 
1296 9 2 1 
765 10 1 1 
617 2 4 1 
70 3 5 1 
3978 4 6 1 
3960 5 5 1 
1940 6 4 1 
1415 7 3 1 
1108 8 2 1 
904 9 1 1 
871 10 0 1 
554 3 4 1 
407 4 5 1 
5525 5 4 1 
5003 6 3 1 
4984 7 2 1 
4583 8 1 1 
4511 9 0 1 
4313 4 4 1 
2402 5 3 1 
2044 6 2 1 
1931 7 1 1 
1085 8 0 1 
1010 4 3 1 
322 5 2 1 
5173 6 1 1 
4919 7 0 1 
4787 3 3 1 
4145 4 2 1 
3984 5 1 1 
3701 6 0 1 
3183 2 3 1 
2684 3 2 1 
5066 4 1 1 
5045 5 0 1 
4723 1 3 1 
4465 2 2 1 
4212 3 1 1 
4141 4 0 1 
4136 0 3 1 
3343 1 2 1 
3329 2 1 1 
3229 3 0 1 
3219 0 2 1 
2992 1 1 1 
2942 2 0 1 
2525 0 1 1 
2516 1 0 1 
4635 0 0 1 
3704 1 1 13 
841 1 2 13 
257 2 1 13 
372 2 2 13 
3415 3 1 13 
4215 3 2 14 
4 4 1 13 
5182 4 2 14 
637 5 1 14 
1820 5 2 15 
1934 6 1 14 
5311 5 3 15 
22 6 2 15 
1399 7 1 15 
3008 4 5 16 
3076 5 4 15 
3793 6 3 15 
4502 7 2 15 
4586 8 1 15 
4649 3 5 17 
44 4 6 16 
139 5 5 16 
143 6 4 16 
1786 8 2 16 
1823 9 1 16 
2359 2 5 17 
2727 3 6 17 
2856 4 7 17 
3252 5 6 17 
3575 6 5 17 
4916 9 2 17 
1189 1 5 17 
1404 2 6 17 
3034 3 7 17 
3155 5 7 17 
3314 6 6 17 
5474 1 6 18 
602 2 7 18 
1995 6 7 18 
2163 7 6 18 
2321 1 7 18 
2902 7 7 18 
3044 8 6 18 
3431 9 5 18 
3456 8 7 19 
3536 9 6 18 
3790 10 5 18 
4268 9 7 19 
4508 10 6 19 
4935 11 5 19 
718 10 7 19 
937 11 6 19 
1211 12 5 19 
2195 11 7 19 
2198 12 4 19 
2679 12 6 19 
3124 13 5 19 
3199 12 3 20 
358 12 7 20 
843 13 4 20 
923 13 6 20 
1365 12 2 20 
1785 13 3 20 
1993 13 7 20 
2570 14 4 20 
2221 12 1 21 
2623 13 2 20 
4285 13 8 20 
4519 14 3 20 
4558 14 7 20 
4600 15 4 20 
4913 12 10 21 
5011 13 1 21 
5505 0 19 26 
5162 0 18 26 
5085 1 19 26 
5083 9 19 26 
4918 0 9 26 
4871 0 17 26 
4742 1 18 26 
4654 2 19 26 
4485 9 18 26 
4387 10 19 26 
4239 0 10 26 
4036 0 16 26 
3957 1 9 26 
3898 1 17 26 
3809 2 18 26 
3804 3 19 26 
3680 9 17 26 
3293 10 18 26 
3261 11 13 26 
3071 11 19 26 
2999 0 11 26 
2909 0 15 26 
2540 1 10 26 
2386 1 16 26 
2205 2 9 26 
2158 2 17 26 
2090 3 18 26 
2071 4 19 26 
1938 9 16 26 
1868 10 17 26 
1192 11 14 26 
767 11 18 26 
497 12 13 26 
77 12 19 26 
4878 0 12 26 
4848 0 14 26 
4685 1 11 26 
4185 1 15 26 
4148 2 10 26 
4031 2 16 26 
3980 3 9 26 
3425 3 17 26 
3278 4 18 26 
3178 5 19 26 
3144 10 16 26 
2971 11 15 26 
2955 11 17 26 
2920 12 14 26 
2829 12 18 26 
2459 13 13 26 
2270 13 19 26 
2204 19 19 26 
2201 0 13 26 
2054 1 12 26 
1873 1 14 26 
1845 2 11 26 
1744 2 15 26 
1522 3 10 26 
1258 3 16 26 
1028 4 9 26 
1004 4 17 26 
1001 5 18 26 
953 6 19 26 
502 11 16 26 
361 12 15 26 
47 12 17 26 
5477 13 14 26 
5442 13 18 26 
5129 14 13 26 
5028 14 19 26 
4890 18 19 26 
4781 19 18 26 
4693 1 13 26 
4637 2 12 26 
4538 2 14 26 
4391 3 11 26 
3969 3 15 26 
3867 4 10 26 
3736 4 16 26 
3641 5 9 26 
3625 5 17 26 
3601 6 18 26 
3396 7 19 26 
3336 12 16 26 
3099 13 15 26 
2957 13 17 26 
2936 14 14 26 
2368 14 18 26 
2095 15 13 26 
1963 15 19 26 
1790 17 19 26 
1637 18 18 26 
1606 19 17 26 
1441 2 13 26 
1352 3 12 26 
1331 3 14 26 
1203 4 11 26 
1193 4 15 26 
1152 5 10 26 
1013 5 16 26 
989 6 9 26 
956 6 17 26 
842 7 18 26 
662 8 19 26 
471 13 16 26 
276 14 15 26 
191 14 17 26 
5005 15 14 26 
4940 15 18 26 
4898 16 19 26 
4888 17 18 26 
4838 18 17 26 
4832 19 16 26 
4780 3 13 26 
4497 4 12 26 
4454 4 14 26 
4171 5 11 26 
3921 5 15 26 
3799 6 10 26 
3746 6 16 26 
3675 7 17 26 
3611 8 18 26 
3449 14 16 26 
3428 15 15 26 
3292 15 17 26 
3187 16 18 26 
3023 17 17 26 
2872 18 16 26 
2818 19 15 26 
2805 4 13 26 
2521 5 12 26 
2361 5 14 26 
2077 6 11 26 
2010 6 15 26 
1598 7 16 26 
1454 8 17 26 
1161 15 16 26 
727 16 17 26 
677 17 16 26 
326 18 15 26 
5139 19 14 26 
5101 5 13 26 
4892 6 12 26 
4869 6 14 26 
4437 7 15 26 
3494 8 16 26 
3405 16 16 26 
3323 17 15 26 
3024 18 14 26 
2492 19 13 26 
2417 6 13 26 
2416 7 14 26 
2256 8 15 26 
2189 16 15 26 
1901 17 14 26 
1702 18 13 26 
1581 19 12 26 
1504 7 13 26 
1226 8 14 26 
959 9 15 26 
862 16 14 26 
836 17 13 26 
698 18 12 26 
350 19 11 26 
260 7 12 26 
214 8 13 26 
160 9 14 26 
5475 10 15 26 
5166 16 13 26 
4875 17 12 26 
4794 18 11 26 
4678 19 0 26 
4167 19 10 26 
4163 7 11 26 
4091 8 12 26 
3744 9 13 26 
3740 10 14 26 
3619 16 12 26 
3304 17 11 26 
3251 18 0 26 
3169 18 10 26 
3030 19 1 26 
2943 19 9 26 
2910 7 10 26 
2787 8 11 26 
2563 9 12 26 
2439 10 13 26 
2329 15 12 26 
2328 16 11 26 
2268 17 0 26 
2059 17 10 26 
1726 18 1 26 
1655 18 9 26 
1471 19 2 26 
806 19 8 26 
459 7 9 26 
458 8 10 26 
382 9 11 26 
178 10 12 26 
118 14 12 26 
4937 15 11 26 
4887 16 0 26 
4541 16 10 26 
4406 17 1 26 
4350 17 9 26 
4337 18 2 26 
4131 18 8 26 
3681 19 3 26 
3674 19 7 26 
3560 8 9 26 
3033 9 10 26 
2926 10 11 26 
2923 11 12 26 
2748 13 12 26 
2713 14 11 26 
2501 15 0 26 
1514 15 10 26 
1413 16 1 26 
1243 16 9 26 
1227 17 2 26 
929 17 8 26 
453 18 3 26 
393 18 7 26 
5491 19 4 26 
5364 19 6 26 
5288 9 9 26 
5179 10 10 26 
4884 11 11 26 
4797 12 12 26 
4769 13 11 26 
4503 14 0 26 
4133 14 10 26 
4105 15 1 26 
4011 15 9 26 
3988 16 2 26 
3733 16 8 26 
3723 17 3 26 
3624 17 7 26 
3613 18 4 26 
3498 18 6 26 
3147 19 5 26 
2759 10 9 26 
2665 11 10 26 
2418 12 11 26 
2072 13 0 26 
2068 13 10 26 
2046 14 1 26 
2001 14 9 26 
1947 15 2 26 
1846 15 8 26 
1809 16 3 26 
1682 16 7 26 
1635 17 4 26 
1634 17 6 26 
1333 18 5 26 
1324 11 9 26 
1060 12 0 26 
789 12 10 26 
474 13 1 26 
5254 13 9 26 
5189 14 2 26 
4857 14 8 26 
4539 15 3 26 
4020 15 7 26 
3354 16 4 26 
3281 16 6 26 
2907 17 5 26 
2723 11 0 26 
2704 12 1 26 
1509 12 9 26 
530 13 2 26 
312 13 8 26 
144 14 3 26 
67 14 7 26 
5513 15 4 26 
5500 15 6 26 
5337 16 5 26 
4661 11 1 26 
4515 12 2 26 
4396 12 8 26 
4204 13 3 26 
3766 13 7 26 
3590 14 4 26 
3533 14 6 26 
3524 15 5 26 
3363 11 2 26 
3116 11 8 26 
2859 12 3 26 
2758 12 7 26 
2528 13 4 26 
2496 13 6 26 
2314 14 5 26 
2281 10 8 26 
2264 11 3 26 
1961 11 7 26 
1207 12 4 26 
709 12 6 26 
5447 13 5 26 
5401 9 8 26 
5354 10 7 26 
5215 11 4 26 
4845 11 6 26 
4768 12 5 26 
4736 0 8 26 
4286 8 8 26 
3829 9 7 26 
3389 10 4 26 
3257 10 6 26 
3209 11 5 26 
3061 0 7 26 
2855 1 8 26 
2761 7 8 26 
2323 8 7 26 
1999 9 4 26 
1552 9 6 26 
1405 10 5 26 
692 0 6 26 
601 1 7 26 
536 2 8 26 
532 6 8 26 
100 7 7 26 
5453 8 4 26 
5404 8 6 26 
5385 9 5 26 
5379 0 5 26 
4957 1 6 26 
4955 2 7 26 
4734 3 8 26 
4448 5 8 26 
4129 6 7 26 
3475 7 6 26 
3283 8 5 26 
3009 10 3 26 
2969 0 4 26 
2725 1 5 26 
2381 2 6 26 
2298 3 7 26 
2098 4 8 26 
2012 5 7 26 
1850 6 6 26 
1685 7 5 26 
1481 9 3 26 
1474 10 2 26 
1195 1 4 26 
802 2 5 26 
720 3 6 26 
700 4 7 26 
101 5 6 26 
5372 6 5 26 
5213 7 4 26 
5167 8 3 26 
4237 9 2 26 
4157 10 1 26 
4055 2 4 26 
3923 3 5 26 
3568 4 6 26 
3204 5 5 26 
3066 6 4 26 
2508 7 3 26 
2409 8 2 26 
2341 9 1 26 
976 10 0 26 
974 3 4 26 
90 4 5 26 
5098 5 4 26 
5049 6 3 26 
4747 7 2 26 
4304 8 1 26 
3859 9 0 26 
1830 4 4 26 
1537 5 3 26 
1520 6 2 26 
1378 7 1 26 
1254 8 0 26 
1165 4 3 26 
925 5 2 26 
712 6 1 26 
388 7 0 26 
198 3 3 26 
55 4 2 26 
5424 5 1 26 
5146 6 0 26 
3423 2 3 26 
3217 3 2 26 
2670 4 1 26 
2167 5 0 26 
1368 1 3 26 
1301 2 2 26 
944 3 1 26 
227 4 0 26 
5415 0 3 26 
3157 1 2 26 
1910 2 1 26 
1529 3 0 26 
4694 0 2 26 
4500 1 1 26 
4075 2 0 26 
3540 0 1 26 
2812 1 0 26 
1663 0 0 26 
2726 1 1 37 
3153 1 2 38 
4452 2 1 38 
1878 2 2 39 
3667 3 1 39 
4111 3 2 39 
1526 4 1 39 
270 4 2 40 
826 5 1 39 
747 5 2 40 
786 6 1 40 
2052 5 3 40 
2065 6 2 40 
2437 7 1 40 
3535 4 5 41 
3551 5 4 40 
3676 6 3 40 
3869 7 2 40 
3955 8 1 40 
5118 3 5 41 
193 4 6 41 
271 5 5 41 
1011 6 4 41 
1547 8 2 41 
1574 9 1 41 
1955 2 5 42 
2814 3 6 42 
1743 4 7 42 
2518 5 6 42 
2650 6 5 41 
2871 9 2 41 
3429 1 5 42 
3705 2 6 42 
4257 3 7 42 
4948 5 7 42 
5230 6 6 42 
2 1 6 42 
481 2 7 42 
721 6 7 42 
924 7 6 42 
1667 1 7 43 
2133 7 7 43 
2152 8 6 42 
2373 9 5 42 
2711 8 7 43 
3003 9 6 43 
3834 10 5 43 
4229 9 7 43 
4301 10 6 43 
5252 11 5 43 
722 10 7 43 
1252 11 6 43 
1887 12 5 43 
2250 11 7 44 
2436 12 4 44 
2566 12 6 44 
2571 13 5 43 
3924 12 3 44 
4201 12 7 44 
4327 13 4 44 
5366 13 6 44 
5434 12 2 44 
29 13 3 44 
205 13 7 44 
206 14 4 44 
627 12 1 45 
951 13 2 45 
2651 13 8 45 
4573 14 3 45 
521 14 7 45 
633 15 4 44 
740 12 10 46 
930 13 1 46 
1346 13 9 45 
1411 14 2 45 
1693 14 8 45 
2183 15 3 45 
2497 15 7 45 
3380 16 4 45 
3407 11 10 46 
3480 12 11 46 
3773 13 10 46 
4161 14 1 46 
5426 0 19 51 
4802 0 18 51 
4771 1 19 51 
4604 9 19 51 
4461 0 9 51 
4423 0 17 51 
4403 1 18 51 
4386 2 19 51 
4319 9 18 51 
4276 10 19 51 
4210 0 10 51 
4198 0 16 51 
4192 1 9 51 
4184 1 17 51 
4063 2 18 51 
3998 3 19 51 
3710 9 17 51 
3638 10 18 51 
3623 11 13 51 
3509 11 19 51 
3457 0 11 51 
3364 0 15 51 
3245 1 10 51 
3228 1 16 51 
3167 2 9 51 
3133 2 17 51 
3088 3 18 51 
3004 4 19 51 
2831 9 16 51 
2807 10 17 51 
2481 11 14 51 
2453 11 18 51 
2413 12 13 51 
2338 12 19 51 
2310 0 12 51 
2242 0 14 51 
2148 1 11 51 
2084 1 15 51 
1886 2 10 51 
1837 2 16 51 
1770 3 9 51 
695 3 17 51 
665 4 18 51 
658 5 19 51 
501 10 16 51 
487 11 15 51 
5519 11 17 51 
5451 12 14 51 
5376 12 18 51 
5274 13 13 51 
5201 13 19 51 
5177 19 19 51 
5025 0 13 51 
4668 1 12 51 
4627 1 14 51 
4565 2 11 51 
4548 2 15 51 
4488 3 10 51 
4380 3 16 51 
4354 4 9 51 
4264 4 17 51 
4072 5 18 51 
3915 6 19 51 
3893 11 16 51 
3538 12 15 51 
2849 12 17 51 
2836 13 14 51 
2788 13 18 51 
2771 14 13 51 
2719 14 19 51 
2633 18 19 51 
2099 19 18 51 
1943 1 13 51 
1704 2 12 51 
1284 2 14 51 
1000 3 11 51 
671 3 15 51 
5438 4 10 51 
5380 4 16 51 
5141 5 9 51 
5070 5 17 51 
4860 6 18 51 
4823 7 19 51 
4806 12 16 51 
4800 13 15 51 
4608 13 17 51 
4546 14 14 51 
3747 14 18 51 
3719 15 13 51 
3567 15 19 51 
3491 17 19 51 
3446 18 18 51 
3265 19 17 51 
3074 2 13 51 
2470 3 12 51 
2353 3 14 51 
2311 4 11 51 
2285 4 15 51 
2274 5 10 51 
2193 5 16 51 
1698 6 9 51 
1470 6 17 51 
1373 7 18 51 
1150 8 19 51 
443 13 16 51 
370 14 15 51 
182 14 17 51 
75 15 14 51 
74 15 18 51 
42 16 19 51 
5396 17 18 51 
5270 18 17 51 
5094 19 16 51 
5041 3 13 51 
5019 4 12 51 
4906 4 14 51 
4899 5 11 51 
4843 5 15 51 
4308 6 10 51 
4193 6 16 51 
4010 7 17 51 
4005 8 18 51 
3909 14 16 51 
3686 15 15 51 
3661 15 17 51 
3643 16 18 51 
3571 17 17 51 
3534 18 16 51 
3451 19 15 51 
3441 4 13 51 
3138 5 12 51 
3095 5 14 51 
2915 6 11 51 
2810 6 15 51 
2682 7 16 51 
2504 8 17 51 
2472 15 16 51 
2461 16 17 51 
2425 17 16 51 
2131 18 15 51 
1962 19 14 51 
1941 5 13 51 
1654 6 12 51 
1315 6 14 51 
1084 7 15 51 
792 8 16 51 
334 16 16 51 
174 17 15 51 
43 18 14 51 
5140 19 13 51 
5076 6 13 51 
5060 7 14 51 
4807 8 15 51 
4735 16 15 51 
4665 17 14 51 
4544 18 13 51 
4333 19 12 51 
4098 7 13 51 
3994 8 14 51 
3844 9 15 51 
3547 16 14 51 
2487 17 13 51 
2450 18 12 51 
2365 19 11 51 
1950 7 12 51 
1761 8 13 51 
1578 9 14 51 
1437 10 15 51 
1245 16 13 51 
1151 17 12 51 
1147 18 11 51 
643 19 0 51 
298 19 10 51 
123 7 11 51 
111 8 12 51 
4765 9 13 51 
4523 10 14 51 
4517 16 12 51 
4481 17 11 51 
4368 18 0 51 
4314 18 10 51 
4170 19 1 51 
3890 19 9 51 
3607 7 10 51 
3476 8 11 51 
3337 9 12 51 
3319 10 13 51 
3302 15 12 51 
3246 16 11 51 
2981 17 0 51 
2821 17 10 51 
2616 18 1 51 
2360 18 9 51 
2238 19 2 51 
2018 19 8 51 
1997 7 9 51 
1948 8 10 51 
1730 9 11 51 
1516 10 12 51 
995 14 12 51 
571 15 11 51 
494 16 0 51 
485 16 10 51 
386 17 1 51 
289 17 9 51 
106 18 2 51 
5330 18 8 51 
5205 19 3 51 
4983 19 7 51 
4971 8 9 51 
4733 9 10 51 
4640 10 11 51 
4595 11 12 51 
4580 13 12 51 
4458 14 11 51 
4283 15 0 51 
4269 15 10 51 
4208 16 1 51 
4172 16 9 51 
3791 17 2 51 
3453 17 8 51 
3326 18 3 51 
3272 18 7 51 
3007 19 4 51 
2765 19 6 51 
2629 9 9 51 
2565 10 10 51 
2175 11 11 51 
1972 12 12 51 
1769 13 11 51 
1630 14 0 51 
1049 14 10 51 
1033 15 1 51 
888 15 9 51 
840 16 2 51 
744 16 8 51 
505 17 3 51 
480 17 7 51 
230 18 4 51 
209 18 6 51 
157 19 5 51 
5524 10 9 51 
5389 11 10 51 
5121 12 11 51 
4518 13 0 51 
4407 13 10 51 
4356 14 1 51 
4288 14 9 51 
3899 15 2 51 
3830 15 8 51 
3821 16 3 51 
3727 16 7 51 
3621 17 4 51 
3466 17 6 51 
2746 18 5 51 
2632 11 9 51 
2337 12 0 51 
1914 12 10 51 
1822 13 1 51 
641 13 9 51 
159 14 2 51 
83 14 8 51 
5285 15 3 51 
5172 15 7 51 
4272 16 4 51 
4174 16 6 51 
4082 17 5 51 
3849 11 0 51 
3253 12 1 51 
3129 12 9 51 
2795 13 2 51 
2783 13 8 51 
2647 14 3 51 
2185 14 7 51 
1587 15 4 51 
1497 15 6 51 
1495 16 5 51 
1196 11 1 51 
1172 12 2 51 
1068 12 8 51 
957 13 3 51 
931 13 7 51 
770 14 4 51 
717 14 6 51 
612 15 5 51 
503 11 2 51 
194 11 8 51 
4964 12 3 51 
4849 12 7 51 
4815 13 4 51 
4603 13 6 51 
4501 14 5 51 
4321 10 8 51 
4306 11 3 51 
4050 11 7 51 
4026 12 4 51 
3711 12 6 51 
3171 13 5 51 
2964 9 8 51 
2784 10 7 51 
2488 11 4 51 
2391 11 6 51 
2161 12 5 51 
1361 0 8 51 
1242 8 8 51 
640 9 7 51 
586 10 4 51 
576 10 6 51 
274 11 5 51 
187 0 7 51 
6 1 8 51 
5423 7 8 51 
5403 8 7 51 
5258 9 4 51 
4986 9 6 51 
4605 10 5 51 
4555 0 6 51 
4540 1 7 51 
4332 2 8 51 
4044 6 8 51 
3831 7 7 51 
3780 8 4 51 
3605 8 6 51 
3100 9 5 51 
2972 0 5 51 
2306 1 6 51 
1965 2 7 51 
1731 3 8 51 
1059 5 8 51 
1029 6 7 51 
1002 7 6 51 
644 8 5 51 
27 10 3 51 
5157 0 4 51 
5038 1 5 51 
4393 2 6 51 
4310 3 7 51 
4214 4 8 51 
3884 5 7 51 
3081 6 6 51 
2433 7 5 51 
2334 9 3 51 
2053 10 2 51 
1642 1 4 51 
1149 2 5 51 
867 3 6 51 
728 4 7 51 
238 5 6 51 
5378 6 5 51 
5034 7 4 51 
4782 8 3 51 
4716 9 2 51 
4670 10 1 51 
4646 2 4 51 
4106 3 5 51 
3610 4 6 51 
3416 5 5 51 
3352 6 4 51 
3284 7 3 51 
2925 8 2 51 
2789 9 1 51 
2770 10 0 51 
2523 3 4 51 
2401 4 5 51 
2213 5 4 51 
1765 6 3 51 
1444 7 2 51 
816 8 1 51 
354 9 0 51 
5501 4 4 51 
5319 5 3 51 
4956 6 2 51 
4524 7 1 51 
3945 8 0 51 
2706 4 3 51 
2625 5 2 51 
2076 6 1 51 
1843 7 0 51 
1759 3 3 51 
1488 4 2 51 
1265 5 1 51 
523 6 0 51 
179 2 3 51 
5308 3 2 51 
5075 4 1 51 
4908 5 0 51 
3373 1 3 51 
3106 2 2 51 
1478 3 1 51 
1232 4 0 51 
1137 0 3 51 
4961 1 2 51 
4469 2 1 51 
4318 3 0 51 
3114 0 2 51 
2978 1 1 51 
1588 2 0 51 
134 0 1 51 
4254 1 0 51 
2930 0 0 51 
442 1 1 63 
2610 1 2 63 
3275 2 1 63 
574 2 2 64 
3312 3 1 64 
4756 3 2 64 
2554 4 1 64 
2351 4 2 65 
3082 5 1 65 
3215 5 2 65 
4351 6 1 65 
4378 5 3 65 
268 6 2 65 
608 7 1 65 
911 4 5 66 
2427 5 4 66 
2646 6 3 66 
2661 7 2 66 
4244 8 1 66 
793 3 5 66 
1651 4 6 66 
2466 5 5 66 
3864 6 4 66 
4724 8 2 66 
4812 9 1 66 
543 2 5 67 
992 3 6 67 
1555 4 7 67 
1983 5 6 67 
2465 6 5 66 
3501 9 2 66 
4951 1 5 67 
5124 2 6 67 
127 3 7 67 
368 5 7 67 
788 6 6 67 
1197 1 6 68 
1256 2 7 68 
1573 6 7 68 
1694 7 6 68 
2896 1 7 68 
3440 7 7 68 
3594 8 6 68 
3951 9 5 68 
5228 8 7 68 
11 9 6 68 
447 10 5 68 
723 9 7 69 
2506 10 6 69 
3339 11 5 69 
3367 10 7 69 
4043 11 6 69 
4559 12 5 69 
4696 11 7 69 
5245 12 4 69 
5269 12 6 69 
5282 13 5 69 
46 12 3 69 
1990 12 7 69 
2316 13 4 69 
2669 13 6 69 
2968 12 2 70 
3224 13 3 70 
3486 13 7 70 
3553 14 4 70 
4872 12 1 70 
5469 13 2 70 
10 13 8 70 
33 14 3 70 
568 14 7 70 
801 15 4 70 
824 12 10 71 
861 13 1 71 
1023 13 9 71 
1853 14 2 71 
2223 14 8 71 
2498 15 3 70 
2502 15 7 70 
3561 16 4 70 
3632 11 10 71 
4206 12 11 71 
4209 13 10 71 
4720 14 1 71 
4825 14 9 71 
5342 15 2 71 
5498 0 19 76 
5315 0 18 76 
5301 1 19 76 
5297 9 19 76 
4701 0 9 76 
4682 0 17 76 
4638 1 18 76 
4494 2 19 76 
4441 9 18 76 
4349 10 19 76 
4158 0 10 76 
3979 0 16 76 
3966 1 9 76 
3876 1 17 76 
3597 2 18 76 
3589 3 19 76 
3424 9 17 76 
3376 10 18 76 
2869 11 13 76 
2852 11 19 76 
2653 0 11 76 
2626 0 15 76 
2592 1 10 76 
2362 1 16 76 
2210 2 9 76 
2123 2 17 76 
2008 3 18 76 
1841 4 19 76 
1801 9 16 76 
1349 10 17 76 
1344 11 14 76 
1208 11 18 76 
1040 12 13 76 
954 12 19 76 
901 0 12 76 
899 0 14 76 
811 1 11 76 
810 1 15 76 
795 2 10 76 
760 2 16 76 
391 3 9 76 
190 3 17 76 
5479 4 18 76 
5397 5 19 76 
5231 10 16 76 
5056 11 15 76 
4989 11 17 76 
4932 12 14 76 
4928 12 18 76 
4867 13 13 76 
4513 13 19 76 
4438 19 19 76 
4293 0 13 76 
3682 1 12 76 
3527 1 14 76 
3505 2 11 76 
3308 2 15 76 
3300 3 10 76 
3145 3 16 76 
3065 4 9 76 
3035 4 17 76 
2889 5 18 76 
2747 6 19 76 
2734 11 16 76 
2524 12 15 76 
2478 12 17 76 
2261 13 14 76 
2259 13 18 76 
2194 14 13 76 
1911 14 19 76 
1715 18 19 76 
1614 19 18 76 
1594 1 13 76 
1465 2 12 76 
1317 2 14 76 
735 3 11 76 
604 3 15 76 
566 4 10 76 
479 4 16 76 
5382 5 9 76 
5317 5 17 76 
5016 6 18 76 
4664 7 19 76 
4182 12 16 76 
3932 13 15 76 
3670 13 17 76 
3506 14 14 76 
3454 14 18 76 
3287 15 13 76 
3210 15 19 76 
3135 17 19 76 
2880 18 18 76 
2866 19 17 76 
2156 2 13 76 
2037 3 12 76 
1727 3 14 76 
1292 4 11 76 
1071 4 15 76 
1056 5 10 76 
982 5 16 76 
883 6 9 76 
755 6 17 76 
725 7 18 76 
250 8 19 76 
66 13 16 76 
5450 14 15 76 
5266 14 17 76 
5160 15 14 76 
5007 15 18 76 
4861 16 19 76 
4714 17 18 76 
4629 18 17 76 
4599 19 16 76 
4568 3 13 76 
4480 4 12 76 
4401 4 14 76 
4190 5 11 76 
4033 5 15 76 
3437 6 10 76 
3419 6 16 76 
3060 7 17 76 
2944 8 18 76 
2742 14 16 76 
2686 15 15 76 
2560 15 17 76 
2441 16 18 76 
2367 17 17 76 
1833 18 16 76 
1419 19 15 76 
1123 4 13 76 
910 5 12 76 
469 5 14 76 
426 6 11 76 
404 6 15 76 
5204 7 16 76 
5077 8 17 76 
5000 15 16 76 
4793 16 17 76 
4574 17 16 76 
4533 18 15 76 
4322 19 14 76 
3981 5 13 76 
3718 6 12 76 
3690 6 14 76 
3591 7 15 76 
3316 8 16 76 
2934 16 16 76 
2873 17 15 76 
2809 18 14 76 
2635 19 13 76 
2454 6 13 76 
2237 7 14 76 
2206 8 15 76 
2139 16 15 76 
2137 17 14 76 
2074 18 13 76 
1979 19 12 76 
1549 7 13 76 
1534 8 14 76 
1367 9 15 76 
1353 16 14 76 
1144 17 13 76 
1086 18 12 76 
1031 19 11 76 
866 7 12 76 
715 8 13 76 
570 9 14 76 
513 10 15 76 
510 16 13 76 
291 17 12 76 
150 18 11 76 
57 19 0 76 
36 19 10 76 
21 7 11 76 
5407 8 12 76 
5271 9 13 76 
5009 10 14 76 
4258 16 12 76 
4219 17 11 76 
4087 18 0 76 
3822 18 10 76 
3647 19 1 76 
3537 19 9 76 
3053 7 10 76 
2854 8 11 76 
2739 9 12 76 
2503 10 13 76 
2366 15 12 76 
2313 16 11 76 
2239 17 0 76 
2147 17 10 76 
2108 18 1 76 
2033 18 9 76 
1919 19 2 76 
1891 19 8 76 
1462 7 9 76 
1204 8 10 76 
444 9 11 76 
262 10 12 76 
13 14 12 76 
5467 15 11 76 
5391 16 0 76 
4990 16 10 76 
4828 17 1 76 
4753 17 9 76 
4592 18 2 76 
4561 18 8 76 
4560 19 3 76 
4367 19 7 76 
3931 8 9 76 
3805 9 10 76 
3737 10 11 76 
3666 11 12 76 
3642 13 12 76 
3629 14 11 76 
3400 15 0 76 
2530 15 10 76 
2489 16 1 76 
2429 16 9 76 
2331 17 2 76 
2036 17 8 76 
681 18 3 76 
590 18 7 76 
534 19 4 76 
408 19 6 76 
131 9 9 76 
5412 10 10 76 
5249 11 11 76 
5244 12 12 76 
5175 13 11 76 
4709 14 0 76 
4704 14 10 76 
4675 15 1 76 
4648 15 9 76 
4576 16 2 76 
4489 16 8 76 
4294 17 3 76 
4165 17 7 76 
3521 18 4 76 
3368 18 6 76 
2983 19 5 76 
2808 10 9 76 
2446 11 10 76 
2419 12 11 76 
2299 13 0 76 
2293 13 10 76 
1648 14 1 76 
1560 14 9 76 
1229 15 2 76 
1219 15 8 76 
1129 16 3 76 
927 16 7 76 
558 17 4 76 
552 17 6 76 
535 18 5 76 
345 11 9 76 
344 12 0 76 
337 12 10 76 
221 13 1 76 
5496 13 9 76 
5464 14 2 76 
4334 14 8 76 
4203 15 3 76 
4164 15 7 76 
4125 16 4 76 
3765 16 6 76 
3072 17 5 76 
2830 11 0 76 
2736 12 1 76 
2527 12 9 76 
2355 13 2 76 
2114 13 8 76 
2087 14 3 76 
1984 14 7 76 
1592 15 4 76 
805 15 6 76 
782 16 5 76 
5422 11 1 76 
5346 12 2 76 
5341 12 8 76 
5242 13 3 76 
5102 13 7 76 
4970 14 4 76 
4911 14 6 76 
4859 15 5 76 
4773 11 2 76 
4536 11 8 76 
4179 12 3 76 
4114 12 7 76 
3787 13 4 76 
3782 13 6 76 
3713 14 5 76 
3609 10 8 76 
3584 11 3 76 
3393 11 7 76 
3299 12 4 76 
3291 12 6 76 
3040 13 5 76 
3025 9 8 76 
2346 10 7 76 
1398 11 4 76 
1393 11 6 76 
1183 12 5 76 
1026 0 8 76 
855 8 8 76 
504 9 7 76 
437 10 4 76 
308 10 6 76 
5480 11 5 76 
5187 0 7 76 
5154 1 8 76 
5148 7 8 76 
5024 8 7 76 
4967 9 4 76 
4721 9 6 76 
3880 10 5 76 
3421 0 6 76 
3360 1 7 76 
3002 2 8 76 
2495 6 8 76 
2106 7 7 76 
1455 8 4 76 
1428 8 6 76 
1283 9 5 76 
870 0 5 76 
572 1 6 76 
452 2 7 76 
339 3 8 76 
5268 5 8 76 
5178 6 7 76 
5064 7 6 76 
4662 8 5 76 
4628 10 3 76 
4419 0 4 76 
4282 1 5 76 
3916 2 6 76 
3655 3 7 76 
3194 4 8 76 
3084 5 7 76 
2982 6 6 76 
2335 7 5 76 
1705 9 3 76 
1401 10 2 76 
1170 1 4 76 
440 2 5 76 
4934 3 6 76 
4754 4 7 76 
4687 5 6 76 
4398 6 5 76 
4251 7 4 76 
3946 8 3 76 
3851 9 2 76 
3763 10 1 76 
3604 2 4 76 
3482 3 5 76 
2322 4 6 76 
1556 5 5 76 
1340 6 4 76 
659 7 3 76 
5418 8 2 76 
5336 9 1 76 
5067 10 0 76 
4277 3 4 76 
4162 4 5 76 
4147 5 4 76 
4115 6 3 76 
4070 7 2 76 
3857 8 1 76 
3721 9 0 76 
3504 4 4 76 
3473 5 3 76 
3470 6 2 76 
3403 7 1 76 
3318 8 0 76 
2774 4 3 76 
1347 5 2 76 
971 6 1 76 
939 7 0 76 
829 3 3 76 
5281 4 2 76 
4938 5 1 76 
4876 6 0 76 
4777 2 3 76 
4278 3 2 76 
4007 4 1 76 
3519 5 0 76 
3134 1 3 76 
2630 2 2 76 
5506 3 1 76 
5123 4 0 76 
4590 0 3 76 
4570 1 2 76 
3588 2 1 76 
3236 3 0 76 
3042 0 2 76 
2543 1 1 76 
2089 2 0 76 
316 0 1 76 
4947 1 0 76 
3108 0 0 76 
1198 1 1 88 
749 1 2 88 
1162 2 1 88 
2850 2 2 89 
3925 3 1 88 
3943 3 2 89 
549 4 1 89 
597 4 2 89 
803 5 1 89 
4842 5 2 90 
579 6 1 90 
1577 5 3 90 
4514 6 2 90 
4760 7 1 90 
1513 4 5 90 
2749 5 4 90 
3630 6 3 90 
4225 7 2 90 
1336 8 1 90 
1610 3 5 91 
2058 4 6 91 
2394 5 5 91 
2674 6 4 91 
4086 8 2 90 
4564 9 1 90 
551 2 5 92 
1090 3 6 91 
1233 4 7 91 
1926 5 6 91 
1987 6 5 91 
2484 9 2 91 
3735 1 5 92 
4746 2 6 92 
4905 3 7 92 
4943 5 7 92 
167 6 6 92 
738 1 6 93 
748 2 7 93 
1225 6 7 92 
2423 7 6 92 
2903 1 7 93 
3181 7 7 93 
3357 8 6 93 
3556 9 5 93 
4879 8 7 93 
1139 9 6 93 
1303 10 5 93 
1876 9 7 94 
2377 10 6 94 
2702 11 5 93 
3539 10 7 94 
4430 11 6 94 
4551 12 5 94 
4805 11 7 94 
109 12 4 94 
184 12 6 94 
642 13 5 94 
1491 12 3 94 
2658 12 7 94 
2901 13 4 94 
5211 13 6 94 
5251 12 2 94 
18 13 3 94 
432 13 7 94 
436 14 4 94 
991 12 1 95 
1061 13 2 95 
2263 13 8 95 
2594 14 3 95 
2695 14 7 95 
2718 15 4 95 
2948 12 10 96 
3481 13 1 96 
4252 13 9 95 
4433 14 2 95 
4717 14 8 95 
5106 15 3 95 
5338 15 7 95 
