1986
5145 19 19 1 
4956 18 19 1 
4889 19 18 1 
4817 17 19 1 
4655 18 18 1 
4513 19 17 1 
4494 16 19 1 
4059 17 18 1 
3794 18 17 1 
3665 19 16 1 
2991 15 19 1 
2960 16 18 1 
2845 17 17 1 
2825 18 16 1 
2790 19 15 1 
2591 0 19 1 
2580 14 19 1 
2419 15 18 1 
2199 16 17 1 
2113 17 16 1 
2055 18 15 1 
2046 19 14 1 
2043 0 18 1 
1900 1 19 1 
1869 13 19 1 
1636 14 18 1 
1628 15 17 1 
1279 16 16 1 
1055 17 15 1 
1022 18 14 1 
958 19 13 1 
792 0 17 1 
676 1 18 1 
509 2 19 1 
235 12 19 1 
131 13 18 1 
96 14 17 1 
5267 15 16 1 
5177 16 15 1 
4903 17 14 1 
4837 18 13 1 
4418 19 12 1 
4358 0 16 1 
4195 1 17 1 
4160 2 18 1 
4083 3 19 1 
3918 11 19 1 
3820 12 18 1 
3553 13 17 1 
3533 14 16 1 
3198 15 15 1 
2952 16 14 1 
2708 17 13 1 
2365 18 12 1 
2116 19 11 1 
1947 0 15 1 
1899 1 16 1 
1874 2 17 1 
1847 3 18 1 
1833 4 19 1 
1560 10 19 1 
1510 11 18 1 
1181 12 17 1 
1138 13 16 1 
1114 14 15 1 
1099 15 14 1 
1079 16 13 1 
1043 17 12 1 
1034 18 11 1 
968 19 0 1 
711 19 10 1 
704 0 14 1 
701 1 15 1 
510 2 16 1 
506 3 17 1 
287 4 18 1 
264 5 19 1 
155 9 19 1 
5244 10 18 1 
5086 11 17 1 
4908 12 16 1 
4846 13 15 1 
4731 14 14 1 
4730 15 13 1 
4474 16 12 1 
4325 17 11 1 
4306 18 0 1 
4117 18 10 1 
3923 19 1 1 
3880 19 9 1 
3732 0 13 1 
3696 1 14 1 
3456 2 15 1 
3317 3 16 1 
2837 4 17 1 
2742 5 18 1 
2698 6 19 1 
2535 8 19 1 
2446 9 18 1 
2004 10 17 1 
1985 11 16 1 
1962 12 15 1 
1858 13 14 1 
1788 14 13 1 
1748 15 12 1 
1702 16 11 1 
1449 17 0 1 
1249 17 10 1 
810 18 1 1 
708 18 9 1 
608 19 2 1 
537 19 8 1 
319 0 12 1 
147 1 13 1 
5205 2 14 1 
5015 3 15 1 
4560 4 16 1 
4430 5 17 1 
4409 6 18 1 
4254 7 19 1 
4151 8 18 1 
4020 9 17 1 
3559 10 16 1 
3417 11 15 1 
3415 12 14 1 
3406 13 13 1 
3025 14 12 1 
2347 15 11 1 
1600 16 0 1 
1528 16 10 1 
1459 17 1 1 
1419 17 9 1 
1293 18 2 1 
1273 18 8 1 
1175 19 3 1 
1024 19 7 1 
925 0 11 1 
825 1 12 1 
743 2 13 1 
508 3 14 1 
126 4 15 1 
2 5 16 1 
5300 6 17 1 
5040 7 18 1 
5007 8 17 1 
4849 9 16 1 
4779 10 15 1 
4635 11 14 1 
4476 12 13 1 
4257 13 12 1 
3974 14 11 1 
3864 15 0 1 
3700 15 10 1 
3115 16 1 1 
3032 16 9 1 
2511 17 2 1 
2459 17 8 1 
2342 18 3 1 
2174 18 7 1 
2142 19 4 1 
2019 19 6 1 
1593 0 0 1 
1269 0 10 1 
702 1 11 1 
569 2 12 1 
308 3 13 1 
201 4 14 1 
5215 5 15 1 
4634 6 16 1 
4314 7 17 1 
3853 8 16 1 
3227 9 15 1 
2856 10 14 1 
2849 11 13 1 
2704 12 12 1 
2550 13 11 1 
2452 14 0 1 
2171 14 10 1 
2012 15 1 1 
1872 15 9 1 
1861 16 2 1 
1689 16 8 1 
1682 17 3 1 
1537 17 7 1 
1240 18 4 1 
1064 18 6 1 
953 19 5 1 
843 0 1 1 
686 0 9 1 
429 1 0 1 
5139 1 10 1 
5032 2 11 1 
4913 3 12 1 
4863 4 13 1 
4810 5 14 1 
4679 6 15 1 
4457 7 16 1 
4381 8 15 1 
4021 9 14 1 
3836 10 13 1 
3809 11 12 1 
3720 12 11 1 
3375 13 10 1 
3214 14 1 1 
2968 14 9 1 
2606 15 2 1 
2457 15 8 1 
1870 16 3 1 
1837 16 7 1 
1783 17 4 1 
1693 17 6 1 
1629 18 5 1 
1538 0 2 1 
1526 0 8 1 
1491 1 1 1 
1319 1 9 1 
1246 2 0 1 
1071 2 10 1 
1062 3 11 1 
1011 4 12 1 
159 5 13 1 
61 6 14 1 
5245 7 15 1 
5218 8 14 1 
4850 9 13 1 
4378 10 12 1 
4310 11 11 1 
4152 12 10 1 
4070 13 9 1 
4003 14 2 1 
3911 14 8 1 
3694 15 3 1 
2829 15 7 1 
2715 16 4 1 
2686 16 6 1 
2657 17 5 1 
2331 0 3 1 
2313 0 7 1 
2051 1 2 1 
1581 1 8 1 
1571 2 1 1 
1296 2 9 1 
269 3 0 1 
5302 3 10 1 
5134 4 11 1 
5131 5 12 1 
5118 6 13 1 
5097 7 14 1 
4990 8 13 1 
4931 9 12 1 
4570 10 11 1 
4454 11 10 1 
3687 12 9 1 
3568 13 8 1 
3216 14 3 1 
3015 14 7 1 
2929 15 4 1 
2914 15 6 1 
2910 16 5 1 
2799 0 4 1 
2659 0 6 1 
2498 1 3 1 
2186 1 7 1 
1999 2 2 1 
1917 2 8 1 
1853 3 1 1 
1470 3 9 1 
1006 4 0 1 
999 4 10 1 
914 5 11 1 
604 6 12 1 
313 7 13 1 
91 8 12 1 
5126 9 11 1 
4614 10 10 1 
4405 11 9 1 
4247 12 8 1 
3930 13 7 1 
3352 14 4 1 
3181 14 6 1 
3114 15 5 1 
2906 0 5 1 
2834 1 4 1 
2674 1 6 1 
2555 2 3 1 
2533 2 7 1 
2303 3 2 1 
1811 3 8 1 
1756 4 1 1 
1743 4 9 1 
1589 5 0 1 
1582 5 10 1 
1575 6 11 1 
1518 7 12 1 
964 8 11 1 
888 9 10 1 
541 10 9 1 
253 11 8 1 
101 12 7 1 
5233 13 6 1 
4447 14 5 1 
4066 1 5 1 
3967 2 4 1 
3405 2 6 1 
3241 3 3 1 
2869 3 7 1 
2861 4 2 1 
2536 4 8 1 
2520 5 1 1 
2405 5 9 1 
2358 6 10 1 
2082 7 11 1 
2079 8 10 1 
2001 9 9 1 
1641 10 8 1 
1453 11 7 1 
1330 12 6 1 
1149 13 5 1 
1146 2 5 1 
1118 3 4 1 
808 3 6 1 
605 4 3 1 
305 4 7 1 
297 5 2 1 
139 5 8 1 
76 6 9 1 
5082 7 10 1 
4896 8 9 1 
4663 9 8 1 
4643 10 7 1 
4607 11 6 1 
4551 12 5 1 
4287 13 4 1 
4265 3 5 1 
3916 4 4 1 
3602 4 6 1 
3504 5 3 1 
3502 5 7 1 
2858 6 8 1 
2566 7 9 1 
2240 8 8 1 
2023 9 7 1 
1577 10 6 1 
1542 11 5 1 
1304 12 4 1 
759 13 3 1 
168 4 5 1 
5138 5 4 1 
4728 5 6 1 
4344 6 7 1 
4331 7 8 1 
4173 8 7 1 
4043 9 6 1 
3839 10 5 1 
3221 11 4 1 
2731 12 3 1 
2582 13 2 1 
2189 5 5 1 
1850 6 6 1 
1779 7 7 1 
153 8 6 1 
4185 9 5 1 
3835 10 4 1 
2892 11 3 1 
2884 12 2 1 
2852 13 1 1 
2514 6 5 1 
2243 7 6 1 
1596 8 5 1 
1482 9 4 1 
754 10 3 1 
53 11 2 1 
5125 12 1 1 
5070 13 0 1 
5022 6 4 1 
4697 7 5 1 
4293 8 4 1 
4275 9 3 1 
4248 10 2 1 
4005 11 1 1 
3900 12 0 1 
3623 6 3 1 
3110 7 4 1 
3017 8 3 1 
2137 9 2 1 
1441 10 1 1 
1404 11 0 1 
485 6 2 1 
4488 7 3 1 
3924 8 2 1 
3355 9 1 1 
2905 10 0 1 
2398 6 1 1 
1388 7 2 1 
822 8 1 1 
5176 9 0 1 
5149 6 0 1 
4677 7 1 1 
3895 8 0 1 
1473 7 0 1 
151 7 1 12 
93 7 2 13 
719 8 1 13 
3469 7 3 13 
3984 8 2 13 
310 9 1 13 
1128 7 4 14 
350 8 3 14 
649 9 2 14 
2941 10 1 14 
3441 7 5 14 
3956 8 4 14 
4336 9 3 14 
5190 10 2 14 
100 11 1 14 
470 7 6 15 
1127 8 5 15 
1525 9 4 15 
1564 10 3 15 
2013 11 2 15 
2583 12 1 14 
2988 6 6 16 
2716 7 7 16 
4008 8 6 16 
4090 9 5 15 
4882 10 4 15 
5186 11 3 15 
108 12 2 15 
580 4 5 17 
1174 5 6 16 
2248 6 7 16 
2552 7 8 16 
4901 8 7 16 
358 9 6 16 
549 10 5 16 
758 11 4 16 
1192 12 3 16 
2107 3 5 17 
2920 4 4 17 
3249 4 6 17 
4349 5 7 17 
4448 6 8 17 
337 7 9 17 
548 8 8 17 
687 10 6 17 
3400 11 5 17 
4050 12 4 17 
215 2 5 18 
873 3 4 18 
1692 3 6 18 
1708 4 3 18 
2423 4 7 18 
2637 6 9 18 
3077 7 10 17 
3173 8 9 17 
3564 11 6 17 
3642 12 5 17 
3883 1 5 18 
3928 2 4 18 
4466 2 6 18 
4608 3 3 18 
5003 3 7 18 
5165 4 2 18 
392 6 10 18 
410 7 11 18 
613 8 10 18 
624 11 7 18 
962 12 6 18 
1105 1 4 19 
1584 1 6 19 
3105 2 3 19 
3312 2 7 19 
4285 3 2 19 
4797 4 1 19 
5060 5 10 19 
5141 6 11 19 
281 7 12 19 
342 8 11 19 
804 11 8 19 
882 12 7 19 
1067 13 6 18 
1103 1 3 20 
1217 1 7 20 
1570 2 2 20 
1760 3 1 20 
1925 4 10 20 
2678 5 11 20 
4017 6 12 20 
4355 7 13 20 
4611 8 12 20 
4621 11 9 19 
4735 12 8 19 
4876 13 7 19 
5005 14 6 19 
5096 15 5 19 
5249 19 19 26 
5079 18 19 26 
5042 19 18 26 
4545 17 19 26 
4526 18 18 26 
4467 19 17 26 
4197 16 19 26 
4187 17 18 26 
4180 18 17 26 
3803 19 16 26 
3691 15 19 26 
3503 16 18 26 
3319 17 17 26 
3146 18 16 26 
2746 19 15 26 
2706 0 19 26 
2436 14 19 26 
2399 15 18 26 
1578 16 17 26 
1556 17 16 26 
1458 18 15 26 
1442 19 14 26 
1328 0 18 26 
1271 1 19 26 
1266 13 19 26 
1026 14 18 26 
997 15 17 26 
993 16 16 26 
955 17 15 26 
942 18 14 26 
896 19 13 26 
248 0 17 26 
210 1 18 26 
122 2 19 26 
119 12 19 26 
104 13 18 26 
99 14 17 26 
5308 15 16 26 
5298 16 15 26 
5287 17 14 26 
5234 18 13 26 
5220 19 12 26 
4681 0 16 26 
4661 1 17 26 
4638 2 18 26 
4582 3 19 26 
4425 11 19 26 
4260 12 18 26 
4157 13 17 26 
3777 14 16 26 
3771 15 15 26 
3605 16 14 26 
3575 17 13 26 
3467 18 12 26 
3462 19 11 26 
3139 0 15 26 
3056 1 16 26 
3011 2 17 26 
2727 3 18 26 
2665 4 19 26 
2487 10 19 26 
2451 11 18 26 
2254 12 17 26 
2156 13 16 26 
1997 14 15 26 
1721 15 14 26 
1550 16 13 26 
1401 17 12 26 
1308 18 11 26 
1214 19 0 26 
894 19 10 26 
562 0 14 26 
523 1 15 26 
407 2 16 26 
391 3 17 26 
232 4 18 26 
208 5 19 26 
32 9 19 26 
22 10 18 26 
4971 11 17 26 
4561 12 16 26 
4552 13 15 26 
4397 14 14 26 
4357 15 13 26 
4244 16 12 26 
4093 17 11 26 
3802 18 0 26 
3745 18 10 26 
3201 19 1 26 
2980 19 9 26 
2930 0 13 26 
2771 1 14 26 
2737 2 15 26 
2357 3 16 26 
1650 4 17 26 
1519 5 18 26 
1471 6 19 26 
1411 8 19 26 
1310 9 18 26 
1188 10 17 26 
1102 11 16 26 
1097 12 15 26 
910 13 14 26 
879 14 13 26 
504 15 12 26 
384 16 11 26 
161 17 0 26 
45 17 10 26 
43 18 1 26 
5166 18 9 26 
5090 19 2 26 
4974 19 8 26 
4904 0 12 26 
4862 1 13 26 
4699 2 14 26 
4203 3 15 26 
4189 4 16 26 
3868 5 17 26 
3537 6 18 26 
3358 7 19 26 
3324 8 18 26 
3288 9 17 26 
3166 10 16 26 
2886 11 15 26 
2753 12 14 26 
2568 13 13 26 
2208 14 12 26 
2035 15 11 26 
1926 16 0 26 
1805 16 10 26 
1463 17 1 26 
1256 17 9 26 
1007 18 2 26 
551 18 8 26 
483 19 3 26 
292 19 7 26 
252 0 11 26 
214 1 12 26 
5223 2 13 26 
5222 3 14 26 
4716 4 15 26 
4525 5 16 26 
4495 6 17 26 
4231 7 18 26 
4206 8 17 26 
4148 9 16 26 
3937 10 15 26 
3892 11 14 26 
3763 12 13 26 
3580 13 12 26 
3426 14 11 26 
3425 15 0 26 
3362 15 10 26 
3325 16 1 26 
3062 16 9 26 
2985 17 2 26 
2955 17 8 26 
2827 18 3 26 
2780 18 7 26 
2652 19 4 26 
2636 19 6 26 
2321 0 0 26 
2302 0 10 26 
2002 1 11 26 
1975 2 12 26 
1722 3 13 26 
1710 4 14 26 
1658 5 15 26 
1337 6 16 26 
995 7 17 26 
617 8 16 26 
335 9 15 26 
276 10 14 26 
5087 11 13 26 
5066 12 12 26 
4826 13 11 26 
4806 14 0 26 
4703 14 10 26 
4645 15 1 26 
4382 15 9 26 
4214 16 2 26 
4074 16 8 26 
3903 17 3 26 
3592 17 7 26 
3331 18 4 26 
3255 18 6 26 
3212 19 5 26 
2565 0 1 26 
2485 0 9 26 
2221 1 0 26 
2140 1 10 26 
2070 2 11 26 
1724 3 12 26 
1608 4 13 26 
908 5 14 26 
833 6 15 26 
741 7 16 26 
715 8 15 26 
191 9 14 26 
16 10 13 26 
5044 11 12 26 
4937 12 11 26 
4885 13 10 26 
4725 14 1 26 
4455 14 9 26 
4080 15 2 26 
3981 15 8 26 
3550 16 3 26 
2702 16 7 26 
2681 17 4 26 
2545 17 6 26 
2507 18 5 26 
2467 0 2 26 
2453 0 8 26 
2355 1 1 26 
2354 1 9 26 
1957 2 0 26 
1849 2 10 26 
1507 3 11 26 
1432 4 12 26 
1274 5 13 26 
1046 6 14 26 
603 7 15 26 
437 8 14 26 
375 9 13 26 
5232 10 12 26 
4984 11 11 26 
4877 12 10 26 
4765 13 9 26 
4758 14 2 26 
4475 14 8 26 
4298 15 3 26 
3482 15 7 26 
3095 16 4 26 
2885 16 6 26 
2587 17 5 26 
2428 0 3 26 
2089 0 7 26 
2009 1 2 26 
1851 1 8 26 
1816 2 1 26 
1792 2 9 26 
652 3 0 26 
344 3 10 26 
238 4 11 26 
5189 5 12 26 
5142 6 13 26 
4883 7 14 26 
4796 8 13 26 
4777 9 12 26 
4536 10 11 26 
3734 11 10 26 
3554 12 9 26 
3547 13 8 26 
3495 14 3 26 
3197 14 7 26 
3189 15 4 26 
3026 15 6 26 
3002 16 5 26 
2723 0 4 26 
2589 0 6 26 
2418 1 3 26 
2377 1 7 26 
2251 2 2 26 
2193 2 8 26 
2163 3 1 26 
2155 3 9 26 
1848 4 0 26 
1841 4 10 26 
1839 5 11 26 
1413 6 12 26 
1135 7 13 26 
1125 8 12 26 
1053 9 11 26 
883 10 10 26 
777 11 9 26 
739 12 8 26 
601 13 7 26 
514 14 4 26 
202 14 6 26 
5293 15 5 26 
5089 0 5 26 
4857 1 4 26 
4045 1 6 26 
3952 2 3 26 
3945 2 7 26 
3897 3 2 26 
3719 3 8 26 
3560 4 1 26 
3528 4 9 26 
3396 5 0 26 
3170 5 10 26 
2996 6 11 26 
2528 7 12 26 
2500 8 11 26 
1951 9 10 26 
1829 10 9 26 
1511 11 8 26 
1218 12 7 26 
749 13 6 26 
663 14 5 26 
83 1 5 26 
5144 2 4 26 
4935 2 6 26 
4683 3 3 26 
4284 3 7 26 
4155 4 2 26 
3870 4 8 26 
3798 5 1 26 
3797 5 9 26 
3684 6 10 26 
2932 7 11 26 
2709 8 10 26 
1843 9 9 26 
1804 10 8 26 
1697 11 7 26 
1484 12 6 26 
1451 13 5 26 
1089 2 5 26 
740 3 4 26 
589 3 6 26 
354 4 3 26 
63 4 7 26 
5098 5 2 26 
5074 5 8 26 
4786 6 9 26 
4745 7 10 26 
4567 8 9 26 
4177 9 8 26 
3881 10 7 26 
3841 11 6 26 
3394 12 5 26 
2874 13 4 26 
2282 3 5 26 
1797 4 4 26 
1645 4 6 26 
1077 5 3 26 
1004 5 7 26 
887 6 8 26 
791 7 9 26 
668 8 8 26 
5196 9 7 26 
5075 10 6 26 
4717 11 5 26 
4292 12 4 26 
4276 13 3 26 
4227 4 5 26 
3927 5 4 26 
3717 5 6 26 
3629 6 7 26 
3438 7 8 26 
2483 8 7 26 
2391 9 6 26 
2049 10 5 26 
1495 11 4 26 
525 12 3 26 
250 13 2 26 
157 5 5 26 
97 6 6 26 
5257 7 7 26 
4854 8 6 26 
4748 9 5 26 
4532 10 4 26 
4480 11 3 26 
4134 12 2 26 
3872 13 1 26 
3022 6 5 26 
2316 7 6 26 
1950 8 5 26 
1744 9 4 26 
1674 10 3 26 
1502 11 2 26 
1405 12 1 26 
1238 13 0 26 
1076 6 4 26 
1012 7 5 26 
5290 8 4 26 
4553 9 3 26 
2757 10 2 26 
1523 11 1 26 
324 12 0 26 
4277 6 3 26 
4042 7 4 26 
4023 8 3 26 
4002 9 2 26 
3935 10 1 26 
3920 11 0 26 
3190 6 2 26 
2795 7 3 26 
2762 8 2 26 
2563 9 1 26 
2376 10 0 26 
2350 6 1 26 
1265 7 2 26 
1040 8 1 26 
886 9 0 26 
4778 6 0 26 
3376 7 1 26 
3155 8 0 26 
4947 7 0 26 
2476 7 1 37 
3739 7 2 38 
4202 8 1 38 
1421 7 3 38 
2904 8 2 38 
3332 9 1 38 
1465 7 4 38 
2106 8 3 38 
2152 9 2 38 
2324 10 1 38 
497 7 5 40 
623 8 4 39 
836 9 3 39 
1448 10 2 39 
1892 11 1 39 
3311 7 6 40 
4035 8 5 40 
4453 9 4 40 
4801 10 3 40 
5117 11 2 40 
124 12 1 40 
902 6 6 41 
4172 7 7 40 
64 8 6 40 
653 9 5 40 
778 10 4 40 
1343 11 3 40 
1355 12 2 40 
1417 4 5 41 
3209 5 6 41 
3988 6 7 41 
4720 7 8 41 
4864 8 7 41 
18 9 6 41 
56 10 5 41 
625 11 4 41 
674 12 3 41 
871 3 5 42 
991 4 4 42 
4610 4 6 42 
4788 5 7 42 
4829 6 8 42 
5184 7 9 42 
1038 8 8 42 
1426 10 6 41 
1466 11 5 41 
1557 12 4 41 
1728 2 5 43 
2787 3 4 43 
3188 3 6 43 
3795 4 3 43 
4010 4 7 43 
4061 6 9 42 
4124 7 10 42 
4198 8 9 42 
4417 11 6 42 
4658 12 5 42 
150 1 5 44 
444 2 4 43 
488 2 6 43 
823 3 3 43 
895 3 7 43 
1706 4 2 43 
1782 6 10 43 
2028 7 11 43 
2447 8 10 43 
2596 11 7 43 
3343 12 6 43 
3620 1 4 44 
3971 1 6 44 
4485 2 3 44 
4808 2 7 44 
5262 3 2 44 
85 4 1 44 
1813 5 10 44 
2078 6 11 44 
2292 7 12 44 
2549 8 11 44 
3007 11 8 44 
3178 12 7 44 
4019 13 6 44 
4274 1 3 45 
4821 1 7 45 
570 2 2 45 
802 3 1 45 
1716 4 10 45 
1794 5 11 45 
1980 6 12 45 
2011 7 13 45 
3231 8 12 45 
3766 11 9 45 
4992 12 8 45 
5247 13 7 45 
5236 19 19 51 
5208 18 19 51 
4836 19 18 51 
4590 17 19 51 
4370 18 18 51 
4320 19 17 51 
4313 16 19 51 
4208 17 18 51 
4171 18 17 51 
4101 19 16 51 
3722 15 19 51 
3649 16 18 51 
3254 17 17 51 
1517 18 16 51 
1232 19 15 51 
1226 0 19 51 
876 14 19 51 
693 15 18 51 
614 16 17 51 
326 17 16 51 
158 18 15 51 
5157 19 14 51 
5136 0 18 51 
4878 1 19 51 
4873 13 19 51 
4603 14 18 51 
4434 15 17 51 
4055 16 16 51 
3837 17 15 51 
3651 18 14 51 
3091 19 13 51 
3055 0 17 51 
2989 1 18 51 
2633 2 19 51 
2628 12 19 51 
2599 13 18 51 
2385 14 17 51 
2215 15 16 51 
2124 16 15 51 
1695 17 14 51 
1615 18 13 51 
1403 19 12 51 
1200 0 16 51 
1178 1 17 51 
1056 2 18 51 
957 3 19 51 
952 11 19 51 
835 12 18 51 
648 13 17 51 
451 14 16 51 
318 15 15 51 
249 16 14 51 
5297 17 13 51 
5274 18 12 51 
5256 19 11 51 
5212 0 15 51 
5175 1 16 51 
5068 2 17 51 
5024 3 18 51 
4996 4 19 51 
4902 10 19 51 
4771 11 18 51 
4487 12 17 51 
4469 13 16 51 
4386 14 15 51 
4366 15 14 51 
4212 16 13 51 
4082 17 12 51 
3989 18 11 51 
3597 19 0 51 
3346 19 10 51 
3193 0 14 51 
3162 1 15 51 
2816 2 16 51 
2791 3 17 51 
2781 4 18 51 
2684 5 19 51 
2522 9 19 51 
2435 10 18 51 
2327 11 17 51 
2151 12 16 51 
1956 13 15 51 
1734 14 14 51 
1715 15 13 51 
1677 16 12 51 
1623 17 11 51 
1443 18 0 51 
1219 18 10 51 
849 19 1 51 
839 19 9 51 
726 0 13 51 
442 1 14 51 
415 2 15 51 
365 3 16 51 
5121 4 17 51 
5023 5 18 51 
4952 6 19 51 
4839 8 19 51 
4707 9 18 51 
4423 10 17 51 
4144 11 16 51 
3785 12 15 51 
3658 13 14 51 
3598 14 13 51 
3582 15 12 51 
3557 16 11 51 
3509 17 0 51 
3432 17 10 51 
3117 18 1 51 
2994 18 9 51 
2553 19 2 51 
2388 19 8 51 
1790 0 12 51 
1631 1 13 51 
1481 2 14 51 
1456 3 15 51 
1260 4 16 51 
1212 5 17 51 
583 6 18 51 
409 7 19 51 
314 8 18 51 
243 9 17 51 
141 10 16 51 
130 11 15 51 
51 12 14 51 
37 13 13 51 
5197 14 12 51 
4951 15 11 51 
4764 16 0 51 
4542 16 10 51 
4456 17 1 51 
4359 17 9 51 
4286 18 2 51 
3925 18 8 51 
3912 19 3 51 
3761 19 7 51 
3294 0 11 51 
3292 1 12 51 
3176 2 13 51 
3039 3 14 51 
2868 4 15 51 
2748 5 16 51 
2570 6 17 51 
2424 7 18 51 
2344 8 17 51 
2269 9 16 51 
2205 10 15 51 
1927 11 14 51 
1922 12 13 51 
1921 13 12 51 
1895 14 11 51 
1815 15 0 51 
1789 15 10 51 
1349 16 1 51 
1185 16 9 51 
1116 17 2 51 
1075 17 8 51 
812 18 3 51 
521 18 7 51 
498 19 4 51 
274 19 6 51 
244 0 0 51 
6 0 10 51 
5269 1 11 51 
5255 2 12 51 
5227 3 13 51 
5002 4 14 51 
4865 5 15 51 
4499 6 16 51 
4353 7 17 51 
4145 8 16 51 
3955 9 15 51 
3831 10 14 51 
3784 11 13 51 
3712 12 12 51 
3682 13 11 51 
3604 14 0 51 
3397 14 10 51 
3109 15 1 51 
3106 15 9 51 
2785 16 2 51 
2360 16 8 51 
2341 17 3 51 
2279 17 7 51 
1720 18 4 51 
1624 18 6 51 
1606 19 5 51 
1275 0 1 51 
1201 0 9 51 
949 1 0 51 
870 1 10 51 
699 2 11 51 
637 3 12 51 
363 4 13 51 
5069 5 14 51 
5038 6 15 51 
4906 7 16 51 
4766 8 15 51 
4648 9 14 51 
4419 10 13 51 
4416 11 12 51 
4079 12 11 51 
3824 13 10 51 
3801 14 1 51 
3655 14 9 51 
3546 15 2 51 
3538 15 8 51 
3248 16 3 51 
3021 16 7 51 
2707 17 4 51 
2214 17 6 51 
2091 18 5 51 
1777 0 2 51 
1591 0 8 51 
1590 1 1 51 
1431 1 9 51 
1392 2 0 51 
1286 2 10 51 
1154 3 11 51 
969 4 12 51 
519 5 13 51 
224 6 14 51 
5153 7 15 51 
5004 8 14 51 
4954 9 13 51 
4831 10 12 51 
4696 11 11 51 
4669 12 10 51 
4505 13 9 51 
4479 14 2 51 
4428 14 8 51 
3908 15 3 51 
3871 15 7 51 
3757 16 4 51 
3751 16 6 51 
3736 17 5 51 
3628 0 3 51 
3577 0 7 51 
3489 1 2 51 
3446 1 8 51 
3371 2 1 51 
3354 2 9 51 
3235 3 0 51 
3014 3 10 51 
2691 4 11 51 
2632 5 12 51 
2537 6 13 51 
2022 7 14 51 
1382 8 13 51 
1342 9 12 51 
1239 10 11 51 
1096 11 10 51 
946 12 9 51 
742 13 8 51 
682 14 3 51 
5292 14 7 51 
4304 15 4 51 
4174 15 6 51 
3773 16 5 51 
3301 0 4 51 
2300 0 6 51 
2259 1 3 51 
1934 1 7 51 
1877 2 2 51 
1420 2 8 51 
1353 3 1 51 
989 3 9 51 
647 4 0 51 
438 4 10 51 
428 5 11 51 
9 6 12 51 
5281 7 13 51 
5011 8 12 51 
4945 9 11 51 
4575 10 10 51 
4515 11 9 51 
4016 12 8 51 
3980 13 7 51 
3714 14 4 51 
3451 14 6 51 
3395 15 5 51 
3382 0 5 51 
3370 1 4 51 
3347 1 6 51 
3318 2 3 51 
3183 2 7 51 
3023 3 2 51 
1897 3 8 51 
1778 4 1 51 
1630 4 9 51 
1424 5 0 51 
1031 5 10 51 
683 6 11 51 
383 7 12 51 
28 8 11 51 
4811 9 10 51 
4324 10 9 51 
4221 11 8 51 
3849 12 7 51 
3664 13 6 51 
3555 14 5 51 
3093 1 5 51 
2933 2 4 51 
2655 2 6 51 
2617 3 3 51 
2421 3 7 51 
2153 4 2 51 
2000 4 8 51 
1828 5 1 51 
1754 5 9 51 
1607 6 10 51 
1497 7 11 51 
866 8 10 51 
861 9 9 51 
707 10 8 51 
388 11 7 51 
385 12 6 51 
295 13 5 51 
5286 2 5 51 
5248 3 4 51 
5194 3 6 51 
4444 4 3 51 
4421 4 7 51 
3422 5 2 51 
3127 5 8 51 
2992 6 9 51 
2792 7 10 51 
2649 8 9 51 
2640 9 8 51 
2592 10 7 51 
2042 11 6 51 
1703 12 5 51 
1213 13 4 51 
980 3 5 51 
938 4 4 51 
632 4 6 51 
520 5 3 51 
459 5 7 51 
357 6 8 51 
204 7 9 51 
4744 8 8 51 
4559 9 7 51 
4478 10 6 51 
4339 11 5 51 
4222 12 4 51 
4135 13 3 51 
4103 4 5 51 
3834 5 4 51 
3631 5 6 51 
3581 6 7 51 
3289 7 8 51 
3012 8 7 51 
2928 9 6 51 
2841 10 5 51 
2802 11 4 51 
1919 12 3 51 
1642 13 2 51 
874 5 5 51 
755 6 6 51 
187 7 7 51 
4979 8 6 51 
4761 9 5 51 
4619 10 4 51 
3806 11 3 51 
3648 12 2 51 
3372 13 1 51 
3278 6 5 51 
2875 7 6 51 
1885 8 5 51 
1817 9 4 51 
1808 10 3 51 
1667 11 2 51 
1139 12 1 51 
681 13 0 51 
3891 6 4 51 
3478 7 5 51 
3164 8 4 51 
2987 9 3 51 
2784 10 2 51 
2679 11 1 51 
2170 12 0 51 
2038 6 3 51 
1144 7 4 51 
906 8 3 51 
760 9 2 51 
630 10 1 51 
629 11 0 51 
390 6 2 51 
5180 7 3 51 
3844 8 2 51 
3407 9 1 51 
2726 10 0 51 
2600 6 1 51 
1719 7 2 51 
1136 8 1 51 
795 9 0 51 
756 6 0 51 
475 7 1 51 
3728 8 0 51 
414 7 0 51 
3245 7 1 63 
2092 7 2 63 
2717 8 1 63 
2921 7 3 63 
5058 8 2 63 
140 9 1 63 
2026 7 4 64 
2003 8 3 64 
2188 9 2 64 
2880 10 1 64 
1306 7 5 64 
1601 8 4 64 
1653 9 3 64 
1936 10 2 64 
2309 11 1 64 
5127 7 6 65 
1247 8 5 65 
1358 9 4 65 
2824 10 3 65 
3196 11 2 65 
3599 12 1 65 
4574 6 6 66 
757 7 7 66 
1107 8 6 65 
1898 9 5 65 
1914 10 4 65 
2356 11 3 65 
3754 12 2 65 
3879 4 5 66 
4112 5 6 66 
4341 6 7 66 
4816 7 8 66 
611 8 7 66 
1177 9 6 66 
1735 10 5 66 
2438 11 4 66 
2539 12 3 66 
3460 3 5 67 
4315 4 4 67 
4789 4 6 67 
405 5 7 67 
868 6 8 67 
920 7 9 67 
1573 8 8 66 
1635 10 6 66 
1745 11 5 66 
2178 12 4 66 
2387 2 5 67 
2486 3 4 67 
2571 3 6 67 
3104 4 3 67 
3157 4 7 67 
3479 6 9 67 
3674 7 10 67 
4894 8 9 67 
19 11 6 67 
332 12 5 67 
607 1 5 68 
1215 2 4 68 
1660 2 6 68 
1909 3 3 68 
2081 3 7 68 
2250 4 2 68 
2491 6 10 68 
2677 7 11 68 
3242 8 10 68 
3361 11 7 68 
4183 12 6 68 
5161 1 4 69 
347 1 6 69 
806 2 3 69 
1189 2 7 69 
1834 3 2 69 
2569 4 1 69 
2950 5 10 69 
3273 6 11 69 
3359 7 12 69 
3657 8 11 69 
3884 11 8 68 
4102 12 7 68 
4159 13 6 68 
206 1 3 70 
677 1 7 70 
837 2 2 70 
1082 3 1 70 
1173 4 10 70 
1902 5 11 70 
2285 6 12 70 
2335 7 13 69 
2590 8 12 69 
3208 11 9 69 
3742 12 8 69 
4027 13 7 69 
4763 14 6 69 
4905 15 5 69 
5155 1 2 71 
5217 19 19 76 
5083 18 19 76 
4980 19 18 76 
4921 17 19 76 
4753 18 18 76 
4671 19 17 76 
4623 16 19 76 
4522 17 18 76 
3799 18 17 76 
3498 19 16 76 
3439 15 19 76 
3096 16 18 76 
3028 17 17 76 
3013 18 16 76 
2982 19 15 76 
2891 0 19 76 
2788 14 19 76 
2720 15 18 76 
2646 16 17 76 
2422 17 16 76 
2277 18 15 76 
2268 19 14 76 
2135 0 18 76 
2020 1 19 76 
1883 13 19 76 
1546 14 18 76 
1351 15 17 76 
1124 16 16 76 
1068 17 15 76 
922 18 14 76 
915 19 13 76 
690 0 17 76 
654 1 18 76 
554 2 19 76 
490 12 19 76 
458 13 18 76 
412 14 17 76 
118 15 16 76 
5279 16 15 76 
5178 17 14 76 
5148 18 13 76 
5027 19 12 76 
4741 0 16 76 
4296 1 17 76 
4179 2 18 76 
3939 3 19 76 
3412 11 19 76 
3320 12 18 76 
2965 13 17 76 
2797 14 16 76 
2751 15 15 76 
1821 16 14 76 
1643 17 13 76 
1365 18 12 76 
1334 19 11 76 
1281 0 15 76 
1108 1 16 76 
959 2 17 76 
917 3 18 76 
832 4 19 76 
692 10 19 76 
667 11 18 76 
542 12 17 76 
461 13 16 76 
288 14 15 76 
109 15 14 76 
68 16 13 76 
4477 17 12 76 
4178 18 11 76 
4031 19 0 76 
3934 19 10 76 
3787 0 14 76 
3709 1 15 76 
3363 2 16 76 
3001 3 17 76 
2908 4 18 76 
2624 5 19 76 
1913 9 19 76 
1515 10 18 76 
1394 11 17 76 
1357 12 16 76 
1303 13 15 76 
1291 14 14 76 
1176 15 13 76 
1172 16 12 76 
1111 17 11 76 
950 18 0 76 
945 18 10 76 
787 19 1 76 
737 19 9 76 
727 0 13 76 
586 1 14 76 
546 2 15 76 
413 3 16 76 
361 4 17 76 
164 5 18 76 
52 6 19 76 
5214 8 19 76 
5200 9 18 76 
4934 10 17 76 
4920 11 16 76 
4890 12 15 76 
4881 13 14 76 
4812 14 13 76 
4700 15 12 76 
4654 16 11 76 
4535 17 0 76 
4216 17 10 76 
4207 18 1 76 
4168 18 9 76 
3472 19 2 76 
3199 19 8 76 
3180 0 12 76 
2881 1 13 76 
2867 2 14 76 
2604 3 15 76 
2578 4 16 76 
2304 5 17 76 
2180 6 18 76 
2166 7 19 76 
2118 8 18 76 
2065 9 17 76 
1884 10 16 76 
1712 11 15 76 
1585 12 14 76 
1478 13 13 76 
1375 14 12 76 
1161 15 11 76 
821 16 0 76 
738 16 10 76 
599 17 1 76 
557 17 9 76 
516 18 2 76 
369 18 8 76 
242 19 3 76 
219 19 7 76 
75 0 11 76 
4924 1 12 76 
4589 2 13 76 
4346 3 14 76 
4300 4 15 76 
3675 5 16 76 
3534 6 17 76 
3381 7 18 76 
3083 8 17 76 
3054 9 16 76 
3029 10 15 76 
2958 11 14 76 
2947 12 13 76 
2876 13 12 76 
2854 14 11 76 
2782 15 0 76 
2772 15 10 76 
2664 16 1 76 
2213 16 9 76 
2058 17 2 76 
1958 17 8 76 
1810 18 3 76 
1752 18 7 76 
1655 19 4 76 
1492 19 6 76 
1284 0 0 76 
1202 0 10 76 
1199 1 11 76 
951 2 12 76 
723 3 13 76 
716 4 14 76 
636 5 15 76 
352 6 16 76 
262 7 17 76 
154 8 16 76 
106 9 15 76 
5114 10 14 76 
4888 11 13 76 
4675 12 12 76 
4334 13 11 76 
4278 14 0 76 
3896 14 10 76 
3752 15 1 76 
3386 15 9 76 
3057 16 2 76 
2853 16 8 76 
2695 17 3 76 
2557 17 7 76 
2543 18 4 76 
2103 18 6 76 
1415 19 5 76 
1148 0 1 76 
801 0 9 76 
594 1 0 76 
395 1 10 76 
282 2 11 76 
183 3 12 76 
5110 4 13 76 
4843 5 14 76 
4550 6 15 76 
4523 7 16 76 
4517 8 15 76 
4303 9 14 76 
3847 10 13 76 
3174 11 12 76 
3158 12 11 76 
3042 13 10 76 
3041 14 1 76 
2942 14 9 76 
2117 15 2 76 
1896 15 8 76 
1509 16 3 76 
1457 16 7 76 
1261 17 4 76 
867 17 6 76 
771 18 5 76 
146 0 2 76 
8 0 8 76 
5054 1 1 76 
4970 1 9 76 
4939 2 0 76 
4926 2 10 76 
4866 3 11 76 
4746 4 12 76 
4540 5 13 76 
4504 6 14 76 
4473 7 15 76 
4302 8 14 76 
4299 9 13 76 
4047 10 12 76 
3780 11 11 76 
3585 12 10 76 
3098 13 9 76 
2951 14 2 76 
2515 14 8 76 
2314 15 3 76 
2096 15 7 76 
2088 16 4 76 
1540 16 6 76 
816 17 5 76 
709 0 3 76 
598 0 7 76 
396 1 2 76 
5275 1 8 76 
4995 2 1 76 
4855 2 9 76 
4842 3 0 76 
4518 3 10 76 
4450 4 11 76 
4365 5 12 76 
4294 6 13 76 
3566 7 14 76 
3135 8 13 76 
3120 9 12 76 
3112 10 11 76 
3051 11 10 76 
2990 12 9 76 
2855 13 8 76 
2700 14 3 76 
2692 14 7 76 
2547 15 4 76 
2516 15 6 76 
2444 16 5 76 
2379 0 4 76 
1982 0 6 76 
1822 1 3 76 
1242 1 7 76 
1003 2 2 76 
928 2 8 76 
577 3 1 76 
309 3 9 76 
213 4 0 76 
5268 4 10 76 
4785 5 11 76 
4767 6 12 76 
4760 7 13 76 
4541 8 12 76 
4461 9 11 76 
4283 10 10 76 
4060 11 9 76 
3539 12 8 76 
3444 13 7 76 
3424 14 4 76 
3409 14 6 76 
3050 15 5 76 
2658 0 5 76 
2329 1 4 76 
2072 1 6 76 
1799 2 3 76 
1784 2 7 76 
1729 3 2 76 
1530 3 8 76 
1241 4 1 76 
526 4 9 76 
331 5 0 76 
5304 5 10 76 
5263 6 11 76 
5250 7 12 76 
5064 8 11 76 
4929 9 10 76 
4820 10 9 76 
4685 11 8 76 
4547 12 7 76 
4375 13 6 76 
4297 14 5 76 
4225 1 5 76 
4062 2 4 76 
3726 2 6 76 
2823 3 3 76 
2789 3 7 76 
2661 4 2 76 
2095 4 8 76 
1988 5 1 76 
1938 5 9 76 
1806 6 10 76 
1324 7 11 76 
1307 8 10 76 
1168 9 9 76 
764 10 8 76 
348 11 7 76 
4959 12 6 76 
4272 13 5 76 
3385 2 5 76 
2873 3 4 76 
2359 3 6 76 
2291 4 3 76 
1990 4 7 76 
913 5 2 76 
102 5 8 76 
38 6 9 76 
36 7 10 76 
5270 8 9 76 
5123 9 8 76 
4759 10 7 76 
4693 11 6 76 
4496 12 5 76 
4049 13 4 76 
3563 3 5 76 
3556 4 4 76 
3414 4 6 76 
3389 5 3 76 
3360 5 7 76 
3167 6 8 76 
2859 7 9 76 
2603 8 8 76 
1622 9 7 76 
1377 10 6 76 
1311 11 5 76 
1000 12 4 76 
814 13 3 76 
57 4 5 76 
5173 5 4 76 
5143 5 6 76 
4794 6 7 76 
4769 7 8 76 
4380 8 7 76 
4131 9 6 76 
3867 10 5 76 
3775 11 4 76 
3695 12 3 76 
3431 13 2 76 
3379 5 5 76 
3262 6 6 76 
3108 7 7 76 
3033 8 6 76 
2839 9 5 76 
2551 10 4 76 
2343 11 3 76 
1866 12 2 76 
1646 13 1 76 
1477 6 5 76 
1397 7 6 76 
903 8 5 76 
864 9 4 76 
762 10 3 76 
733 11 2 76 
675 12 1 76 
469 13 0 76 
296 6 4 76 
5041 7 5 76 
4546 8 4 76 
4528 9 3 76 
3518 10 2 76 
3035 11 1 76 
2239 12 0 76 
1203 6 3 76 
1152 7 4 76 
1010 8 3 76 
811 9 2 76 
665 10 1 76 
165 11 0 76 
5284 6 2 76 
3958 7 3 76 
1933 8 2 76 
1292 9 1 76 
505 10 0 76 
381 6 1 76 
4684 7 2 76 
4067 8 1 76 
3522 9 0 76 
3314 6 0 76 
3281 7 1 76 
2242 8 0 76 
376 7 0 76 
1140 7 1 87 
4226 7 2 87 
1120 8 1 87 
872 7 3 88 
973 8 2 88 
2758 9 1 88 
2676 7 4 89 
4064 8 3 89 
4329 9 2 89 
5051 10 1 89 
299 7 5 89 
2041 8 4 89 
2172 9 3 89 
2800 10 2 89 
3321 11 1 89 
4880 7 6 90 
7 8 5 90 
162 9 4 90 
258 10 3 90 
1025 11 2 90 
1373 12 1 90 
2134 6 6 90 
2204 7 7 90 
2315 8 6 90 
3521 9 5 90 
4143 10 4 90 
4167 11 3 90 
800 12 2 90 
1595 4 5 91 
3845 5 6 90 
4175 6 7 90 
559 7 8 90 
713 8 7 90 
807 9 6 90 
1182 10 5 90 
1967 11 4 90 
2558 12 3 90 
3192 3 5 91 
4399 4 4 91 
4914 4 6 91 
42 5 7 91 
359 6 8 91 
406 7 9 91 
659 8 8 91 
974 10 6 91 
1741 11 5 91 
2119 12 4 91 
2219 2 5 92 
2378 3 4 92 
3690 3 6 92 
3778 4 3 92 
4091 4 7 92 
4491 6 9 92 
223 7 10 92 
225 8 9 91 
650 11 6 91 
831 12 5 91 
1318 1 5 93 
1669 2 4 93 
3253 2 6 93 
3323 3 3 93 
3351 3 7 93 
3434 4 2 93 
4046 6 10 93 
4323 7 11 93 
4704 8 10 93 
1329 11 7 93 
1408 12 6 92 
2017 1 4 94 
2299 1 6 94 
2369 2 3 94 
2608 2 7 94 
2694 3 2 94 
2971 4 1 94 
2972 5 10 93 
3494 6 11 93 
3513 7 12 93 
4146 8 11 93 
4792 11 8 93 
5104 12 7 93 
40 13 6 93 
286 1 3 95 
769 1 7 95 
877 2 2 95 
1109 3 1 95 
1747 4 10 94 
2249 5 11 94 
2284 6 12 94 
2601 7 13 94 
3300 8 12 94 
3328 11 9 94 
3341 12 8 94 
3364 13 7 94 
3790 14 6 94 
3822 15 5 94 
4071 1 2 96 
4085 2 1 95 
4099 3 10 95 
4538 4 11 95 
4656 5 12 95 
4751 6 13 95 
5036 7 14 95 
