1648
5008 0 16 1 
4835 11 19 1 
4818 0 17 1 
4559 0 19 1 
4443 1 16 1 
4442 10 19 1 
4256 11 18 1 
4201 0 18 1 
4198 1 17 1 
4014 1 19 1 
3766 2 16 1 
3614 9 19 1 
3559 10 18 1 
3370 11 17 1 
2815 0 15 1 
2808 1 18 1 
2654 2 17 1 
2602 2 19 1 
2557 4 19 1 
2218 8 19 1 
1979 9 18 1 
1934 10 17 1 
1717 0 14 1 
1594 1 15 1 
1101 2 18 1 
983 3 15 1 
838 3 19 1 
685 4 18 1 
36 5 19 1 
5390 7 19 1 
5346 8 18 1 
5320 9 17 1 
5199 0 11 1 
5186 0 13 1 
5124 1 14 1 
5032 2 15 1 
4866 3 14 1 
4601 3 18 1 
4596 4 17 1 
4050 5 18 1 
3984 6 19 1 
3764 7 18 1 
3678 8 17 1 
3668 9 16 1 
3355 0 12 1 
3295 1 11 1 
3249 1 13 1 
3052 2 14 1 
2986 3 17 1 
2760 5 17 1 
2741 6 18 1 
2564 7 17 1 
2480 8 16 1 
1819 1 12 1 
1453 2 11 1 
1161 2 13 1 
832 3 16 1 
637 5 16 1 
401 6 17 1 
67 7 16 1 
29 2 12 1 
5381 3 11 1 
5195 4 16 1 
5109 5 11 1 
5061 6 16 1 
4454 19 17 1 
4233 19 19 1 
3881 3 12 1 
3774 4 11 1 
3717 4 15 1 
3497 6 15 1 
3391 18 17 1 
3183 18 19 1 
3152 19 18 1 
2938 3 13 1 
2936 4 12 1 
2475 4 14 1 
2225 5 15 1 
2166 6 14 1 
1996 17 17 1 
1948 17 19 1 
1902 18 18 1 
1889 4 13 1 
1801 5 14 1 
1785 12 19 1 
1778 16 17 1 
1494 16 19 1 
1377 17 18 1 
1375 5 13 1 
1233 6 10 1 
536 7 15 1 
141 9 15 1 
42 12 18 1 
5302 13 19 1 
5117 15 19 1 
5066 16 18 1 
4787 5 12 1 
4751 6 11 1 
4662 6 13 1 
4570 7 10 1 
4413 7 14 1 
4340 8 15 1 
4268 12 17 1 
4182 13 18 1 
4063 14 19 1 
3959 15 18 1 
3710 6 12 1 
3705 7 11 1 
3494 7 13 1 
3231 8 10 1 
3119 8 14 1 
2757 10 16 1 
2417 13 17 1 
1953 14 18 1 
1945 7 12 1 
1673 8 11 1 
1653 8 13 1 
898 9 10 1 
806 9 14 1 
561 10 15 1 
486 11 16 1 
462 13 16 1 
362 14 17 1 
55 19 16 1 
5388 8 12 1 
5327 9 11 1 
5308 9 13 1 
5279 10 14 1 
5262 11 15 1 
5022 12 16 1 
4956 13 15 1 
4633 14 16 1 
4437 15 17 1 
4411 18 16 1 
4271 19 15 1 
4236 9 12 1 
4159 10 9 1 
4150 10 13 1 
4067 11 14 1 
3946 12 15 1 
3638 14 15 1 
2926 15 16 1 
2773 17 16 1 
2453 18 15 1 
2348 19 14 1 
2097 10 10 1 
1956 10 12 1 
1872 11 9 1 
1789 11 13 1 
1731 12 14 1 
1290 15 15 1 
1208 16 16 1 
1186 17 15 1 
1179 18 14 1 
826 19 11 1 
606 19 13 1 
573 10 11 1 
350 11 10 1 
259 11 12 1 
51 12 9 1 
5281 12 13 1 
5164 13 14 1 
5011 16 15 1 
4689 17 14 1 
4341 18 11 1 
3952 18 13 1 
3805 19 12 1 
3758 11 11 1 
3598 12 10 1 
3326 12 12 1 
2767 13 9 1 
2645 13 13 1 
2177 14 14 1 
1973 16 14 1 
1951 17 11 1 
1933 17 13 1 
1664 18 12 1 
1524 12 11 1 
1231 13 10 1 
1066 13 12 1 
872 14 13 1 
769 15 14 1 
525 16 13 1 
406 17 12 1 
344 13 11 1 
183 14 12 1 
5231 15 13 1 
5170 16 12 1 
5069 14 11 1 
4805 15 12 1 
4545 16 11 1 
4492 14 10 1 
4380 15 11 1 
4232 14 9 1 
4163 15 10 1 
4080 14 8 1 
4046 15 9 1 
3963 16 10 1 
3914 15 8 1 
3567 16 9 1 
3457 17 10 1 
3452 19 10 1 
2680 16 8 1 
2620 17 9 1 
2533 18 10 1 
2516 19 9 1 
2274 15 0 1 
2105 17 0 1 
2087 17 8 1 
2017 18 9 1 
1750 19 0 1 
1562 19 8 1 
1476 15 1 1 
1255 16 0 1 
1067 17 1 1 
1010 18 0 1 
901 18 8 1 
845 19 1 1 
568 19 5 1 
321 19 7 1 
5159 15 2 1 
4943 16 1 1 
4931 18 1 1 
4766 18 5 1 
4058 18 7 1 
3691 19 2 1 
3364 19 6 1 
3247 15 3 1 
3204 16 2 1 
3138 17 7 1 
3009 18 2 1 
2785 18 6 1 
2719 19 3 1 
2364 13 8 1 
2190 16 3 1 
1989 16 7 1 
1781 17 2 1 
1587 17 6 1 
1492 18 3 1 
1307 19 4 1 
1248 10 8 1 
1133 12 8 1 
1030 13 7 1 
929 15 7 1 
927 16 6 1 
794 17 3 1 
759 17 5 1 
5253 18 4 1 
5049 10 7 1 
4846 11 8 1 
4803 12 7 1 
4434 14 7 1 
4401 15 6 1 
4177 16 5 1 
3832 17 4 1 
3639 10 6 1 
3583 11 7 1 
2829 14 6 1 
2822 15 5 1 
2766 16 4 1 
2702 10 5 1 
2421 11 6 1 
2381 13 6 1 
2312 14 5 1 
2221 15 4 1 
2185 0 10 1 
1142 4 10 1 
895 10 4 1 
64 11 5 1 
33 12 6 1 
4950 13 5 1 
4829 14 0 1 
4778 14 4 1 
4604 0 9 1 
4450 1 10 1 
4164 3 10 1 
4103 4 9 1 
3977 10 3 1 
3902 11 4 1 
3776 12 5 1 
3697 13 0 1 
3643 13 4 1 
3534 14 1 1 
3405 14 3 1 
2997 0 8 1 
2931 1 9 1 
2630 2 10 1 
2359 3 9 1 
2344 9 5 1 
2343 9 9 1 
2273 11 3 1 
2197 12 0 1 
2055 12 4 1 
1098 13 1 1 
994 13 3 1 
755 14 2 1 
500 0 7 1 
388 1 8 1 
5259 2 9 1 
5035 8 5 1 
4400 8 9 1 
3953 9 6 1 
3580 9 8 1 
3430 11 0 1 
3390 12 1 1 
3338 12 3 1 
3180 13 2 1 
3111 0 6 1 
2968 1 7 1 
2901 2 8 1 
2838 7 5 1 
2783 7 9 1 
2100 8 6 1 
2014 8 8 1 
1932 9 7 1 
297 10 0 1 
193 11 1 1 
5292 12 2 1 
5151 1 6 1 
4757 2 7 1 
4702 3 8 1 
4407 5 10 1 
4316 6 9 1 
4110 7 6 1 
3782 7 8 1 
3487 8 7 1 
3303 9 0 1 
2937 9 4 1 
2864 10 1 1 
2651 11 2 1 
2527 2 6 1 
2208 3 7 1 
1994 4 8 1 
1393 5 9 1 
1136 6 8 1 
1051 7 7 1 
867 8 0 1 
657 8 4 1 
607 9 1 1 
202 9 3 1 
4898 10 2 1 
4049 3 6 1 
3942 4 7 1 
3573 5 8 1 
3394 6 7 1 
3254 7 0 1 
3221 8 1 1 
2946 8 3 1 
2917 9 2 1 
2713 3 5 1 
2623 4 6 1 
2554 5 7 1 
2393 6 0 1 
2320 6 6 1 
2013 7 1 1 
1981 8 2 1 
1624 4 5 1 
1157 5 0 1 
1031 5 6 1 
412 6 1 1 
192 6 5 1 
5391 7 2 1 
5157 7 4 1 
4939 4 0 1 
4827 5 1 1 
4391 5 5 1 
4064 6 2 1 
4032 6 4 1 
3541 7 3 1 
3116 0 5 1 
2905 4 1 1 
2324 5 2 1 
2278 5 4 1 
1939 6 3 1 
1755 0 4 1 
1724 1 5 1 
559 4 2 1 
364 4 4 1 
4516 5 3 1 
3285 1 4 1 
3103 2 5 1 
2849 3 4 1 
1820 4 3 1 
1297 2 4 1 
1264 3 3 1 
807 2 3 1 
479 3 2 1 
5251 1 3 1 
5210 2 2 1 
4828 3 1 1 
3324 0 3 1 
1576 1 2 1 
1083 2 1 1 
243 3 0 1 
3947 0 2 1 
3404 1 1 1 
3259 2 0 1 
2729 0 1 1 
2398 1 0 1 
2059 0 0 1 
1578 6 8 17 
2467 7 8 17 
4639 10 1 17 
446 8 8 18 
2314 11 1 18 
5173 1 9 19 
1621 13 3 19 
2595 11 4 19 
3688 11 5 20 
2370 18 9 22 
5101 17 9 22 
1146 18 12 23 
5378 0 16 26 
5362 11 19 26 
5241 0 17 26 
5115 0 19 26 
5070 1 16 26 
4997 10 19 26 
4574 11 18 26 
4423 0 18 26 
4234 1 17 26 
4154 1 19 26 
4132 2 16 26 
4006 9 19 26 
3876 10 18 26 
3772 11 17 26 
3336 0 15 26 
3045 1 18 26 
2960 2 17 26 
2763 2 19 26 
2718 4 19 26 
2561 8 19 26 
2169 9 18 26 
1471 10 17 26 
1382 0 14 26 
1212 1 15 26 
1120 2 18 26 
802 3 15 26 
783 3 19 26 
768 4 18 26 
639 5 19 26 
458 7 19 26 
436 8 18 26 
153 9 17 26 
145 0 11 26 
5125 0 13 26 
5033 1 14 26 
4969 2 15 26 
4890 3 14 26 
4797 3 18 26 
4569 4 17 26 
4324 5 18 26 
4148 6 19 26 
3845 7 18 26 
3828 8 17 26 
3768 9 16 26 
3443 0 12 26 
3094 1 11 26 
3005 1 13 26 
2579 2 14 26 
2505 3 17 26 
2414 5 17 26 
2228 6 18 26 
2219 7 17 26 
2106 8 16 26 
1992 1 12 26 
1913 2 11 26 
1832 2 13 26 
1529 3 16 26 
1511 5 16 26 
1371 6 17 26 
1100 7 16 26 
1024 2 12 26 
962 3 11 26 
935 4 16 26 
772 5 11 26 
736 6 16 26 
620 19 17 26 
524 19 19 26 
475 3 12 26 
424 4 11 26 
392 4 15 26 
5212 6 15 26 
5184 18 17 26 
5177 18 19 26 
5137 19 18 26 
4992 3 13 26 
4463 4 12 26 
4190 4 14 26 
4100 5 15 26 
3895 6 14 26 
3752 17 17 26 
3666 17 19 26 
3594 18 18 26 
3446 4 13 26 
3382 5 14 26 
3049 12 19 26 
2871 16 17 26 
2807 16 19 26 
2588 17 18 26 
2016 5 13 26 
1965 6 10 26 
1859 7 15 26 
1765 9 15 26 
1493 12 18 26 
1442 13 19 26 
1236 15 19 26 
1095 16 18 26 
988 5 12 26 
961 6 11 26 
892 6 13 26 
652 7 10 26 
629 7 14 26 
602 8 15 26 
583 12 17 26 
543 13 18 26 
5258 14 19 26 
5154 15 18 26 
5153 6 12 26 
5048 7 11 26 
4899 7 13 26 
4676 8 10 26 
4558 8 14 26 
4535 10 16 26 
4221 13 17 26 
3996 14 18 26 
3833 7 12 26 
3788 8 11 26 
3738 8 13 26 
3627 9 10 26 
3492 9 14 26 
3478 10 15 26 
3387 11 16 26 
3333 13 16 26 
3328 14 17 26 
2989 19 16 26 
2922 8 12 26 
2909 9 11 26 
2484 9 13 26 
2266 10 14 26 
2214 11 15 26 
2191 12 16 26 
1139 13 15 26 
996 14 16 26 
633 15 17 26 
493 18 16 26 
318 19 15 26 
234 9 12 26 
121 10 9 26 
44 10 13 26 
5295 11 14 26 
5126 12 15 26 
5078 14 15 26 
5055 15 16 26 
5041 17 16 26 
4849 18 15 26 
4848 19 14 26 
4701 10 10 26 
4678 10 12 26 
4598 11 9 26 
4402 11 13 26 
4228 12 14 26 
4191 15 15 26 
4123 16 16 26 
4098 17 15 26 
3975 18 14 26 
3607 19 11 26 
3577 19 13 26 
3317 10 11 26 
3206 11 10 26 
3065 11 12 26 
3059 12 9 26 
2786 12 13 26 
2759 13 14 26 
2391 16 15 26 
1929 17 14 26 
1827 18 11 26 
1668 18 13 26 
1521 19 12 26 
1485 11 11 26 
1434 12 10 26 
1163 12 12 26 
827 13 9 26 
669 13 13 26 
666 14 14 26 
565 16 14 26 
564 17 11 26 
214 17 13 26 
135 18 12 26 
82 12 11 26 
5365 13 10 26 
4842 13 12 26 
4772 14 13 26 
4369 15 14 26 
4330 16 13 26 
4224 17 12 26 
4001 13 11 26 
3800 14 12 26 
3735 15 13 26 
3671 16 12 26 
3564 14 11 26 
3498 15 12 26 
3192 16 11 26 
2816 14 10 26 
2053 15 11 26 
2028 14 9 26 
2024 15 10 26 
1780 14 8 26 
1703 15 9 26 
1481 16 10 26 
1455 15 8 26 
513 16 9 26 
403 17 10 26 
295 19 10 26 
252 16 8 26 
5244 17 9 26 
5147 18 10 26 
4888 19 9 26 
4555 15 0 26 
4162 17 0 26 
4092 17 8 26 
3923 18 9 26 
3846 19 0 26 
3831 19 8 26 
3783 15 1 26 
3726 16 0 26 
3272 17 1 26 
2933 18 0 26 
2925 18 8 26 
2659 19 1 26 
2598 19 5 26 
2456 19 7 26 
2399 15 2 26 
2341 16 1 26 
2291 18 1 26 
2245 18 5 26 
2141 18 7 26 
2089 19 2 26 
1918 19 6 26 
1691 15 3 26 
1490 16 2 26 
924 17 7 26 
881 18 2 26 
142 18 6 26 
117 19 3 26 
5021 13 8 26 
4891 16 3 26 
4686 16 7 26 
4546 17 2 26 
4329 17 6 26 
4280 18 3 26 
4010 19 4 26 
3791 10 8 26 
3700 12 8 26 
3462 13 7 26 
2825 15 7 26 
2754 16 6 26 
2739 17 3 26 
2737 17 5 26 
2477 18 4 26 
2297 10 7 26 
2010 11 8 26 
1399 12 7 26 
1286 14 7 26 
703 15 6 26 
591 16 5 26 
366 17 4 26 
363 10 6 26 
269 11 7 26 
190 14 6 26 
128 15 5 26 
16 16 4 26 
5313 10 5 26 
5269 11 6 26 
5248 13 6 26 
5202 14 5 26 
4960 15 4 26 
4641 0 10 26 
4630 4 10 26 
4482 10 4 26 
4178 11 5 26 
4120 12 6 26 
4111 13 5 26 
3781 14 0 26 
3648 14 4 26 
3354 0 9 26 
3143 1 10 26 
2861 3 10 26 
2841 4 9 26 
2789 10 3 26 
2156 11 4 26 
1964 12 5 26 
1335 13 0 26 
1008 13 4 26 
1004 14 1 26 
636 14 3 26 
557 0 8 26 
498 1 9 26 
427 2 10 26 
4 3 9 26 
5359 9 5 26 
5311 9 9 26 
5304 11 3 26 
5232 12 0 26 
5050 12 4 26 
4993 13 1 26 
4483 13 3 26 
4019 14 2 26 
3427 0 7 26 
2318 1 8 26 
2200 2 9 26 
1914 8 5 26 
1901 8 9 26 
1753 9 6 26 
1421 9 8 26 
640 11 0 26 
453 12 1 26 
5163 12 3 26 
4742 13 2 26 
4505 0 6 26 
4205 1 7 26 
4040 2 8 26 
3196 7 5 26 
3184 7 9 26 
3129 8 6 26 
3095 8 8 26 
3055 9 7 26 
2987 10 0 26 
2081 11 1 26 
2050 12 2 26 
2048 1 6 26 
1758 2 7 26 
1643 3 8 26 
1510 5 10 26 
1415 6 9 26 
662 7 6 26 
5335 7 8 26 
5282 8 7 26 
4971 9 0 26 
4970 9 4 26 
4940 10 1 26 
4310 11 2 26 
4000 2 6 26 
3804 3 7 26 
3585 4 8 26 
3499 5 9 26 
2972 6 8 26 
2870 7 7 26 
2800 8 0 26 
2447 8 4 26 
2315 9 1 26 
2241 9 3 26 
2233 10 2 26 
2180 3 6 26 
2067 4 7 26 
967 5 8 26 
722 6 7 26 
5275 7 0 26 
4881 8 1 26 
4475 8 3 26 
4449 9 2 26 
4398 3 5 26 
4269 4 6 26 
4230 5 7 26 
4056 6 0 26 
3736 6 6 26 
3629 7 1 26 
3459 8 2 26 
3337 4 5 26 
2130 5 0 26 
2018 5 6 26 
1866 6 1 26 
1833 6 5 26 
742 7 2 26 
5075 7 4 26 
5065 4 0 26 
4986 5 1 26 
4621 5 5 26 
4512 6 2 26 
3813 6 4 26 
3507 7 3 26 
3310 0 5 26 
3017 4 1 26 
2635 5 2 26 
2576 5 4 26 
1170 6 3 26 
469 0 4 26 
90 1 5 26 
4936 4 2 26 
4460 4 4 26 
4289 5 3 26 
4108 1 4 26 
3929 2 5 26 
3533 3 4 26 
2910 4 3 26 
2882 2 4 26 
2860 3 3 26 
2420 2 3 26 
1210 3 2 26 
798 1 3 26 
5145 2 2 26 
4652 3 1 26 
3950 0 3 26 
3435 1 2 26 
2962 2 1 26 
2955 3 0 26 
2804 0 2 26 
2137 1 1 26 
1479 2 0 26 
472 0 1 26 
3894 1 0 26 
2275 0 0 26 
1214 6 8 42 
4210 7 8 42 
487 10 1 42 
3198 8 8 43 
4121 11 1 43 
3484 1 9 45 
5085 13 3 44 
1704 11 4 45 
1365 11 5 45 
2091 18 9 47 
2540 17 9 47 
4937 0 16 51 
4704 11 19 51 
4530 0 17 51 
4247 0 19 51 
4186 1 16 51 
4053 10 19 51 
3928 11 18 51 
3587 0 18 51 
3451 1 17 51 
3418 1 19 51 
3359 2 16 51 
3166 9 19 51 
3051 10 18 51 
2885 11 17 51 
2834 0 15 51 
2709 1 18 51 
2482 2 17 51 
2445 2 19 51 
2356 4 19 51 
2263 8 19 51 
2203 9 18 51 
2187 10 17 51 
1746 0 14 51 
1575 1 15 51 
1486 2 18 51 
1432 3 15 51 
957 3 19 51 
361 4 18 51 
231 5 19 51 
212 7 19 51 
57 8 18 51 
5356 9 17 51 
5348 0 11 51 
5230 0 13 51 
4967 1 14 51 
4915 2 15 51 
4912 3 14 51 
4798 3 18 51 
4502 4 17 51 
4418 5 18 51 
4354 6 19 51 
4296 7 18 51 
4200 8 17 51 
4026 9 16 51 
3944 0 12 51 
3553 1 11 51 
3537 1 13 51 
3431 2 14 51 
3423 3 17 51 
3296 5 17 51 
3035 6 18 51 
2929 7 17 51 
2851 8 16 51 
2715 1 12 51 
2647 2 11 51 
2493 2 13 51 
2287 3 16 51 
2249 5 16 51 
2238 6 17 51 
2112 7 16 51 
2038 2 12 51 
1898 3 11 51 
1538 4 16 51 
1123 5 11 51 
732 6 16 51 
712 19 17 51 
704 19 19 51 
641 3 12 51 
581 4 11 51 
79 4 15 51 
5349 6 15 51 
5016 18 17 51 
5009 18 19 51 
5002 19 18 51 
4826 3 13 51 
4721 4 12 51 
4542 4 14 51 
4078 5 15 51 
4041 6 14 51 
3918 17 17 51 
3633 17 19 51 
3591 18 18 51 
3590 4 13 51 
2973 5 14 51 
2878 12 19 51 
2534 16 17 51 
2478 16 19 51 
2408 17 18 51 
2397 5 13 51 
2226 6 10 51 
2159 7 15 51 
2144 9 15 51 
2133 12 18 51 
1952 13 19 51 
1917 15 19 51 
1906 16 18 51 
1776 5 12 51 
1741 6 11 51 
1572 6 13 51 
1474 7 10 51 
1220 7 14 51 
1135 8 15 51 
1130 12 17 51 
624 13 18 51 
387 14 19 51 
213 15 18 51 
5366 6 12 51 
4815 7 11 51 
4696 7 13 51 
4658 8 10 51 
4591 8 14 51 
4427 10 16 51 
3716 13 17 51 
3692 14 18 51 
3353 7 12 51 
3288 8 11 51 
2746 8 13 51 
2568 9 10 51 
2508 9 14 51 
2261 10 15 51 
2101 11 16 51 
1970 13 16 51 
1835 14 17 51 
1346 19 16 51 
1308 8 12 51 
1294 9 11 51 
923 9 13 51 
852 10 14 51 
612 11 15 51 
589 12 16 51 
567 13 15 51 
468 14 16 51 
413 15 17 51 
280 18 16 51 
5397 19 15 51 
4948 9 12 51 
4720 10 9 51 
4478 10 13 51 
4455 11 14 51 
4395 12 15 51 
4319 14 15 51 
4315 15 16 51 
4174 17 16 51 
3385 18 15 51 
3216 19 14 51 
3004 10 10 51 
2932 10 12 51 
2848 11 9 51 
2705 11 13 51 
2116 12 14 51 
1982 15 15 51 
1830 16 16 51 
1774 17 15 51 
1642 18 14 51 
1463 19 11 51 
1411 19 13 51 
1347 10 11 51 
1318 11 10 51 
1239 11 12 51 
1229 12 9 51 
1194 12 13 51 
1088 13 14 51 
1052 16 15 51 
1023 17 14 51 
939 18 11 51 
700 18 13 51 
697 19 12 51 
550 11 11 51 
433 12 10 51 
127 12 12 51 
5394 13 9 51 
5325 13 13 51 
4957 14 14 51 
4756 16 14 51 
4712 17 11 51 
4471 17 13 51 
4235 18 12 51 
3983 12 11 51 
3960 13 10 51 
3819 13 12 51 
3176 14 13 51 
3170 15 14 51 
2688 16 13 51 
2518 17 12 51 
2372 13 11 51 
2347 14 12 51 
2058 15 13 51 
2037 16 12 51 
1968 14 11 51 
1824 15 12 51 
1689 16 11 51 
1641 14 10 51 
1637 15 11 51 
1149 14 9 51 
1048 15 10 51 
647 14 8 51 
594 15 9 51 
304 16 10 51 
302 15 8 51 
147 16 9 51 
5283 17 10 51 
5096 19 10 51 
4387 16 8 51 
4246 17 9 51 
4220 18 10 51 
3871 19 9 51 
3779 15 0 51 
3761 17 0 51 
3510 17 8 51 
3426 18 9 51 
3234 19 0 51 
2608 19 8 51 
2528 15 1 51 
2503 16 0 51 
2163 17 1 51 
1586 18 0 51 
1340 18 8 51 
1097 19 1 51 
1005 19 5 51 
984 19 7 51 
964 15 2 51 
698 16 1 51 
534 18 1 51 
490 18 5 51 
480 18 7 51 
374 19 2 51 
197 19 6 51 
38 15 3 51 
5399 16 2 51 
5355 17 7 51 
4748 18 2 51 
4599 18 6 51 
4577 19 3 51 
4452 13 8 51 
4377 16 3 51 
4347 16 7 51 
4170 17 2 51 
3935 17 6 51 
3689 18 3 51 
3520 19 4 51 
3508 10 8 51 
3213 12 8 51 
3131 13 7 51 
3123 15 7 51 
3029 16 6 51 
2433 17 3 51 
2405 17 5 51 
1987 18 4 51 
1838 10 7 51 
1773 11 8 51 
1285 12 7 51 
1112 14 7 51 
5201 15 6 51 
5149 16 5 51 
4905 17 4 51 
4408 10 6 51 
4294 11 7 51 
3878 14 6 51 
3675 15 5 51 
3366 16 4 51 
3269 10 5 51 
3185 11 6 51 
3157 13 6 51 
3013 14 5 51 
2944 15 4 51 
2664 0 10 51 
2649 4 10 51 
2192 10 4 51 
2080 11 5 51 
2051 12 6 51 
1862 13 5 51 
1760 14 0 51 
1623 14 4 51 
1435 0 9 51 
1014 1 10 51 
786 3 10 51 
785 4 9 51 
740 10 3 51 
449 11 4 51 
154 12 5 51 
5270 13 0 51 
5119 13 4 51 
4753 14 1 51 
4642 14 3 51 
4620 0 8 51 
4297 1 9 51 
4284 2 10 51 
3637 3 9 51 
3608 9 5 51 
3441 9 9 51 
3306 11 3 51 
2684 12 0 51 
2530 12 4 51 
2401 13 1 51 
2355 13 3 51 
2265 14 2 51 
2111 0 7 51 
1821 1 8 51 
1177 2 9 51 
1034 8 5 51 
1000 8 9 51 
999 9 6 51 
181 9 8 51 
4802 11 0 51 
4125 12 1 51 
3981 12 3 51 
3665 13 2 51 
3468 0 6 51 
3416 1 7 51 
3411 2 8 51 
2060 7 5 51 
2042 7 9 51 
1920 8 6 51 
1899 8 8 51 
1896 9 7 51 
1119 10 0 51 
864 11 1 51 
518 12 2 51 
383 1 6 51 
224 2 7 51 
5059 3 8 51 
5005 5 10 51 
4057 6 9 51 
4004 7 6 51 
3620 7 8 51 
3284 8 7 51 
3073 9 0 51 
3062 9 4 51 
2474 10 1 51 
2349 11 2 51 
2282 2 6 51 
2034 3 7 51 
1876 4 8 51 
1360 5 9 51 
1175 6 8 51 
1155 7 7 51 
1046 8 0 51 
835 8 4 51 
325 9 1 51 
149 9 3 51 
39 10 2 51 
5309 3 6 51 
5143 4 7 51 
4875 5 8 51 
4872 6 7 51 
4441 7 0 51 
4416 8 1 51 
3932 8 3 51 
3796 9 2 51 
3769 3 5 51 
3612 4 6 51 
3257 5 7 51 
2995 6 0 51 
2170 6 6 51 
2023 7 1 51 
1831 8 2 51 
1137 4 5 51 
452 5 0 51 
5260 5 6 51 
5054 6 1 51 
4055 6 5 51 
3793 7 2 51 
3464 7 4 51 
3239 4 0 51 
2594 5 1 51 
2158 5 5 51 
1535 6 2 51 
1514 6 4 51 
791 7 3 51 
532 0 5 51 
447 4 1 51 
4688 5 2 51 
4680 5 4 51 
4520 6 3 51 
3652 0 4 51 
3586 1 5 51 
2599 4 2 51 
1882 4 4 51 
1515 5 3 51 
1496 1 4 51 
1409 2 5 51 
1314 3 4 51 
440 4 3 51 
5127 2 4 51 
3566 3 3 51 
3350 2 3 51 
2798 3 2 51 
2721 1 3 51 
2045 2 2 51 
1571 3 1 51 
816 0 3 51 
102 1 2 51 
3527 2 1 51 
3500 3 0 51 
3313 0 2 51 
2795 1 1 51 
2514 2 0 51 
1839 0 1 51 
956 1 0 51 
671 0 0 51 
397 6 8 67 
194 7 8 67 
3803 10 1 67 
303 8 8 68 
2011 11 1 68 
3282 1 9 69 
1025 13 3 69 
2959 11 4 70 
3849 11 5 70 
1942 18 9 72 
3472 17 9 72 
4553 18 12 73 
5045 11 12 74 
4942 0 16 76 
4809 11 19 76 
4795 0 17 76 
4715 0 19 76 
4544 1 16 76 
4537 10 19 76 
4216 11 18 76 
3905 0 18 76 
3732 1 17 76 
3699 1 19 76 
3596 2 16 76 
3448 9 19 76 
3442 10 18 76 
3439 11 17 76 
3212 0 15 76 
3126 1 18 76 
3110 2 17 76 
3083 2 19 76 
2517 4 19 76 
2334 8 19 76 
1204 9 18 76 
1188 10 17 76 
1070 0 14 76 
1068 1 15 76 
1028 2 18 76 
1009 3 15 76 
907 3 19 76 
893 4 18 76 
868 5 19 76 
613 7 19 76 
555 8 18 76 
375 9 17 76 
300 0 11 76 
278 0 13 76 
22 1 14 76 
5027 2 15 76 
4074 3 14 76 
4036 3 18 76 
3858 4 17 76 
3575 5 18 76 
3361 6 19 76 
3279 7 18 76 
3233 8 17 76 
3219 9 16 76 
3171 0 12 76 
3132 1 11 76 
2764 1 13 76 
2723 2 14 76 
2694 3 17 76 
2679 5 17 76 
2661 6 18 76 
2548 7 17 76 
2541 8 16 76 
2255 1 12 76 
2236 2 11 76 
2007 2 13 76 
1807 3 16 76 
1658 5 16 76 
1265 6 17 76 
1221 7 16 76 
1091 2 12 76 
1027 3 11 76 
858 4 16 76 
635 5 11 76 
630 6 16 76 
609 19 17 76 
599 19 19 76 
533 3 12 76 
306 4 11 76 
246 4 15 76 
54 6 15 76 
5369 18 17 76 
5176 18 19 76 
4922 19 18 76 
4581 3 13 76 
4529 4 12 76 
4134 4 14 76 
3976 5 15 76 
3958 6 14 76 
3840 17 17 76 
3595 17 19 76 
3556 18 18 76 
3409 4 13 76 
3292 5 14 76 
3228 12 19 76 
3060 16 17 76 
2858 16 19 76 
2189 17 18 76 
1436 5 13 76 
1428 6 10 76 
1383 7 15 76 
1268 9 15 76 
991 12 18 76 
940 13 19 76 
792 15 19 76 
752 16 18 76 
437 5 12 76 
76 6 11 76 
5158 6 13 76 
4774 7 10 76 
4717 7 14 76 
4615 8 15 76 
4578 12 17 76 
4476 13 18 76 
4342 14 19 76 
4328 15 18 76 
4320 6 12 76 
4181 7 11 76 
3818 7 13 76 
3799 8 10 76 
3748 8 14 76 
3645 10 16 76 
3611 13 17 76 
3182 14 18 76 
3054 7 12 76 
2784 8 11 76 
2769 8 13 76 
2589 9 10 76 
2129 9 14 76 
1698 10 15 76 
1645 11 16 76 
1500 13 16 76 
1425 14 17 76 
1379 19 16 76 
1151 8 12 76 
1102 9 11 76 
1078 9 13 76 
980 10 14 76 
884 11 15 76 
821 12 16 76 
724 13 15 76 
661 14 16 76 
91 15 17 76 
4919 18 16 76 
4908 19 15 76 
4793 9 12 76 
4617 10 9 76 
4602 10 13 76 
4522 11 14 76 
4373 12 15 76 
4366 14 15 76 
3910 15 16 76 
3659 17 16 76 
3417 18 15 76 
3167 19 14 76 
3021 10 10 76 
2803 10 12 76 
2419 11 9 76 
2365 11 13 76 
2071 12 14 76 
1570 15 15 76 
1532 16 16 76 
1279 17 15 76 
1278 18 14 76 
463 19 11 76 
404 19 13 76 
229 10 11 76 
196 11 10 76 
77 11 12 76 
4911 12 9 76 
4671 12 13 76 
4616 13 14 76 
4538 16 15 76 
4424 17 14 76 
4334 18 11 76 
4016 18 13 76 
3650 19 12 76 
3371 11 11 76 
3144 12 10 76 
3115 12 12 76 
2956 13 9 76 
2865 13 13 76 
2836 14 14 76 
2792 16 14 76 
2772 17 11 76 
2404 17 13 76 
2184 18 12 76 
1620 12 11 76 
1551 13 10 76 
1488 13 12 76 
1200 14 13 76 
888 15 14 76 
854 16 13 76 
574 17 12 76 
249 13 11 76 
173 14 12 76 
119 15 13 76 
5207 16 12 76 
5013 14 11 76 
4885 15 12 76 
4880 16 11 76 
4878 14 10 76 
4873 15 11 76 
4850 14 9 76 
4533 15 10 76 
4176 14 8 76 
3951 15 9 76 
3729 16 10 76 
3708 15 8 76 
3576 16 9 76 
3550 17 10 76 
3547 19 10 76 
3474 16 8 76 
3415 17 9 76 
3243 18 10 76 
3139 19 9 76 
3130 15 0 76 
2888 17 0 76 
2776 17 8 76 
2556 18 9 76 
2470 19 0 76 
2373 19 8 76 
2303 15 1 76 
2093 16 0 76 
1796 17 1 76 
1761 18 0 76 
1742 18 8 76 
1602 19 1 76 
1555 19 5 76 
1299 19 7 76 
1222 15 2 76 
1152 16 1 76 
600 18 1 76 
391 18 5 76 
47 18 7 76 
5200 19 2 76 
5182 19 6 76 
5174 15 3 76 
4847 16 2 76 
4790 17 7 76 
4661 18 2 76 
4531 18 6 76 
4473 19 3 76 
4370 13 8 76 
4298 16 3 76 
4179 16 7 76 
3945 17 2 76 
3834 17 6 76 
3797 18 3 76 
3597 19 4 76 
3352 10 8 76 
3133 12 8 76 
3050 13 7 76 
2875 15 7 76 
2820 16 6 76 
2510 17 3 76 
2054 17 5 76 
1841 18 4 76 
1599 10 7 76 
1312 11 8 76 
1174 12 7 76 
694 14 7 76 
692 15 6 76 
395 16 5 76 
228 17 4 76 
191 10 6 76 
185 11 7 76 
8 14 6 76 
4983 15 5 76 
4515 16 4 76 
4252 10 5 76 
4042 11 6 76 
3915 13 6 76 
3715 14 5 76 
3358 15 4 76 
3291 0 10 76 
3107 4 10 76 
2916 10 4 76 
2497 11 5 76 
1881 12 6 76 
1740 13 5 76 
1301 14 0 76 
1039 14 4 76 
952 0 9 76 
815 1 10 76 
580 3 10 76 
577 4 9 76 
177 10 3 76 
176 11 4 76 
5326 12 5 76 
5081 13 0 76 
4904 13 4 76 
4587 14 1 76 
4583 14 3 76 
4143 0 8 76 
3644 1 9 76 
3078 2 10 76 
2949 3 9 76 
2774 9 5 76 
1585 9 9 76 
1552 11 3 76 
1404 12 0 76 
1237 12 4 76 
1011 13 1 76 
767 13 3 76 
522 14 2 76 
474 0 7 76 
405 1 8 76 
264 2 9 76 
162 8 5 76 
5336 8 9 76 
5148 9 6 76 
5122 9 8 76 
5030 11 0 76 
5020 12 1 76 
4916 12 3 76 
4255 13 2 76 
3917 0 6 76 
3877 1 7 76 
3864 2 8 76 
3821 7 5 76 
3714 7 9 76 
2612 8 6 76 
2322 8 8 76 
2294 9 7 76 
2086 10 0 76 
1944 11 1 76 
1531 12 2 76 
1426 1 6 76 
542 2 7 76 
481 3 8 76 
310 5 10 76 
157 6 9 76 
4332 7 6 76 
4021 7 8 76 
3991 8 7 76 
3962 9 0 76 
2857 9 4 76 
2823 10 1 76 
2744 11 2 76 
2499 2 6 76 
2119 3 7 76 
1966 4 8 76 
1647 5 9 76 
1603 6 8 76 
1458 7 7 76 
1045 8 0 76 
799 8 4 76 
774 9 1 76 
428 9 3 76 
26 10 2 76 
4451 3 6 76 
4417 4 7 76 
4389 5 8 76 
4094 6 7 76 
3985 7 0 76 
3860 8 1 76 
3837 8 3 76 
3381 9 2 76 
3179 3 5 76 
2681 4 6 76 
2509 5 7 76 
2327 6 0 76 
2239 6 6 76 
1811 7 1 76 
1638 8 2 76 
1518 4 5 76 
1491 5 0 76 
1087 5 6 76 
1071 6 1 76 
920 6 5 76 
461 7 2 76 
136 7 4 76 
43 4 0 76 
5227 5 1 76 
5120 5 5 76 
5007 6 2 76 
4994 6 4 76 
4459 7 3 76 
3641 0 5 76 
3323 4 1 76 
3154 5 2 76 
2496 5 4 76 
2140 6 3 76 
1480 0 4 76 
762 1 5 76 
455 4 2 76 
410 4 4 76 
322 5 3 76 
4648 1 4 76 
4299 2 5 76 
3848 3 4 76 
3686 4 3 76 
3278 2 4 76 
2847 3 3 76 
2512 2 3 76 
2407 3 2 76 
2135 1 3 76 
1169 2 2 76 
1143 3 1 76 
756 0 3 76 
143 1 2 76 
5383 2 1 76 
5353 3 0 76 
5220 0 2 76 
5106 1 1 76 
3969 2 0 76 
3725 0 1 76 
1446 1 0 76 
1334 0 0 76 
1209 6 8 92 
443 7 8 92 
713 10 1 92 
1853 8 8 93 
4396 11 1 93 
5264 1 9 94 
642 13 3 94 
182 11 4 95 
1962 11 5 95 
753 18 9 97 
2855 17 9 97 
4551 18 12 98 
