1855
5561 19 9 1 
5518 19 19 1 
5098 18 9 1 
5040 18 19 1 
5014 19 10 1 
4918 19 18 1 
4728 17 9 1 
4684 17 19 1 
4551 18 10 1 
4457 18 18 1 
4306 19 11 1 
3961 19 17 1 
3690 16 9 1 
3632 16 19 1 
3293 17 10 1 
3239 17 18 1 
2909 18 11 1 
2469 18 17 1 
2272 19 12 1 
1994 19 16 1 
1814 15 9 1 
1655 15 19 1 
1605 16 10 1 
1444 16 18 1 
1373 17 11 1 
1322 17 17 1 
1302 18 12 1 
1220 18 16 1 
1118 19 13 1 
1051 19 15 1 
932 0 19 1 
912 14 9 1 
846 14 19 1 
588 15 10 1 
268 15 18 1 
104 16 11 1 
93 16 17 1 
36 17 12 1 
5771 17 16 1 
5662 18 13 1 
5463 18 15 1 
5272 19 14 1 
5195 0 18 1 
5187 1 19 1 
5023 5 19 1 
5019 13 19 1 
4897 14 10 1 
4419 14 18 1 
3882 15 11 1 
3684 15 17 1 
3605 16 12 1 
3513 16 16 1 
3449 17 13 1 
3318 17 15 1 
3037 18 14 1 
2961 0 17 1 
2761 1 18 1 
2621 2 19 1 
2496 4 19 1 
2089 5 18 1 
1794 12 19 1 
1552 13 18 1 
1489 14 11 1 
1289 14 17 1 
1158 15 12 1 
988 15 16 1 
947 16 13 1 
788 16 15 1 
775 17 14 1 
593 0 0 1 
524 0 16 1 
53 1 17 1 
5773 2 18 1 
5714 3 19 1 
5590 4 18 1 
5496 5 17 1 
5442 11 19 1 
5410 12 18 1 
5009 13 11 1 
4955 13 17 1 
4849 14 12 1 
4818 14 16 1 
4803 15 13 1 
4653 15 15 1 
4651 16 14 1 
4623 0 1 1 
4590 0 15 1 
4329 1 0 1 
4192 1 16 1 
4151 2 17 1 
3920 3 18 1 
3905 4 17 1 
3891 5 16 1 
3719 10 19 1 
2928 11 18 1 
2467 12 11 1 
2361 12 17 1 
2343 13 12 1 
2028 13 16 1 
1719 14 13 1 
1690 14 15 1 
1577 15 14 1 
1495 0 2 1 
1255 0 14 1 
965 1 1 1 
927 1 15 1 
880 2 0 1 
856 2 16 1 
825 3 17 1 
774 4 16 1 
639 5 15 1 
628 9 19 1 
586 10 18 1 
425 11 17 1 
233 12 12 1 
158 12 16 1 
5810 13 13 1 
5665 13 15 1 
5583 14 14 1 
5128 0 3 1 
5118 0 13 1 
4639 1 2 1 
4401 1 14 1 
4309 2 1 1 
4262 2 15 1 
3705 3 0 1 
3473 3 16 1 
3307 4 15 1 
3256 5 0 1 
3252 6 19 1 
3221 8 19 1 
3132 9 18 1 
2924 10 17 1 
2651 11 16 1 
2645 12 13 1 
2269 12 15 1 
2146 13 14 1 
2023 0 4 1 
2006 0 12 1 
1875 1 3 1 
1661 1 13 1 
1616 2 2 1 
1513 2 14 1 
1157 3 1 1 
1083 3 15 1 
849 4 0 1 
772 4 14 1 
714 5 1 1 
634 6 18 1 
343 7 19 1 
5618 8 18 1 
5558 9 17 1 
5052 10 16 1 
4801 11 15 1 
4699 12 14 1 
4478 0 5 1 
4028 0 11 1 
3607 1 4 1 
3558 1 12 1 
3480 2 3 1 
3222 2 13 1 
2846 3 2 1 
2676 3 14 1 
2366 4 1 1 
2229 4 13 1 
1842 5 2 1 
1291 6 17 1 
1155 7 18 1 
1113 8 17 1 
1104 9 16 1 
770 10 15 1 
655 11 14 1 
612 0 6 1 
383 0 10 1 
336 1 5 1 
124 1 11 1 
74 2 4 1 
39 2 12 1 
37 3 3 1 
5422 3 13 1 
5149 4 2 1 
4812 4 12 1 
4694 6 16 1 
4635 7 17 1 
4629 8 16 1 
4540 9 15 1 
4138 10 14 1 
3977 11 13 1 
3875 0 7 1 
3809 0 9 1 
3553 1 6 1 
3400 1 10 1 
3342 2 5 1 
3192 2 11 1 
3152 3 4 1 
2917 3 12 1 
2895 4 3 1 
2527 5 14 1 
2067 6 15 1 
2064 7 16 1 
2003 8 15 1 
1438 9 14 1 
1335 10 13 1 
903 11 12 1 
718 0 8 1 
496 1 7 1 
5753 1 9 1 
5711 2 6 1 
5423 2 10 1 
5396 3 5 1 
5370 3 11 1 
5269 4 4 1 
4921 5 13 1 
4872 6 14 1 
4785 7 15 1 
4584 8 14 1 
4255 9 13 1 
4157 10 12 1 
4069 11 11 1 
3947 1 8 1 
3889 2 7 1 
3764 2 9 1 
3407 3 6 1 
3243 3 10 1 
3061 4 5 1 
2894 4 11 1 
2830 5 12 1 
2780 6 5 1 
2553 6 13 1 
2218 7 14 1 
2000 8 13 1 
1995 9 12 1 
1924 10 11 1 
1835 2 8 1 
1711 3 7 1 
1635 3 9 1 
1346 4 6 1 
1333 4 10 1 
1318 5 5 1 
1234 5 11 1 
1144 6 0 1 
1071 6 12 1 
891 7 13 1 
738 8 12 1 
716 9 11 1 
433 3 8 1 
5715 4 7 1 
5645 4 9 1 
5532 5 6 1 
5357 5 10 1 
5343 6 1 1 
5217 6 11 1 
5090 7 0 1 
5077 7 12 1 
4949 8 11 1 
4883 4 8 1 
4550 5 3 1 
4379 5 7 1 
4030 5 9 1 
3926 6 2 1 
3619 6 10 1 
3205 7 1 1 
3148 7 11 1 
2921 8 0 1 
2850 19 5 1 
2479 5 4 1 
2082 5 8 1 
1693 6 3 1 
1391 6 9 1 
951 7 2 1 
933 7 10 1 
518 8 1 1 
69 9 0 1 
5465 18 5 1 
5378 19 6 1 
4837 19 8 1 
4689 6 4 1 
4552 6 8 1 
4431 7 3 1 
4410 7 9 1 
4381 8 2 1 
4265 8 10 1 
4213 9 1 1 
4023 10 0 1 
3866 17 5 1 
3122 18 6 1 
3110 18 8 1 
3038 19 7 1 
3021 6 7 1 
2973 7 4 1 
2750 7 8 1 
2497 8 3 1 
2164 8 9 1 
1911 9 2 1 
1150 9 10 1 
1096 10 1 1 
973 16 5 1 
931 17 6 1 
748 17 8 1 
650 18 7 1 
623 6 6 1 
605 7 5 1 
14 7 7 1 
5813 8 4 1 
5737 8 8 1 
5669 9 3 1 
5375 9 9 1 
5181 10 2 1 
3959 10 10 1 
3516 15 5 1 
3326 16 6 1 
3133 16 8 1 
2443 17 7 1 
1505 7 6 1 
881 8 5 1 
687 8 7 1 
615 9 4 1 
613 9 8 1 
178 10 3 1 
116 10 9 1 
5483 11 10 1 
5358 13 10 1 
4929 14 5 1 
4752 15 6 1 
4610 15 8 1 
4505 16 7 1 
4119 8 6 1 
3693 9 5 1 
3450 9 7 1 
3431 10 4 1 
3283 10 8 1 
3209 11 9 1 
2508 12 10 1 
2288 13 5 1 
2256 13 9 1 
1436 14 6 1 
1385 14 8 1 
1267 15 7 1 
791 9 6 1 
725 10 5 1 
5696 10 7 1 
5643 11 8 1 
5201 12 9 1 
4554 13 6 1 
3897 13 8 1 
3770 14 7 1 
3551 10 6 1 
3434 11 7 1 
2087 12 8 1 
1973 13 7 1 
1583 11 6 1 
1512 12 7 1 
1187 11 5 1 
869 12 6 1 
621 11 4 1 
502 12 5 1 
307 19 4 1 
5538 11 3 1 
4908 12 4 1 
4789 18 4 1 
4396 19 3 1 
3978 11 2 1 
3879 12 3 1 
3767 13 4 1 
3661 17 4 1 
3398 18 3 1 
3173 19 2 1 
2804 11 1 1 
2500 12 2 1 
2015 13 3 1 
1931 14 4 1 
883 16 4 1 
107 17 3 1 
5801 18 2 1 
5546 19 1 1 
5268 11 0 1 
4107 12 1 1 
3533 13 2 1 
3388 14 3 1 
2970 15 4 1 
2945 16 3 1 
1776 17 2 1 
1308 18 1 1 
1005 19 0 1 
999 12 0 1 
182 13 1 1 
92 14 2 1 
4772 15 3 1 
3991 16 2 1 
2167 17 1 1 
2069 18 0 1 
1323 13 0 1 
5787 14 1 1 
5630 15 2 1 
3881 16 1 1 
3571 17 0 1 
2929 14 0 1 
2652 15 1 1 
1389 16 0 1 
5136 15 0 1 
2906 15 1 13 
551 14 1 13 
685 15 2 13 
3664 16 1 13 
3357 13 1 15 
5279 14 2 15 
136 15 3 14 
317 16 2 14 
971 17 1 14 
2091 12 1 15 
2327 13 2 15 
3430 16 3 15 
3552 17 2 15 
3756 18 1 15 
570 12 2 16 
2834 17 3 16 
3292 18 2 15 
3808 12 3 16 
3940 18 3 16 
3962 11 7 17 
4995 12 8 17 
1081 9 6 18 
1321 11 8 17 
1866 12 9 17 
5327 14 7 17 
1410 8 6 18 
1563 9 5 18 
5641 11 9 18 
5818 14 6 18 
195 15 7 18 
1437 8 5 19 
2436 8 7 19 
5278 9 4 19 
5441 15 6 18 
735 16 7 18 
2492 7 7 20 
3230 8 4 19 
3589 8 8 19 
4677 9 3 19 
67 16 6 19 
313 17 7 19 
367 7 8 20 
388 8 3 20 
895 8 9 20 
956 9 2 20 
2696 17 6 20 
4285 18 7 20 
1 7 3 20 
1595 7 9 20 
1808 8 2 20 
1913 9 1 20 
3107 18 6 20 
3519 6 9 21 
3956 7 2 21 
3999 8 1 21 
4130 5 9 21 
4447 6 10 21 
4745 7 1 21 
5263 4 7 21 
5433 5 10 21 
5815 19 9 26 
5705 19 19 26 
5633 18 9 26 
5288 18 19 26 
5055 19 10 26 
5024 19 18 26 
4909 17 9 26 
4245 17 19 26 
4231 18 10 26 
4189 18 18 26 
4176 19 11 26 
4125 19 17 26 
3873 16 9 26 
3838 16 19 26 
3759 17 10 26 
3475 17 18 26 
3467 18 11 26 
3424 18 17 26 
3039 19 12 26 
3018 19 16 26 
3001 15 9 26 
2865 15 19 26 
2794 16 10 26 
2598 16 18 26 
2347 17 11 26 
1959 17 17 26 
1901 18 12 26 
1778 18 16 26 
1705 19 13 26 
1598 19 15 26 
1462 0 19 26 
1408 14 9 26 
904 14 19 26 
829 15 10 26 
801 15 18 26 
369 16 11 26 
61 16 17 26 
5559 17 12 26 
5468 17 16 26 
5466 18 13 26 
5372 18 15 26 
5286 19 14 26 
5252 0 18 26 
5237 1 19 26 
5058 5 19 26 
5048 13 19 26 
4969 14 10 26 
4881 14 18 26 
4813 15 11 26 
4788 15 17 26 
4774 16 12 26 
4724 16 16 26 
4236 17 13 26 
4124 17 15 26 
4114 18 14 26 
3888 0 17 26 
3610 1 18 26 
3452 2 19 26 
3451 4 19 26 
3329 5 18 26 
3298 12 19 26 
3176 13 18 26 
3028 14 11 26 
2862 14 17 26 
2771 15 12 26 
2599 15 16 26 
2536 16 13 26 
2340 16 15 26 
2257 17 14 26 
2250 0 0 26 
2241 0 16 26 
1879 1 17 26 
1476 2 18 26 
1300 3 19 26 
1186 4 18 26 
1068 5 17 26 
854 11 19 26 
795 12 18 26 
726 13 11 26 
675 13 17 26 
441 14 12 26 
282 14 16 26 
43 15 13 26 
4919 15 15 26 
4645 16 14 26 
4558 0 1 26 
4274 0 15 26 
4082 1 0 26 
4025 1 16 26 
3587 2 17 26 
3562 3 18 26 
3445 4 17 26 
3349 5 16 26 
3343 10 19 26 
2880 11 18 26 
2593 12 11 26 
2573 12 17 26 
2283 13 12 26 
2075 13 16 26 
1986 14 13 26 
1761 14 15 26 
1553 15 14 26 
1544 0 2 26 
1535 0 14 26 
1497 1 1 26 
1357 1 15 26 
1329 2 0 26 
1272 2 16 26 
1191 3 17 26 
1087 4 16 26 
1001 5 15 26 
805 9 19 26 
469 10 18 26 
418 11 17 26 
281 12 12 26 
5580 12 16 26 
4940 13 13 26 
4880 13 15 26 
4836 14 14 26 
4794 0 3 26 
4780 0 13 26 
4717 1 2 26 
4657 1 14 26 
4439 2 1 26 
4390 2 15 26 
4349 3 0 26 
3816 3 16 26 
3566 4 15 26 
3182 5 0 26 
2671 6 19 26 
2319 8 19 26 
2228 9 18 26 
1929 10 17 26 
1854 11 16 26 
1816 12 13 26 
1501 12 15 26 
966 13 14 26 
945 0 4 26 
717 0 12 26 
651 1 3 26 
423 1 13 26 
5698 2 2 26 
5694 2 14 26 
5636 3 1 26 
5634 3 15 26 
5308 4 0 26 
5095 4 14 26 
5079 5 1 26 
5078 6 18 26 
4988 7 19 26 
4862 8 18 26 
4726 9 17 26 
4691 10 16 26 
4621 11 15 26 
4414 12 14 26 
4404 0 5 26 
3922 0 11 26 
3820 1 4 26 
3800 1 12 26 
3706 2 3 26 
3393 2 13 26 
3157 3 2 26 
2837 3 14 26 
2797 4 1 26 
2673 4 13 26 
2561 5 2 26 
2098 6 17 26 
1870 7 18 26 
1785 8 17 26 
1770 9 16 26 
1606 10 15 26 
1599 11 14 26 
1381 0 6 26 
1147 0 10 26 
837 1 5 26 
727 1 11 26 
715 2 4 26 
661 2 12 26 
541 3 3 26 
337 3 13 26 
205 4 2 26 
5742 4 12 26 
5523 6 16 26 
5390 7 17 26 
5347 8 16 26 
5018 9 15 26 
4936 10 14 26 
4216 11 13 26 
4209 0 7 26 
3919 0 9 26 
3521 1 6 26 
3512 1 10 26 
3423 2 5 26 
3261 2 11 26 
3183 3 4 26 
2933 3 12 26 
2878 4 3 26 
2388 5 14 26 
2042 6 15 26 
2020 7 16 26 
1935 8 15 26 
1880 9 14 26 
1843 10 13 26 
1403 11 12 26 
1103 0 8 26 
1032 1 7 26 
436 1 9 26 
432 2 6 26 
253 2 10 26 
190 3 5 26 
168 3 11 26 
154 4 4 26 
138 5 13 26 
95 6 14 26 
5700 7 15 26 
5362 8 14 26 
5046 9 13 26 
4740 10 12 26 
4174 11 11 26 
3666 1 8 26 
3411 2 7 26 
3308 2 9 26 
3194 3 6 26 
3123 3 10 26 
2824 4 5 26 
2630 4 11 26 
2297 5 12 26 
2110 6 5 26 
1926 6 13 26 
1551 7 14 26 
1127 8 13 26 
1114 9 12 26 
952 10 11 26 
667 2 8 26 
434 3 7 26 
391 3 9 26 
5657 4 6 26 
4725 4 10 26 
4710 5 5 26 
4700 5 11 26 
4534 6 0 26 
4394 6 12 26 
4244 7 13 26 
3657 8 12 26 
3497 9 11 26 
3428 3 8 26 
3365 4 7 26 
3141 4 9 26 
3111 5 6 26 
2995 5 10 26 
2876 6 1 26 
2580 6 11 26 
2260 7 0 26 
2148 7 12 26 
1906 8 11 26 
1498 4 8 26 
1388 5 3 26 
1309 5 7 26 
1277 5 9 26 
1222 6 2 26 
928 6 10 26 
514 7 1 26 
490 7 11 26 
5726 8 0 26 
5659 19 5 26 
5640 5 4 26 
5444 5 8 26 
5232 6 3 26 
4932 6 9 26 
4853 7 2 26 
4555 7 10 26 
4526 8 1 26 
4207 9 0 26 
4135 18 5 26 
4093 19 6 26 
3834 19 8 26 
3608 6 4 26 
3543 6 8 26 
3346 7 3 26 
3280 7 9 26 
2307 8 2 26 
1943 8 10 26 
1909 9 1 26 
1679 10 0 26 
1261 17 5 26 
1173 18 6 26 
721 18 8 26 
679 19 7 26 
626 6 7 26 
488 7 4 26 
355 7 8 26 
176 8 3 26 
172 8 9 26 
5695 9 2 26 
5350 9 10 26 
5318 10 1 26 
5227 16 5 26 
5144 17 6 26 
5070 17 8 26 
4802 18 7 26 
4655 6 6 26 
3896 7 5 26 
3762 7 7 26 
3463 8 4 26 
3363 8 8 26 
3319 9 3 26 
3084 9 9 26 
3042 10 2 26 
2620 10 10 26 
2557 15 5 26 
2423 16 6 26 
2211 16 8 26 
1992 17 7 26 
1980 7 6 26 
1593 8 5 26 
1313 8 7 26 
1262 9 4 26 
535 9 8 26 
311 10 3 26 
5533 10 9 26 
5529 11 10 26 
5271 13 10 26 
4530 14 5 26 
4234 15 6 26 
3937 15 8 26 
2828 16 7 26 
2800 8 6 26 
2718 9 5 26 
2596 9 7 26 
2225 10 4 26 
1960 10 8 26 
1768 11 9 26 
1714 12 10 26 
1387 13 5 26 
1008 13 9 26 
476 14 6 26 
99 14 8 26 
5340 15 7 26 
4941 9 6 26 
4732 10 5 26 
4597 10 7 26 
4557 11 8 26 
4091 12 9 26 
3753 13 6 26 
2948 13 8 26 
2633 14 7 26 
2471 10 6 26 
2118 11 7 26 
2103 12 8 26 
1820 13 7 26 
1269 11 6 26 
1007 12 7 26 
920 11 5 26 
663 12 6 26 
461 11 4 26 
314 12 5 26 
252 19 4 26 
147 11 3 26 
5544 12 4 26 
5260 18 4 26 
5089 19 3 26 
4925 11 2 26 
4913 12 3 26 
4825 13 4 26 
4581 17 4 26 
3795 18 3 26 
3273 19 2 26 
3265 11 1 26 
3248 12 2 26 
3208 13 3 26 
2935 14 4 26 
2212 16 4 26 
1741 17 3 26 
547 18 2 26 
531 19 1 26 
189 11 0 26 
5176 12 1 26 
4064 13 2 26 
3862 14 3 26 
3576 15 4 26 
3211 16 3 26 
2978 17 2 26 
2860 18 1 26 
1969 19 0 26 
1556 12 0 26 
1183 13 1 26 
729 14 2 26 
684 15 3 26 
5614 16 2 26 
4744 17 1 26 
4208 18 0 26 
3675 13 0 26 
3044 14 1 26 
2655 15 2 26 
2562 16 1 26 
737 17 0 26 
462 14 0 26 
60 15 1 26 
3848 16 0 26 
2548 15 0 26 
177 15 1 39 
3095 14 1 39 
290 15 2 39 
678 16 1 39 
1921 13 1 40 
2775 14 2 40 
3314 15 3 40 
786 16 2 39 
1101 17 1 39 
3802 12 1 40 
4277 13 2 40 
4714 16 3 40 
339 17 2 40 
1504 18 1 40 
3302 12 2 41 
3912 17 3 41 
57 18 2 41 
2121 12 3 41 
3579 18 3 41 
3828 11 7 42 
5592 12 8 42 
334 9 6 42 
1009 11 8 42 
1873 12 9 42 
2202 14 7 42 
2335 8 6 43 
2441 9 5 43 
2990 11 9 43 
4240 14 6 43 
4517 15 7 42 
5349 8 5 44 
1910 8 7 44 
1964 9 4 44 
2873 15 6 43 
3113 16 7 43 
3575 7 7 44 
4705 8 4 44 
5213 8 8 44 
5549 9 3 44 
543 16 6 44 
753 17 7 44 
1091 7 8 45 
1802 8 3 45 
3284 8 9 45 
3285 9 2 44 
3557 17 6 44 
3654 18 7 44 
3803 7 3 45 
4219 7 9 45 
486 8 2 45 
548 9 1 45 
1633 18 6 45 
2154 6 9 45 
2662 7 2 45 
3626 8 1 45 
4634 5 9 46 
375 6 10 46 
919 7 1 46 
1046 4 7 46 
1178 5 10 46 
1464 6 11 46 
1509 7 12 46 
1791 2 8 47 
2227 4 6 46 
4359 6 12 46 
4809 7 13 46 
5341 8 12 46 
5716 19 9 51 
5476 19 19 51 
5448 18 9 51 
5129 18 19 51 
5087 19 10 51 
5082 19 18 51 
4900 17 9 51 
4764 17 19 51 
4746 18 10 51 
4585 18 18 51 
4582 19 11 51 
4246 19 17 51 
3972 16 9 51 
3738 16 19 51 
3505 17 10 51 
2931 17 18 51 
2849 18 11 51 
2587 18 17 51 
2230 19 12 51 
2112 19 16 51 
1865 15 9 51 
1738 15 19 51 
1146 16 10 51 
1027 16 18 51 
864 17 11 51 
732 17 17 51 
405 18 12 51 
5776 18 16 51 
5697 19 13 51 
5589 19 15 51 
5500 0 19 51 
5473 14 9 51 
5409 14 19 51 
5406 15 10 51 
5287 15 18 51 
5281 16 11 51 
4302 16 17 51 
4094 17 12 51 
3939 17 16 51 
3271 18 13 51 
3233 18 15 51 
3156 19 14 51 
2721 0 18 51 
2605 1 19 51 
2520 5 19 51 
2447 13 19 51 
2431 14 10 51 
2210 14 18 51 
2051 15 11 51 
1311 15 17 51 
922 16 12 51 
852 16 16 51 
598 17 13 51 
310 17 15 51 
142 18 14 51 
5284 0 17 51 
5148 1 18 51 
5035 2 19 51 
4796 4 19 51 
4770 5 18 51 
4566 12 19 51 
4452 13 18 51 
4420 14 11 51 
4321 14 17 51 
4317 15 12 51 
4195 15 16 51 
3950 16 13 51 
3914 16 15 51 
3904 17 14 51 
3730 0 0 51 
3616 0 16 51 
3564 1 17 51 
3530 2 18 51 
3435 3 19 51 
3327 4 18 51 
3022 5 17 51 
2812 11 19 51 
2564 12 18 51 
2284 13 11 51 
2263 13 17 51 
2149 14 12 51 
2062 14 16 51 
1900 15 13 51 
1787 15 15 51 
1378 16 14 51 
1315 0 1 51 
666 0 15 51 
495 1 0 51 
321 1 16 51 
223 2 17 51 
202 3 18 51 
199 4 17 51 
5789 5 16 51 
5780 10 19 51 
5743 11 18 51 
5097 12 11 51 
5010 12 17 51 
4594 13 12 51 
4543 13 16 51 
4490 14 13 51 
3880 14 15 51 
3863 15 14 51 
3621 0 2 51 
3609 0 14 51 
3584 1 1 51 
3052 1 15 51 
3030 2 0 51 
2979 2 16 51 
2977 3 17 51 
2744 4 16 51 
2634 5 15 51 
2501 9 19 51 
2419 10 18 51 
2385 11 17 51 
2090 12 12 51 
1948 12 16 51 
1706 13 13 51 
1558 13 15 51 
1450 14 14 51 
1376 0 3 51 
1067 0 13 51 
979 1 2 51 
939 1 14 51 
866 2 1 51 
532 2 15 51 
474 3 0 51 
332 3 16 51 
181 4 15 51 
98 5 0 51 
5520 6 19 51 
5517 8 19 51 
5160 9 18 51 
5107 10 17 51 
5032 11 16 51 
4177 12 13 51 
4139 12 15 51 
4118 13 14 51 
3861 0 4 51 
3815 0 12 51 
3679 1 3 51 
3496 1 13 51 
3088 2 2 51 
3058 2 14 51 
2996 3 1 51 
2809 3 15 51 
2748 4 0 51 
2742 4 14 51 
2707 5 1 51 
2642 6 18 51 
2399 7 19 51 
2342 8 18 51 
2124 9 17 51 
1847 10 16 51 
1790 11 15 51 
1786 12 14 51 
1384 0 5 51 
899 0 11 51 
847 1 4 51 
752 1 12 51 
699 2 3 51 
491 2 13 51 
341 3 2 51 
112 3 14 51 
48 4 1 51 
46 4 13 51 
5646 5 2 51 
5600 6 17 51 
5348 7 18 51 
4611 8 17 51 
4607 9 16 51 
4600 10 15 51 
4518 11 14 51 
4499 0 6 51 
3913 0 10 51 
3835 1 5 51 
3707 1 11 51 
3454 2 4 51 
3437 2 12 51 
3395 3 3 51 
3392 3 13 51 
3247 4 2 51 
3076 4 12 51 
2943 6 16 51 
2839 7 17 51 
2702 8 16 51 
2597 9 15 51 
2552 10 14 51 
2159 11 13 51 
1975 0 7 51 
1925 0 9 51 
1920 1 6 51 
1567 1 10 51 
1397 2 5 51 
1287 2 11 51 
1203 3 4 51 
859 3 12 51 
503 4 3 51 
5567 5 14 51 
5352 6 15 51 
5328 7 16 51 
4842 8 15 51 
4839 9 14 51 
4472 10 13 51 
4201 11 12 51 
3823 0 8 51 
3819 1 7 51 
3338 1 9 51 
3196 2 6 51 
3117 2 10 51 
3083 3 5 51 
3055 3 11 51 
3029 4 4 51 
3025 5 13 51 
2481 6 14 51 
2425 7 15 51 
2408 8 14 51 
2345 9 13 51 
2242 10 12 51 
2101 11 11 51 
2029 1 8 51 
1950 2 7 51 
1433 2 9 51 
953 3 6 51 
696 3 10 51 
671 4 5 51 
590 4 11 51 
513 5 12 51 
428 6 5 51 
110 6 13 51 
5575 7 14 51 
5456 8 13 51 
5250 9 12 51 
4838 10 11 51 
4756 2 8 51 
4730 3 7 51 
4626 3 9 51 
4264 4 6 51 
4155 4 10 51 
4078 5 5 51 
4059 5 11 51 
3957 6 0 51 
3689 6 12 51 
3681 7 13 51 
3135 8 12 51 
3098 9 11 51 
2998 3 8 51 
2910 4 7 51 
2899 4 9 51 
2822 5 6 51 
2694 5 10 51 
2171 6 1 51 
2143 6 11 51 
1997 7 0 51 
1708 7 12 51 
1659 8 11 51 
1547 4 8 51 
1236 5 3 51 
1163 5 7 51 
1141 5 9 51 
1061 6 2 51 
929 6 10 51 
908 7 1 51 
799 7 11 51 
693 8 0 51 
206 19 5 51 
106 5 4 51 
5754 5 8 51 
5734 6 3 51 
5513 6 9 51 
5333 7 2 51 
5221 7 10 51 
4399 8 1 51 
4342 9 0 51 
3864 18 5 51 
3691 19 6 51 
3629 19 8 51 
3416 6 4 51 
3316 6 8 51 
3301 7 3 51 
2626 7 9 51 
2313 8 2 51 
1838 8 10 51 
1325 9 1 51 
1288 10 0 51 
1034 17 5 51 
888 18 6 51 
807 18 8 51 
764 19 7 51 
271 6 7 51 
162 7 4 51 
5431 7 8 51 
5061 8 3 51 
4916 8 9 51 
4899 9 2 51 
4871 9 10 51 
4861 10 1 51 
4823 16 5 51 
4622 17 6 51 
4389 17 8 51 
4270 18 7 51 
4037 6 6 51 
3710 7 5 51 
3486 7 7 51 
3461 8 4 51 
3223 8 8 51 
3199 9 3 51 
2847 9 9 51 
2752 10 2 51 
2615 10 10 51 
2543 15 5 51 
2367 16 6 51 
2200 16 8 51 
1105 17 7 51 
885 7 6 51 
711 8 5 51 
556 8 7 51 
382 9 4 51 
179 9 8 51 
5425 10 3 51 
5317 10 9 51 
5168 11 10 51 
4762 13 10 51 
4673 14 5 51 
4572 15 6 51 
4020 15 8 51 
3965 16 7 51 
3836 8 6 51 
3588 9 5 51 
3525 9 7 51 
2767 10 4 51 
2740 10 8 51 
2519 11 9 51 
2457 12 10 51 
1907 13 5 51 
1349 13 9 51 
1270 14 6 51 
1092 14 8 51 
592 15 7 51 
207 9 6 51 
152 10 5 51 
5713 10 7 51 
5199 11 8 51 
4743 12 9 51 
4739 13 6 51 
4688 13 8 51 
4338 14 7 51 
2810 10 6 51 
1324 11 7 51 
1256 12 8 51 
5639 13 7 51 
5511 11 6 51 
5411 12 7 51 
5314 11 5 51 
5159 12 6 51 
5054 11 4 51 
4578 12 5 51 
4385 19 4 51 
4019 11 3 51 
3932 12 4 51 
3677 18 4 51 
3190 19 3 51 
2914 11 2 51 
2306 12 3 51 
1932 13 4 51 
1833 17 4 51 
1531 18 3 51 
1434 19 2 51 
1171 11 1 51 
830 12 2 51 
10 13 3 51 
2 14 4 51 
5788 16 4 51 
5073 17 3 51 
4334 18 2 51 
3883 19 1 51 
3792 11 0 51 
3465 12 1 51 
3015 13 2 51 
2482 14 3 51 
2261 15 4 51 
1996 16 3 51 
1896 17 2 51 
897 18 1 51 
356 19 0 51 
5648 12 0 51 
5173 13 1 51 
4798 14 2 51 
4421 15 3 51 
4204 16 2 51 
3159 17 1 51 
3137 18 0 51 
2792 13 0 51 
2729 14 1 51 
2664 15 2 51 
18 16 1 51 
4577 17 0 51 
4375 14 0 51 
3843 15 1 51 
2026 16 0 51 
2022 15 0 51 
165 15 1 63 
2321 14 1 64 
3736 15 2 64 
4276 16 1 64 
3453 13 1 64 
4948 14 2 64 
5380 15 3 64 
5755 16 2 64 
52 17 1 64 
4453 12 1 65 
4631 13 2 65 
4952 16 3 65 
641 17 2 65 
1700 18 1 65 
1984 12 2 66 
2829 17 3 65 
3787 18 2 65 
4353 12 3 66 
280 18 3 66 
734 11 7 67 
1010 12 8 67 
3593 9 6 68 
3925 11 8 67 
4487 12 9 67 
4650 14 7 67 
248 8 6 68 
401 9 5 68 
782 11 9 68 
1370 14 6 68 
1717 15 7 68 
2774 8 5 69 
3892 8 7 69 
171 9 4 69 
665 15 6 68 
870 16 7 68 
1379 7 7 69 
1726 8 4 69 
1966 8 8 69 
3091 9 3 69 
3253 16 6 69 
3394 17 7 69 
3857 7 8 69 
4295 8 3 69 
4391 8 9 69 
5076 9 2 69 
5385 17 6 69 
5572 18 7 69 
1621 7 3 70 
2346 7 9 70 
2681 8 2 70 
4462 9 1 70 
5218 18 6 70 
949 6 9 70 
1232 7 2 70 
1264 8 1 70 
1435 5 9 71 
2338 6 10 71 
5720 19 9 76 
5321 19 19 76 
4970 18 9 76 
4805 18 19 76 
4446 19 10 76 
4200 19 18 76 
4183 17 9 76 
3631 17 19 76 
3528 18 10 76 
3366 18 18 76 
3270 19 11 76 
3070 19 17 76 
2743 16 9 76 
1460 16 19 76 
1106 17 10 76 
909 17 18 76 
769 18 11 76 
730 18 17 76 
691 19 12 76 
506 19 16 76 
410 15 9 76 
4 15 19 76 
5647 16 10 76 
5041 16 18 76 
4701 17 11 76 
4644 17 17 76 
4444 18 12 76 
4299 18 16 76 
4230 19 13 76 
3534 19 15 76 
3112 0 19 76 
3024 14 9 76 
2986 14 19 76 
2950 15 10 76 
2665 15 18 76 
2365 16 11 76 
2065 16 17 76 
1834 17 12 76 
1734 17 16 76 
169 18 13 76 
156 18 15 76 
5800 19 14 76 
5790 0 18 76 
5524 1 19 76 
5402 5 19 76 
5245 13 19 76 
5203 14 10 76 
5196 14 18 76 
4873 15 11 76 
4791 15 17 76 
4708 16 12 76 
4687 16 16 76 
4560 17 13 76 
4433 17 15 76 
3858 18 14 76 
3786 0 17 76 
3617 1 18 76 
3432 2 19 76 
3282 4 19 76 
3181 5 18 76 
3008 12 19 76 
2764 13 18 76 
2403 14 11 76 
2382 14 17 76 
2273 15 12 76 
2243 15 16 76 
2071 16 13 76 
1836 16 15 76 
1510 17 14 76 
1332 0 0 76 
1055 0 16 76 
918 1 17 76 
768 2 18 76 
636 3 19 76 
632 4 18 76 
587 5 17 76 
132 11 19 76 
5722 12 18 76 
5679 13 11 76 
5674 13 17 76 
5507 14 12 76 
5180 14 16 76 
4978 15 13 76 
4931 15 15 76 
4847 16 14 76 
4806 0 1 76 
4663 0 15 76 
4532 1 0 76 
4363 1 16 76 
4278 2 17 76 
4187 3 18 76 
4169 4 17 76 
4051 5 16 76 
4024 10 19 76 
3951 11 18 76 
3938 12 11 76 
3837 12 17 76 
3831 13 12 76 
3810 13 16 76 
3446 14 13 76 
3356 14 15 76 
3330 15 14 76 
3309 0 2 76 
3281 0 14 76 
3272 1 1 76 
3103 1 15 76 
2753 2 0 76 
2509 2 16 76 
2428 3 17 76 
2415 4 16 76 
2232 5 15 76 
2116 9 19 76 
2097 10 18 76 
2001 11 17 76 
1936 12 12 76 
1753 12 16 76 
1506 13 13 76 
670 13 15 76 
604 14 14 76 
389 0 3 76 
329 0 13 76 
239 1 2 76 
5782 1 14 76 
5397 2 1 76 
5373 2 15 76 
4723 3 0 76 
4492 3 16 76 
4301 4 15 76 
4243 5 0 76 
4242 6 19 76 
4185 8 19 76 
3906 9 18 76 
3885 10 17 76 
3701 11 16 76 
3382 12 13 76 
3090 12 15 76 
2354 13 14 76 
2209 0 4 76 
2070 0 12 76 
1937 1 3 76 
1831 1 13 76 
1689 2 2 76 
1540 2 14 76 
1527 3 1 76 
1343 3 15 76 
811 4 0 76 
746 4 14 76 
549 5 1 76 
5539 6 18 76 
5493 7 19 76 
5207 8 18 76 
5139 9 17 76 
4999 10 16 76 
4984 11 15 76 
4971 12 14 76 
4565 0 5 76 
4307 0 11 76 
4223 1 4 76 
3814 1 12 76 
3697 2 3 76 
3488 2 13 76 
3386 3 2 76 
3278 3 14 76 
2486 4 1 76 
2057 4 13 76 
1855 5 2 76 
1684 6 17 76 
1522 7 18 76 
1514 8 17 76 
1399 9 16 76 
1281 10 15 76 
1223 11 14 76 
798 0 6 76 
501 0 10 76 
482 1 5 76 
394 1 11 76 
303 2 4 76 
256 2 12 76 
56 3 3 76 
15 3 13 76 
5 4 2 76 
5738 4 12 76 
5732 6 16 76 
5717 7 17 76 
5443 8 16 76 
5429 9 15 76 
5398 10 14 76 
5338 11 13 76 
5274 0 7 76 
5231 0 9 76 
5132 1 6 76 
4889 1 10 76 
4797 2 5 76 
4784 2 11 76 
4773 3 4 76 
4676 3 12 76 
4484 4 3 76 
4350 5 14 76 
4221 6 15 76 
4220 7 16 76 
3989 8 15 76 
3476 9 14 76 
3324 10 13 76 
3264 11 12 76 
3227 0 8 76 
3172 1 7 76 
3071 1 9 76 
2790 2 6 76 
2637 2 10 76 
2432 3 5 76 
2203 3 11 76 
1941 4 4 76 
1763 5 13 76 
1507 6 14 76 
1077 7 15 76 
970 8 14 76 
826 9 13 76 
779 10 12 76 
649 11 11 76 
5464 1 8 76 
5450 2 7 76 
5449 2 9 76 
5262 3 6 76 
5157 3 10 76 
5045 4 5 76 
4951 4 11 76 
3715 5 12 76 
3320 6 5 76 
3210 6 13 76 
2877 7 14 76 
2861 8 13 76 
2640 9 12 76 
2253 10 11 76 
2194 2 8 76 
1979 3 7 76 
1916 3 9 76 
1668 4 6 76 
1541 4 10 76 
1467 5 5 76 
1465 5 11 76 
1458 6 0 76 
1213 6 12 76 
720 7 13 76 
511 8 12 76 
216 9 11 76 
5806 3 8 76 
5361 4 7 76 
5345 4 9 76 
4848 5 6 76 
4761 5 10 76 
4755 6 1 76 
3455 6 11 76 
3414 7 0 76 
3353 7 12 76 
3275 8 11 76 
2993 4 8 76 
2450 5 3 76 
2301 5 7 76 
2300 5 9 76 
2224 6 2 76 
2060 6 10 76 
2049 7 1 76 
2004 7 11 76 
1874 8 0 76 
1707 19 5 76 
1469 5 4 76 
1344 5 8 76 
832 6 3 76 
554 6 9 76 
450 7 2 76 
439 7 10 76 
358 8 1 76 
5389 9 0 76 
5108 18 5 76 
4920 19 6 76 
4846 19 8 76 
4409 6 4 76 
4364 6 8 76 
3796 7 3 76 
3601 7 9 76 
3396 8 2 76 
3373 8 10 76 
3195 9 1 76 
3085 10 0 76 
2966 17 5 76 
2886 18 6 76 
2565 18 8 76 
2529 19 7 76 
2454 6 7 76 
2440 7 4 76 
1597 7 8 76 
1477 8 3 76 
703 8 9 76 
519 9 2 76 
475 9 10 76 
402 10 1 76 
5428 16 5 76 
5329 17 6 76 
5135 17 8 76 
3908 18 7 76 
3850 6 6 76 
3841 7 5 76 
3776 7 7 76 
3687 8 4 76 
3638 8 8 76 
3540 9 3 76 
3249 9 9 76 
3174 10 2 76 
2965 10 10 76 
2329 15 5 76 
2282 16 6 76 
2151 16 8 76 
2099 17 7 76 
2074 7 6 76 
1983 8 5 76 
1546 8 7 76 
1472 9 4 76 
1396 9 8 76 
1368 10 3 76 
884 10 9 76 
857 11 10 76 
620 13 10 76 
302 14 5 76 
5799 15 6 76 
5779 15 8 76 
5693 16 7 76 
5228 8 6 76 
4947 9 5 76 
4888 9 7 76 
4884 10 4 76 
4783 10 8 76 
4693 11 9 76 
4449 12 10 76 
4373 13 5 76 
4365 13 9 76 
4132 14 6 76 
4111 14 8 76 
4109 15 7 76 
3663 9 6 76 
3600 10 5 76 
3509 10 7 76 
3470 11 8 76 
3469 12 9 76 
3169 13 6 76 
3129 13 8 76 
2926 14 7 76 
2235 10 6 76 
1532 11 7 76 
1383 12 8 76 
1247 13 7 76 
1204 11 6 76 
907 12 7 76 
808 11 5 76 
504 12 6 76 
5805 11 4 76 
5608 12 5 76 
4668 19 4 76 
4366 11 3 76 
4283 12 4 76 
3477 18 4 76 
3286 19 3 76 
2411 11 2 76 
1897 12 3 76 
1890 13 4 76 
1254 17 4 76 
1052 18 3 76 
443 19 2 76 
357 11 1 76 
5588 12 2 76 
5363 13 3 76 
4671 14 4 76 
4619 16 4 76 
3887 17 3 76 
3625 18 2 76 
3591 19 1 76 
3444 11 0 76 
2291 12 1 76 
2266 13 2 76 
2027 14 3 76 
1974 15 4 76 
739 16 3 76 
5471 17 2 76 
4894 18 1 76 
4658 19 0 76 
4319 12 0 76 
4027 13 1 76 
3077 14 2 76 
2999 15 3 76 
2867 16 2 76 
1268 17 1 76 
750 18 0 76 
300 13 0 76 
5791 14 1 76 
5666 15 2 76 
5103 16 1 76 
5671 17 0 76 
5553 14 0 76 
5124 15 1 76 
3539 16 0 76 
3116 15 0 76 
5775 15 1 87 
4792 14 1 88 
2013 15 2 88 
3485 16 1 88 
4427 13 1 89 
5519 14 2 89 
5638 15 3 89 
1409 16 2 89 
2713 17 1 89 
2927 12 1 90 
728 13 2 90 
1945 16 3 90 
2641 17 2 89 
2848 18 1 89 
875 12 2 90 
1050 17 3 90 
1702 18 2 90 
4021 12 3 91 
4609 18 3 91 
1968 11 7 92 
96 12 8 92 
277 9 6 92 
744 11 8 92 
1326 12 9 92 
1676 14 7 92 
2723 8 6 92 
5709 9 5 92 
408 11 9 92 
1041 14 6 92 
2107 15 7 92 
3650 8 5 93 
4345 8 7 93 
5008 9 4 93 
5044 15 6 92 
5395 16 7 92 
5719 7 7 93 
319 8 4 93 
473 8 8 93 
780 9 3 93 
1064 16 6 93 
1339 17 7 93 
2420 7 8 94 
2805 8 3 94 
3160 8 9 94 
4570 9 2 94 
4606 17 6 93 
4961 18 7 93 
5307 7 3 94 
73 7 9 94 
77 8 2 94 
113 9 1 94 
188 18 6 94 
850 6 9 95 
910 7 2 95 
2875 8 1 95 
3561 5 9 95 
3692 6 10 95 
3807 7 1 95 
4865 4 7 95 
5460 5 10 95 
5650 6 11 95 
76 7 12 95 
366 2 8 96 
583 4 6 96 
921 6 12 96 
1801 7 13 96 
2738 8 12 96 
3460 1 8 96 
3658 2 9 96 
4638 6 13 96 
4703 7 14 96 
