1942
5388 0 0 1 
5356 0 1 1 
5347 0 19 1 
5338 1 0 1 
5331 0 2 1 
5082 0 18 1 
5075 1 1 1 
5048 1 19 1 
4882 2 0 1 
4714 0 3 1 
4357 0 17 1 
4185 1 2 1 
4142 1 18 1 
4076 2 1 1 
4045 2 19 1 
4042 3 0 1 
3913 0 4 1 
3839 0 16 1 
3758 1 3 1 
3665 1 17 1 
3581 2 2 1 
3417 2 18 1 
3106 3 1 1 
2929 3 19 1 
2894 4 0 1 
2726 0 5 1 
2679 0 15 1 
2675 1 4 1 
2529 1 16 1 
2458 2 3 1 
2290 2 17 1 
1927 3 2 1 
1801 3 18 1 
1642 4 1 1 
1562 4 19 1 
1473 5 0 1 
1270 19 10 1 
1220 0 6 1 
1113 0 14 1 
1000 1 5 1 
990 1 15 1 
206 2 4 1 
61 2 16 1 
54 3 3 1 
5264 3 17 1 
4971 4 2 1 
4965 4 18 1 
4728 5 1 1 
4493 5 19 1 
4423 6 0 1 
4390 18 10 1 
4103 19 11 1 
4085 19 19 1 
3947 0 7 1 
3858 0 13 1 
3440 1 6 1 
3155 1 14 1 
3085 2 5 1 
3014 2 15 1 
2942 3 4 1 
2879 3 16 1 
2846 4 3 1 
2641 4 17 1 
2421 5 2 1 
2291 5 18 1 
2085 6 1 1 
2077 6 19 1 
2073 13 10 1 
2060 17 10 1 
2044 18 11 1 
1689 18 19 1 
1681 19 12 1 
1394 19 18 1 
1248 0 8 1 
1206 0 12 1 
892 1 7 1 
552 1 13 1 
551 2 6 1 
487 2 14 1 
279 3 5 1 
30 3 15 1 
5053 4 4 1 
5046 4 16 1 
4987 5 3 1 
4924 5 15 1 
4594 5 17 1 
4332 6 2 1 
4234 6 18 1 
4157 7 19 1 
4035 13 11 1 
3130 14 10 1 
2924 16 10 1 
2893 17 11 1 
2822 17 19 1 
2400 18 12 1 
2382 18 18 1 
2134 19 13 1 
2080 19 17 1 
2026 0 9 1 
2000 0 11 1 
1440 1 8 1 
1387 1 12 1 
1195 2 7 1 
1153 2 13 1 
1105 3 6 1 
1071 3 14 1 
662 4 5 1 
493 4 15 1 
354 5 4 1 
5397 5 16 1 
5378 6 3 1 
5224 6 15 1 
5163 6 17 1 
5109 7 18 1 
5097 8 19 1 
4931 13 12 1 
4753 14 11 1 
4656 15 10 1 
4285 16 11 1 
4193 16 19 1 
4079 17 12 1 
3935 17 18 1 
3890 18 13 1 
3724 18 17 1 
3702 19 14 1 
2454 19 16 1 
2039 0 10 1 
1966 1 9 1 
1880 1 11 1 
1380 2 8 1 
1282 2 12 1 
1057 3 7 1 
616 3 13 1 
499 4 6 1 
308 4 14 1 
307 5 5 1 
165 6 4 1 
5263 6 16 1 
4837 7 15 1 
4736 7 17 1 
4634 8 18 1 
4567 9 19 1 
4498 14 12 1 
4444 15 11 1 
4230 15 19 1 
4057 16 12 1 
3906 16 18 1 
3237 17 13 1 
2619 17 17 1 
2559 18 14 1 
2461 18 16 1 
2416 19 15 1 
2306 1 10 1 
2127 2 9 1 
2053 2 11 1 
1874 3 8 1 
1758 3 12 1 
1587 4 7 1 
1463 4 13 1 
1391 5 6 1 
1035 5 14 1 
1026 6 5 1 
745 7 16 1 
734 8 15 1 
715 8 17 1 
306 9 18 1 
123 10 19 1 
5196 14 19 1 
5179 15 12 1 
5044 15 18 1 
4730 16 13 1 
4197 16 17 1 
4068 17 14 1 
3915 17 16 1 
3441 18 15 1 
2936 2 10 1 
2588 3 9 1 
2530 3 11 1 
2361 4 8 1 
1935 4 12 1 
1727 5 7 1 
1364 5 13 1 
1279 6 6 1 
1212 6 14 1 
1142 8 16 1 
978 9 17 1 
714 10 18 1 
693 11 19 1 
595 13 19 1 
540 14 18 1 
434 15 13 1 
162 15 17 1 
55 16 14 1 
5345 16 16 1 
5096 17 15 1 
4759 3 10 1 
4666 4 9 1 
3599 4 11 1 
3318 5 8 1 
3220 5 12 1 
3215 6 7 1 
3199 6 13 1 
2783 7 0 1 
2585 7 14 1 
2570 9 16 1 
2230 10 17 1 
2075 11 18 1 
2069 12 19 1 
1905 13 18 1 
1897 14 17 1 
1863 15 14 1 
1731 15 16 1 
1561 16 15 1 
1469 4 10 1 
1399 5 9 1 
1307 5 11 1 
1121 6 8 1 
1018 6 12 1 
790 7 1 1 
682 7 13 1 
604 8 0 1 
516 8 14 1 
507 9 15 1 
400 10 16 1 
303 11 17 1 
261 12 18 1 
3 13 17 1 
5334 14 16 1 
5332 15 15 1 
5300 5 10 1 
5117 6 9 1 
5092 6 11 1 
5072 7 2 1 
4968 7 12 1 
4855 8 1 1 
4836 8 13 1 
4440 9 0 1 
4340 9 14 1 
4189 10 15 1 
4100 11 16 1 
3981 12 17 1 
3912 13 16 1 
3904 14 15 1 
3628 6 10 1 
3332 7 3 1 
3197 7 11 1 
2926 8 2 1 
2814 8 12 1 
2048 9 1 1 
1955 9 13 1 
1906 10 0 1 
1857 10 14 1 
1651 11 15 1 
1620 12 16 1 
1537 13 15 1 
1312 14 14 1 
1278 7 4 1 
1060 7 10 1 
997 8 3 1 
851 8 11 1 
648 9 2 1 
318 9 12 1 
1 10 1 1 
5407 10 13 1 
5222 11 0 1 
5216 11 14 1 
4706 12 15 1 
4536 13 14 1 
4227 14 13 1 
4092 7 5 1 
3948 7 9 1 
3812 8 4 1 
3729 8 10 1 
3490 9 3 1 
3139 9 11 1 
2992 10 2 1 
2974 10 12 1 
2823 11 1 1 
2717 11 13 1 
2499 12 14 1 
2200 13 13 1 
1823 7 6 1 
1319 7 8 1 
1176 8 5 1 
1167 8 9 1 
810 9 4 1 
704 9 10 1 
287 10 3 1 
87 10 11 1 
5064 11 2 1 
4967 11 12 1 
4963 12 13 1 
4905 7 7 1 
4872 8 6 1 
4841 8 8 1 
4576 9 5 1 
4131 9 9 1 
3537 10 4 1 
3483 10 10 1 
3317 11 3 1 
2745 11 11 1 
2634 12 12 1 
2580 8 7 1 
2422 9 6 1 
2189 9 8 1 
1627 10 5 1 
1182 10 9 1 
1104 11 4 1 
928 11 10 1 
880 12 11 1 
564 9 7 1 
541 10 6 1 
5285 10 8 1 
5238 11 5 1 
4865 11 9 1 
4749 12 10 1 
4632 10 7 1 
4029 11 6 1 
3566 11 8 1 
3135 12 9 1 
2933 11 7 1 
2930 12 8 1 
2419 13 9 1 
2360 19 9 1 
2188 12 7 1 
1531 13 8 1 
1489 14 9 1 
1214 18 9 1 
1130 19 8 1 
922 12 6 1 
917 13 7 1 
589 14 8 1 
382 15 9 1 
5323 17 9 1 
5315 18 8 1 
5150 19 7 1 
4938 13 6 1 
4572 14 7 1 
4570 15 8 1 
4027 16 9 1 
3554 17 8 1 
3528 18 7 1 
3431 19 6 1 
3328 14 6 1 
2970 15 7 1 
2775 16 8 1 
2462 17 7 1 
2202 18 6 1 
1821 19 5 1 
1472 15 6 1 
962 16 7 1 
528 17 6 1 
505 18 5 1 
238 19 4 1 
228 16 6 1 
133 17 5 1 
14 18 4 1 
5298 19 3 1 
5042 16 5 1 
4816 17 4 1 
4806 18 3 1 
4640 19 2 1 
4531 15 5 1 
3855 16 4 1 
3822 17 3 1 
3172 18 2 1 
2378 19 1 1 
2293 14 5 1 
1745 15 4 1 
330 16 3 1 
5249 17 2 1 
4879 18 1 1 
4654 19 0 1 
4047 13 5 1 
3676 14 4 1 
3246 15 3 1 
3225 16 2 1 
3141 17 1 1 
3029 18 0 1 
2492 12 5 1 
5239 13 4 1 
5181 14 3 1 
4795 15 2 1 
2901 16 1 1 
2770 17 0 1 
2628 12 4 1 
2536 13 3 1 
1980 14 2 1 
1396 15 1 1 
5137 16 0 1 
4922 12 3 1 
4586 13 2 1 
4348 14 1 1 
1719 15 0 1 
621 12 2 1 
3805 13 1 1 
2145 14 0 1 
2024 12 1 1 
1952 13 0 1 
1218 12 0 1 
2907 13 1 12 
1415 13 2 13 
474 14 1 13 
1092 13 3 14 
1992 14 2 14 
2514 15 1 14 
2999 13 4 14 
5132 14 3 14 
5135 15 2 14 
185 16 1 14 
2094 14 4 15 
29 15 3 15 
239 16 2 15 
367 17 1 15 
586 15 4 16 
1281 16 3 16 
1713 17 2 15 
3734 18 1 15 
847 16 4 16 
1048 17 3 16 
1286 18 2 16 
1475 17 4 16 
2687 18 3 16 
2825 17 5 17 
2840 18 4 17 
5416 16 7 17 
170 17 6 17 
462 18 5 17 
626 15 7 17 
1117 16 8 17 
2604 17 7 17 
2667 18 6 17 
4222 14 7 17 
4692 15 8 17 
4850 17 8 17 
4964 18 7 17 
284 13 7 18 
435 14 8 18 
440 18 8 17 
731 13 8 18 
2019 12 8 18 
2173 10 7 18 
2684 11 8 18 
4195 9 7 19 
4851 10 6 19 
1108 10 8 18 
1797 11 9 18 
2217 8 7 19 
3070 9 6 19 
3790 9 8 19 
3802 10 5 19 
3925 10 9 19 
5384 11 10 19 
533 8 6 19 
559 8 8 19 
2091 9 5 19 
2300 9 9 19 
2522 10 4 19 
3038 10 10 19 
3525 11 11 19 
4251 8 5 20 
882 8 9 20 
1208 9 4 20 
1520 9 10 20 
1524 10 3 20 
2507 10 11 20 
3467 11 12 19 
3644 8 4 20 
4055 8 10 20 
4515 9 3 20 
4608 9 11 20 
5047 10 2 20 
5383 0 0 26 
5381 0 1 26 
5244 0 19 26 
5076 1 0 26 
5043 0 2 26 
4912 0 18 26 
4863 1 1 26 
4831 1 19 26 
4787 2 0 26 
4786 0 3 26 
4732 0 17 26 
4599 1 2 26 
4313 1 18 26 
4080 2 1 26 
3971 2 19 26 
3892 3 0 26 
3811 0 4 26 
1716 0 16 26 
1216 1 3 26 
1095 1 17 26 
904 2 2 26 
817 2 18 26 
613 3 1 26 
570 3 19 26 
542 4 0 26 
221 0 5 26 
121 0 15 26 
83 1 4 26 
5212 1 16 26 
4917 2 3 26 
4824 2 17 26 
4710 3 2 26 
4528 3 18 26 
4205 4 1 26 
4144 4 19 26 
4141 5 0 26 
4139 19 10 26 
4050 0 6 26 
3998 0 14 26 
3995 1 5 26 
3899 1 15 26 
3705 2 4 26 
3689 2 16 26 
3561 3 3 26 
3018 3 17 26 
2903 4 2 26 
2690 4 18 26 
2659 5 1 26 
2376 5 19 26 
2152 6 0 26 
2126 18 10 26 
1930 19 11 26 
1914 19 19 26 
1764 0 7 26 
1577 0 13 26 
1542 1 6 26 
1509 1 14 26 
1444 2 5 26 
1419 2 15 26 
1360 3 4 26 
1186 3 16 26 
1022 4 3 26 
389 4 17 26 
288 5 2 26 
5077 5 18 26 
4961 6 1 26 
4591 6 19 26 
4318 13 10 26 
4275 17 10 26 
3963 18 11 26 
3699 18 19 26 
3643 19 12 26 
3587 19 18 26 
3194 0 8 26 
3033 0 12 26 
2925 1 7 26 
2874 1 13 26 
2838 2 6 26 
2799 2 14 26 
2741 3 5 26 
2740 3 15 26 
2496 4 4 26 
2367 4 16 26 
2099 5 3 26 
1969 5 15 26 
1954 5 17 26 
1769 6 2 26 
1349 6 18 26 
1210 7 19 26 
1145 13 11 26 
1136 14 10 26 
276 16 10 26 
272 17 11 26 
199 17 19 26 
144 18 12 26 
5420 18 18 26 
5034 19 13 26 
4501 19 17 26 
4280 0 9 26 
4220 0 11 26 
4069 1 8 26 
4006 1 12 26 
3275 2 7 26 
3231 2 13 26 
3170 3 6 26 
2957 3 14 26 
2757 4 5 26 
2457 4 15 26 
1848 5 4 26 
1822 5 16 26 
1655 6 3 26 
1596 6 15 26 
1465 6 17 26 
1325 7 18 26 
1197 8 19 26 
867 13 12 26 
691 14 11 26 
603 15 10 26 
453 16 11 26 
257 16 19 26 
194 17 12 26 
181 17 18 26 
5370 18 13 26 
5213 18 17 26 
5014 19 14 26 
4916 19 16 26 
4902 0 10 26 
4721 1 9 26 
4609 1 11 26 
4327 2 8 26 
4324 2 12 26 
3863 3 7 26 
3859 3 13 26 
3854 4 6 26 
3593 4 14 26 
3578 5 5 26 
3283 6 4 26 
3050 6 16 26 
2719 7 15 26 
2148 7 17 26 
2116 8 18 26 
2112 9 19 26 
2038 14 12 26 
2031 15 11 26 
1996 15 19 26 
1224 16 12 26 
1118 16 18 26 
1103 17 13 26 
1042 17 17 26 
972 18 14 26 
767 18 16 26 
757 19 15 26 
708 1 10 26 
451 2 9 26 
5261 2 11 26 
4934 3 8 26 
4514 3 12 26 
4407 4 7 26 
4388 4 13 26 
4242 5 6 26 
4209 5 14 26 
3881 6 5 26 
3788 7 16 26 
3685 8 15 26 
3681 8 17 26 
3327 9 18 26 
3253 10 19 26 
3026 14 19 26 
2691 15 12 26 
2420 15 18 26 
2008 16 13 26 
1896 16 17 26 
1781 17 14 26 
1533 17 16 26 
1522 18 15 26 
1487 2 10 26 
1357 3 9 26 
575 3 11 26 
514 4 8 26 
407 4 12 26 
156 5 7 26 
5403 5 13 26 
5346 6 6 26 
5291 6 14 26 
5080 8 16 26 
5017 9 17 26 
4829 10 18 26 
4604 11 19 26 
4566 13 19 26 
4406 14 18 26 
4186 15 13 26 
4180 15 17 26 
4061 16 14 26 
4025 16 16 26 
3987 17 15 26 
3804 3 10 26 
2998 4 9 26 
2688 4 11 26 
2651 5 8 26 
2379 5 12 26 
1995 6 7 26 
1193 6 13 26 
1119 7 0 26 
1010 7 14 26 
986 9 16 26 
744 10 17 26 
634 11 18 26 
139 12 19 26 
5421 13 18 26 
5106 14 17 26 
4799 15 14 26 
4695 15 16 26 
4454 16 15 26 
4305 4 10 26 
4151 5 9 26 
4066 5 11 26 
4041 6 8 26 
4007 6 12 26 
3990 7 1 26 
3982 7 13 26 
3816 8 0 26 
3815 8 14 26 
3742 9 15 26 
3704 10 16 26 
3703 11 17 26 
3557 12 18 26 
3383 13 17 26 
3364 14 16 26 
2292 15 15 26 
2167 5 10 26 
1680 6 9 26 
1679 6 11 26 
1624 7 2 26 
1518 7 12 26 
876 8 1 26 
703 8 13 26 
647 9 0 26 
511 9 14 26 
232 10 15 26 
149 11 16 26 
5328 12 17 26 
5145 13 16 26 
5056 14 15 26 
4284 6 10 26 
4153 7 3 26 
3993 7 11 26 
3831 8 2 26 
3659 8 12 26 
3163 9 1 26 
3136 9 13 26 
2891 10 0 26 
2724 10 14 26 
2494 11 15 26 
2265 12 16 26 
2030 13 15 26 
1985 14 14 26 
1951 7 4 26 
1925 7 10 26 
1877 8 3 26 
1376 8 11 26 
908 9 2 26 
681 9 12 26 
660 10 1 26 
5330 10 13 26 
5248 11 0 26 
4937 11 14 26 
4833 12 15 26 
4739 13 14 26 
4427 14 13 26 
4400 7 5 26 
4367 7 9 26 
4308 8 4 26 
3413 8 10 26 
3410 9 3 26 
3371 9 11 26 
2784 10 2 26 
2576 10 12 26 
2319 11 1 26 
2226 11 13 26 
2052 12 14 26 
2025 13 13 26 
1965 7 6 26 
1945 7 8 26 
1793 8 5 26 
1785 8 9 26 
1202 9 4 26 
893 9 10 26 
553 10 3 26 
550 10 11 26 
448 11 2 26 
309 11 12 26 
40 12 13 26 
5377 7 7 26 
5028 8 6 26 
4857 8 8 26 
4495 9 5 26 
4282 9 9 26 
3782 10 4 26 
3728 10 10 26 
3271 11 3 26 
3186 11 11 26 
3146 12 12 26 
3053 8 7 26 
2863 9 6 26 
2321 9 8 26 
1697 10 5 26 
1595 10 9 26 
1438 11 4 26 
1146 11 10 26 
458 12 11 26 
9 9 7 26 
4729 10 6 26 
4709 10 8 26 
4663 11 5 26 
4520 11 9 26 
4484 12 10 26 
4316 10 7 26 
4021 11 6 26 
3891 11 8 26 
3841 12 9 26 
3688 11 7 26 
3613 12 8 26 
3233 13 9 26 
3219 19 9 26 
3132 12 7 26 
3079 13 8 26 
2857 14 9 26 
2273 18 9 26 
1273 19 8 26 
1138 12 6 26 
1106 13 7 26 
405 14 8 26 
310 15 9 26 
157 17 9 26 
5390 18 8 26 
4891 19 7 26 
4456 13 6 26 
4345 14 7 26 
3420 15 8 26 
3388 16 9 26 
3049 17 8 26 
2315 18 7 26 
1997 19 6 26 
1986 14 6 26 
1977 15 7 26 
1771 16 8 26 
1580 17 7 26 
1036 18 6 26 
332 19 5 26 
136 15 6 26 
5394 16 7 26 
4516 17 6 26 
4217 18 5 26 
4173 19 4 26 
3924 16 6 26 
3686 17 5 26 
3497 18 4 26 
3489 19 3 26 
3423 16 5 26 
3277 17 4 26 
3236 18 3 26 
3108 19 2 26 
2654 15 5 26 
2445 16 4 26 
2283 17 3 26 
1993 18 2 26 
1593 19 1 26 
1529 14 5 26 
1221 15 4 26 
1097 16 3 26 
1066 17 2 26 
998 18 1 26 
497 19 0 26 
4993 13 5 26 
4672 14 4 26 
4660 15 3 26 
4402 16 2 26 
4113 17 1 26 
3739 18 0 26 
3147 12 5 26 
2834 13 4 26 
2789 14 3 26 
2334 15 2 26 
2040 16 1 26 
2027 17 0 26 
1690 12 4 26 
1377 13 3 26 
5194 14 2 26 
4648 15 1 26 
4502 16 0 26 
4122 12 3 26 
3737 13 2 26 
3003 14 1 26 
2398 15 0 26 
2064 12 2 26 
1155 13 1 26 
5229 14 0 26 
4458 12 1 26 
3322 13 0 26 
610 12 0 26 
403 13 1 38 
4518 13 2 38 
5247 14 1 38 
4059 13 3 39 
5104 14 2 38 
696 15 1 38 
1687 13 4 39 
3074 14 3 39 
3373 15 2 39 
4545 16 1 39 
1386 14 4 39 
2271 15 3 39 
3519 16 2 39 
3852 17 1 39 
3886 15 4 40 
4760 16 3 40 
4772 17 2 40 
44 18 1 40 
635 16 4 40 
1171 17 3 40 
1787 18 2 40 
1920 17 4 40 
2561 18 3 40 
2599 17 5 40 
2759 18 4 40 
3746 16 7 40 
4387 17 6 40 
186 18 5 40 
544 15 7 41 
1084 16 8 41 
1265 17 7 41 
1747 18 6 41 
2159 14 7 41 
2245 15 8 41 
3176 17 8 41 
3579 18 7 41 
3958 13 7 42 
333 14 8 42 
383 18 8 41 
572 13 8 42 
1102 12 8 42 
1249 10 7 42 
1425 11 8 42 
1720 9 7 43 
2147 10 6 42 
2947 10 8 42 
3004 11 9 42 
3712 8 7 43 
5414 9 6 43 
190 9 8 43 
218 10 5 43 
331 10 9 43 
429 11 10 43 
461 8 6 43 
599 8 8 43 
2214 9 5 43 
3137 9 9 43 
3786 10 4 43 
4655 10 10 43 
4665 11 11 43 
5215 8 5 44 
687 8 9 44 
2020 9 4 44 
2333 9 10 44 
2709 10 3 44 
3772 10 11 44 
5320 11 12 44 
86 8 4 44 
286 8 10 44 
322 9 3 44 
796 9 11 44 
995 10 2 44 
1069 10 12 44 
1306 11 13 44 
1484 12 14 44 
2964 8 3 45 
3032 8 11 45 
3339 9 2 45 
15 9 12 45 
78 10 1 45 
108 10 13 44 
158 11 14 44 
813 13 14 44 
921 7 11 45 
1389 8 2 45 
2609 8 12 45 
2736 9 1 45 
2827 9 13 45 
3308 10 14 45 
3640 13 15 45 
4060 5 10 46 
4067 6 11 46 
4279 7 12 46 
4488 8 1 46 
4524 8 13 46 
5143 12 17 45 
5401 0 0 51 
5314 0 1 51 
5031 0 19 51 
4909 1 0 51 
4670 0 2 51 
4487 0 18 51 
4447 1 1 51 
4403 1 19 51 
4158 2 0 51 
3952 0 3 51 
3504 0 17 51 
3411 1 2 51 
3326 1 18 51 
2720 2 1 51 
2566 2 19 51 
2348 3 0 51 
2088 0 4 51 
2013 0 16 51 
1847 1 3 51 
1737 1 17 51 
1709 2 2 51 
1403 2 18 51 
1295 3 1 51 
1262 3 19 51 
1250 4 0 51 
868 0 5 51 
863 0 15 51 
854 1 4 51 
701 1 16 51 
697 2 3 51 
482 2 17 51 
426 3 2 51 
275 3 18 51 
148 4 1 51 
33 4 19 51 
5399 5 0 51 
5342 19 10 51 
5070 0 6 51 
5033 0 14 51 
5020 1 5 51 
4783 1 15 51 
4767 2 4 51 
4549 2 16 51 
4040 3 3 51 
4017 3 17 51 
4012 4 2 51 
3936 4 18 51 
3797 5 1 51 
3604 5 19 51 
3470 6 0 51 
3416 18 10 51 
3269 19 11 51 
2861 19 19 51 
2788 0 7 51 
2658 0 13 51 
2603 1 6 51 
2516 1 14 51 
2389 2 5 51 
2355 2 15 51 
2264 3 4 51 
2257 3 16 51 
2177 4 3 51 
1915 4 17 51 
1882 5 2 51 
1756 5 18 51 
1541 6 1 51 
1395 6 19 51 
1271 13 10 51 
1232 17 10 51 
671 18 11 51 
478 18 19 51 
341 19 12 51 
175 19 18 51 
5170 0 8 51 
5156 0 12 51 
4299 1 7 51 
4143 1 13 51 
4137 2 6 51 
3493 2 14 51 
3320 3 5 51 
3209 3 15 51 
3060 4 4 51 
3021 4 16 51 
2937 5 3 51 
2836 5 15 51 
2761 5 17 51 
2703 6 2 51 
2495 6 18 51 
2443 7 19 51 
2345 13 11 51 
2287 14 10 51 
2256 16 10 51 
1774 17 11 51 
1667 17 19 51 
1637 18 12 51 
1482 18 18 51 
1461 19 13 51 
1423 19 17 51 
887 0 9 51 
314 0 11 51 
5360 1 8 51 
5225 1 12 51 
5157 2 7 51 
5089 2 13 51 
5088 3 6 51 
4898 3 14 51 
4614 4 5 51 
4378 4 15 51 
4038 5 4 51 
3910 5 16 51 
3809 6 3 51 
3764 6 15 51 
3660 6 17 51 
3506 7 18 51 
3248 8 19 51 
2674 13 12 51 
2477 14 11 51 
2401 15 10 51 
2328 16 11 51 
2272 16 19 51 
2190 17 12 51 
2035 17 18 51 
1919 18 13 51 
1795 18 17 51 
1650 19 14 51 
1622 19 16 51 
1575 0 10 51 
1331 1 9 51 
1328 1 11 51 
947 2 8 51 
21 2 12 51 
4999 3 7 51 
4845 3 13 51 
4703 4 6 51 
4635 4 14 51 
4633 5 5 51 
4601 6 4 51 
4386 6 16 51 
4359 7 15 51 
4301 7 17 51 
4004 8 18 51 
3922 9 19 51 
3888 14 12 51 
3634 15 11 51 
3472 15 19 51 
3466 16 12 51 
3254 16 18 51 
2940 17 13 51 
2714 17 17 51 
2578 18 14 51 
2409 18 16 51 
2267 19 15 51 
2231 1 10 51 
2157 2 9 51 
1988 2 11 51 
1796 3 8 51 
1648 3 12 51 
1346 4 7 51 
1327 4 13 51 
602 5 6 51 
385 5 14 51 
350 6 5 51 
244 7 16 51 
5411 8 15 51 
5405 8 17 51 
3691 9 18 51 
3418 10 19 51 
3265 14 19 51 
3151 15 12 51 
2866 15 18 51 
2557 16 13 51 
2550 16 17 51 
2545 17 14 51 
2331 17 16 51 
2133 18 15 51 
1943 2 10 51 
1901 3 9 51 
1868 3 11 51 
1816 4 8 51 
1800 4 12 51 
1371 5 7 51 
1247 5 13 51 
1135 6 6 51 
1070 6 14 51 
1059 8 16 51 
967 9 17 51 
902 10 18 51 
857 11 19 51 
779 13 19 51 
766 14 18 51 
633 15 13 51 
557 15 17 51 
502 16 14 51 
375 16 16 51 
297 17 15 51 
233 3 10 51 
93 4 9 51 
62 4 11 51 
4422 5 8 51 
4260 5 12 51 
4088 6 7 51 
3911 6 13 51 
3487 7 0 51 
3453 7 14 51 
3381 9 16 51 
3179 10 17 51 
2835 11 18 51 
2218 12 19 51 
2083 13 18 51 
1981 14 17 51 
1030 15 14 51 
802 15 16 51 
608 16 15 51 
530 4 10 51 
277 5 9 51 
72 5 11 51 
5413 6 8 51 
5302 6 12 51 
5114 7 1 51 
4780 7 13 51 
4763 8 0 51 
4724 8 14 51 
4674 9 15 51 
4636 10 16 51 
4580 11 17 51 
4521 12 18 51 
4188 13 17 51 
3978 14 16 51 
3784 15 15 51 
3386 5 10 51 
3353 6 9 51 
2774 6 11 51 
2676 7 2 51 
2606 7 12 51 
2590 8 1 51 
2010 8 13 51 
1693 9 0 51 
1598 9 14 51 
1358 10 15 51 
1098 11 16 51 
1056 12 17 51 
1019 13 16 51 
5258 14 15 51 
4842 6 10 51 
4745 7 3 51 
4433 7 11 51 
4376 8 2 51 
4019 8 12 51 
3778 9 1 51 
3240 9 13 51 
3002 10 0 51 
2918 10 14 51 
2829 11 15 51 
2124 12 16 51 
1887 13 15 51 
1766 14 14 51 
1638 7 4 51 
1447 7 10 51 
1388 8 3 51 
1342 8 11 51 
1229 9 2 51 
423 9 12 51 
391 10 1 51 
5398 10 13 51 
5325 11 0 51 
5063 11 14 51 
4775 12 15 51 
4747 13 14 51 
4315 14 13 51 
4134 7 5 51 
4034 7 9 51 
3522 8 4 51 
3366 8 10 51 
3349 9 3 51 
3337 9 11 51 
3126 10 2 51 
3100 10 12 51 
3088 11 1 51 
2793 11 13 51 
2695 12 14 51 
2608 13 13 51 
2486 7 6 51 
2403 7 8 51 
2104 8 5 51 
1789 8 9 51 
1574 9 4 51 
1491 9 10 51 
683 10 3 51 
513 10 11 51 
147 11 2 51 
4957 11 12 51 
4919 12 13 51 
4590 7 7 51 
4436 8 6 51 
3977 8 8 51 
3962 9 5 51 
3089 9 9 51 
3084 10 4 51 
2809 10 10 51 
2548 11 3 51 
2427 11 11 51 
2375 12 12 51 
2365 8 7 51 
2232 9 6 51 
2012 9 8 51 
1579 10 5 51 
1322 10 9 51 
942 11 4 51 
5369 11 10 51 
4690 12 11 51 
4116 9 7 51 
3883 10 6 51 
3562 10 8 51 
2640 11 5 51 
2224 11 9 51 
2223 12 10 51 
2007 10 7 51 
1864 11 6 51 
1815 11 8 51 
1699 12 9 51 
1672 11 7 51 
1610 12 8 51 
1483 13 9 51 
1426 19 9 51 
1369 12 7 51 
1172 13 8 51 
1051 14 9 51 
943 18 9 51 
562 19 8 51 
444 12 6 51 
392 13 7 51 
207 14 8 51 
183 15 9 51 
24 17 9 51 
5353 18 8 51 
5125 19 7 51 
4773 13 6 51 
4723 14 7 51 
4699 15 8 51 
4496 16 9 51 
4172 17 8 51 
4117 18 7 51 
4018 19 6 51 
3833 14 6 51 
3071 15 7 51 
2952 16 8 51 
2718 17 7 51 
1973 18 6 51 
1682 19 5 51 
1636 15 6 51 
1132 16 7 51 
956 17 6 51 
939 18 5 51 
834 19 4 51 
741 16 6 51 
615 17 5 51 
5355 18 4 51 
4800 19 3 51 
4782 16 5 51 
4183 17 4 51 
3896 18 3 51 
3650 19 2 51 
3200 15 5 51 
3030 16 4 51 
2865 17 3 51 
2642 18 2 51 
2622 19 1 51 
2450 14 5 51 
2368 15 4 51 
2138 16 3 51 
1818 17 2 51 
1734 18 1 51 
709 19 0 51 
171 13 5 51 
4262 14 4 51 
3794 15 3 51 
3391 16 2 51 
3352 17 1 51 
1605 18 0 51 
1116 12 5 51 
848 13 4 51 
425 14 3 51 
241 15 2 51 
5307 16 1 51 
4346 17 0 51 
3656 12 4 51 
3020 13 3 51 
2844 14 2 51 
2810 15 1 51 
2054 16 0 51 
1005 12 3 51 
949 13 2 51 
689 14 1 51 
573 15 0 51 
340 12 2 51 
26 13 1 51 
4568 14 0 51 
3945 12 1 51 
1838 13 0 51 
1550 12 0 51 
57 13 1 63 
483 13 2 63 
4805 14 1 63 
1538 13 3 63 
1870 14 2 63 
325 15 1 63 
347 13 4 64 
1869 14 3 64 
3087 15 2 64 
3514 16 1 63 
4678 14 4 64 
4765 15 3 64 
256 16 2 64 
290 17 1 64 
1156 15 4 65 
1812 16 3 65 
3980 17 2 65 
4130 18 1 65 
5366 16 4 65 
485 17 3 65 
1923 18 2 65 
2911 17 4 65 
3062 18 3 65 
3069 17 5 66 
3303 18 4 65 
80 16 7 66 
1725 17 6 66 
2665 18 5 66 
3102 15 7 66 
3279 16 8 66 
3576 17 7 66 
3895 18 6 66 
5173 14 7 66 
801 15 8 66 
1159 17 8 66 
1468 18 7 66 
2070 13 7 67 
3183 14 8 67 
3311 18 8 66 
3341 13 8 67 
3370 12 8 67 
4287 10 7 67 
4507 11 8 67 
393 9 7 67 
605 10 6 67 
1110 10 8 67 
1846 11 9 67 
2670 8 7 68 
3034 9 6 68 
3066 9 8 68 
3546 10 5 68 
5282 10 9 68 
510 11 10 67 
864 8 6 68 
872 8 8 68 
930 9 5 68 
1045 9 9 68 
1409 10 4 68 
1746 10 10 68 
2193 11 11 68 
2286 8 5 69 
2383 8 9 69 
2528 9 4 69 
3421 9 10 69 
4540 10 3 69 
5232 10 11 69 
729 11 12 68 
1507 8 4 69 
1898 8 10 69 
1942 9 3 69 
1958 9 11 69 
1976 10 2 69 
2063 10 12 69 
3250 11 13 69 
4000 12 14 69 
5016 8 3 70 
5141 8 11 70 
889 9 2 70 
926 9 12 70 
1004 10 1 70 
1344 10 13 69 
1591 11 14 69 
1953 13 14 69 
2503 7 11 70 
2644 8 2 70 
2981 8 12 70 
3675 9 1 70 
4095 9 13 70 
4466 10 14 70 
5306 13 15 70 
5299 0 0 76 
5277 0 1 76 
5057 0 19 76 
5006 1 0 76 
4954 0 2 76 
4904 0 18 76 
4757 1 1 76 
4659 1 19 76 
4619 2 0 76 
4612 0 3 76 
4592 0 17 76 
4561 1 2 76 
4494 1 18 76 
4379 2 1 76 
4355 2 19 76 
4339 3 0 76 
3973 0 4 76 
3864 0 16 76 
3663 1 3 76 
3654 1 17 76 
3555 2 2 76 
3511 2 18 76 
3437 3 1 76 
3419 3 19 76 
3273 4 0 76 
3180 0 5 76 
3048 0 15 76 
2663 1 4 76 
2560 1 16 76 
2466 2 3 76 
2452 2 17 76 
2449 3 2 76 
2302 3 18 76 
2277 4 1 76 
2243 4 19 76 
2021 5 0 76 
1807 19 10 76 
1694 0 6 76 
1600 0 14 76 
1379 1 5 76 
1012 1 15 76 
601 2 4 76 
496 2 16 76 
271 3 3 76 
89 3 17 76 
5259 4 2 76 
5184 4 18 76 
5178 5 1 76 
5060 5 19 76 
5008 6 0 76 
4951 18 10 76 
4915 19 11 76 
4881 19 19 76 
4043 0 7 76 
3928 0 13 76 
3733 1 6 76 
3633 1 14 76 
3623 2 5 76 
3238 2 15 76 
3009 3 4 76 
2771 3 16 76 
2747 4 3 76 
2715 4 17 76 
2649 5 2 76 
1948 5 18 76 
1900 6 1 76 
1660 6 19 76 
1510 13 10 76 
1420 17 10 76 
1274 18 11 76 
1157 18 19 76 
1046 19 12 76 
912 19 18 76 
4988 0 8 76 
4803 0 12 76 
4744 1 7 76 
4618 1 13 76 
4431 2 6 76 
4224 2 14 76 
4022 3 5 76 
3666 3 15 76 
3512 4 4 76 
3485 4 16 76 
3404 5 3 76 
3287 5 15 76 
2984 5 17 76 
2883 6 2 76 
2791 6 18 76 
2734 7 19 76 
2472 13 11 76 
2411 14 10 76 
2358 16 10 76 
1696 17 11 76 
1460 17 19 76 
1411 18 12 76 
1180 18 18 76 
1160 19 13 76 
1122 19 17 76 
1016 0 9 76 
823 0 11 76 
740 1 8 76 
665 1 12 76 
5340 2 7 76 
5319 2 13 76 
5294 3 6 76 
5093 3 14 76 
4532 4 5 76 
4273 4 15 76 
3741 5 4 76 
3486 5 16 76 
3451 6 3 76 
3401 6 15 76 
3226 6 17 76 
2951 7 18 76 
2832 8 19 76 
2764 13 12 76 
2479 14 11 76 
2356 15 10 76 
2274 16 11 76 
2183 16 19 76 
2087 17 12 76 
1949 17 18 76 
1902 18 13 76 
1683 18 17 76 
1619 19 14 76 
1558 19 16 76 
1392 0 10 76 
1107 1 9 76 
1031 1 11 76 
853 2 8 76 
852 2 12 76 
667 3 7 76 
439 3 13 76 
410 4 6 76 
384 4 14 76 
240 5 5 76 
201 6 4 76 
122 6 16 76 
96 7 15 76 
5312 7 17 76 
4980 8 18 76 
4559 9 19 76 
4525 14 12 76 
4314 15 11 76 
3291 15 19 76 
3262 16 12 76 
3242 16 18 76 
2713 17 13 76 
2624 17 17 76 
2623 18 14 76 
1551 18 16 76 
1443 19 15 76 
577 1 10 76 
527 2 9 76 
278 2 11 76 
43 3 8 76 
4969 3 12 76 
4927 4 7 76 
4888 4 13 76 
4847 5 6 76 
4551 5 14 76 
4417 6 5 76 
4411 7 16 76 
4404 8 15 76 
4236 8 17 76 
3953 9 18 76 
3662 10 19 76 
3655 14 19 76 
3461 15 12 76 
3444 15 18 76 
3315 16 13 76 
3127 16 17 76 
2966 17 14 76 
2785 17 16 76 
2765 18 15 76 
2317 2 10 76 
2309 3 9 76 
2278 3 11 76 
1938 4 8 76 
1842 4 12 76 
1735 5 7 76 
1592 5 13 76 
1501 6 6 76 
1471 6 14 76 
1147 8 16 76 
1043 9 17 76 
265 10 18 76 
224 11 19 76 
5363 13 19 76 
5147 14 18 76 
4657 15 13 76 
4579 15 17 76 
4377 16 14 76 
4263 16 16 76 
4167 17 15 76 
4001 3 10 76 
3825 4 9 76 
3692 4 11 76 
3164 5 8 76 
2776 5 12 76 
2661 6 7 76 
2583 6 13 76 
2520 7 0 76 
1834 7 14 76 
1581 9 16 76 
1368 10 17 76 
1178 11 18 76 
1115 12 19 76 
698 13 18 76 
658 14 17 76 
574 15 14 76 
509 15 16 76 
273 16 15 76 
235 4 10 76 
5002 5 9 76 
4885 5 11 76 
4762 6 8 76 
4715 6 12 76 
4677 7 1 76 
4625 7 13 76 
4477 8 0 76 
4469 8 14 76 
4013 9 15 76 
3857 10 16 76 
2899 11 17 76 
2428 12 18 76 
2198 13 17 76 
2061 14 16 76 
1956 15 15 76 
1481 5 10 76 
1166 6 9 76 
953 6 11 76 
871 7 2 76 
742 7 12 76 
719 8 1 76 
571 8 13 76 
274 9 0 76 
219 9 14 76 
35 10 15 76 
5185 11 16 76 
4995 12 17 76 
4820 13 16 76 
4694 14 15 76 
4667 6 10 76 
4571 7 3 76 
4365 7 11 76 
4244 8 2 76 
3600 8 12 76 
3502 9 1 76 
3479 9 13 76 
3448 10 0 76 
3267 10 14 76 
3206 11 15 76 
2821 12 16 76 
2629 13 15 76 
2410 14 14 76 
2201 7 4 76 
1879 7 10 76 
1845 8 3 76 
1723 8 11 76 
1240 9 2 76 
752 9 12 76 
252 10 1 76 
81 10 13 76 
5396 11 0 76 
5227 11 14 76 
4910 12 15 76 
4562 13 14 76 
4435 14 13 76 
4335 7 5 76 
4182 7 9 76 
3937 8 4 76 
3614 8 10 76 
3312 9 3 76 
3196 9 11 76 
2955 10 2 76 
2915 10 12 76 
2773 11 1 76 
2474 11 13 76 
2456 12 14 76 
2392 13 13 76 
2391 7 6 76 
2171 7 8 76 
2100 8 5 76 
2056 8 9 76 
1946 9 4 76 
1859 9 10 76 
1792 10 3 76 
1707 10 11 76 
1263 11 2 76 
769 11 12 76 
743 12 13 76 
214 7 7 76 
134 8 6 76 
131 8 8 76 
112 9 5 76 
5292 9 9 76 
5100 10 4 76 
4769 10 10 76 
4420 11 3 76 
3795 11 11 76 
2671 12 12 76 
2369 8 7 76 
1984 9 6 76 
1856 9 8 76 
1664 10 5 76 
1644 10 9 76 
1365 11 4 76 
1246 11 10 76 
1077 12 11 76 
475 9 7 76 
390 10 6 76 
41 10 8 76 
4790 11 5 76 
4713 11 9 76 
4621 12 10 76 
4015 10 7 76 
3889 11 6 76 
3521 11 8 76 
3258 12 9 76 
3111 11 7 76 
2961 12 8 76 
2908 13 9 76 
2804 19 9 76 
2468 12 7 76 
1975 13 8 76 
1480 14 9 76 
1433 18 9 76 
1298 19 8 76 
1269 12 6 76 
1192 13 7 76 
1170 14 8 76 
5086 15 9 76 
5003 17 9 76 
4942 18 8 76 
4616 19 7 76 
4414 13 6 76 
4375 14 7 76 
3354 15 8 76 
3154 16 9 76 
3054 17 8 76 
2884 18 7 76 
2017 19 6 76 
1151 14 6 76 
1088 15 7 76 
1003 16 8 76 
891 17 7 76 
860 18 6 76 
821 19 5 76 
620 15 6 76 
464 16 7 76 
5284 17 6 76 
4578 18 5 76 
4311 19 4 76 
3877 16 6 76 
3828 17 5 76 
3791 18 4 76 
3700 19 3 76 
3641 16 5 76 
3379 17 4 76 
3107 18 3 76 
3101 19 2 76 
3058 15 5 76 
3007 16 4 76 
2851 17 3 76 
2828 18 2 76 
2689 19 1 76 
2544 14 5 76 
877 15 4 76 
804 16 3 76 
629 17 2 76 
361 18 1 76 
251 19 0 76 
5160 13 5 76 
4892 14 4 76 
4647 15 3 76 
4265 16 2 76 
4216 17 1 76 
3227 18 0 76 
2993 12 5 76 
2220 13 4 76 
1748 14 3 76 
1418 15 2 76 
1308 16 1 76 
919 17 0 76 
38 12 4 76 
5154 13 3 76 
4975 14 2 76 
4884 15 1 76 
3667 16 0 76 
3586 12 3 76 
2977 13 2 76 
2858 14 1 76 
1194 15 0 76 
1126 12 2 76 
449 13 1 76 
2708 14 0 76 
2208 12 1 76 
230 13 0 76 
4940 12 0 76 
506 13 1 88 
2753 13 2 88 
4372 14 1 88 
415 13 3 88 
713 14 2 88 
5235 15 1 88 
66 13 4 89 
3817 14 3 89 
4645 15 2 89 
5214 16 1 89 
1204 14 4 89 
1603 15 3 89 
2343 16 2 89 
2508 17 1 89 
3244 15 4 90 
4366 16 3 90 
4712 17 2 90 
5131 18 1 90 
700 16 4 90 
1268 17 3 90 
1402 18 2 90 
2107 17 4 90 
2601 18 3 90 
2833 17 5 90 
3551 18 4 90 
4370 16 7 91 
4751 17 6 90 
25 18 5 90 
294 15 7 91 
637 16 8 91 
890 17 7 91 
1552 18 6 91 
1572 14 7 91 
2093 15 8 91 
2170 17 8 91 
2305 18 7 91 
2506 13 7 92 
3572 14 8 92 
3875 18 8 91 
4278 13 8 92 
5084 12 8 92 
1079 10 7 92 
1129 11 8 92 
2236 9 7 93 
2607 10 6 93 
3175 10 8 93 
3387 11 9 92 
3970 8 7 93 
4297 9 6 93 
556 9 8 93 
765 10 5 93 
1866 10 9 93 
2028 11 10 93 
4051 8 6 94 
338 8 8 94 
1052 9 5 94 
1112 9 9 93 
3001 10 4 93 
3123 10 10 93 
3251 11 11 93 
3590 8 5 94 
4206 8 9 94 
227 9 4 94 
490 9 10 94 
1772 10 3 94 
2304 10 11 94 
2631 11 12 94 
3274 8 4 94 
3715 8 10 94 
5018 9 3 94 
5386 9 11 94 
431 10 2 94 
652 10 12 94 
899 11 13 94 
1013 12 14 94 
1127 8 3 95 
2081 8 11 95 
2697 9 2 95 
2870 9 12 95 
2909 10 1 95 
3133 10 13 95 
3969 11 14 94 
4382 13 14 94 
4686 7 11 95 
