1965
6369 7 19 1 
6157 7 18 1 
6019 8 19 1 
5931 7 17 1 
5603 8 18 1 
5502 9 19 1 
5365 19 19 1 
5113 7 16 1 
5083 8 17 1 
4962 9 18 1 
4700 10 19 1 
4652 18 19 1 
4590 19 18 1 
4228 7 15 1 
4051 8 16 1 
3993 9 17 1 
3856 10 18 1 
3748 11 19 1 
3689 17 19 1 
3608 18 18 1 
3442 19 17 1 
3226 7 14 1 
3200 8 15 1 
3170 9 16 1 
3021 10 17 1 
2681 11 18 1 
2420 12 19 1 
1794 16 19 1 
1614 17 18 1 
1376 18 17 1 
1356 19 16 1 
1340 7 11 1 
1248 7 13 1 
1189 8 14 1 
1068 9 15 1 
879 10 16 1 
846 11 17 1 
825 12 18 1 
824 13 19 1 
518 15 19 1 
429 16 18 1 
350 17 17 1 
207 18 16 1 
6333 19 15 1 
6070 7 12 1 
6046 8 11 1 
5703 8 13 1 
5638 9 14 1 
5444 10 15 1 
5317 11 16 1 
5221 12 17 1 
5206 13 18 1 
5007 14 19 1 
4839 15 18 1 
4643 16 17 1 
4390 17 16 1 
4330 18 15 1 
4138 19 14 1 
4070 8 12 1 
3765 9 11 1 
3760 9 13 1 
3579 10 14 1 
3543 11 15 1 
3536 12 16 1 
2943 13 17 1 
2891 14 18 1 
2146 15 17 1 
2130 16 16 1 
1892 17 15 1 
1885 18 14 1 
1840 19 13 1 
1778 9 12 1 
1754 10 11 1 
1334 10 13 1 
1044 11 14 1 
1014 12 15 1 
1003 13 16 1 
888 14 17 1 
625 15 16 1 
548 16 15 1 
215 17 14 1 
169 18 13 1 
44 19 0 1 
6159 19 12 1 
6129 10 12 1 
5869 11 11 1 
5681 11 13 1 
5669 12 14 1 
5399 13 15 1 
5185 14 16 1 
4920 15 15 1 
4830 16 14 1 
4804 17 13 1 
4775 18 0 1 
4639 18 12 1 
4615 19 1 1 
4561 19 11 1 
4532 11 12 1 
4455 12 11 1 
4268 12 13 1 
4226 13 14 1 
4031 14 15 1 
3990 15 14 1 
3986 16 13 1 
3940 17 0 1 
3881 17 12 1 
3712 18 1 1 
3595 18 11 1 
3307 19 2 1 
3177 19 10 1 
3174 12 12 1 
3161 13 11 1 
2918 13 13 1 
2505 14 14 1 
1692 15 13 1 
1625 16 0 1 
1494 16 12 1 
1326 17 1 1 
1160 17 11 1 
703 18 2 1 
576 18 10 1 
440 19 3 1 
427 19 9 1 
397 13 12 1 
6457 14 13 1 
6423 15 0 1 
6131 15 12 1 
6077 16 1 1 
5822 16 11 1 
5355 17 2 1 
5351 17 10 1 
5195 18 3 1 
4808 18 9 1 
4667 19 4 1 
4163 19 8 1 
4154 14 0 1 
4104 14 12 1 
3995 15 1 1 
3368 15 11 1 
3283 16 2 1 
3172 16 10 1 
2949 17 3 1 
2910 17 9 1 
2872 18 4 1 
2624 18 8 1 
2619 19 5 1 
2492 19 7 1 
2291 0 19 1 
2102 6 19 1 
2016 13 0 1 
1953 14 1 1 
1832 14 11 1 
1816 15 2 1 
1810 15 10 1 
926 16 3 1 
97 16 9 1 
6289 17 4 1 
6073 17 8 1 
5998 18 5 1 
5548 18 7 1 
5376 19 6 1 
5008 0 18 1 
4836 1 19 1 
4570 5 19 1 
4445 6 18 1 
4414 12 0 1 
4253 13 1 1 
3880 14 2 1 
3701 14 10 1 
3434 15 3 1 
3364 15 9 1 
3141 16 4 1 
2898 16 8 1 
2575 17 5 1 
2568 17 7 1 
2243 18 6 1 
1227 0 17 1 
1149 1 18 1 
843 2 19 1 
829 4 19 1 
674 5 18 1 
6359 6 17 1 
6000 11 0 1 
5936 12 1 1 
5584 13 2 1 
5578 13 10 1 
5377 14 3 1 
5066 14 9 1 
4995 15 4 1 
4263 15 8 1 
4196 16 5 1 
4018 16 7 1 
3837 17 6 1 
3446 0 16 1 
3399 1 17 1 
3195 2 18 1 
3076 3 19 1 
2853 4 18 1 
2595 5 17 1 
2493 6 16 1 
2080 10 0 1 
1570 11 1 1 
1331 12 2 1 
808 12 10 1 
644 13 3 1 
447 13 9 1 
335 14 4 1 
226 14 8 1 
6486 15 5 1 
6299 15 7 1 
6208 16 6 1 
5957 0 15 1 
5575 1 16 1 
5453 2 17 1 
5395 3 18 1 
5216 4 17 1 
4457 5 16 1 
4444 6 15 1 
4424 9 0 1 
4262 10 1 1 
3218 11 2 1 
3118 11 10 1 
3061 12 3 1 
2971 12 9 1 
2824 13 4 1 
2508 13 8 1 
2212 14 5 1 
2152 14 7 1 
1919 15 6 1 
1699 0 14 1 
1595 1 15 1 
991 2 16 1 
884 3 17 1 
868 4 16 1 
678 5 15 1 
675 6 14 1 
541 8 0 1 
295 9 1 1 
61 10 2 1 
6460 10 10 1 
6260 11 3 1 
6227 11 9 1 
6202 12 4 1 
6168 12 8 1 
5840 13 5 1 
5712 13 7 1 
5313 14 6 1 
4990 0 13 1 
4694 1 14 1 
4195 2 15 1 
3822 3 16 1 
3739 4 15 1 
3673 5 14 1 
3544 6 13 1 
2470 7 0 1 
2434 8 1 1 
2091 9 2 1 
1981 9 10 1 
1817 10 3 1 
1298 10 9 1 
870 11 4 1 
861 11 8 1 
197 12 5 1 
6364 12 7 1 
6346 13 6 1 
6225 0 12 1 
6094 1 13 1 
5718 2 14 1 
5551 3 15 1 
5524 4 14 1 
5512 5 13 1 
5337 6 0 1 
5211 6 12 1 
4967 7 1 1 
4074 8 2 1 
3897 8 10 1 
3844 9 3 1 
3635 9 9 1 
3490 10 4 1 
3373 10 8 1 
3247 11 5 1 
2751 11 7 1 
2636 12 6 1 
2565 0 11 1 
2467 1 12 1 
2446 2 13 1 
2237 3 14 1 
1542 4 13 1 
1296 5 12 1 
900 6 1 1 
823 6 11 1 
809 7 2 1 
779 7 10 1 
498 8 3 1 
287 8 9 1 
201 9 4 1 
145 9 8 1 
68 10 5 1 
6332 10 7 1 
6126 11 6 1 
5793 0 10 1 
5024 1 11 1 
4828 2 12 1 
4755 3 13 1 
4573 4 12 1 
4524 5 11 1 
4504 6 2 1 
4160 6 10 1 
3687 7 3 1 
3427 7 9 1 
3384 8 4 1 
3297 8 8 1 
2926 9 5 1 
2330 9 7 1 
2261 10 6 1 
1418 0 9 1 
1067 1 10 1 
1057 2 11 1 
6475 3 12 1 
6380 4 11 1 
6339 5 10 1 
5881 6 3 1 
5767 6 9 1 
5701 7 4 1 
5335 7 8 1 
5153 8 5 1 
5038 8 7 1 
4787 9 6 1 
4442 0 8 1 
4407 1 9 1 
3678 2 10 1 
3276 3 11 1 
3178 4 10 1 
3056 5 9 1 
2657 6 4 1 
2422 6 8 1 
2331 7 5 1 
2076 7 7 1 
1528 8 6 1 
837 0 7 1 
752 1 8 1 
642 2 9 1 
453 3 10 1 
390 4 9 1 
14 5 8 1 
6057 6 5 1 
5810 6 7 1 
5738 7 6 1 
5676 0 6 1 
5463 1 7 1 
4987 2 8 1 
4873 3 9 1 
4815 4 8 1 
3799 5 7 1 
3774 6 6 1 
3508 0 5 1 
3092 1 6 1 
2940 2 7 1 
2845 3 8 1 
1930 4 7 1 
1283 5 6 1 
1090 0 4 1 
738 1 5 1 
149 2 6 1 
6274 3 7 1 
6271 4 6 1 
6037 5 5 1 
4663 0 3 1 
4380 1 4 1 
4245 2 5 1 
3854 3 6 1 
3773 4 5 1 
3416 5 4 1 
3059 0 2 1 
2353 1 3 1 
1977 2 4 1 
1552 3 5 1 
1369 4 4 1 
1262 5 3 1 
5986 0 1 1 
5310 1 2 1 
5197 2 3 1 
4118 3 4 1 
3546 4 3 1 
3122 5 2 1 
2997 0 0 1 
2950 1 1 1 
2877 2 2 1 
2486 3 3 1 
2444 4 2 1 
1630 5 1 1 
1628 1 0 1 
657 2 1 1 
6376 3 2 1 
6224 4 1 1 
5606 5 0 1 
4616 2 0 1 
3358 3 1 1 
1936 4 0 1 
5380 3 0 1 
2459 3 1 14 
2615 2 1 15 
2684 3 2 14 
3392 4 1 14 
3652 1 1 15 
457 2 2 15 
1287 3 3 15 
2430 4 2 15 
3541 1 2 15 
4426 2 3 15 
5479 3 4 15 
539 4 3 15 
753 1 3 16 
2240 2 4 16 
2966 3 5 16 
2988 4 4 16 
3422 1 4 16 
4292 2 5 16 
6182 3 6 16 
598 4 5 16 
2838 1 5 17 
3260 2 6 17 
4103 3 7 16 
5261 4 6 16 
1944 1 6 17 
2319 2 7 17 
2405 3 8 17 
2817 4 7 17 
6135 1 7 17 
6350 2 8 17 
52 3 9 17 
208 4 8 17 
323 5 7 17 
2058 1 8 18 
2251 2 9 18 
2553 3 10 18 
3223 4 9 18 
4136 5 8 18 
4778 6 7 17 
5025 7 6 17 
5720 1 9 18 
6032 2 10 18 
962 3 11 18 
1605 4 10 18 
2143 5 9 18 
2190 6 8 18 
2196 7 5 18 
3028 7 7 18 
3130 8 6 18 
6136 1 10 19 
198 2 11 19 
590 3 12 18 
834 4 11 18 
963 5 10 18 
1284 6 9 18 
1355 7 4 18 
1763 7 8 18 
2479 8 5 18 
3248 8 7 18 
3403 9 6 18 
3938 1 11 19 
4516 2 12 19 
4914 3 13 19 
4949 4 12 19 
6009 5 11 19 
329 7 3 19 
486 7 9 19 
925 8 4 19 
1245 8 8 19 
1371 9 5 19 
1526 9 7 19 
1551 10 6 19 
1949 1 12 20 
2100 2 13 20 
3641 3 14 20 
4748 4 13 20 
5265 5 12 20 
5887 7 2 20 
6413 8 3 20 
6282 7 19 26 
6279 7 18 26 
6079 8 19 26 
5775 7 17 26 
5481 8 18 26 
4679 9 19 26 
4092 19 19 26 
4001 7 16 26 
3103 8 17 26 
2710 9 18 26 
2497 10 19 26 
1788 18 19 26 
1481 19 18 26 
1242 7 15 26 
1220 8 16 26 
1153 9 17 26 
1078 10 18 26 
990 11 19 26 
668 17 19 26 
654 18 18 26 
184 19 17 26 
159 7 14 26 
5967 8 15 26 
5722 9 16 26 
5557 10 17 26 
5525 11 18 26 
5000 12 19 26 
4863 16 19 26 
4645 17 18 26 
4447 18 17 26 
4077 19 16 26 
3810 7 11 26 
3756 7 13 26 
3621 8 14 26 
3590 9 15 26 
3173 10 16 26 
3009 11 17 26 
2991 12 18 26 
2789 13 19 26 
2521 15 19 26 
2415 16 18 26 
2316 17 17 26 
1905 18 16 26 
1736 19 15 26 
1696 7 12 26 
1459 8 11 26 
1457 8 13 26 
1333 9 14 26 
1260 10 15 26 
1150 11 16 26 
966 12 17 26 
920 13 18 26 
844 14 19 26 
768 15 18 26 
740 16 17 26 
739 17 16 26 
570 18 15 26 
431 19 14 26 
163 8 12 26 
6307 9 11 26 
6241 9 13 26 
6190 10 14 26 
6017 11 15 26 
5999 12 16 26 
5973 13 17 26 
5952 14 18 26 
5778 15 17 26 
5727 16 16 26 
5505 17 15 26 
4958 18 14 26 
4889 19 13 26 
4701 9 12 26 
4698 10 11 26 
4522 10 13 26 
4520 11 14 26 
4500 12 15 26 
4464 13 16 26 
4314 14 17 26 
4050 15 16 26 
3975 16 15 26 
3924 17 14 26 
3388 18 13 26 
3212 19 0 26 
3108 19 12 26 
3014 10 12 26 
2958 11 11 26 
2098 11 13 26 
1857 12 14 26 
1270 13 15 26 
1103 14 16 26 
972 15 15 26 
714 16 14 26 
662 17 13 26 
293 18 0 26 
180 18 12 26 
6119 19 1 26 
5996 19 11 26 
5637 11 12 26 
5308 12 11 26 
5167 12 13 26 
5095 13 14 26 
5031 14 15 26 
4886 15 14 26 
4458 16 13 26 
4419 17 0 26 
4289 17 12 26 
4288 18 1 26 
4137 18 11 26 
4120 19 2 26 
3956 19 10 26 
3713 12 12 26 
3420 13 11 26 
3352 13 13 26 
3144 14 14 26 
3117 15 13 26 
2904 16 0 26 
2716 16 12 26 
2551 17 1 26 
2438 17 11 26 
2355 18 2 26 
2225 18 10 26 
2179 19 3 26 
1807 19 9 26 
1617 13 12 26 
1327 14 13 26 
1268 15 0 26 
1004 15 12 26 
381 16 1 26 
347 16 11 26 
111 17 2 26 
6027 17 10 26 
5866 18 3 26 
5694 18 9 26 
5680 19 4 26 
5535 19 8 26 
5298 14 0 26 
5240 14 12 26 
4556 15 1 26 
4449 15 11 26 
4251 16 2 26 
4125 16 10 26 
4060 17 3 26 
3482 17 9 26 
3458 18 4 26 
2879 18 8 26 
2841 19 5 26 
2831 19 7 26 
2787 0 19 26 
2487 6 19 26 
2335 13 0 26 
2106 14 1 26 
1980 14 11 26 
1921 15 2 26 
1869 15 10 26 
1653 16 3 26 
1634 16 9 26 
1424 17 4 26 
1360 17 8 26 
1184 18 5 26 
1095 18 7 26 
696 19 6 26 
633 0 18 26 
580 1 19 26 
255 5 19 26 
20 6 18 26 
19 12 0 26 
6278 13 1 26 
6086 14 2 26 
6023 14 10 26 
6015 15 3 26 
5917 15 9 26 
5549 16 4 26 
4803 16 8 26 
4557 17 5 26 
4526 17 7 26 
4277 18 6 26 
4242 0 17 26 
3680 1 18 26 
3500 2 19 26 
3243 4 19 26 
3241 5 18 26 
3123 6 17 26 
2984 11 0 26 
2609 12 1 26 
2567 13 2 26 
2367 13 10 26 
968 14 3 26 
433 14 9 26 
341 15 4 26 
150 15 8 26 
6198 16 5 26 
6171 16 7 26 
6142 17 6 26 
6109 0 16 26 
5890 1 17 26 
4866 2 18 26 
4725 3 19 26 
4703 4 18 26 
4525 5 17 26 
4409 6 16 26 
4259 10 0 26 
4075 11 1 26 
3971 12 2 26 
3806 12 10 26 
3788 13 3 26 
3655 13 9 26 
3402 14 4 26 
3389 14 8 26 
3252 15 5 26 
3084 15 7 26 
2985 16 6 26 
2852 0 15 26 
2697 1 16 26 
2284 2 17 26 
2259 3 18 26 
2086 4 17 26 
1995 5 16 26 
1545 6 15 26 
1211 9 0 26 
1000 10 1 26 
869 11 2 26 
813 11 10 26 
228 12 3 26 
6340 12 9 26 
6325 13 4 26 
5930 13 8 26 
5809 14 5 26 
5151 14 7 26 
4850 15 6 26 
4758 0 14 26 
4143 1 15 26 
4014 2 16 26 
3840 3 17 26 
3535 4 16 26 
3476 5 15 26 
3280 6 14 26 
3210 8 0 26 
3079 9 1 26 
3039 10 2 26 
2722 10 10 26 
2628 11 3 26 
2215 11 9 26 
2159 12 4 26 
2003 12 8 26 
1577 13 5 26 
1320 13 7 26 
1269 14 6 26 
873 0 13 26 
853 1 14 26 
788 2 15 26 
562 3 16 26 
450 4 15 26 
432 5 14 26 
113 6 13 26 
5987 7 0 26 
5386 8 1 26 
5120 9 2 26 
4824 9 10 26 
4809 10 3 26 
4600 10 9 26 
4248 11 4 26 
4115 11 8 26 
4088 12 5 26 
3464 12 7 26 
3213 13 6 26 
2793 0 12 26 
2561 1 13 26 
2384 2 14 26 
2250 3 15 26 
2192 4 14 26 
2144 5 13 26 
1993 6 0 26 
1506 6 12 26 
992 7 1 26 
682 8 2 26 
544 8 10 26 
428 9 3 26 
402 9 9 26 
6432 10 4 26 
6031 10 8 26 
5984 11 5 26 
5499 11 7 26 
5232 12 6 26 
4749 0 11 26 
4733 1 12 26 
4599 2 13 26 
4433 3 14 26 
4229 4 13 26 
4022 5 12 26 
3803 6 1 26 
3679 6 11 26 
3270 7 2 26 
3231 7 10 26 
3189 8 3 26 
3096 8 9 26 
3034 9 4 26 
2833 9 8 26 
2263 10 5 26 
1979 10 7 26 
1859 11 6 26 
1755 0 10 26 
1588 1 11 26 
1565 2 12 26 
1209 3 13 26 
1157 4 12 26 
1020 5 11 26 
914 6 2 26 
841 6 10 26 
794 7 3 26 
513 7 9 26 
481 8 4 26 
326 8 8 26 
6400 9 5 26 
6060 9 7 26 
5626 10 6 26 
5588 0 9 26 
5484 1 10 26 
5114 2 11 26 
4993 3 12 26 
4961 4 11 26 
4265 5 10 26 
3786 6 3 26 
3548 6 9 26 
3471 7 4 26 
3069 7 8 26 
3013 8 5 26 
2028 8 7 26 
1676 9 6 26 
1568 0 8 26 
867 1 9 26 
821 2 10 26 
543 3 11 26 
346 4 10 26 
178 5 9 26 
6396 6 4 26 
6330 6 8 26 
6203 7 5 26 
5388 7 7 26 
4751 8 6 26 
4714 0 7 26 
4685 1 8 26 
4431 2 9 26 
4041 3 10 26 
3793 4 9 26 
3768 5 8 26 
3623 6 5 26 
3386 6 7 26 
3032 7 6 26 
2581 0 6 26 
2529 1 7 26 
2426 2 8 26 
2333 3 9 26 
1969 4 8 26 
1602 5 7 26 
1377 6 6 26 
1194 0 5 26 
6389 1 6 26 
6258 2 7 26 
6250 3 8 26 
5286 4 7 26 
4841 5 6 26 
4688 0 4 26 
4415 1 5 26 
3777 2 6 26 
3582 3 7 26 
3274 4 6 26 
1999 5 5 26 
1765 0 3 26 
508 1 4 26 
6446 2 5 26 
5675 3 6 26 
5322 4 5 26 
5109 5 4 26 
4816 0 2 26 
3833 1 3 26 
3795 2 4 26 
3063 3 5 26 
3049 4 4 26 
2627 5 3 26 
1187 0 1 26 
895 1 2 26 
782 2 3 26 
483 3 4 26 
298 4 3 26 
284 5 2 26 
139 0 0 26 
8 1 1 26 
6408 2 2 26 
5844 3 3 26 
5757 4 2 26 
5075 5 1 26 
4232 1 0 26 
3601 2 1 26 
2123 3 2 26 
939 4 1 26 
6261 5 0 26 
2952 2 0 26 
2897 3 1 26 
2788 4 0 26 
1088 3 0 26 
5233 3 1 38 
5855 2 1 39 
88 3 2 39 
331 4 1 39 
2047 1 1 40 
3668 2 2 39 
4690 3 3 39 
5312 4 2 39 
206 1 2 40 
1070 2 3 40 
1431 3 4 40 
3232 4 3 40 
4450 1 3 40 
4826 2 4 40 
949 3 5 40 
1084 4 4 40 
2515 1 4 41 
2596 2 5 40 
3138 3 6 40 
3261 4 5 40 
6143 1 5 41 
21 2 6 41 
1722 3 7 41 
2257 4 6 41 
2378 1 6 41 
2740 2 7 41 
3510 3 8 41 
3960 4 7 41 
4502 1 7 42 
5032 2 8 42 
153 3 9 42 
967 4 8 42 
2830 5 7 42 
3128 1 8 42 
4410 2 9 42 
4666 3 10 42 
5739 4 9 42 
247 5 8 42 
710 6 7 42 
766 7 6 42 
1747 1 9 43 
1785 2 10 43 
3258 3 11 43 
3640 4 10 43 
4151 5 9 43 
5552 6 8 42 
5553 7 5 42 
5685 7 7 42 
216 8 6 42 
1301 1 10 43 
1387 2 11 43 
1517 3 12 43 
1956 4 11 43 
2012 5 10 43 
2025 6 9 43 
2899 7 4 43 
4721 7 8 43 
4946 8 5 43 
5040 8 7 43 
5089 9 6 43 
6256 1 11 44 
1126 2 12 44 
1206 3 13 44 
1495 4 12 44 
1550 5 11 44 
1650 7 3 44 
1938 7 9 44 
2166 8 4 44 
3159 8 8 44 
3246 9 5 43 
3321 9 7 43 
4258 10 6 43 
4736 1 12 44 
4943 2 13 44 
5711 3 14 44 
5853 4 13 44 
5878 5 12 44 
5997 7 2 44 
6492 8 3 44 
249 8 9 44 
564 9 4 44 
1023 9 8 44 
1069 10 5 44 
1107 10 7 44 
1441 11 6 44 
1442 1 13 45 
1631 2 14 45 
2096 3 15 45 
3418 4 14 45 
4221 5 13 45 
4595 7 1 45 
5241 8 2 45 
5339 9 3 45 
5447 9 9 45 
5649 10 4 44 
5937 10 8 44 
6173 7 19 51 
6164 7 18 51 
6099 8 19 51 
6058 7 17 51 
5872 8 18 51 
5759 9 19 51 
5492 19 19 51 
4933 7 16 51 
4708 8 17 51 
4661 9 18 51 
4612 10 19 51 
4541 18 19 51 
4528 19 18 51 
4505 7 15 51 
4351 8 16 51 
4346 9 17 51 
4235 10 18 51 
4038 11 19 51 
3787 17 19 51 
3770 18 18 51 
3326 19 17 51 
3322 7 14 51 
3097 8 15 51 
2763 9 16 51 
2485 10 17 51 
2448 11 18 51 
2352 12 19 51 
2115 16 19 51 
2005 17 18 51 
1593 18 17 51 
1571 19 16 51 
1123 7 11 51 
484 7 13 51 
273 8 14 51 
135 9 15 51 
126 10 16 51 
6425 11 17 51 
6179 12 18 51 
6088 13 19 51 
5622 15 19 51 
5497 16 18 51 
5305 17 17 51 
5273 18 16 51 
4998 19 15 51 
4660 7 12 51 
4484 8 11 51 
4459 8 13 51 
4302 9 14 51 
4257 10 15 51 
3945 11 16 51 
3869 12 17 51 
3853 13 18 51 
3829 14 19 51 
3738 15 18 51 
3356 16 17 51 
2919 17 16 51 
2816 18 15 51 
2638 19 14 51 
2617 8 12 51 
2341 9 11 51 
2160 9 13 51 
1488 10 14 51 
1469 11 15 51 
1252 12 16 51 
987 13 17 51 
955 14 18 51 
558 15 17 51 
417 16 16 51 
415 17 15 51 
6401 18 14 51 
6277 19 13 51 
6244 9 12 51 
5737 10 11 51 
5473 10 13 51 
5064 11 14 51 
4811 12 15 51 
4497 13 16 51 
4334 14 17 51 
4256 15 16 51 
4240 16 15 51 
4239 17 14 51 
4025 18 13 51 
3479 19 0 51 
3275 19 12 51 
3080 10 12 51 
3057 11 11 51 
2597 11 13 51 
2320 12 14 51 
2226 13 15 51 
2120 14 16 51 
2033 15 15 51 
1897 16 14 51 
1744 17 13 51 
1615 18 0 51 
1590 18 12 51 
1337 19 1 51 
1210 19 11 51 
1041 11 12 51 
686 12 11 51 
319 12 13 51 
297 13 14 51 
289 14 15 51 
233 15 14 51 
81 16 13 51 
6357 17 0 51 
5901 17 12 51 
5581 18 1 51 
5488 18 11 51 
5268 19 2 51 
5228 19 10 51 
4911 12 12 51 
4510 13 11 51 
3929 13 13 51 
3911 14 14 51 
3783 15 13 51 
3341 16 0 51 
3299 16 12 51 
3251 17 1 51 
3193 17 11 51 
2869 18 2 51 
2293 18 10 51 
2103 19 3 51 
1829 19 9 51 
1734 13 12 51 
1445 14 13 51 
1037 15 0 51 
1029 15 12 51 
973 16 1 51 
816 16 11 51 
491 17 2 51 
479 17 10 51 
6303 18 3 51 
6029 18 9 51 
5903 19 4 51 
5889 19 8 51 
5627 14 0 51 
5372 14 12 51 
4865 15 1 51 
4829 15 11 51 
4244 16 2 51 
4236 16 10 51 
4024 17 3 51 
3905 17 9 51 
3885 18 4 51 
3474 18 8 51 
3157 19 5 51 
2715 19 7 51 
2604 0 19 51 
2533 6 19 51 
2523 13 0 51 
2406 14 1 51 
2181 14 11 51 
2085 15 2 51 
2035 15 10 51 
1487 16 3 51 
1474 16 9 51 
1375 17 4 51 
1240 17 8 51 
1217 18 5 51 
984 18 7 51 
862 19 6 51 
857 0 18 51 
532 1 19 51 
517 5 19 51 
489 6 18 51 
399 12 0 51 
223 13 1 51 
54 14 2 51 
5975 14 10 51 
5959 15 3 51 
5768 15 9 51 
5486 16 4 51 
5366 16 8 51 
5266 17 5 51 
5055 17 7 51 
4270 18 6 51 
3998 0 17 51 
3825 1 18 51 
3374 2 19 51 
3300 4 19 51 
2996 5 18 51 
2900 6 17 51 
2666 11 0 51 
1952 12 1 51 
1702 13 2 51 
1533 13 10 51 
1515 14 3 51 
894 14 9 51 
732 15 4 51 
606 15 8 51 
361 16 5 51 
244 16 7 51 
191 17 6 51 
91 0 16 51 
6485 1 17 51 
6470 2 18 51 
6122 3 19 51 
6016 4 18 51 
5927 5 17 51 
5733 6 16 51 
5422 10 0 51 
5392 11 1 51 
5247 12 2 51 
5112 12 10 51 
5096 13 3 51 
4931 13 9 51 
3617 14 4 51 
3196 14 8 51 
3058 15 5 51 
2622 15 7 51 
2540 16 6 51 
2391 0 15 51 
2386 1 16 51 
2214 2 17 51 
1934 3 18 51 
1748 4 17 51 
1548 5 16 51 
1543 6 15 51 
1519 9 0 51 
1124 10 1 51 
903 11 2 51 
748 11 10 51 
676 12 3 51 
503 12 9 51 
210 13 4 51 
5619 13 8 51 
5485 14 5 51 
5415 14 7 51 
4989 15 6 51 
4329 0 14 51 
4188 1 15 51 
4028 2 16 51 
3726 3 17 51 
3477 4 16 51 
2895 5 15 51 
2778 6 14 51 
2079 8 0 51 
1867 9 1 51 
1721 10 2 51 
1559 10 10 51 
878 11 3 51 
449 11 9 51 
430 12 4 51 
352 12 8 51 
262 13 5 51 
195 13 7 51 
6287 14 6 51 
6093 0 13 51 
5792 1 14 51 
5764 2 15 51 
5617 3 16 51 
5595 4 15 51 
5592 5 14 51 
5455 6 13 51 
5044 7 0 51 
4988 8 1 51 
4847 9 2 51 
4801 9 10 51 
4546 10 3 51 
4393 10 9 51 
4369 11 4 51 
4366 11 8 51 
4293 12 5 51 
3917 12 7 51 
3798 13 6 51 
3618 0 12 51 
3611 1 13 51 
3552 2 14 51 
3267 3 15 51 
3211 4 14 51 
3087 5 13 51 
3043 6 0 51 
2972 6 12 51 
2948 7 1 51 
2885 8 2 51 
2791 8 10 51 
2579 9 3 51 
2407 9 9 51 
1862 10 4 51 
1839 10 8 51 
1664 11 5 51 
1413 11 7 51 
1222 12 6 51 
1202 0 11 51 
582 1 12 51 
272 2 13 51 
251 3 14 51 
175 4 13 51 
157 5 12 51 
6431 6 1 51 
6334 6 11 51 
5978 7 2 51 
5726 7 10 51 
5271 8 3 51 
5098 8 9 51 
5046 9 4 51 
5011 9 8 51 
4984 10 5 51 
4699 10 7 51 
4036 11 6 51 
4007 0 10 51 
3615 1 11 51 
3515 2 12 51 
3335 3 13 51 
3202 4 12 51 
2535 5 11 51 
2370 6 2 51 
2018 6 10 51 
1907 7 3 51 
1887 7 9 51 
1648 8 4 51 
1460 8 8 51 
1389 9 5 51 
1156 9 7 51 
1042 10 6 51 
969 0 9 51 
872 1 10 51 
5 2 11 51 
6178 3 12 51 
5781 4 11 51 
5634 5 10 51 
5610 6 3 51 
5483 6 9 51 
4827 7 4 51 
4820 7 8 51 
4710 8 5 51 
4653 8 7 51 
3871 9 6 51 
3823 0 8 51 
3672 1 9 51 
3498 2 10 51 
3361 3 11 51 
3048 4 10 51 
2401 5 9 51 
2279 6 4 51 
2129 6 8 51 
1992 7 5 51 
1954 7 7 51 
1878 8 6 51 
1343 0 7 51 
1199 1 8 51 
1086 2 9 51 
775 3 10 51 
377 4 9 51 
199 5 8 51 
5530 6 5 51 
5436 6 7 51 
4874 7 6 51 
4386 0 6 51 
4095 1 7 51 
4094 2 8 51 
3983 3 9 51 
3890 4 8 51 
3831 5 7 51 
3785 6 6 51 
3744 0 5 51 
3523 1 6 51 
3314 2 7 51 
3065 3 8 51 
2847 4 7 51 
2218 5 6 51 
2073 0 4 51 
1863 1 5 51 
1828 2 6 51 
1745 3 7 51 
1482 4 6 51 
976 5 5 51 
94 0 3 51 
6372 1 4 51 
5877 2 5 51 
5713 3 6 51 
5640 4 5 51 
5608 5 4 51 
4884 0 2 51 
3969 1 3 51 
3967 2 4 51 
3204 3 5 51 
2712 4 4 51 
2306 5 3 51 
1633 0 1 51 
328 1 2 51 
190 2 3 51 
172 3 4 51 
6459 4 3 51 
5042 5 2 51 
4298 0 0 51 
2946 1 1 51 
2827 2 2 51 
1986 3 3 51 
6116 4 2 51 
6110 5 1 51 
4732 1 0 51 
4194 2 1 51 
1861 3 2 51 
239 4 1 51 
5654 5 0 51 
4071 2 0 51 
3557 3 1 51 
3459 4 0 51 
2674 3 0 51 
35 3 1 63 
4214 2 1 64 
438 3 2 64 
3263 4 1 64 
63 1 1 65 
131 2 2 65 
2692 3 3 65 
3355 4 2 64 
493 1 2 66 
711 2 3 66 
1113 3 4 66 
1154 4 3 65 
1330 1 3 66 
1894 2 4 66 
2314 3 5 66 
2993 4 4 66 
3522 1 4 66 
4521 2 5 66 
13 3 6 66 
718 4 5 66 
724 1 5 67 
731 2 6 67 
2411 3 7 67 
2672 4 6 67 
3387 1 6 67 
4037 2 7 67 
4406 3 8 67 
461 4 7 67 
695 1 7 67 
805 2 8 67 
908 3 9 67 
3379 4 8 67 
3625 5 7 67 
4121 1 8 68 
4213 2 9 68 
6038 3 10 68 
59 4 9 68 
2171 5 8 68 
2441 6 7 67 
2506 7 6 67 
3613 1 9 68 
3903 2 10 68 
4536 3 11 68 
5564 4 10 68 
152 5 9 68 
386 6 8 68 
1292 7 5 68 
1860 7 7 68 
2131 8 6 68 
2383 1 10 69 
2839 2 11 69 
2955 3 12 68 
3099 4 11 68 
3800 5 10 68 
3862 6 9 68 
4102 7 4 68 
4381 7 8 68 
6482 8 5 68 
801 8 7 68 
1295 9 6 68 
1714 1 11 69 
1883 2 12 69 
2631 3 13 69 
2883 4 12 69 
2917 5 11 69 
3072 7 3 69 
3150 7 9 69 
3188 8 4 69 
3221 8 8 69 
3779 9 5 69 
3974 9 7 69 
5612 10 6 69 
5753 1 12 70 
535 2 13 70 
557 3 14 70 
717 4 13 70 
1108 5 12 70 
1513 7 2 69 
1703 8 3 69 
1814 8 9 69 
2099 9 4 69 
2163 9 8 69 
2332 10 5 69 
2562 10 7 69 
2772 11 6 69 
2892 1 13 70 
3943 2 14 70 
4619 3 15 70 
4634 4 14 70 
5191 5 13 70 
5454 7 1 70 
5545 8 2 70 
5620 9 3 70 
6411 9 9 70 
6308 7 19 76 
6220 7 18 76 
6045 8 19 76 
5883 7 17 76 
5755 8 18 76 
5734 9 19 76 
5648 19 19 76 
5607 7 16 76 
5478 8 17 76 
5328 9 18 76 
4537 10 19 76 
4491 18 19 76 
4313 19 18 76 
4172 7 15 76 
4069 8 16 76 
4055 9 17 76 
3529 10 18 76 
3410 11 19 76 
2938 17 19 76 
2930 18 18 76 
2867 19 17 76 
2862 7 14 76 
2802 8 15 76 
2754 9 16 76 
2392 10 17 76 
1581 11 18 76 
1353 12 19 76 
1097 16 19 76 
950 17 18 76 
947 18 17 76 
814 19 16 76 
485 7 11 76 
286 7 13 76 
156 8 14 76 
29 9 15 76 
22 10 16 76 
6273 11 17 76 
6175 12 18 76 
6138 13 19 76 
6049 15 19 76 
5798 16 18 76 
5742 17 17 76 
5434 18 16 76 
5101 19 15 76 
4499 7 12 76 
4378 8 11 76 
4211 8 13 76 
4145 9 14 76 
4057 10 15 76 
3954 11 16 76 
3816 12 17 76 
3754 13 18 76 
3555 14 19 76 
3414 15 18 76 
3391 16 17 76 
3190 17 16 76 
2708 18 15 76 
2658 19 14 76 
2480 8 12 76 
2342 9 11 76 
2109 9 13 76 
1866 10 14 76 
1848 11 15 76 
1799 12 16 76 
1596 13 17 76 
1279 14 18 76 
993 15 17 76 
545 16 16 76 
471 17 15 76 
403 18 14 76 
340 19 13 76 
245 9 12 76 
220 10 11 76 
119 10 13 76 
6239 11 14 76 
6132 12 15 76 
6087 13 16 76 
5572 14 17 76 
5412 15 16 76 
5393 16 15 76 
5374 17 14 76 
5340 18 13 76 
5237 19 0 76 
4921 19 12 76 
4765 10 12 76 
4717 11 11 76 
4713 11 13 76 
4581 12 14 76 
4396 13 15 76 
4246 14 16 76 
4231 15 15 76 
3936 16 14 76 
3696 17 13 76 
3556 18 0 76 
3511 18 12 76 
3415 19 1 76 
3181 19 11 76 
2941 11 12 76 
2875 12 11 76 
2539 12 13 76 
2502 13 14 76 
1937 14 15 76 
1903 15 14 76 
1738 16 13 76 
1321 17 0 76 
977 17 12 76 
716 18 1 76 
698 18 11 76 
6378 19 2 76 
6327 19 10 76 
6295 12 12 76 
5899 13 11 76 
5683 13 13 76 
5668 14 14 76 
5344 15 13 76 
4806 16 0 76 
4400 16 12 76 
4352 17 1 76 
4026 17 11 76 
3367 18 2 76 
3289 18 10 76 
3100 19 3 76 
3078 19 9 76 
3005 13 12 76 
2749 14 13 76 
2389 15 0 76 
2308 15 12 76 
2304 16 1 76 
1760 16 11 76 
1626 17 2 76 
1541 17 10 76 
1412 18 3 76 
1079 18 9 76 
960 19 4 76 
250 19 8 76 
6419 14 0 76 
6014 14 12 76 
6011 15 1 76 
5895 15 11 76 
5624 16 2 76 
5029 16 10 76 
4670 17 3 76 
4448 17 9 76 
4320 18 4 76 
4080 18 8 76 
3588 19 5 76 
3216 19 7 76 
3020 0 19 76 
2860 6 19 76 
2739 13 0 76 
2614 14 1 76 
2429 14 11 76 
2396 15 2 76 
2278 15 10 76 
1935 16 3 76 
1826 16 9 76 
1448 17 4 76 
1137 17 8 76 
1099 18 5 76 
917 18 7 76 
797 19 6 76 
789 0 18 76 
741 1 19 76 
614 5 19 76 
556 6 18 76 
521 12 0 76 
305 13 1 76 
259 14 2 76 
6450 14 10 76 
5910 15 3 76 
5586 15 9 76 
5358 16 4 76 
5045 16 8 76 
4975 17 5 76 
4968 17 7 76 
4723 18 6 76 
4403 0 17 76 
4096 1 18 76 
4009 2 19 76 
4002 4 19 76 
3968 5 18 76 
3893 6 17 76 
3852 11 0 76 
3740 12 1 76 
3329 13 2 76 
3146 13 10 76 
2822 14 3 76 
2781 14 9 76 
2662 15 4 76 
2629 15 8 76 
2625 16 5 76 
2361 16 7 76 
2357 17 6 76 
2247 0 16 76 
1896 1 17 76 
1803 2 18 76 
1317 3 19 76 
783 4 18 76 
709 5 17 76 
6358 6 16 76 
6353 10 0 76 
6048 11 1 76 
6030 12 2 76 
6021 12 10 76 
6010 13 3 76 
5850 13 9 76 
5848 14 4 76 
5679 14 8 76 
5259 15 5 76 
5238 15 7 76 
5142 16 6 76 
4766 0 15 76 
4530 1 16 76 
4523 2 17 76 
4405 3 18 76 
4271 4 17 76 
3846 5 16 76 
3018 6 15 76 
2960 9 0 76 
2957 10 1 76 
2790 11 2 76 
2738 11 10 76 
2305 12 3 76 
2139 12 9 76 
1950 13 4 76 
1742 13 8 76 
1316 14 5 76 
1243 14 7 76 
1109 15 6 76 
1098 0 14 76 
981 1 15 76 
763 2 16 76 
632 3 17 76 
258 4 16 76 
248 5 15 76 
6388 6 14 76 
5963 8 0 76 
5923 9 1 76 
5821 10 2 76 
5710 10 10 76 
5431 11 3 76 
4948 11 9 76 
4917 12 4 76 
4899 12 8 76 
4892 13 5 76 
4555 13 7 76 
4466 14 6 76 
4454 0 13 76 
4065 1 14 76 
3994 2 15 76 
3867 3 16 76 
2942 4 15 76 
2769 5 14 76 
2592 6 13 76 
2273 7 0 76 
2227 8 1 76 
2072 9 2 76 
1793 9 10 76 
1732 10 3 76 
912 10 9 76 
865 11 4 76 
863 11 8 76 
684 12 5 76 
476 12 7 76 
5932 13 6 76 
5834 0 12 76 
5130 1 13 76 
4817 2 14 76 
4745 3 15 76 
4739 4 14 76 
4572 5 13 76 
4542 6 0 76 
4416 6 12 76 
4139 7 1 76 
4085 8 2 76 
4003 8 10 76 
3658 9 3 76 
3473 9 9 76 
3330 10 4 76 
3272 10 8 76 
3154 11 5 76 
2364 11 7 76 
2194 12 6 76 
1970 0 11 76 
1959 1 12 76 
1837 2 13 76 
1818 3 14 76 
593 4 13 76 
465 5 12 76 
420 6 1 76 
231 6 11 76 
110 7 2 76 
5980 7 10 76 
5891 8 3 76 
5651 8 9 76 
5571 9 4 76 
5568 9 8 76 
5438 10 5 76 
5107 10 7 76 
4312 11 6 76 
4294 0 10 76 
4142 1 11 76 
3794 2 12 76 
3644 3 13 76 
3628 4 12 76 
2992 5 11 76 
2969 6 2 76 
2566 6 10 76 
1679 7 3 76 
1641 7 9 76 
1255 8 4 76 
1166 8 8 76 
1164 9 5 76 
1083 9 7 76 
770 10 6 76 
567 0 9 76 
6445 1 10 76 
6197 2 11 76 
5971 3 12 76 
5912 4 11 76 
5740 5 10 76 
5404 6 3 76 
5293 6 9 76 
5208 7 4 76 
5178 7 8 76 
5005 8 5 76 
4985 8 7 76 
3767 9 6 76 
3026 0 8 76 
2810 1 9 76 
2695 2 10 76 
2082 3 11 76 
1463 4 10 76 
1177 5 9 76 
5450 6 4 76 
5429 6 8 76 
5281 7 5 76 
4913 7 7 76 
4205 8 6 76 
3916 0 7 76 
3372 1 8 76 
2784 2 9 76 
2230 3 10 76 
1957 4 9 76 
1900 5 8 76 
1665 6 5 76 
1133 6 7 76 
475 7 6 76 
456 0 6 76 
42 1 7 76 
6349 2 8 76 
5580 3 9 76 
5464 4 8 76 
5423 5 7 76 
5270 6 6 76 
4997 0 5 76 
4740 1 6 76 
4729 2 7 76 
4627 3 8 76 
4159 4 7 76 
3674 5 6 76 
3457 0 4 76 
3435 1 5 76 
2782 2 6 76 
2138 3 7 76 
1322 4 6 76 
1013 5 5 76 
436 0 3 76 
6148 1 4 76 
5841 2 5 76 
5125 3 6 76 
4471 4 5 76 
4192 5 4 76 
3957 0 2 76 
3657 1 3 76 
3371 2 4 76 
3158 3 5 76 
3109 4 4 76 
2959 5 3 76 
1796 0 1 76 
1689 1 2 76 
1351 2 3 76 
757 3 4 76 
677 4 3 76 
626 5 2 76 
6487 0 0 76 
6275 1 1 76 
5880 2 2 76 
5421 3 3 76 
5409 4 2 76 
2861 5 1 76 
2680 1 0 76 
2510 2 1 76 
2455 3 2 76 
2318 4 1 76 
2269 5 0 76 
1720 2 0 76 
1197 3 1 76 
234 4 0 76 
5547 3 0 76 
444 3 1 89 
578 2 1 89 
1403 3 2 89 
1831 4 1 89 
2173 1 1 89 
2750 2 2 89 
3517 3 3 89 
3842 4 2 89 
542 1 2 90 
1236 2 3 90 
2612 3 4 90 
5396 4 3 90 
6489 1 3 90 
217 2 4 90 
261 3 5 90 
1102 4 4 90 
1104 1 4 90 
1659 2 5 90 
1874 3 6 90 
2679 4 5 90 
4016 1 5 91 
4613 2 6 91 
4919 3 7 91 
188 4 6 91 
1265 1 6 91 
2172 2 7 91 
2248 3 8 91 
2460 4 7 91 
6493 1 7 92 
850 2 8 91 
1303 3 9 91 
1808 4 8 91 
2690 5 7 91 
3375 1 8 92 
3549 2 9 92 
3821 3 10 92 
4680 4 9 92 
5165 5 8 92 
6304 6 7 92 
896 7 6 92 
1237 1 9 93 
1822 2 10 93 
2693 3 11 93 
2713 4 10 93 
3336 5 9 93 
3882 6 8 92 
4290 7 5 92 
5111 7 7 92 
5369 8 6 92 
6437 1 10 93 
370 2 11 93 
566 3 12 93 
747 4 11 93 
749 5 10 93 
765 6 9 93 
877 7 4 93 
1235 7 8 93 
1458 8 5 93 
2659 8 7 93 
2995 9 6 93 
5162 1 11 94 
79 2 12 94 
301 3 13 94 
526 4 12 94 
697 5 11 94 
935 7 3 94 
1984 7 9 94 
3408 8 4 94 
3789 8 8 94 
5262 9 5 94 
5510 9 7 94 
5908 10 6 94 
6351 1 12 95 
77 2 13 95 
359 3 14 95 
827 4 13 95 
866 5 12 95 
882 7 2 95 
1572 8 3 94 
2081 8 9 94 
2167 9 4 94 
2348 9 8 94 
2610 10 5 94 
2842 10 7 94 
2923 11 6 94 
3019 1 13 95 
3288 2 14 95 
3514 3 15 95 
3593 4 14 95 
4603 5 13 95 
4632 7 1 95 
4926 8 2 95 
5582 9 3 95 
5601 9 9 95 
5914 10 4 95 
6300 10 8 95 
