1669
4508 10 19 1 
4285 9 19 1 
3899 10 18 1 
3776 8 19 1 
3584 9 18 1 
3552 10 17 1 
2987 7 19 1 
2839 8 18 1 
2519 9 17 1 
2511 7 16 1 
2434 7 18 1 
2307 8 17 1 
2107 6 16 1 
2005 7 17 1 
1940 5 16 1 
1804 6 17 1 
1577 6 19 1 
1573 4 16 1 
1510 5 17 1 
1486 5 19 1 
1459 6 18 1 
1371 4 17 1 
1081 4 19 1 
890 5 18 1 
877 3 19 1 
856 4 18 1 
791 10 0 1 
715 10 2 1 
639 0 19 1 
428 2 19 1 
295 3 18 1 
247 9 0 1 
56 9 2 1 
4198 10 1 1 
3953 0 18 1 
3866 1 19 1 
3788 2 18 1 
3693 8 0 1 
3667 8 2 1 
3565 9 1 1 
3533 0 17 1 
3360 1 18 1 
3253 6 3 1 
3195 7 0 1 
2725 7 2 1 
2628 8 1 1 
2571 0 0 1 
2316 0 16 1 
2306 1 17 1 
2055 3 17 1 
2010 6 0 1 
1764 6 2 1 
1631 7 1 1 
1525 0 1 1 
1514 0 15 1 
1306 1 0 1 
1110 1 16 1 
1061 2 17 1 
993 3 16 1 
861 5 0 1 
777 6 1 1 
766 0 2 1 
683 0 14 1 
670 1 1 1 
385 1 15 1 
292 2 0 1 
173 2 16 1 
3731 3 15 1 
3517 4 0 1 
3273 5 1 1 
2988 5 3 1 
2729 5 15 1 
2711 0 3 1 
2637 0 13 1 
2547 1 2 1 
1645 1 14 1 
1554 2 1 1 
1434 2 15 1 
1427 3 0 1 
1334 4 1 1 
760 4 3 1 
421 4 15 1 
315 5 2 1 
135 5 14 1 
4295 0 4 1 
4257 0 8 1 
4065 0 12 1 
3973 1 3 1 
3782 1 13 1 
3563 2 2 1 
3407 2 14 1 
3392 3 1 1 
3373 4 2 1 
3365 4 14 1 
3276 5 13 1 
3038 0 5 1 
2963 0 7 1 
2885 0 11 1 
2585 1 4 1 
2527 1 8 1 
2214 1 12 1 
2137 2 3 1 
2037 2 13 1 
1971 3 2 1 
1963 3 14 1 
1921 4 13 1 
1914 5 12 1 
1757 11 16 1 
1754 0 6 1 
1619 0 10 1 
1566 1 5 1 
1292 1 7 1 
898 1 11 1 
842 2 4 1 
784 2 12 1 
741 3 3 1 
592 3 13 1 
580 4 12 1 
367 5 11 1 
309 11 17 1 
84 11 19 1 
4329 12 16 1 
4231 0 9 1 
3860 1 6 1 
3449 1 10 1 
3320 2 5 1 
3066 2 11 1 
2990 3 4 1 
2810 3 12 1 
2782 4 11 1 
2766 11 18 1 
2734 12 17 1 
2712 12 19 1 
2004 16 19 1 
1929 1 9 1 
1910 2 6 1 
1854 2 8 1 
1708 2 10 1 
1651 3 5 1 
1499 3 11 1 
1295 4 4 1 
1284 6 4 1 
1274 12 18 1 
1267 13 19 1 
1051 15 19 1 
950 16 8 1 
816 16 18 1 
604 17 19 1 
588 19 19 1 
155 2 7 1 
147 2 9 1 
103 3 6 1 
4495 3 10 1 
4447 4 5 1 
4173 5 4 1 
4036 5 10 1 
4026 6 5 1 
3998 13 18 1 
3970 14 19 1 
3896 15 18 1 
3635 16 5 1 
3546 16 7 1 
2905 17 8 1 
2859 17 18 1 
2534 18 19 1 
2150 19 18 1 
2012 3 7 1 
1970 3 9 1 
1852 4 6 1 
1815 4 10 1 
1735 5 5 1 
1395 7 3 1 
1310 8 16 1 
1198 10 16 1 
1180 11 13 1 
1125 11 15 1 
1003 13 17 1 
945 14 18 1 
839 15 17 1 
577 16 6 1 
4407 17 5 1 
4294 17 7 1 
4220 18 18 1 
4101 19 5 1 
3934 19 17 1 
3909 3 8 1 
3581 4 7 1 
3502 4 9 1 
3447 5 6 1 
3368 6 15 1 
3347 7 4 1 
3238 8 3 1 
3021 9 16 1 
2953 10 15 1 
2783 11 14 1 
2771 12 15 1 
2768 13 16 1 
2551 14 17 1 
2170 17 6 1 
1972 18 5 1 
1699 18 17 1 
1644 19 6 1 
1612 19 16 1 
1298 4 8 1 
979 5 7 1 
932 6 6 1 
840 6 14 1 
767 7 5 1 
658 7 15 1 
612 8 4 1 
331 9 3 1 
326 9 15 1 
53 10 14 1 
4182 12 14 1 
4016 13 15 1 
3846 14 16 1 
3662 17 17 1 
3047 18 6 1 
2091 18 16 1 
2049 19 7 1 
1756 19 15 1 
1661 5 8 1 
1635 6 7 1 
1595 6 13 1 
1453 7 6 1 
1394 7 14 1 
1318 8 5 1 
1072 8 15 1 
1067 9 4 1 
644 9 14 1 
460 10 3 1 
362 10 13 1 
181 13 14 1 
4525 14 15 1 
4518 15 16 1 
4439 16 17 1 
4431 17 16 1 
4277 18 7 1 
4088 18 15 1 
3702 19 8 1 
3590 19 14 1 
3582 5 9 1 
3357 6 8 1 
3329 6 10 1 
3241 6 12 1 
3221 7 7 1 
3014 7 13 1 
2996 8 6 1 
2808 8 14 1 
2688 9 5 1 
2626 9 13 1 
2397 10 4 1 
2138 14 14 1 
2019 15 15 1 
1340 16 16 1 
1296 17 15 1 
1226 18 8 1 
1103 18 14 1 
1033 19 9 1 
835 19 13 1 
534 6 9 1 
4347 6 11 1 
4034 7 8 1 
3881 7 10 1 
3467 7 12 1 
3212 8 7 1 
2994 8 13 1 
2908 9 6 1 
2761 10 5 1 
2646 15 14 1 
2644 16 15 1 
2574 17 14 1 
2543 18 9 1 
2438 18 13 1 
2174 19 10 1 
1981 19 12 1 
1966 7 9 1 
1281 7 11 1 
1199 8 8 1 
1159 8 12 1 
1074 9 7 1 
929 10 6 1 
880 11 7 1 
808 15 13 1 
596 16 14 1 
222 17 9 1 
216 17 13 1 
81 18 10 1 
77 18 12 1 
4517 19 11 1 
4391 8 9 1 
4252 8 11 1 
4119 9 8 1 
4098 9 12 1 
4087 10 7 1 
3372 11 8 1 
3229 12 13 1 
3227 16 9 1 
3213 16 13 1 
3197 17 10 1 
3142 17 12 1 
2991 18 11 1 
2653 8 10 1 
2462 9 9 1 
2452 9 11 1 
1789 10 8 1 
1786 10 12 1 
1668 12 12 1 
1359 13 13 1 
1358 16 10 1 
1240 16 12 1 
1191 17 11 1 
1177 9 10 1 
984 10 9 1 
4479 10 11 1 
4332 11 12 1 
4272 13 12 1 
4137 14 13 1 
4127 15 12 1 
3493 16 11 1 
3302 10 10 1 
2503 11 11 1 
2259 14 12 1 
2098 15 11 1 
1724 11 10 1 
1654 12 11 1 
1640 14 11 1 
1629 15 10 1 
1542 11 9 1 
1222 12 10 1 
535 13 11 1 
4424 14 10 1 
4389 11 0 1 
3877 12 9 1 
3804 13 0 1 
3690 13 10 1 
3594 11 1 1 
3556 12 0 1 
2560 12 8 1 
2215 13 1 1 
2156 13 9 1 
1290 11 2 1 
1200 11 6 1 
1139 12 1 1 
1109 12 7 1 
965 13 2 1 
850 13 8 1 
818 14 9 1 
677 11 3 1 
479 11 5 1 
4434 12 2 1 
4218 12 6 1 
4212 13 3 1 
3480 13 7 1 
3131 14 8 1 
3064 15 9 1 
2415 11 4 1 
1867 12 3 1 
1730 12 5 1 
1505 13 6 1 
1291 14 7 1 
1181 15 8 1 
917 12 4 1 
916 13 5 1 
630 14 6 1 
234 15 7 1 
131 13 4 1 
4141 14 5 1 
3798 15 6 1 
3672 14 0 1 
3300 14 4 1 
3180 15 5 1 
2998 14 1 1 
2391 14 3 1 
2351 15 0 1 
1671 15 4 1 
1134 19 4 1 
899 14 2 1 
485 15 1 1 
263 15 3 1 
3947 16 4 1 
3705 18 4 1 
3355 19 3 1 
2992 15 2 1 
2898 16 3 1 
2344 17 4 1 
2257 18 3 1 
1901 16 2 1 
1672 17 3 1 
844 16 1 1 
705 17 2 1 
3943 19 2 1 
3523 16 0 1 
3451 17 1 1 
3257 18 2 1 
2959 19 1 1 
2733 17 0 1 
2168 18 1 1 
1190 19 0 1 
4030 18 0 1 
1492 18 1 12 
1119 17 1 12 
3852 16 3 13 
463 12 5 15 
553 12 2 15 
2226 14 8 15 
4258 12 1 16 
359 13 8 16 
282 10 11 17 
609 17 10 18 
1497 18 10 19 
1686 7 12 19 
303 9 6 19 
2325 8 6 20 
95 15 15 20 
2656 18 14 20 
990 14 18 23 
4223 10 19 26 
4166 9 19 26 
3756 10 18 26 
3311 8 19 26 
2936 9 18 26 
2931 10 17 26 
2755 7 19 26 
2658 8 18 26 
2458 9 17 26 
2333 7 16 26 
2142 7 18 26 
2031 8 17 26 
1550 6 16 26 
1261 7 17 26 
1245 5 16 26 
911 6 17 26 
879 6 19 26 
793 4 16 26 
337 5 17 26 
333 5 19 26 
256 6 18 26 
8 4 17 26 
4422 4 19 26 
4338 5 18 26 
4200 3 19 26 
3988 4 18 26 
3810 10 0 26 
3781 10 2 26 
3761 0 19 26 
3457 2 19 26 
3445 3 18 26 
3429 9 0 26 
3426 9 2 26 
3376 10 1 26 
3332 0 18 26 
3296 1 19 26 
3188 2 18 26 
3111 8 0 26 
3103 8 2 26 
3075 9 1 26 
2916 0 17 26 
2913 1 18 26 
2780 6 3 26 
2564 7 0 26 
2557 7 2 26 
1844 8 1 26 
1562 0 0 26 
1443 0 16 26 
1272 1 17 26 
1205 3 17 26 
1176 6 0 26 
1076 6 2 26 
1069 7 1 26 
962 0 1 26 
805 0 15 26 
682 1 0 26 
659 1 16 26 
198 2 17 26 
189 3 16 26 
4507 5 0 26 
4437 6 1 26 
4206 0 2 26 
4189 0 14 26 
3887 1 1 26 
3514 1 15 26 
3135 2 0 26 
2706 2 16 26 
2583 3 15 26 
2485 4 0 26 
2157 5 1 26 
1521 5 3 26 
1227 5 15 26 
1024 0 3 26 
959 0 13 26 
886 1 2 26 
831 1 14 26 
740 2 1 26 
556 2 15 26 
436 3 0 26 
193 4 1 26 
142 4 3 26 
10 4 15 26 
4454 5 2 26 
4452 5 14 26 
4414 0 4 26 
4077 0 8 26 
3976 0 12 26 
3814 1 3 26 
3615 1 13 26 
3598 2 2 26 
3501 2 14 26 
3437 3 1 26 
3379 4 2 26 
3328 4 14 26 
3258 5 13 26 
2974 0 5 26 
2878 0 7 26 
2609 0 11 26 
2313 1 4 26 
2302 1 8 26 
1998 1 12 26 
1646 2 3 26 
1625 2 13 26 
1401 3 2 26 
1182 3 14 26 
1131 4 13 26 
852 5 12 26 
533 11 16 26 
307 0 6 26 
286 0 10 26 
280 1 5 26 
235 1 7 26 
4271 1 11 26 
4221 2 4 26 
4157 2 12 26 
4151 3 3 26 
4122 3 13 26 
4116 4 12 26 
4080 5 11 26 
4050 11 17 26 
3865 11 19 26 
3754 12 16 26 
3481 0 9 26 
3292 1 6 26 
3124 1 10 26 
2986 2 5 26 
2512 2 11 26 
2244 3 4 26 
2166 3 12 26 
1941 4 11 26 
1903 11 18 26 
1879 12 17 26 
1717 12 19 26 
1692 16 19 26 
1682 1 9 26 
1472 2 6 26 
1350 2 8 26 
827 2 10 26 
486 3 5 26 
458 3 11 26 
114 4 4 26 
85 6 4 26 
4255 12 18 26 
4149 13 19 26 
4085 15 19 26 
4067 16 8 26 
4057 16 18 26 
4038 17 19 26 
3769 19 19 26 
3656 2 7 26 
3593 2 9 26 
3167 3 6 26 
3126 3 10 26 
2972 4 5 26 
2691 5 4 26 
2460 5 10 26 
2103 6 5 26 
2084 13 18 26 
2076 14 19 26 
1922 15 18 26 
1790 16 5 26 
1658 16 7 26 
1276 17 8 26 
1127 17 18 26 
768 18 19 26 
636 19 18 26 
631 3 7 26 
575 3 9 26 
401 4 6 26 
4 4 10 26 
4348 5 5 26 
4165 7 3 26 
4114 8 16 26 
3773 10 16 26 
3715 11 13 26 
3700 11 15 26 
3647 13 17 26 
3543 14 18 26 
3497 15 17 26 
3464 16 6 26 
3094 17 5 26 
2869 17 7 26 
2851 18 18 26 
2762 19 5 26 
2495 19 17 26 
2453 3 8 26 
2182 4 7 26 
2180 4 9 26 
1693 5 6 26 
1594 6 15 26 
1565 7 4 26 
1378 8 3 26 
1231 9 16 26 
1171 10 15 26 
1102 11 14 26 
1053 12 15 26 
960 13 16 26 
910 14 17 26 
751 17 6 26 
640 18 5 26 
314 18 17 26 
240 19 6 26 
70 19 16 26 
17 4 8 26 
4498 5 7 26 
4476 6 6 26 
4342 6 14 26 
4311 7 5 26 
4249 7 15 26 
4229 8 4 26 
3695 9 3 26 
3298 9 15 26 
3078 10 14 26 
2924 12 14 26 
2754 13 15 26 
2621 14 16 26 
2516 17 17 26 
2482 18 6 26 
2467 18 16 26 
2329 19 7 26 
2087 19 15 26 
1777 5 8 26 
1739 6 7 26 
1675 6 13 26 
1656 7 6 26 
1600 7 14 26 
1501 8 5 26 
708 8 15 26 
704 9 4 26 
348 9 14 26 
197 10 3 26 
190 10 13 26 
4531 13 14 26 
4002 14 15 26 
3746 15 16 26 
3209 16 17 26 
3096 17 16 26 
3053 18 7 26 
2793 18 15 26 
2773 19 8 26 
2465 19 14 26 
2437 5 9 26 
2417 6 8 26 
2278 6 10 26 
2063 6 12 26 
2029 7 7 26 
1943 7 13 26 
1747 8 6 26 
1685 8 14 26 
1283 9 5 26 
1268 9 13 26 
1257 10 4 26 
935 14 14 26 
881 15 15 26 
410 16 16 26 
376 17 15 26 
208 18 8 26 
4510 18 14 26 
4304 19 9 26 
4111 19 13 26 
3985 6 9 26 
3777 6 11 26 
3764 7 8 26 
3732 7 10 26 
3425 7 12 26 
3260 8 7 26 
3228 8 13 26 
3192 9 6 26 
3074 10 5 26 
3033 15 14 26 
2895 16 15 26 
2703 17 14 26 
2509 18 9 26 
2457 18 13 26 
2414 19 10 26 
2243 19 12 26 
1982 7 9 26 
1469 7 11 26 
1117 8 8 26 
904 8 12 26 
778 9 7 26 
507 10 6 26 
386 11 7 26 
302 15 13 26 
150 16 14 26 
75 17 9 26 
4365 17 13 26 
4199 18 10 26 
4075 18 12 26 
3701 19 11 26 
3214 8 9 26 
3170 8 11 26 
3102 9 8 26 
2838 9 12 26 
2492 10 7 26 
1991 11 8 26 
1618 12 13 26 
1614 16 9 26 
1331 16 13 26 
1330 17 10 26 
1126 17 12 26 
846 18 11 26 
823 8 10 26 
225 9 9 26 
192 9 11 26 
4478 10 8 26 
4292 10 12 26 
4213 12 12 26 
3994 13 13 26 
3703 16 10 26 
3636 16 12 26 
3597 17 11 26 
3540 9 10 26 
3446 10 9 26 
3397 10 11 26 
3277 11 12 26 
2975 13 12 26 
2840 14 13 26 
2804 15 12 26 
2545 16 11 26 
2449 10 10 26 
2372 11 11 26 
1809 14 12 26 
1697 15 11 26 
1555 11 10 26 
1549 12 11 26 
1271 14 11 26 
1107 15 10 26 
1036 11 9 26 
597 12 10 26 
566 13 11 26 
547 14 10 26 
508 11 0 26 
365 12 9 26 
343 13 0 26 
6 13 10 26 
4458 11 1 26 
4191 12 0 26 
4054 12 8 26 
3926 13 1 26 
3633 13 9 26 
3439 11 2 26 
3324 11 6 26 
2948 12 1 26 
2765 12 7 26 
2662 13 2 26 
2327 13 8 26 
2153 14 9 26 
1801 11 3 26 
1712 11 5 26 
1581 12 2 26 
1563 12 6 26 
1355 13 3 26 
1123 13 7 26 
1091 14 8 26 
97 15 9 26 
4481 11 4 26 
3969 12 3 26 
3114 12 5 26 
3087 13 6 26 
2864 14 7 26 
2448 15 8 26 
2439 12 4 26 
2427 13 5 26 
2181 14 6 26 
830 15 7 26 
671 13 4 26 
406 14 5 26 
172 15 6 26 
4113 14 0 26 
4095 14 4 26 
3570 15 5 26 
3461 14 1 26 
3217 14 3 26 
3168 15 0 26 
1557 15 4 26 
1326 19 4 26 
1186 14 2 26 
710 15 1 26 
617 15 3 26 
4187 16 4 26 
3927 18 4 26 
3869 19 3 26 
3844 15 2 26 
3527 16 3 26 
2955 17 4 26 
2589 18 3 26 
2433 16 2 26 
2374 17 3 26 
2075 16 1 26 
39 17 2 26 
3950 19 2 26 
3491 16 0 26 
3220 17 1 26 
3030 18 2 26 
2355 19 1 26 
2228 17 0 26 
1526 18 1 26 
4161 19 0 26 
2922 18 0 26 
1049 18 1 37 
1244 17 1 37 
529 16 3 38 
360 12 5 40 
165 12 2 41 
1252 14 8 41 
1490 12 1 41 
2117 13 8 41 
3831 10 11 42 
1241 17 10 43 
651 18 10 43 
3918 7 12 44 
4256 9 6 44 
1718 8 6 45 
2471 15 15 45 
254 18 14 44 
2835 14 18 47 
2021 4 12 49 
4493 10 19 51 
3741 9 19 51 
3678 10 18 51 
3592 8 19 51 
3541 9 18 51 
3415 10 17 51 
3354 7 19 51 
3279 8 18 51 
3235 9 17 51 
3154 7 16 51 
2884 7 18 51 
2857 8 17 51 
2853 6 16 51 
2849 7 17 51 
2636 5 16 51 
2221 6 17 51 
2167 6 19 51 
1994 4 16 51 
1920 5 17 51 
1853 5 19 51 
1749 6 18 51 
1639 4 17 51 
1259 4 19 51 
843 5 18 51 
593 3 19 51 
398 4 18 51 
153 10 0 51 
122 10 2 51 
73 0 19 51 
4528 2 19 51 
4394 3 18 51 
4207 9 0 51 
4202 9 2 51 
3621 10 1 51 
3283 0 18 51 
3173 1 19 51 
2957 2 18 51 
2844 8 0 51 
2709 8 2 51 
2553 9 1 51 
2548 0 17 51 
2498 1 18 51 
2357 6 3 51 
2082 7 0 51 
1985 7 2 51 
1959 8 1 51 
1925 0 0 51 
1880 0 16 51 
1855 1 17 51 
1674 3 17 51 
1487 6 0 51 
1396 6 2 51 
1325 7 1 51 
1273 0 1 51 
1264 0 15 51 
1202 1 0 51 
1164 1 16 51 
1064 2 17 51 
747 3 16 51 
669 5 0 51 
4484 6 1 51 
4469 0 2 51 
4362 0 14 51 
4340 1 1 51 
4286 1 15 51 
3938 2 0 51 
3815 2 16 51 
3808 3 15 51 
3743 4 0 51 
3512 5 1 51 
3223 5 3 51 
3077 5 15 51 
2995 0 3 51 
2893 0 13 51 
2830 1 2 51 
2776 1 14 51 
2665 2 1 51 
2635 2 15 51 
2550 3 0 51 
2346 4 1 51 
2001 4 3 51 
1954 4 15 51 
1931 5 2 51 
1924 5 14 51 
1406 0 4 51 
1390 0 8 51 
1197 0 12 51 
1183 1 3 51 
925 1 13 51 
619 2 2 51 
501 2 14 51 
493 3 1 51 
306 4 2 51 
183 4 14 51 
4421 5 13 51 
4357 0 5 51 
4032 0 7 51 
4011 0 11 51 
4004 1 4 51 
3854 1 8 51 
3827 1 12 51 
3797 2 3 51 
3772 2 13 51 
3566 3 2 51 
3350 3 14 51 
3336 4 13 51 
3322 5 12 51 
3116 11 16 51 
2868 0 6 51 
2842 0 10 51 
2639 1 5 51 
2630 1 7 51 
2484 1 11 51 
2378 2 4 51 
2353 2 12 51 
2206 3 3 51 
2196 3 13 51 
1845 4 12 51 
1841 5 11 51 
1830 11 17 51 
1483 11 19 51 
1106 12 16 51 
737 0 9 51 
721 1 6 51 
608 1 10 51 
531 2 5 51 
472 2 11 51 
345 3 4 51 
132 3 12 51 
4529 4 11 51 
4527 11 18 51 
4492 12 17 51 
4438 12 19 51 
4310 16 19 51 
4010 1 9 51 
3929 2 6 51 
3333 2 8 51 
3313 2 10 51 
3307 3 5 51 
3206 3 11 51 
3152 4 4 51 
3132 6 4 51 
3085 12 18 51 
2951 13 19 51 
2879 15 19 51 
2753 16 8 51 
2689 16 18 51 
2618 17 19 51 
2486 19 19 51 
2366 2 7 51 
2354 2 9 51 
2026 3 6 51 
1904 3 10 51 
1152 4 5 51 
1068 5 4 51 
926 5 10 51 
859 6 5 51 
649 13 18 51 
559 14 19 51 
482 15 18 51 
382 16 5 51 
233 16 7 51 
117 17 8 51 
22 17 18 51 
4298 18 19 51 
4131 19 18 51 
3851 3 7 51 
3610 3 9 51 
3337 4 6 51 
3120 4 10 51 
2396 5 5 51 
2252 7 3 51 
2054 8 16 51 
1976 10 16 51 
1956 11 13 51 
1779 11 15 51 
1606 13 17 51 
1539 14 18 51 
1512 15 17 51 
1496 16 6 51 
1311 17 5 51 
1129 17 7 51 
884 18 18 51 
819 19 5 51 
756 19 17 51 
591 3 8 51 
511 4 7 51 
210 4 9 51 
87 5 6 51 
4513 6 15 51 
4485 7 4 51 
4417 8 3 51 
4317 9 16 51 
4303 10 15 51 
2886 11 14 51 
2876 12 15 51 
2812 13 16 51 
2744 14 17 51 
2520 17 6 51 
2468 18 5 51 
2421 18 17 51 
1627 19 6 51 
1133 19 16 51 
1077 4 8 51 
989 5 7 51 
681 6 6 51 
679 6 14 51 
660 7 5 51 
522 7 15 51 
495 8 4 51 
379 9 3 51 
19 9 15 51 
4109 10 14 51 
3824 12 14 51 
3807 13 15 51 
3786 14 16 51 
3645 17 17 51 
3638 18 6 51 
3385 18 16 51 
3069 19 7 51 
2669 19 15 51 
2193 5 8 51 
2159 6 7 51 
1865 6 13 51 
1831 7 6 51 
1382 7 14 51 
1160 8 5 51 
949 8 15 51 
912 9 4 51 
855 9 14 51 
754 10 3 51 
564 10 13 51 
538 13 14 51 
414 14 15 51 
387 15 16 51 
146 16 17 51 
93 17 16 51 
4386 18 7 51 
4045 18 15 51 
4031 19 8 51 
3353 19 14 51 
3031 5 9 51 
2945 6 8 51 
2590 6 10 51 
2581 6 12 51 
2517 7 7 51 
1782 7 13 51 
1415 8 6 51 
1210 8 14 51 
1041 9 5 51 
901 9 13 51 
864 10 4 51 
829 14 14 51 
439 15 15 51 
213 16 16 51 
211 17 15 51 
88 18 8 51 
20 18 14 51 
4448 19 9 51 
4241 19 13 51 
3720 6 9 51 
3414 6 11 51 
3358 7 8 51 
3199 7 10 51 
3010 7 12 51 
2942 8 7 51 
2657 8 13 51 
2365 9 6 51 
1835 10 5 51 
1694 15 14 51 
1537 16 15 51 
1455 17 14 51 
1402 18 9 51 
922 18 13 51 
807 19 10 51 
441 19 12 51 
4457 7 9 51 
4366 7 11 51 
4297 8 8 51 
3930 8 12 51 
3895 9 7 51 
3873 10 6 51 
3841 11 7 51 
3784 15 13 51 
3733 16 14 51 
3682 17 9 51 
3534 17 13 51 
3496 18 10 51 
3482 18 12 51 
2785 19 11 51 
2430 8 9 51 
2237 8 11 51 
1653 9 8 51 
1599 9 12 51 
1527 10 7 51 
1247 11 8 51 
1073 12 13 51 
957 16 9 51 
814 16 13 51 
695 17 10 51 
590 17 12 51 
466 18 11 51 
438 8 10 51 
260 9 9 51 
123 9 11 51 
4511 10 8 51 
3179 10 12 51 
3089 12 12 51 
3083 13 13 51 
3079 16 10 51 
2914 16 12 51 
2834 17 11 51 
2727 9 10 51 
2488 10 9 51 
2420 10 11 51 
2284 11 12 51 
2140 13 12 51 
1751 14 13 51 
1193 15 12 51 
1027 16 11 51 
1015 10 10 51 
494 11 11 51 
380 14 12 51 
244 15 11 51 
4225 11 10 51 
3622 12 11 51 
2856 14 11 51 
2854 15 10 51 
2506 11 9 51 
2422 12 10 51 
1838 13 11 51 
1621 14 10 51 
1461 11 0 51 
1335 12 9 51 
1333 13 0 51 
1269 13 10 51 
1150 11 1 51 
976 12 0 51 
891 12 8 51 
621 13 1 51 
505 13 9 51 
444 11 2 51 
224 11 6 51 
46 12 1 51 
3477 12 7 51 
2964 13 2 51 
2956 13 8 51 
2937 14 9 51 
2861 11 3 51 
2562 11 5 51 
2345 12 2 51 
2242 12 6 51 
1824 13 3 51 
1755 13 7 51 
1352 14 8 51 
1303 15 9 51 
1225 11 4 51 
1121 12 3 51 
1097 12 5 51 
1059 13 6 51 
892 14 7 51 
653 15 8 51 
567 12 4 51 
369 13 5 51 
255 14 6 51 
3843 15 7 51 
3506 13 4 51 
3432 14 5 51 
2938 15 6 51 
2601 14 0 51 
2595 14 4 51 
2456 15 5 51 
2078 14 1 51 
1892 14 3 51 
1720 15 0 51 
1012 15 4 51 
875 19 4 51 
431 14 2 51 
320 15 1 51 
96 15 3 51 
4123 16 4 51 
3722 18 4 51 
3233 19 3 51 
3130 15 2 51 
3128 16 3 51 
2231 17 4 51 
1895 18 3 51 
1018 16 2 51 
4383 17 3 51 
2772 16 1 51 
2692 17 2 51 
1166 19 2 51 
948 16 0 51 
188 17 1 51 
3668 18 2 51 
3428 19 1 51 
3264 17 0 51 
2093 18 1 51 
1508 19 0 51 
1480 18 0 51 
1000 18 1 61 
1811 17 1 62 
1356 16 3 63 
31 12 5 65 
308 12 2 65 
862 14 8 65 
909 12 1 66 
1828 13 8 65 
699 10 11 67 
585 17 10 68 
107 18 10 68 
836 7 12 69 
1932 9 6 69 
2677 8 6 70 
1842 15 15 70 
685 18 14 70 
1752 14 18 73 
4509 10 19 76 
4387 9 19 76 
4370 10 18 76 
3611 8 19 76 
3531 9 18 76 
3495 10 17 76 
3411 7 19 76 
3237 8 18 76 
2934 9 17 76 
2717 7 16 76 
2390 7 18 76 
2383 8 17 76 
2312 6 16 76 
1936 7 17 76 
1666 5 16 76 
1649 6 17 76 
1541 6 19 76 
1511 4 16 76 
1446 5 17 76 
1411 5 19 76 
1255 6 18 76 
1047 4 17 76 
915 4 19 76 
503 5 18 76 
415 3 19 76 
144 4 18 76 
4532 10 0 76 
4463 10 2 76 
4459 0 19 76 
4390 2 19 76 
4188 3 18 76 
4053 9 0 76 
3963 9 2 76 
3530 10 1 76 
3297 0 18 76 
3202 1 19 76 
3117 2 18 76 
3007 8 0 76 
2824 8 2 76 
2795 9 1 76 
2704 0 17 76 
2696 1 18 76 
2477 6 3 76 
2085 7 0 76 
1989 7 2 76 
1908 8 1 76 
1905 0 0 76 
1889 0 16 76 
1719 1 17 76 
1569 3 17 76 
1085 6 0 76 
774 6 2 76 
643 7 1 76 
261 0 1 76 
178 0 15 76 
13 1 0 76 
4506 1 16 76 
4215 2 17 76 
4133 3 16 76 
4058 5 0 76 
3961 6 1 76 
3847 0 2 76 
3763 0 14 76 
3737 1 1 76 
3696 1 15 76 
3691 2 0 76 
3344 2 16 76 
3334 3 15 76 
3230 4 0 76 
2965 5 1 76 
2909 5 3 76 
2832 5 15 76 
2784 0 3 76 
2774 0 13 76 
2561 1 2 76 
2348 1 14 76 
2279 2 1 76 
2213 2 15 76 
1913 3 0 76 
1898 4 1 76 
1878 4 3 76 
1743 4 15 76 
1546 5 2 76 
1439 5 14 76 
1424 0 4 76 
1391 0 8 76 
1044 0 12 76 
900 1 3 76 
769 1 13 76 
4240 2 2 76 
4022 2 14 76 
3917 3 1 76 
3812 4 2 76 
3526 4 14 76 
3473 5 13 76 
3442 0 5 76 
3293 0 7 76 
3166 0 11 76 
3147 1 4 76 
3003 1 8 76 
2652 1 12 76 
2177 2 3 76 
2141 2 13 76 
1933 3 2 76 
1923 3 14 76 
1888 4 13 76 
1882 5 12 76 
1795 11 16 76 
1794 0 6 76 
1773 0 10 76 
1744 1 5 76 
1543 1 7 76 
780 1 11 76 
759 2 4 76 
601 2 12 76 
557 3 3 76 
525 3 13 76 
506 4 12 76 
364 5 11 76 
346 11 17 76 
246 11 19 76 
169 12 16 76 
159 0 9 76 
91 1 6 76 
24 1 10 76 
4398 2 5 76 
4201 2 11 76 
4120 3 4 76 
4105 3 12 76 
4037 4 11 76 
3729 11 18 76 
3728 12 17 76 
3444 12 19 76 
3243 16 19 76 
2867 1 9 76 
2749 2 6 76 
2576 2 8 76 
2423 2 10 76 
2311 3 5 76 
2169 3 11 76 
2121 4 4 76 
2072 6 4 76 
2070 12 18 76 
1935 13 19 76 
1710 15 19 76 
1696 16 8 76 
1478 16 18 76 
1403 17 19 76 
1058 19 19 76 
1031 2 7 76 
1009 2 9 76 
940 3 6 76 
804 3 10 76 
712 4 5 76 
672 5 4 76 
562 5 10 76 
489 6 5 76 
435 13 18 76 
403 14 19 76 
3990 15 18 76 
3721 16 5 76 
3664 16 7 76 
3071 17 8 76 
2970 17 18 76 
2566 18 19 76 
2563 19 18 76 
2538 3 7 76 
2361 3 9 76 
2287 4 6 76 
1667 4 10 76 
1626 5 5 76 
1346 7 3 76 
1339 8 16 76 
1324 10 16 76 
1215 11 13 76 
927 11 15 76 
459 13 17 76 
330 14 18 76 
317 15 17 76 
287 16 6 76 
176 17 5 76 
4368 17 7 76 
4062 18 18 76 
3959 19 5 76 
3775 19 17 76 
3599 3 8 76 
3560 4 7 76 
3384 4 9 76 
3270 5 6 76 
2929 6 15 76 
2888 7 4 76 
2719 8 3 76 
2640 9 16 76 
2429 10 15 76 
2275 11 14 76 
1713 12 15 76 
1687 13 16 76 
1558 14 17 76 
1323 17 6 76 
1308 18 5 76 
1270 18 17 76 
1128 19 6 76 
851 19 16 76 
802 4 8 76 
800 5 7 76 
706 6 6 76 
657 6 14 76 
434 7 5 76 
277 7 15 76 
4382 8 4 76 
4337 9 3 76 
4203 9 15 76 
4083 10 14 76 
4005 12 14 76 
3903 13 15 76 
3709 14 16 76 
3569 17 17 76 
3548 18 6 76 
3255 18 16 76 
3027 19 7 76 
2966 19 15 76 
2915 5 8 76 
2710 6 7 76 
2455 6 13 76 
2454 7 6 76 
2248 7 14 76 
1983 8 5 76 
1960 8 15 76 
1814 9 4 76 
1377 9 14 76 
1297 10 3 76 
1157 10 13 76 
1050 13 14 76 
1048 14 15 76 
666 15 16 76 
652 16 17 76 
648 17 16 76 
2 18 7 76 
4379 18 15 76 
4138 19 8 76 
3992 19 14 76 
3524 5 9 76 
3244 6 8 76 
3239 6 10 76 
2960 6 12 76 
2676 7 7 76 
2599 7 13 76 
2254 8 6 76 
1690 8 14 76 
1689 9 5 76 
1638 9 13 76 
1611 10 4 76 
1366 14 14 76 
1116 15 15 76 
1056 16 16 76 
947 17 15 76 
920 18 8 76 
724 18 14 76 
484 19 9 76 
113 19 13 76 
4096 6 9 76 
3893 6 11 76 
3822 7 8 76 
3820 7 10 76 
3818 7 12 76 
3759 8 7 76 
3435 8 13 76 
3420 9 6 76 
3395 10 5 76 
3312 15 14 76 
2377 16 15 76 
1885 17 14 76 
1810 18 9 76 
1734 18 13 76 
1681 19 10 76 
1388 19 12 76 
987 7 9 76 
558 7 11 76 
516 8 8 76 
499 8 12 76 
448 9 7 76 
437 10 6 76 
327 11 7 76 
281 15 13 76 
82 16 14 76 
4471 17 9 76 
4245 17 13 76 
4181 18 10 76 
4178 18 12 76 
4041 19 11 76 
3405 8 9 76 
2852 8 11 76 
2728 9 8 76 
2629 9 12 76 
2445 10 7 76 
2380 11 8 76 
2240 12 13 76 
2134 16 9 76 
2129 16 13 76 
2073 17 10 76 
1877 17 12 76 
1837 18 11 76 
1775 8 10 76 
1769 9 9 76 
1768 9 11 76 
1509 10 8 76 
1488 10 12 76 
1470 12 12 76 
1450 13 13 76 
1398 16 10 76 
1370 16 12 76 
1040 17 11 76 
548 9 10 76 
3706 10 9 76 
3498 10 11 76 
3479 11 12 76 
3331 13 12 76 
3265 14 13 76 
1209 15 12 76 
1146 16 11 76 
1144 10 10 76 
1111 11 11 76 
698 14 12 76 
4288 15 11 76 
3915 11 10 76 
3726 12 11 76 
3665 14 11 76 
3596 15 10 76 
3176 11 9 76 
2873 12 10 76 
2747 13 11 76 
2106 14 10 76 
1858 11 0 76 
1822 12 9 76 
1783 13 0 76 
1738 13 10 76 
1552 11 1 76 
1404 12 0 76 
1178 12 8 76 
1037 13 1 76 
991 13 9 76 
739 11 2 76 
611 11 6 76 
598 12 1 76 
461 12 7 76 
443 13 2 76 
392 13 8 76 
300 14 9 76 
157 11 3 76 
4462 11 5 76 
4346 12 2 76 
4322 12 6 76 
4293 13 3 76 
4214 13 7 76 
3165 14 8 76 
3150 15 9 76 
2702 11 4 76 
2643 12 3 76 
2598 12 5 76 
2350 13 6 76 
2337 14 7 76 
1896 15 8 76 
1684 12 4 76 
462 13 5 76 
340 14 6 76 
4103 15 7 76 
3272 13 4 76 
3198 14 5 76 
3060 15 6 76 
2930 14 0 76 
2315 14 4 76 
2238 15 5 76 
2217 14 1 76 
2014 14 3 76 
1726 15 0 76 
1574 15 4 76 
1471 19 4 76 
887 14 2 76 
655 15 1 76 
569 15 3 76 
476 16 4 76 
269 18 4 76 
4299 19 3 76 
4064 15 2 76 
3883 16 3 76 
2935 17 4 76 
2912 18 3 76 
2799 16 2 76 
2797 17 3 76 
1458 16 1 76 
561 17 2 76 
4184 19 2 76 
3562 16 0 76 
3438 17 1 76 
3149 18 2 76 
2483 19 1 76 
2245 17 0 76 
620 18 1 76 
1263 19 0 76 
1057 18 0 76 
1637 18 1 87 
2113 17 1 87 
1556 16 3 88 
3828 12 5 90 
1438 12 2 90 
2788 14 8 90 
1196 12 1 91 
4428 13 8 91 
582 10 11 92 
2778 17 10 93 
4290 18 10 93 
676 7 12 94 
1861 9 6 94 
2555 8 6 95 
1813 15 15 95 
1884 18 14 95 
1367 14 18 98 
