1884
6499 5 0 1 
6487 0 0 1 
6423 4 0 1 
6334 5 1 1 
6218 0 1 1 
5345 1 0 1 
5256 3 0 1 
5204 4 1 1 
5123 5 2 1 
5010 0 2 1 
4909 1 1 1 
4800 2 0 1 
3851 3 1 1 
3838 4 2 1 
3723 5 3 1 
3489 0 3 1 
3342 1 2 1 
3322 2 1 1 
2962 3 2 1 
2889 4 3 1 
2752 0 4 1 
2616 1 3 1 
2469 2 2 1 
2432 3 3 1 
2288 0 5 1 
1966 0 19 1 
1867 1 4 1 
1759 2 3 1 
1718 0 6 1 
1697 0 18 1 
1385 1 5 1 
1271 1 19 1 
883 2 4 1 
763 0 7 1 
697 0 13 1 
610 0 17 1 
516 1 6 1 
401 1 18 1 
45 2 5 1 
6562 2 19 1 
6258 3 4 1 
6225 0 8 1 
5580 0 14 1 
5533 0 16 1 
5483 1 7 1 
5346 1 13 1 
5237 1 17 1 
5126 2 6 1 
4702 2 18 1 
4130 3 5 1 
4119 3 19 1 
4089 4 4 1 
3719 0 9 1 
3457 0 15 1 
3192 1 8 1 
3157 1 14 1 
2645 1 16 1 
2638 2 7 1 
1861 2 13 1 
1537 2 17 1 
1534 3 6 1 
1517 3 18 1 
1370 4 5 1 
1223 4 19 1 
1137 5 4 1 
888 0 10 1 
544 1 9 1 
406 1 15 1 
218 2 8 1 
132 2 14 1 
74 2 16 1 
6230 3 7 1 
6066 3 13 1 
5715 3 17 1 
5666 4 6 1 
5417 4 18 1 
5151 5 5 1 
5077 5 19 1 
4966 0 11 1 
4947 1 10 1 
4920 2 9 1 
4700 2 15 1 
4369 3 8 1 
4343 3 14 1 
4193 3 16 1 
3715 4 7 1 
3552 4 13 1 
3359 4 17 1 
3275 5 6 1 
3033 5 18 1 
2869 6 19 1 
2563 12 19 1 
2543 0 12 1 
2239 1 11 1 
2200 2 10 1 
1831 3 9 1 
1729 3 15 1 
1485 4 8 1 
1424 4 14 1 
1404 4 16 1 
1241 5 7 1 
1208 5 13 1 
957 5 17 1 
825 6 18 1 
499 7 19 1 
393 11 19 1 
66 12 18 1 
6537 13 19 1 
6508 1 12 1 
6365 2 11 1 
6120 3 10 1 
6090 4 9 1 
6022 4 15 1 
5985 5 8 1 
5927 5 14 1 
5774 5 16 1 
5763 6 17 1 
5761 7 18 1 
5402 8 19 1 
5234 10 19 1 
5128 11 18 1 
5027 12 17 1 
3745 13 18 1 
3428 14 19 1 
2995 2 12 1 
2754 3 11 1 
2453 4 10 1 
2425 5 9 1 
2213 5 15 1 
2179 6 8 1 
1851 6 16 1 
1809 7 17 1 
1638 8 18 1 
1573 9 19 1 
1449 10 18 1 
1418 11 17 1 
1237 12 16 1 
1038 13 17 1 
902 14 18 1 
728 15 19 1 
469 19 19 1 
6527 3 12 1 
5817 4 11 1 
5780 5 10 1 
5704 6 9 1 
5510 6 15 1 
5334 7 8 1 
5269 7 16 1 
5127 8 17 1 
4990 9 18 1 
4983 10 17 1 
4814 11 16 1 
4657 12 15 1 
4645 13 16 1 
4473 14 17 1 
4229 15 18 1 
4222 16 19 1 
4004 18 19 1 
3877 19 18 1 
3876 4 12 1 
3267 5 11 1 
3104 6 10 1 
2284 6 14 1 
1882 7 9 1 
1225 7 15 1 
1177 8 16 1 
1073 9 17 1 
798 10 16 1 
6418 11 15 1 
5894 13 15 1 
5771 14 16 1 
5759 15 17 1 
5747 16 18 1 
5739 17 19 1 
5717 18 18 1 
5701 19 17 1 
5214 5 12 1 
5036 6 11 1 
4917 6 13 1 
4688 7 10 1 
4501 7 14 1 
4487 8 15 1 
4307 9 16 1 
4245 10 15 1 
4225 13 14 1 
3846 14 15 1 
3800 15 16 1 
3704 16 17 1 
3685 17 18 1 
3465 18 17 1 
2989 19 16 1 
2499 6 12 1 
2065 7 11 1 
1443 7 13 1 
1172 8 14 1 
1135 9 15 1 
972 14 14 1 
867 15 15 1 
660 16 16 1 
429 17 17 1 
6531 18 16 1 
6286 19 15 1 
5868 7 12 1 
5866 8 13 1 
5805 9 14 1 
5784 14 13 1 
5412 15 14 1 
4609 16 15 1 
4586 17 16 1 
4461 18 15 1 
4325 19 14 1 
4260 6 0 1 
4027 8 12 1 
3963 9 13 1 
3928 10 14 1 
3613 15 13 1 
3582 16 14 1 
3548 17 15 1 
3363 18 14 1 
3185 19 13 1 
2912 6 1 1 
2907 7 0 1 
2746 8 11 1 
2384 9 12 1 
2339 10 13 1 
2315 11 14 1 
2085 16 13 1 
1999 17 14 1 
1381 18 13 1 
1152 19 12 1 
814 6 2 1 
6525 7 1 1 
6169 8 0 1 
6094 8 10 1 
5776 9 11 1 
5585 10 12 1 
5208 11 13 1 
5202 12 14 1 
4889 17 13 1 
4779 18 12 1 
4305 19 11 1 
4176 6 3 1 
4134 6 7 1 
4109 7 2 1 
3956 8 1 1 
3615 8 9 1 
3407 9 0 1 
3358 9 10 1 
3179 10 11 1 
2955 11 12 1 
2772 12 13 1 
2771 17 12 1 
2715 18 11 1 
2690 19 10 1 
2417 6 4 1 
2280 6 6 1 
2241 7 3 1 
2175 7 7 1 
2024 8 2 1 
1842 8 8 1 
1339 9 1 1 
1085 9 9 1 
995 10 0 1 
951 10 10 1 
856 11 11 1 
385 12 12 1 
210 13 13 1 
6261 16 12 1 
6177 17 11 1 
6122 18 10 1 
5832 19 9 1 
5758 6 5 1 
4949 7 4 1 
4862 7 6 1 
4483 8 3 1 
4156 8 7 1 
4084 9 2 1 
3976 9 8 1 
3834 10 1 1 
3148 10 9 1 
3079 11 10 1 
2941 12 11 1 
2508 13 12 1 
2501 15 12 1 
1985 16 11 1 
1885 17 10 1 
1755 18 9 1 
1306 19 8 1 
1062 7 5 1 
987 8 4 1 
974 8 6 1 
735 9 3 1 
651 9 7 1 
627 10 2 1 
478 10 8 1 
203 11 9 1 
6509 12 10 1 
6380 13 11 1 
6371 14 12 1 
6235 15 11 1 
5676 16 10 1 
5620 17 9 1 
5118 18 8 1 
5078 19 7 1 
4991 8 5 1 
4568 9 4 1 
4436 9 6 1 
3447 10 3 1 
3074 10 7 1 
2934 11 8 1 
2904 12 9 1 
2804 13 10 1 
2803 14 11 1 
2750 15 10 1 
2694 16 9 1 
2594 17 8 1 
2574 18 7 1 
2035 19 6 1 
1876 9 5 1 
1794 10 4 1 
1402 10 6 1 
832 11 7 1 
262 12 8 1 
16 13 9 1 
6337 14 10 1 
6164 15 9 1 
6157 16 8 1 
6010 17 7 1 
5981 18 6 1 
5912 19 5 1 
5448 10 5 1 
4840 11 0 1 
4817 11 6 1 
4808 12 7 1 
4772 13 8 1 
4648 14 9 1 
4389 15 8 1 
4370 16 7 1 
4334 17 6 1 
4235 18 5 1 
3861 19 4 1 
3626 11 1 1 
3078 11 5 1 
2764 12 0 1 
2675 12 6 1 
2544 13 7 1 
2429 14 8 1 
1875 15 7 1 
6284 16 6 1 
6185 17 5 1 
6170 18 4 1 
5085 19 3 1 
4900 11 2 1 
4533 11 4 1 
4466 12 1 1 
4256 12 5 1 
4236 13 0 1 
3988 13 6 1 
3317 14 7 1 
2327 15 6 1 
928 16 5 1 
683 17 4 1 
6473 18 3 1 
6315 19 2 1 
5703 11 3 1 
5108 12 2 1 
5053 12 4 1 
4741 13 1 1 
4164 13 5 1 
3579 14 6 1 
3294 15 5 1 
3245 16 4 1 
2653 17 3 1 
1737 18 2 1 
1193 19 1 1 
973 12 3 1 
378 13 2 1 
340 13 4 1 
5788 14 5 1 
5490 15 4 1 
5403 16 3 1 
4034 17 2 1 
3214 18 1 1 
2639 19 0 1 
1763 13 3 1 
1592 14 4 1 
1542 15 3 1 
1125 16 2 1 
115 17 1 1 
5934 18 0 1 
5837 14 3 1 
4200 15 2 1 
3069 16 1 1 
2143 17 0 1 
2122 14 2 1 
2022 15 1 1 
523 16 0 1 
6453 14 1 1 
2840 15 0 1 
2608 14 0 1 
5695 15 1 14 
526 15 2 14 
4496 16 1 14 
5201 14 4 15 
3600 16 2 15 
467 17 1 15 
2546 12 3 16 
2864 13 4 16 
4149 14 5 15 
5709 17 2 15 
6184 18 1 15 
359 12 2 16 
1561 12 4 16 
3415 13 5 16 
5207 15 5 16 
5546 18 2 16 
6229 12 1 17 
491 12 5 17 
2126 15 6 17 
3107 16 5 17 
5523 12 6 18 
1365 15 7 18 
1951 16 6 17 
1956 17 5 17 
4523 11 6 18 
4685 12 7 18 
5366 15 8 18 
772 16 7 18 
870 17 6 18 
1051 18 5 18 
2685 9 5 19 
3638 10 6 19 
5040 12 8 19 
5919 15 9 18 
121 17 7 18 
614 18 6 18 
959 8 5 19 
2378 9 4 19 
3222 9 6 19 
3643 12 9 19 
4361 15 10 19 
4408 18 7 19 
4834 7 5 20 
4901 8 4 20 
5171 8 6 20 
5425 9 3 20 
682 11 9 20 
936 12 10 19 
1268 15 11 19 
1276 16 10 19 
1585 7 4 20 
1911 7 6 20 
2221 8 3 20 
3574 9 2 20 
3899 10 9 20 
3972 12 11 20 
3982 16 11 20 
4017 17 10 20 
4937 7 3 21 
123 8 2 21 
952 9 1 21 
1430 9 9 21 
1459 12 12 21 
1620 17 11 20 
1903 18 10 20 
2610 7 2 21 
3601 8 1 21 
3609 11 12 21 
3774 18 11 21 
4421 7 1 21 
4782 10 12 21 
5014 11 13 21 
5181 18 12 21 
5586 10 13 22 
5746 17 14 22 
6322 18 13 22 
6456 5 0 26 
6123 0 0 26 
6077 4 0 26 
5888 5 1 26 
5727 0 1 26 
5698 1 0 26 
5615 3 0 26 
5444 4 1 26 
5347 5 2 26 
5240 0 2 26 
4714 1 1 26 
4691 2 0 26 
4596 3 1 26 
4508 4 2 26 
4458 5 3 26 
4185 0 3 26 
3844 1 2 26 
3794 2 1 26 
3793 3 2 26 
3382 4 3 26 
3262 0 4 26 
2382 1 3 26 
2000 2 2 26 
1910 3 3 26 
1860 0 5 26 
1411 0 19 26 
1251 1 4 26 
1150 2 3 26 
1122 0 6 26 
968 0 18 26 
946 1 5 26 
881 1 19 26 
874 2 4 26 
831 0 7 26 
776 0 13 26 
454 0 17 26 
6194 1 6 26 
6191 1 18 26 
5668 2 5 26 
5547 2 19 26 
5375 3 4 26 
5369 0 8 26 
5193 0 14 26 
5140 0 16 26 
5093 1 7 26 
5005 1 13 26 
4929 1 17 26 
4928 2 6 26 
3962 2 18 26 
3951 3 5 26 
3714 3 19 26 
3662 4 4 26 
3441 0 9 26 
3425 0 15 26 
3046 1 8 26 
2613 1 14 26 
2598 1 16 26 
2203 2 7 26 
2165 2 13 26 
1792 2 17 26 
1704 3 6 26 
1677 3 18 26 
1591 4 5 26 
1372 4 19 26 
1142 5 4 26 
1056 0 10 26 
759 1 9 26 
623 1 15 26 
555 2 8 26 
415 2 14 26 
402 2 16 26 
148 3 7 26 
120 3 13 26 
99 3 17 26 
85 4 6 26 
6496 4 18 26 
6290 5 5 26 
5924 5 19 26 
5651 0 11 26 
4987 1 10 26 
4924 2 9 26 
4895 2 15 26 
4891 3 8 26 
4776 3 14 26 
4708 3 16 26 
4582 4 7 26 
4199 4 13 26 
4001 4 17 26 
3902 5 6 26 
3406 5 18 26 
2963 6 19 26 
2706 12 19 26 
2701 0 12 26 
2579 1 11 26 
2562 2 10 26 
2235 3 9 26 
1904 3 15 26 
1734 4 8 26 
1274 4 14 26 
1219 4 16 26 
1169 5 7 26 
906 5 13 26 
613 5 17 26 
606 6 18 26 
576 7 19 26 
557 11 19 26 
190 12 18 26 
6578 13 19 26 
6466 1 12 26 
6417 2 11 26 
6035 3 10 26 
5826 4 9 26 
5472 4 15 26 
5374 5 8 26 
5216 5 14 26 
5089 5 16 26 
4520 6 17 26 
4479 7 18 26 
4474 8 19 26 
4381 10 19 26 
4125 11 18 26 
4060 12 17 26 
3927 13 18 26 
3879 14 19 26 
3835 2 12 26 
3753 3 11 26 
3525 4 10 26 
3018 5 9 26 
2901 5 15 26 
2870 6 8 26 
2637 6 16 26 
2462 7 17 26 
2110 8 18 26 
1732 9 19 26 
1664 10 18 26 
1168 11 17 26 
993 12 16 26 
838 13 17 26 
731 14 18 26 
632 15 19 26 
60 19 19 26 
6445 3 12 26 
6444 4 11 26 
6048 5 10 26 
5988 6 9 26 
5852 6 15 26 
5814 7 8 26 
5468 7 16 26 
5137 8 17 26 
5060 9 18 26 
5035 10 17 26 
4320 11 16 26 
4266 12 15 26 
4246 13 16 26 
4212 14 17 26 
4201 15 18 26 
4002 16 19 26 
3821 18 19 26 
3752 19 18 26 
3628 4 12 26 
3616 5 11 26 
3422 6 10 26 
3394 6 14 26 
3333 7 9 26 
3224 7 15 26 
2440 8 16 26 
2408 9 17 26 
2267 10 16 26 
2234 11 15 26 
1715 13 15 26 
1640 14 16 26 
1464 15 17 26 
869 16 18 26 
405 17 19 26 
372 18 18 26 
264 19 17 26 
234 5 12 26 
6100 6 11 26 
5898 6 13 26 
5415 7 10 26 
5075 7 14 26 
4845 8 15 26 
4457 9 16 26 
4447 10 15 26 
4274 13 14 26 
4180 14 15 26 
3947 15 16 26 
3776 16 17 26 
3594 17 18 26 
3458 18 17 26 
3439 19 16 26 
3376 6 12 26 
3354 7 11 26 
3296 7 13 26 
2921 8 14 26 
2582 9 15 26 
2272 14 14 26 
2079 15 15 26 
2052 16 16 26 
1930 17 17 26 
1547 18 16 26 
1522 19 15 26 
1520 7 12 26 
1110 8 13 26 
852 9 14 26 
842 14 13 26 
841 15 14 26 
34 16 15 26 
30 17 16 26 
6272 18 15 26 
6193 19 14 26 
6050 6 0 26 
5677 8 12 26 
5502 9 13 26 
5282 10 14 26 
5236 15 13 26 
5094 16 14 26 
4910 17 15 26 
4850 18 14 26 
4605 19 13 26 
4593 6 1 26 
4509 7 0 26 
4465 8 11 26 
4434 9 12 26 
4316 10 13 26 
3551 11 14 26 
3480 16 13 26 
3460 17 14 26 
3216 18 13 26 
2957 19 12 26 
2703 6 2 26 
2523 7 1 26 
2216 8 0 26 
1353 8 10 26 
1284 9 11 26 
1245 10 12 26 
1175 11 13 26 
1136 12 14 26 
1043 17 13 26 
448 18 12 26 
214 19 11 26 
6494 6 3 26 
6344 6 7 26 
5959 7 2 26 
5821 8 1 26 
5692 8 9 26 
5655 9 0 26 
5463 9 10 26 
5322 10 11 26 
5199 11 12 26 
4650 12 13 26 
4644 17 12 26 
4371 18 11 26 
4088 19 10 26 
3678 6 4 26 
3210 6 6 26 
3181 7 3 26 
3106 7 7 26 
2669 8 2 26 
2264 8 8 26 
2150 9 1 26 
1866 9 9 26 
1788 10 0 26 
1665 10 10 26 
1645 11 11 26 
1455 12 12 26 
1275 13 13 26 
1254 16 12 26 
948 17 11 26 
548 18 10 26 
489 19 9 26 
231 6 5 26 
77 7 4 26 
6064 7 6 26 
5949 8 3 26 
5608 8 7 26 
5482 9 2 26 
5371 9 8 26 
5111 10 1 26 
4577 10 9 26 
4515 11 10 26 
4301 12 11 26 
4161 13 12 26 
3878 15 12 26 
3845 16 11 26 
3473 17 10 26 
3329 18 9 26 
3295 19 8 26 
3045 7 5 26 
2914 8 4 26 
2814 8 6 26 
2482 9 3 26 
2395 9 7 26 
2358 10 2 26 
2324 10 8 26 
2069 11 9 26 
1993 12 10 26 
1952 13 11 26 
1605 14 12 26 
1270 15 11 26 
966 16 10 26 
95 17 9 26 
8 18 8 26 
6256 19 7 26 
6161 8 5 26 
6089 9 4 26 
5820 9 6 26 
5536 10 3 26 
5298 10 7 26 
5271 11 8 26 
5170 12 9 26 
5061 13 10 26 
4738 14 11 26 
4631 15 10 26 
4607 16 9 26 
4510 17 8 26 
4314 18 7 26 
4219 19 6 26 
4202 9 5 26 
3885 10 4 26 
3514 10 6 26 
2985 11 7 26 
2793 12 8 26 
2329 13 9 26 
1839 14 10 26 
1816 15 9 26 
1637 16 8 26 
259 17 7 26 
9 18 6 26 
6144 19 5 26 
5918 10 5 26 
5860 11 0 26 
5592 11 6 26 
5555 12 7 26 
4988 13 8 26 
4608 14 9 26 
4516 15 8 26 
4198 16 7 26 
4174 17 6 26 
4158 18 5 26 
3370 19 4 26 
2875 11 1 26 
2346 11 5 26 
2181 12 0 26 
1481 12 6 26 
186 13 7 26 
6134 14 8 26 
5904 15 7 26 
5642 16 6 26 
5081 17 5 26 
5033 18 4 26 
4883 19 3 26 
4633 11 2 26 
4486 11 4 26 
3755 12 1 26 
2894 12 5 26 
2714 13 0 26 
2520 13 6 26 
2413 14 7 26 
1642 15 6 26 
1050 16 5 26 
602 17 4 26 
105 18 3 26 
6257 19 2 26 
6142 11 3 26 
6121 12 2 26 
5925 12 4 26 
4431 13 1 26 
3030 13 5 26 
2783 14 6 26 
2751 15 5 26 
2713 16 4 26 
2279 17 3 26 
2106 18 2 26 
1281 19 1 26 
939 12 3 26 
900 13 2 26 
815 13 4 26 
598 14 5 26 
507 15 4 26 
275 16 3 26 
6336 17 2 26 
6224 18 1 26 
5441 19 0 26 
4767 13 3 26 
3700 14 4 26 
3511 15 3 26 
3013 16 2 26 
2593 17 1 26 
2391 18 0 26 
2226 14 3 26 
1733 15 2 26 
4398 16 1 26 
3856 17 0 26 
2973 14 2 26 
2731 15 1 26 
1318 16 0 26 
519 14 1 26 
4612 15 0 26 
3326 14 0 26 
1890 15 1 39 
2427 15 2 40 
820 16 1 39 
2379 14 4 40 
3832 16 2 40 
6516 17 1 40 
471 12 3 41 
6087 13 4 41 
1902 14 5 41 
2456 17 2 40 
4112 18 1 40 
5428 12 2 41 
327 12 4 41 
506 13 5 41 
1263 15 5 41 
4045 18 2 41 
4319 12 1 42 
4828 12 5 42 
5083 15 6 42 
5301 16 5 42 
1883 12 6 43 
2186 15 7 42 
2591 16 6 42 
3940 17 5 42 
4393 11 6 43 
4550 12 7 43 
43 15 8 43 
1030 16 7 43 
2040 17 6 43 
2439 18 5 43 
3023 9 5 44 
3038 10 6 44 
4011 12 8 44 
4512 15 9 44 
5015 17 7 44 
219 18 6 44 
515 8 5 44 
1124 9 4 44 
1856 9 6 44 
2224 12 9 44 
3886 15 10 44 
4958 18 7 44 
1450 7 5 45 
2601 8 4 45 
2707 8 6 45 
2983 9 3 45 
3437 11 9 45 
3507 12 10 45 
3997 15 11 45 
4291 16 10 45 
5471 7 4 46 
26 7 6 45 
857 8 3 45 
964 9 2 45 
1068 10 9 45 
1235 12 11 45 
1253 16 11 45 
1463 17 10 45 
2276 7 3 46 
2891 8 2 46 
4087 9 1 46 
4823 9 9 46 
5928 12 12 46 
6041 17 11 46 
6355 18 10 46 
6455 5 0 51 
6329 0 0 51 
6269 4 0 51 
6045 5 1 51 
5885 0 1 51 
5750 1 0 51 
5661 3 0 51 
5624 4 1 51 
5388 5 2 51 
4478 0 2 51 
4021 1 1 51 
3860 2 0 51 
3804 3 1 51 
3764 4 2 51 
3686 5 3 51 
3516 0 3 51 
3137 1 2 51 
2892 2 1 51 
2854 3 2 51 
2578 4 3 51 
2554 0 4 51 
2416 1 3 51 
2386 2 2 51 
2103 3 3 51 
1954 0 5 51 
1938 0 19 51 
1931 1 4 51 
1894 2 3 51 
1659 0 6 51 
1468 0 18 51 
1145 1 5 51 
1116 1 19 51 
1078 2 4 51 
943 0 7 51 
733 0 13 51 
665 0 17 51 
608 1 6 51 
335 1 18 51 
301 2 5 51 
248 2 19 51 
144 3 4 51 
6285 0 8 51 
5693 0 14 51 
5583 0 16 51 
5124 1 7 51 
4853 1 13 51 
4758 1 17 51 
4591 2 6 51 
4574 2 18 51 
4551 3 5 51 
4538 3 19 51 
4502 4 4 51 
4455 0 9 51 
4031 0 15 51 
3974 1 8 51 
3933 1 14 51 
3412 1 16 51 
3190 2 7 51 
3093 2 13 51 
2969 2 17 51 
2886 3 6 51 
2759 3 18 51 
2742 4 5 51 
2656 4 19 51 
2478 5 4 51 
2246 0 10 51 
2177 1 9 51 
1878 1 15 51 
1699 2 8 51 
1307 2 14 51 
949 2 16 51 
674 3 7 51 
575 3 13 51 
444 3 17 51 
196 4 6 51 
6522 4 18 51 
6399 5 5 51 
6232 5 19 51 
5702 0 11 51 
5678 1 10 51 
5379 2 9 51 
5360 2 15 51 
5278 3 8 51 
5250 3 14 51 
5116 3 16 51 
4956 4 7 51 
4851 4 13 51 
4672 4 17 51 
4628 5 6 51 
4197 5 18 51 
4056 6 19 51 
3761 12 19 51 
3617 0 12 51 
3585 1 11 51 
2866 2 10 51 
2832 3 9 51 
2699 3 15 51 
2495 4 8 51 
2397 4 14 51 
2053 4 16 51 
1877 5 7 51 
1815 5 13 51 
1790 5 17 51 
1695 6 18 51 
1387 7 19 51 
1331 11 19 51 
1239 12 18 51 
986 13 19 51 
934 1 12 51 
86 2 11 51 
35 3 10 51 
5956 4 9 51 
5783 4 15 51 
5613 5 8 51 
5559 5 14 51 
5384 5 16 51 
4789 6 17 51 
4769 7 18 51 
4768 8 19 51 
4693 10 19 51 
4677 11 18 51 
4560 12 17 51 
4445 13 18 51 
4275 14 19 51 
3996 2 12 51 
3952 3 11 51 
3815 4 10 51 
3299 5 9 51 
3147 5 15 51 
2976 6 8 51 
2853 6 16 51 
2806 7 17 51 
2761 8 18 51 
2737 9 19 51 
2528 10 18 51 
2449 11 17 51 
1671 12 16 51 
836 13 17 51 
817 14 18 51 
737 15 19 51 
420 19 19 51 
130 3 12 51 
36 4 11 51 
6324 5 10 51 
6011 6 9 51 
6009 6 15 51 
5990 7 8 51 
5748 7 16 51 
5712 8 17 51 
5691 9 18 51 
5551 10 17 51 
5209 11 16 51 
5028 12 15 51 
4365 13 16 51 
4342 14 17 51 
4072 15 18 51 
3356 16 19 51 
3256 18 19 51 
3122 19 18 51 
3114 4 12 51 
3054 5 11 51 
2952 6 10 51 
2780 6 14 51 
2001 7 9 51 
1649 7 15 51 
1378 8 16 51 
1329 9 17 51 
1228 10 16 51 
764 11 15 51 
618 13 15 51 
514 14 16 51 
370 15 17 51 
361 16 18 51 
273 17 19 51 
166 18 18 51 
6500 19 17 51 
6431 5 12 51 
6377 6 11 51 
5899 6 13 51 
5725 7 10 51 
5604 7 14 51 
5446 8 15 51 
5304 9 16 51 
5210 10 15 51 
5022 13 14 51 
4728 14 15 51 
4542 15 16 51 
4327 16 17 51 
3688 17 18 51 
3506 18 17 51 
3035 19 16 51 
2603 6 12 51 
2522 7 11 51 
2231 7 13 51 
1896 8 14 51 
1720 9 15 51 
1579 14 14 51 
1437 15 15 51 
1144 16 16 51 
1041 17 17 51 
661 18 16 51 
409 19 15 51 
391 7 12 51 
226 8 13 51 
6577 9 14 51 
6401 14 13 51 
6278 15 14 51 
6150 16 15 51 
5650 17 16 51 
5602 18 15 51 
5257 19 14 51 
4907 6 0 51 
4777 8 12 51 
4331 9 13 51 
4294 10 14 51 
3882 15 13 51 
3812 16 14 51 
3780 17 15 51 
3385 18 14 51 
3292 19 13 51 
3230 6 1 51 
3175 7 0 51 
3174 8 11 51 
3118 9 12 51 
2585 10 13 51 
2400 11 14 51 
2297 16 13 51 
2230 17 14 51 
2199 18 13 51 
1879 19 12 51 
1491 6 2 51 
908 7 1 51 
903 8 0 51 
829 8 10 51 
784 9 11 51 
512 10 12 51 
486 11 13 51 
223 12 14 51 
6200 17 13 51 
5882 18 12 51 
5333 19 11 51 
5254 6 3 51 
4869 6 7 51 
4712 7 2 51 
4579 8 1 51 
4432 8 9 51 
3904 9 0 51 
3806 9 10 51 
3805 10 11 51 
3726 11 12 51 
3621 12 13 51 
3070 17 12 51 
2856 18 11 51 
1909 19 10 51 
1493 6 4 51 
1069 6 6 51 
941 7 3 51 
171 7 7 51 
6160 8 2 51 
5936 8 8 51 
5765 9 1 51 
5728 9 9 51 
5696 10 0 51 
4601 10 10 51 
4532 11 11 51 
4485 12 12 51 
4482 13 13 51 
4415 16 12 51 
3905 17 11 51 
3724 18 10 51 
3505 19 9 51 
3355 6 5 51 
3332 7 4 51 
3113 7 6 51 
3056 8 3 51 
2736 8 7 51 
2620 9 2 51 
2437 9 8 51 
2283 10 1 51 
942 10 9 51 
706 11 10 51 
705 12 11 51 
332 13 12 51 
263 15 12 51 
249 16 11 51 
117 17 10 51 
6513 18 9 51 
6104 19 8 51 
5708 7 5 51 
5618 8 4 51 
5595 8 6 51 
4784 9 3 51 
4683 9 7 51 
4386 10 2 51 
4349 10 8 51 
3735 11 9 51 
3314 12 10 51 
2979 13 11 51 
2932 14 12 51 
2676 15 11 51 
2547 16 10 51 
2412 17 9 51 
2396 18 8 51 
2349 19 7 51 
2317 8 5 51 
2273 9 4 51 
2225 9 6 51 
2220 10 3 51 
2032 10 7 51 
2020 11 8 51 
1610 12 9 51 
1358 13 10 51 
278 14 11 51 
6317 15 10 51 
5929 16 9 51 
5621 17 8 51 
5456 18 7 51 
4827 19 6 51 
4541 9 5 51 
4524 10 4 51 
4244 10 6 51 
4141 11 7 51 
3924 12 8 51 
3763 13 9 51 
3736 14 10 51 
3634 15 9 51 
3277 16 8 51 
3240 17 7 51 
2939 18 6 51 
2910 19 5 51 
2799 10 5 51 
2635 11 0 51 
1849 11 6 51 
1749 12 7 51 
1327 13 8 51 
846 14 9 51 
56 15 8 51 
46 16 7 51 
6460 17 6 51 
6458 18 5 51 
6376 19 4 51 
6099 11 1 51 
5830 11 5 51 
5553 12 0 51 
5426 12 6 51 
4791 13 7 51 
4751 14 8 51 
4340 15 7 51 
3644 16 6 51 
3290 17 5 51 
3279 18 4 51 
3219 19 3 51 
2536 11 2 51 
2351 11 4 51 
2318 12 1 51 
2278 12 5 51 
2237 13 0 51 
2111 13 6 51 
2033 14 7 51 
1932 15 6 51 
1834 16 5 51 
1384 17 4 51 
663 18 3 51 
279 19 2 51 
6491 11 3 51 
6189 12 2 51 
5279 12 4 51 
4183 13 1 51 
3957 13 5 51 
3921 14 6 51 
3036 15 5 51 
2756 16 4 51 
2710 17 3 51 
2160 18 2 51 
1765 19 1 51 
1117 12 3 51 
886 13 2 51 
98 13 4 51 
6047 14 5 51 
5270 15 4 51 
4797 16 3 51 
4671 17 2 51 
3973 18 1 51 
3673 19 0 51 
2996 13 3 51 
2725 14 4 51 
2123 15 3 51 
2007 16 2 51 
1776 17 1 51 
6294 18 0 51 
5574 14 3 51 
5309 15 2 51 
4663 16 1 51 
4619 17 0 51 
4259 14 2 51 
2671 15 1 51 
1498 16 0 51 
4616 14 1 51 
4355 15 0 51 
3336 14 0 51 
5828 15 1 64 
3353 15 2 64 
1949 16 1 64 
1961 14 4 65 
2474 16 2 65 
646 17 1 65 
698 12 3 66 
2207 13 4 66 
3388 14 5 65 
4443 17 2 65 
5570 18 1 65 
844 12 2 66 
961 12 4 66 
1179 13 5 66 
1388 15 5 66 
2361 18 2 66 
4220 12 1 67 
5890 12 5 67 
480 15 6 67 
1987 16 5 67 
2965 12 6 67 
3037 15 7 67 
4898 16 6 67 
5535 17 5 67 
5681 11 6 68 
12 12 7 68 
1602 15 8 68 
1702 16 7 68 
2268 17 6 67 
3464 18 5 67 
3914 9 5 68 
3953 10 6 68 
4534 12 8 68 
4818 15 9 68 
4820 17 7 68 
5478 18 6 68 
5525 8 5 69 
295 9 4 69 
440 9 6 69 
1340 12 9 69 
1394 15 10 68 
1395 18 7 68 
1513 7 5 69 
1731 8 4 69 
2448 8 6 69 
3391 9 3 69 
3427 11 9 69 
3901 12 10 69 
4265 15 11 69 
4288 16 10 69 
5854 7 4 70 
342 7 6 70 
2133 8 3 70 
2290 9 2 70 
2409 10 9 70 
2828 12 11 70 
3682 16 11 70 
4894 17 10 70 
5578 7 3 71 
5796 8 2 70 
6270 9 1 70 
6306 9 9 70 
6416 12 12 70 
6468 17 11 70 
328 18 10 70 
337 7 2 71 
1606 8 1 71 
1710 11 12 71 
4128 18 11 71 
4414 7 1 72 
5134 10 12 72 
5198 11 13 72 
5263 18 12 71 
5519 10 13 72 
6498 5 0 76 
6459 0 0 76 
6341 4 0 76 
6115 5 1 76 
6072 0 1 76 
6057 1 0 76 
6037 3 0 76 
5937 4 1 76 
5878 5 2 76 
5581 0 2 76 
5539 1 1 76 
5517 2 0 76 
5460 3 1 76 
5194 4 2 76 
4841 5 3 76 
4495 0 3 76 
4194 1 2 76 
4167 2 1 76 
4097 3 2 76 
4094 4 3 76 
4092 0 4 76 
3922 1 3 76 
3848 2 2 76 
3697 3 3 76 
3523 0 5 76 
3403 0 19 76 
2971 1 4 76 
2940 2 3 76 
2865 0 6 76 
2863 0 18 76 
2634 1 5 76 
2624 1 19 76 
2555 2 4 76 
2537 0 7 76 
1913 0 13 76 
1719 0 17 76 
1616 1 6 76 
1512 1 18 76 
1267 2 5 76 
1158 2 19 76 
1155 3 4 76 
899 0 8 76 
797 0 14 76 
430 0 16 76 
175 1 7 76 
168 1 13 76 
6323 1 17 76 
6288 2 6 76 
6206 2 18 76 
6151 3 5 76 
5812 3 19 76 
5787 4 4 76 
5447 0 9 76 
5038 0 15 76 
4839 1 8 76 
4418 1 14 76 
4312 1 16 76 
4249 2 7 76 
3802 2 13 76 
3545 2 17 76 
3367 3 6 76 
2961 3 18 76 
2745 4 5 76 
1974 4 19 76 
1502 5 4 76 
1496 0 10 76 
1309 1 9 76 
1260 1 15 76 
1151 2 8 76 
898 2 14 76 
745 2 16 76 
564 3 7 76 
490 3 13 76 
314 3 17 76 
167 4 6 76 
6576 4 18 76 
6107 5 5 76 
5939 5 19 76 
5557 0 11 76 
5160 1 10 76 
5012 2 9 76 
4919 2 15 76 
4517 3 8 76 
4293 3 14 76 
4014 3 16 76 
3910 4 7 76 
3781 4 13 76 
3694 4 17 76 
3400 5 6 76 
3076 5 18 76 
2908 6 19 76 
2868 12 19 76 
2823 0 12 76 
2758 1 11 76 
2071 2 10 76 
1797 3 9 76 
1613 3 15 76 
1324 4 8 76 
835 4 14 76 
6382 4 16 76 
6360 5 7 76 
6263 5 13 76 
6130 5 17 76 
5976 6 18 76 
5973 7 19 76 
5951 11 19 76 
5864 12 18 76 
5673 13 19 76 
5659 1 12 76 
5356 2 11 76 
5233 3 10 76 
4955 4 9 76 
4829 4 15 76 
4584 5 8 76 
4143 5 14 76 
4076 5 16 76 
4061 6 17 76 
4022 7 18 76 
4000 8 19 76 
3975 10 19 76 
3707 11 18 76 
3649 12 17 76 
3530 13 18 76 
3503 14 19 76 
3297 2 12 76 
3207 3 11 76 
2956 4 10 76 
2879 5 9 76 
2733 5 15 76 
2652 6 8 76 
2350 6 16 76 
2335 7 17 76 
2285 8 18 76 
2166 9 19 76 
2099 10 18 76 
1753 11 17 76 
1604 12 16 76 
1567 13 17 76 
1210 14 18 76 
1161 15 19 76 
1071 19 19 76 
411 3 12 76 
235 4 11 76 
183 5 10 76 
153 6 9 76 
102 6 15 76 
63 7 8 76 
6406 7 16 76 
6252 8 17 76 
5773 9 18 76 
5756 10 17 76 
5125 11 16 76 
5051 12 15 76 
4897 13 16 76 
4774 14 17 76 
4736 15 18 76 
4611 16 19 76 
4506 18 19 76 
4052 19 18 76 
3156 4 12 76 
3099 5 11 76 
2642 6 10 76 
2565 6 14 76 
2419 7 9 76 
2233 7 15 76 
1652 8 16 76 
1583 9 17 76 
1349 10 16 76 
1084 11 15 76 
620 13 15 76 
216 14 16 76 
6467 15 17 76 
6414 16 18 76 
6381 17 19 76 
6251 18 18 76 
6098 19 17 76 
6013 5 12 76 
6001 6 11 76 
5757 6 13 76 
5662 7 10 76 
5507 7 14 76 
5400 8 15 76 
5086 9 16 76 
4921 10 15 76 
4896 13 14 76 
4872 14 15 76 
4618 15 16 76 
4427 16 17 76 
4309 17 18 76 
4195 18 17 76 
3995 19 16 76 
3795 6 12 76 
3769 7 11 76 
3562 7 13 76 
3334 8 14 76 
2913 9 15 76 
2862 14 14 76 
2844 15 15 76 
2531 16 16 76 
2511 17 17 76 
2002 18 16 76 
1855 19 15 76 
1641 7 12 76 
1608 8 13 76 
1230 9 14 76 
1101 14 13 76 
732 15 14 76 
189 16 15 76 
6325 17 16 76 
5855 18 15 76 
5793 19 14 76 
5362 6 0 76 
4707 8 12 76 
4646 9 13 76 
4635 10 14 76 
4484 15 13 76 
4205 16 14 76 
4138 17 15 76 
3949 18 14 76 
3939 19 13 76 
3854 6 1 76 
3823 7 0 76 
3583 8 11 76 
3519 9 12 76 
3345 10 13 76 
2839 11 14 76 
2274 16 13 76 
2222 17 14 76 
2204 18 13 76 
1845 19 12 76 
1787 6 2 76 
1630 7 1 76 
1170 8 0 76 
668 8 10 76 
479 9 11 76 
200 10 12 76 
181 11 13 76 
6481 12 14 76 
6397 17 13 76 
6049 18 12 76 
5940 19 11 76 
5719 6 3 76 
5413 6 7 76 
5387 7 2 76 
4842 8 1 76 
4761 8 9 76 
4726 9 0 76 
4686 9 10 76 
4549 10 11 76 
4498 11 12 76 
4493 12 13 76 
4491 17 12 76 
4452 18 11 76 
4247 19 10 76 
4214 6 4 76 
4073 6 6 76 
3917 7 3 76 
3908 7 7 76 
3875 8 2 76 
3387 8 8 76 
3209 9 1 76 
3197 9 9 76 
3055 10 0 76 
2519 10 10 76 
2405 11 11 76 
2229 12 12 76 
2137 13 13 76 
2104 16 12 76 
2012 17 11 76 
1497 18 10 76 
1391 19 9 76 
1266 6 5 76 
769 7 4 76 
605 7 6 76 
572 8 3 76 
463 8 7 76 
387 9 2 76 
88 9 8 76 
10 10 1 76 
6383 10 9 76 
5819 11 10 76 
5436 12 11 76 
5224 13 12 76 
4964 15 12 76 
4521 16 11 76 
4448 17 10 76 
4368 18 9 76 
4278 19 8 76 
4224 7 5 76 
3948 8 4 76 
3783 8 6 76 
3383 9 3 76 
3226 9 7 76 
3089 10 2 76 
3031 10 8 76 
2927 11 9 76 
2911 12 10 76 
2171 13 11 76 
1994 14 12 76 
1746 15 11 76 
1521 16 10 76 
1157 17 9 76 
1095 18 8 76 
894 19 7 76 
599 8 5 76 
458 9 4 76 
5965 9 6 76 
5847 10 3 76 
5711 10 7 76 
5641 11 8 76 
5565 12 9 76 
5117 13 10 76 
5024 14 11 76 
4879 15 10 76 
4623 16 9 76 
4287 17 8 76 
3978 18 7 76 
3560 19 6 76 
2905 9 5 76 
2454 10 4 76 
2027 10 6 76 
1901 11 7 76 
1453 12 8 76 
783 13 9 76 
510 14 10 76 
6025 15 9 76 
5841 16 8 76 
5524 17 7 76 
5372 18 6 76 
5189 19 5 76 
5054 10 5 76 
4954 11 0 76 
3660 11 6 76 
3536 12 7 76 
3381 13 8 76 
2411 14 9 76 
2270 15 8 76 
2141 16 7 76 
1173 17 6 76 
853 18 5 76 
675 19 4 76 
581 11 1 76 
408 11 5 76 
308 12 0 76 
296 12 6 76 
6156 13 7 76 
6055 14 8 76 
5121 15 7 76 
5074 16 6 76 
5029 17 5 76 
4844 18 4 76 
4168 19 3 76 
3598 11 2 76 
3593 11 4 76 
3494 12 1 76 
2948 12 5 76 
1703 13 0 76 
1211 13 6 76 
1040 14 7 76 
880 15 6 76 
833 16 5 76 
748 17 4 76 
101 18 3 76 
39 19 2 76 
5997 11 3 76 
5734 12 2 76 
5467 12 4 76 
5351 13 1 76 
4640 13 5 76 
4626 14 6 76 
4621 15 5 76 
4151 16 4 76 
3771 17 3 76 
3371 18 2 76 
3344 19 1 76 
3241 12 3 76 
2055 13 2 76 
1673 13 4 76 
424 14 5 76 
6475 15 4 76 
5777 16 3 76 
5319 17 2 76 
4680 18 1 76 
3897 19 0 76 
3110 13 3 76 
528 14 4 76 
182 15 3 76 
180 16 2 76 
6159 17 1 76 
5606 18 0 76 
5352 14 3 76 
5325 15 2 76 
5195 16 1 76 
5158 17 0 76 
4843 14 2 76 
4150 15 1 76 
3659 16 0 76 
636 14 1 76 
5835 15 0 76 
4562 14 0 76 
3435 15 1 89 
2984 15 2 89 
1714 16 1 89 
3386 14 4 90 
3633 16 2 90 
3831 17 1 89 
3669 12 3 91 
5527 13 4 91 
5603 14 5 91 
5843 17 2 90 
6300 18 1 90 
2825 12 2 91 
3049 12 4 91 
3393 13 5 91 
209 15 5 91 
345 18 2 91 
947 12 1 92 
2148 12 5 92 
2659 15 6 92 
2850 16 5 92 
5197 12 6 93 
1360 15 7 92 
1622 16 6 92 
1927 17 5 92 
2196 11 6 93 
2577 12 7 93 
3756 15 8 93 
4996 16 7 93 
6023 17 6 93 
619 18 5 93 
2266 9 5 94 
3271 10 6 94 
5532 12 8 94 
5685 15 9 93 
5815 17 7 93 
5933 18 6 93 
2571 8 5 95 
2766 9 4 95 
3379 9 6 94 
3384 12 9 94 
3683 15 10 94 
4462 18 7 94 
28 7 5 95 
818 8 4 95 
1401 8 6 95 
1916 9 3 95 
2625 11 9 95 
3656 12 10 95 
4525 15 11 95 
4952 16 10 95 
240 7 4 96 
310 7 6 96 
640 8 3 96 
859 9 2 96 
861 10 9 95 
1444 12 11 95 
1713 16 11 95 
1868 17 10 95 
2164 7 3 96 
2211 8 2 96 
2942 9 1 96 
3115 9 9 96 
3151 12 12 96 
4103 17 11 96 
5139 18 10 96 
5475 7 2 96 
5597 8 1 96 
6054 11 12 96 
6379 18 11 96 
