1944
4608 19 19 1 
4456 18 19 1 
4410 19 18 1 
4405 11 19 1 
4300 17 19 1 
4199 18 18 1 
4155 19 17 1 
4135 11 18 1 
4090 12 19 1 
3750 16 19 1 
2742 17 18 1 
2669 18 17 1 
1968 19 10 1 
1857 19 16 1 
1280 11 17 1 
1269 12 18 1 
1183 13 19 1 
1164 15 19 1 
1079 16 18 1 
963 17 17 1 
915 18 10 1 
852 18 16 1 
827 19 11 1 
660 19 15 1 
96 11 16 1 
4653 12 17 1 
4436 13 18 1 
4327 14 19 1 
4045 15 18 1 
3987 16 17 1 
3709 17 10 1 
3057 17 16 1 
3018 18 11 1 
2982 18 15 1 
2455 19 12 1 
2339 19 14 1 
1941 11 15 1 
1846 12 16 1 
1832 13 17 1 
1811 14 18 1 
1725 15 17 1 
1693 16 10 1 
1656 16 16 1 
1558 17 11 1 
1298 17 15 1 
1163 18 12 1 
1056 18 14 1 
1015 19 13 1 
973 11 14 1 
673 12 15 1 
380 13 16 1 
332 14 17 1 
85 15 10 1 
4798 15 16 1 
4702 16 11 1 
4632 16 15 1 
3919 17 12 1 
3679 17 14 1 
3648 18 13 1 
3276 12 14 1 
3224 13 15 1 
3205 14 10 1 
2978 14 16 1 
2746 15 11 1 
2348 15 15 1 
2299 16 12 1 
2156 16 14 1 
2142 17 13 1 
2085 13 10 1 
1937 13 14 1 
1758 14 11 1 
1530 14 15 1 
1496 15 12 1 
1487 15 14 1 
1259 16 13 1 
1221 12 10 1 
1064 13 11 1 
1054 14 12 1 
966 14 14 1 
918 15 13 1 
526 11 10 1 
496 12 11 1 
485 13 12 1 
431 14 13 1 
128 10 10 1 
106 11 11 1 
4472 12 12 1 
4399 13 13 1 
4282 9 10 1 
3690 10 11 1 
2376 10 19 1 
2042 11 12 1 
1973 12 13 1 
1823 8 10 1 
1806 9 11 1 
1489 9 19 1 
1376 10 12 1 
1331 10 18 1 
1266 11 13 1 
1066 19 9 1 
961 0 19 1 
824 7 10 1 
736 8 11 1 
591 8 19 1 
563 9 12 1 
283 9 18 1 
78 10 13 1 
61 10 17 1 
4802 18 9 1 
4716 19 0 1 
4182 19 8 1 
4165 0 18 1 
4030 1 19 1 
3847 6 10 1 
3793 7 11 1 
3639 7 19 1 
3454 8 12 1 
3085 8 18 1 
3013 9 13 1 
2952 9 17 1 
2601 10 14 1 
2499 10 16 1 
2433 17 9 1 
2124 18 0 1 
1415 18 8 1 
1378 19 1 1 
1279 19 7 1 
1214 0 17 1 
1089 1 18 1 
1046 2 19 1 
349 5 10 1 
298 6 11 1 
262 6 19 1 
233 7 12 1 
223 7 18 1 
4747 8 13 1 
4733 8 17 1 
4620 9 14 1 
4495 9 16 1 
4470 10 15 1 
4319 16 9 1 
4179 17 0 1 
3385 17 8 1 
3262 18 1 1 
3202 18 7 1 
3192 19 2 1 
3154 19 6 1 
2882 0 16 1 
2717 1 17 1 
2645 2 18 1 
2484 3 19 1 
2429 5 11 1 
2334 5 19 1 
2271 6 12 1 
2262 6 18 1 
2025 7 13 1 
1969 7 17 1 
1891 8 14 1 
1238 8 16 1 
1065 9 15 1 
1044 15 9 1 
1002 16 0 1 
564 16 8 1 
364 17 1 1 
319 17 7 1 
107 18 2 1 
73 18 6 1 
29 19 3 1 
4701 19 5 1 
4361 0 15 1 
3932 1 16 1 
3526 2 17 1 
3352 3 18 1 
3136 4 19 1 
2517 5 12 1 
2246 5 18 1 
2234 6 13 1 
2208 6 17 1 
2137 7 14 1 
1859 7 16 1 
1491 8 15 1 
1290 14 9 1 
1136 15 0 1 
1123 15 8 1 
1073 16 1 1 
847 16 7 1 
705 17 2 1 
682 17 6 1 
658 18 3 1 
67 18 5 1 
4483 19 4 1 
4478 0 14 1 
4265 1 15 1 
4058 2 16 1 
3670 3 17 1 
3588 4 18 1 
3360 5 13 1 
3080 5 17 1 
2944 6 14 1 
2899 6 16 1 
2743 7 15 1 
2636 13 9 1 
2578 14 0 1 
2436 14 8 1 
2270 15 1 1 
2196 15 7 1 
2006 16 2 1 
1771 16 6 1 
1699 17 3 1 
1511 17 5 1 
1380 18 4 1 
1356 0 13 1 
1134 1 14 1 
842 2 15 1 
412 3 16 1 
402 4 17 1 
288 5 14 1 
281 5 16 1 
164 6 15 1 
49 12 9 1 
4555 13 0 1 
4484 13 8 1 
4464 14 1 1 
4415 14 7 1 
4289 15 2 1 
4256 15 6 1 
3884 16 3 1 
3863 16 5 1 
3860 17 4 1 
3797 0 12 1 
3730 1 13 1 
3617 2 14 1 
3499 3 15 1 
3369 4 16 1 
3302 5 15 1 
2954 11 9 1 
2779 12 0 1 
2495 12 8 1 
2422 13 1 1 
2031 13 7 1 
2018 14 2 1 
2017 14 6 1 
1982 15 3 1 
1684 15 5 1 
1683 16 4 1 
1566 0 11 1 
1548 1 12 1 
1384 2 13 1 
1364 3 14 1 
1267 4 15 1 
1184 10 9 1 
1096 11 8 1 
971 12 1 1 
876 12 7 1 
663 13 2 1 
472 13 6 1 
45 14 3 1 
4803 14 5 1 
4575 15 4 1 
4381 0 10 1 
4188 1 11 1 
3840 2 12 1 
3680 3 13 1 
3637 4 14 1 
3543 9 9 1 
3533 10 8 1 
3468 11 7 1 
3252 12 2 1 
2738 12 6 1 
2629 13 3 1 
2487 13 5 1 
2459 14 4 1 
2439 0 9 1 
1659 1 10 1 
1589 2 11 1 
1518 3 12 1 
1262 4 13 1 
1249 8 9 1 
1201 9 8 1 
1198 10 7 1 
1040 11 6 1 
887 12 3 1 
828 12 5 1 
806 13 4 1 
546 0 8 1 
488 1 9 1 
382 2 10 1 
183 3 11 1 
79 4 12 1 
35 7 9 1 
4728 8 8 1 
4593 9 7 1 
4397 10 6 1 
4382 11 5 1 
4353 12 4 1 
4227 0 7 1 
4098 1 8 1 
3759 2 9 1 
3726 3 10 1 
3271 4 11 1 
2891 6 9 1 
2632 7 8 1 
2492 8 7 1 
2441 9 6 1 
2387 10 5 1 
2272 11 4 1 
2240 0 6 1 
2202 1 7 1 
2088 2 8 1 
905 3 9 1 
766 4 10 1 
649 5 9 1 
136 6 8 1 
4814 7 7 1 
4768 8 6 1 
3917 9 5 1 
3698 10 4 1 
3484 11 3 1 
3390 0 5 1 
3340 1 6 1 
2881 2 7 1 
2878 3 8 1 
2871 4 9 1 
2845 5 8 1 
2824 6 7 1 
2795 7 6 1 
2174 8 5 1 
1991 9 4 1 
1981 10 3 1 
1814 11 2 1 
491 0 4 1 
324 1 5 1 
4576 2 6 1 
4568 3 7 1 
4422 4 8 1 
4173 5 7 1 
3607 6 6 1 
3500 7 5 1 
3279 8 4 1 
3109 9 3 1 
3094 10 2 1 
2918 11 1 1 
2811 1 4 1 
2691 2 5 1 
2359 3 6 1 
2084 4 7 1 
1727 5 6 1 
1593 6 5 1 
1420 7 4 1 
1263 8 3 1 
676 9 2 1 
604 10 1 1 
475 11 0 1 
301 2 4 1 
144 3 5 1 
63 4 6 1 
4788 5 5 1 
4638 6 4 1 
4079 7 3 1 
4023 8 2 1 
2064 9 1 1 
1630 10 0 1 
1294 3 4 1 
989 4 5 1 
923 5 4 1 
104 6 3 1 
4723 7 2 1 
4641 8 1 1 
4637 9 0 1 
3946 4 4 1 
3920 5 3 1 
3803 6 2 1 
3762 7 1 1 
3693 8 0 1 
3539 4 3 1 
3505 5 2 1 
3165 6 1 1 
2642 7 0 1 
2280 3 3 1 
1961 4 2 1 
1898 5 1 1 
1772 6 0 1 
1738 2 3 1 
1019 3 2 1 
855 4 1 1 
4556 5 0 1 
4430 1 3 1 
3535 2 2 1 
3036 3 1 1 
3016 4 0 1 
2884 0 3 1 
2474 1 2 1 
2176 2 1 1 
553 3 0 1 
4587 0 2 1 
3923 1 1 1 
3551 2 0 1 
2726 0 1 1 
2634 1 0 1 
794 0 0 1 
1345 1 1 12 
72 1 2 13 
1967 2 1 13 
2588 2 2 13 
3070 3 1 13 
3964 3 2 14 
1091 4 1 14 
1712 4 2 14 
1719 5 1 14 
3584 5 2 14 
4036 6 1 14 
4775 5 3 14 
46 6 2 14 
516 7 1 14 
850 4 5 15 
1130 5 4 15 
1997 6 3 15 
2683 7 2 14 
3004 8 1 14 
185 3 5 16 
1070 4 6 16 
1093 5 5 15 
1737 6 4 15 
3110 7 3 15 
4040 8 2 15 
400 9 1 15 
692 2 5 16 
1301 3 6 16 
1464 4 7 16 
2099 5 6 16 
2604 7 4 16 
2732 8 3 16 
4704 9 2 16 
727 10 1 16 
902 1 5 17 
1211 2 6 16 
1916 3 7 16 
1976 4 8 16 
2000 5 7 16 
2820 8 4 16 
3649 9 3 16 
3861 10 2 16 
3942 1 6 17 
4590 2 7 17 
507 3 8 17 
1222 5 8 17 
1296 8 5 17 
1348 9 4 17 
1928 10 3 17 
3858 1 7 18 
4240 2 8 18 
99 3 9 18 
225 8 6 17 
305 9 5 17 
463 10 4 17 
513 1 8 18 
648 2 9 18 
693 3 10 18 
784 8 7 18 
1460 9 6 18 
2508 10 5 18 
3194 1 9 19 
3245 2 10 19 
3327 3 11 19 
3636 8 8 18 
3954 9 7 18 
3969 10 6 18 
4215 11 5 18 
208 1 10 19 
1119 2 11 19 
1193 3 12 19 
1478 9 8 19 
1950 10 7 19 
2406 11 6 19 
3161 12 5 19 
3251 13 4 19 
4130 1 11 19 
4221 2 12 19 
484 3 13 19 
840 10 8 19 
869 11 7 19 
1391 12 6 19 
1726 13 3 19 
1819 14 4 19 
2163 1 12 20 
2762 2 13 20 
2921 3 14 20 
3007 11 8 20 
3596 12 7 20 
4054 13 2 20 
4532 14 3 20 
4557 1 13 20 
4700 19 19 26 
4548 18 19 26 
4363 19 18 26 
4339 11 19 26 
4203 17 19 26 
4158 18 18 26 
3939 19 17 26 
3911 11 18 26 
3845 12 19 26 
3532 16 19 26 
3452 17 18 26 
3430 18 17 26 
3068 19 10 26 
3002 19 16 26 
2985 11 17 26 
2935 12 18 26 
2923 13 19 26 
2854 15 19 26 
2842 16 18 26 
2832 17 17 26 
2498 18 10 26 
2479 18 16 26 
2365 19 11 26 
2343 19 15 26 
2081 11 16 26 
1878 12 17 26 
1668 13 18 26 
1016 14 19 26 
407 15 18 26 
4726 16 17 26 
4547 17 10 26 
4531 17 16 26 
4463 18 11 26 
4446 18 15 26 
4069 19 12 26 
4039 19 14 26 
3890 11 15 26 
3444 12 16 26 
3242 13 17 26 
3058 14 18 26 
2761 15 17 26 
2608 16 10 26 
2596 16 16 26 
2538 17 11 26 
2431 17 15 26 
2115 18 12 26 
1909 18 14 26 
1793 19 13 26 
1698 11 14 26 
1653 12 15 26 
1644 13 16 26 
1486 14 17 26 
1456 15 10 26 
1367 15 16 26 
1166 16 11 26 
1080 16 15 26 
1034 17 12 26 
934 17 14 26 
751 18 13 26 
672 12 14 26 
655 13 15 26 
625 14 10 26 
587 14 16 26 
515 15 11 26 
265 15 15 26 
206 16 12 26 
145 16 14 26 
4553 17 13 26 
4488 13 10 26 
4330 13 14 26 
4033 14 11 26 
4007 14 15 26 
3894 15 12 26 
3592 15 14 26 
3492 16 13 26 
3402 12 10 26 
3387 13 11 26 
3274 14 12 26 
3261 14 14 26 
3241 15 13 26 
3130 11 10 26 
3077 12 11 26 
3052 13 12 26 
2919 14 13 26 
2393 10 10 26 
2302 11 11 26 
2257 12 12 26 
2215 13 13 26 
1623 9 10 26 
1594 10 11 26 
1311 10 19 26 
1310 11 12 26 
1049 12 13 26 
947 8 10 26 
815 9 11 26 
738 9 19 26 
494 10 12 26 
178 10 18 26 
177 11 13 26 
3 19 9 26 
4584 0 19 26 
4385 7 10 26 
4337 8 11 26 
4160 8 19 26 
4026 9 12 26 
3912 9 18 26 
3830 10 13 26 
3622 10 17 26 
3501 18 9 26 
3167 19 0 26 
3142 19 8 26 
3115 0 18 26 
3100 1 19 26 
3064 6 10 26 
3044 7 11 26 
2967 7 19 26 
2794 8 12 26 
2679 8 18 26 
2656 9 13 26 
2192 9 17 26 
1958 10 14 26 
1919 10 16 26 
1895 17 9 26 
1822 18 0 26 
1442 18 8 26 
1436 19 1 26 
1337 19 7 26 
972 0 17 26 
952 1 18 26 
883 2 19 26 
809 5 10 26 
763 6 11 26 
574 6 19 26 
535 7 12 26 
120 7 18 26 
101 8 13 26 
4535 8 17 26 
4323 9 14 26 
3760 9 16 26 
3676 10 15 26 
3599 16 9 26 
3587 17 0 26 
3082 17 8 26 
2778 18 1 26 
2648 18 7 26 
2527 19 2 26 
2524 19 6 26 
2277 0 16 26 
2046 1 17 26 
2044 2 18 26 
1917 3 19 26 
1616 5 11 26 
1229 5 19 26 
1223 6 12 26 
870 6 18 26 
831 7 13 26 
251 7 17 26 
204 8 14 26 
4523 8 16 26 
4509 9 15 26 
4451 15 9 26 
4344 16 0 26 
4106 16 8 26 
4076 17 1 26 
3904 17 7 26 
3879 18 2 26 
3525 18 6 26 
2888 19 3 26 
2860 19 5 26 
2557 0 15 26 
2278 1 16 26 
2191 2 17 26 
2045 3 18 26 
1990 4 19 26 
1853 5 12 26 
1765 5 18 26 
1289 6 13 26 
1226 6 17 26 
1144 7 14 26 
1069 7 16 26 
912 8 15 26 
807 14 9 26 
375 15 0 26 
130 15 8 26 
33 16 1 26 
4719 16 7 26 
4360 17 2 26 
4306 17 6 26 
4223 18 3 26 
4170 18 5 26 
4055 19 4 26 
3734 0 14 26 
3722 1 15 26 
3627 2 16 26 
3589 3 17 26 
3562 4 18 26 
3560 5 13 26 
3334 5 17 26 
2718 6 14 26 
2458 6 16 26 
2318 7 15 26 
2130 13 9 26 
1808 14 0 26 
1114 14 8 26 
969 15 1 26 
774 15 7 26 
733 16 2 26 
646 16 6 26 
532 17 3 26 
268 17 5 26 
34 18 4 26 
4692 0 13 26 
4516 1 14 26 
4268 2 15 26 
4246 3 16 26 
3657 4 17 26 
3493 5 14 26 
3382 5 16 26 
3170 6 15 26 
3065 12 9 26 
3012 13 0 26 
2733 13 8 26 
2654 14 1 26 
2641 14 7 26 
2620 15 2 26 
2345 15 6 26 
2290 16 3 26 
2221 16 5 26 
2150 17 4 26 
1936 0 12 26 
1798 1 13 26 
1587 2 14 26 
1405 3 15 26 
1285 4 16 26 
964 5 15 26 
731 11 9 26 
455 12 0 26 
215 12 8 26 
68 13 1 26 
4779 13 7 26 
4734 14 2 26 
4302 14 6 26 
4044 15 3 26 
3837 15 5 26 
3781 16 4 26 
3724 0 11 26 
3386 1 12 26 
3209 2 13 26 
2925 3 14 26 
2734 4 15 26 
2553 10 9 26 
2463 11 8 26 
2377 12 1 26 
2350 12 7 26 
2076 13 2 26 
1913 13 6 26 
1605 14 3 26 
1599 14 5 26 
1579 15 4 26 
1466 0 10 26 
1459 1 11 26 
949 2 12 26 
922 3 13 26 
884 4 14 26 
743 9 9 26 
4231 10 8 26 
4139 11 7 26 
4084 12 2 26 
3874 12 6 26 
3653 13 3 26 
3610 13 5 26 
3602 14 4 26 
2668 0 9 26 
2188 1 10 26 
2007 2 11 26 
1868 3 12 26 
1839 4 13 26 
1404 8 9 26 
1351 9 8 26 
1159 10 7 26 
1039 11 6 26 
772 12 3 26 
542 12 5 26 
529 13 4 26 
508 0 8 26 
398 1 9 26 
333 2 10 26 
30 3 11 26 
4426 4 12 26 
4176 7 9 26 
3944 8 8 26 
3850 9 7 26 
3702 10 6 26 
3519 11 5 26 
3322 12 4 26 
3293 0 7 26 
3258 1 8 26 
3243 2 9 26 
2946 3 10 26 
2834 4 11 26 
2735 6 9 26 
2639 7 8 26 
2519 8 7 26 
1863 9 6 26 
1542 10 5 26 
1507 11 4 26 
1497 0 6 26 
1271 1 7 26 
1181 2 8 26 
1177 3 9 26 
1103 4 10 26 
803 5 9 26 
57 6 8 26 
4696 7 7 26 
4270 8 6 26 
4027 9 5 26 
4002 10 4 26 
3849 11 3 26 
3817 0 5 26 
3766 1 6 26 
3644 2 7 26 
3218 3 8 26 
2571 4 9 26 
2308 5 8 26 
2242 6 7 26 
1715 7 6 26 
1686 8 5 26 
1667 9 4 26 
1559 10 3 26 
1435 11 2 26 
1212 0 4 26 
1179 1 5 26 
822 2 6 26 
313 3 7 26 
4756 4 8 26 
4171 5 7 26 
4041 6 6 26 
3663 7 5 26 
3471 8 4 26 
3399 9 3 26 
3169 10 2 26 
2898 11 1 26 
2789 1 4 26 
2659 2 5 26 
2055 3 6 26 
1952 4 7 26 
1734 5 6 26 
1664 6 5 26 
528 7 4 26 
521 8 3 26 
248 9 2 26 
4458 10 1 26 
4331 11 0 26 
4096 2 4 26 
3826 3 5 26 
3723 4 6 26 
3447 5 5 26 
3029 6 4 26 
2981 7 3 26 
2771 8 2 26 
2554 9 1 26 
2372 10 0 26 
2358 3 4 26 
1418 4 5 26 
1146 5 4 26 
836 6 3 26 
734 7 2 26 
147 8 1 26 
4599 9 0 26 
4235 4 4 26 
3240 5 3 26 
3051 6 2 26 
3034 7 1 26 
3033 8 0 26 
2853 4 3 26 
2584 5 2 26 
2582 6 1 26 
2284 7 0 26 
2259 3 3 26 
1887 4 2 26 
1784 5 1 26 
1411 6 0 26 
24 2 3 26 
4783 3 2 26 
3952 4 1 26 
3097 5 0 26 
2552 1 3 26 
2427 2 2 26 
2312 3 1 26 
2198 4 0 26 
2148 0 3 26 
2141 1 2 26 
240 2 1 26 
3398 3 0 26 
2937 0 2 26 
4812 1 1 26 
4313 2 0 26 
3852 0 1 26 
3591 1 0 26 
3259 0 0 26 
3962 1 1 36 
428 1 2 38 
4357 2 1 38 
1213 2 2 38 
1640 3 1 38 
2513 3 2 38 
3137 4 1 38 
3196 4 2 39 
4651 5 1 39 
4761 5 2 39 
2125 6 1 39 
2986 5 3 39 
3056 6 2 39 
3140 7 1 39 
3150 4 5 40 
3717 5 4 40 
1471 6 3 40 
3107 7 2 40 
3527 8 1 40 
3703 3 5 40 
4754 4 6 40 
153 5 5 40 
1115 6 4 40 
1344 7 3 40 
1662 8 2 40 
1775 9 1 40 
1836 2 5 41 
3981 3 6 41 
4207 4 7 41 
102 5 6 41 
843 7 4 41 
1206 8 3 41 
1332 9 2 41 
1402 10 1 40 
3073 1 5 42 
292 2 6 42 
725 3 7 42 
2058 4 8 41 
2266 5 7 41 
2349 8 4 41 
2911 9 3 41 
3848 10 2 41 
4258 1 6 42 
4355 2 7 42 
4607 3 8 42 
4767 5 8 42 
64 8 5 42 
290 9 4 42 
621 10 3 42 
1032 1 7 43 
1052 2 8 43 
1940 3 9 43 
2087 8 6 42 
2273 9 5 42 
3227 10 4 42 
3682 1 8 43 
4232 2 9 43 
4597 3 10 43 
4685 8 7 43 
426 9 6 43 
1759 10 5 43 
2812 1 9 44 
159 2 10 44 
180 3 11 44 
257 8 8 43 
263 9 7 43 
825 10 6 43 
1005 11 5 43 
1142 1 10 44 
1756 2 11 44 
2106 3 12 44 
2214 9 8 44 
2425 10 7 44 
2523 11 6 44 
2948 12 5 44 
3446 13 4 44 
3524 1 11 45 
3642 2 12 45 
4 3 13 45 
690 10 8 44 
694 11 7 44 
1278 12 6 44 
1669 13 3 44 
2199 14 4 44 
2960 1 12 45 
3023 2 13 45 
3135 3 14 45 
3188 11 8 45 
3546 12 7 45 
4487 13 2 45 
4614 14 3 45 
4617 19 19 51 
4539 18 19 51 
4506 19 18 51 
4396 11 19 51 
4318 17 19 51 
4278 18 18 51 
4229 19 17 51 
4224 11 18 51 
4222 12 19 51 
4220 16 19 51 
4126 17 18 51 
4092 18 17 51 
3901 19 10 51 
3739 19 16 51 
3678 11 17 51 
3677 12 18 51 
3620 13 19 51 
3069 15 19 51 
3017 16 18 51 
2757 17 17 51 
2694 18 10 51 
2428 18 16 51 
2394 19 11 51 
2317 19 15 51 
2291 11 16 51 
2180 12 17 51 
2111 13 18 51 
1996 14 19 51 
1869 15 18 51 
1568 16 17 51 
1467 17 10 51 
1433 17 16 51 
1392 18 11 51 
1230 18 15 51 
570 19 12 51 
499 19 14 51 
383 11 15 51 
228 12 16 51 
200 13 17 51 
27 14 18 51 
4642 15 17 51 
4448 16 10 51 
4428 16 16 51 
4389 17 11 51 
4067 17 15 51 
3906 18 12 51 
3530 18 14 51 
3451 19 13 51 
3443 11 14 51 
3321 12 15 51 
3290 13 16 51 
2973 14 17 51 
2880 15 10 51 
2826 15 16 51 
2478 16 11 51 
2326 16 15 51 
2014 17 12 51 
1933 17 14 51 
1884 18 13 51 
1638 12 14 51 
1552 13 15 51 
1354 14 10 51 
1258 14 16 51 
1247 15 11 51 
1128 15 15 51 
911 16 12 51 
909 16 14 51 
745 17 13 51 
295 13 10 51 
269 13 14 51 
238 14 11 51 
4655 14 15 51 
4496 15 12 51 
4406 15 14 51 
4272 16 13 51 
4109 12 10 51 
3856 13 11 51 
2894 14 12 51 
2721 14 14 51 
2369 15 13 51 
2238 11 10 51 
2222 12 11 51 
1766 13 12 51 
1739 14 13 51 
1645 10 10 51 
1545 11 11 51 
1379 12 12 51 
1237 13 13 51 
1174 9 10 51 
1094 10 11 51 
1076 10 19 51 
1061 11 12 51 
778 12 13 51 
768 8 10 51 
706 9 11 51 
637 9 19 51 
577 10 12 51 
351 10 18 51 
4811 11 13 51 
4680 19 9 51 
4578 0 19 51 
4517 7 10 51 
4502 8 11 51 
4372 8 19 51 
4230 9 12 51 
4032 9 18 51 
3972 10 13 51 
3931 10 17 51 
3820 18 9 51 
3809 19 0 51 
3792 19 8 51 
3749 0 18 51 
3178 1 19 51 
3121 6 10 51 
3061 7 11 51 
3026 7 19 51 
2793 8 12 51 
2618 8 18 51 
1978 9 13 51 
1955 9 17 51 
1911 10 14 51 
1761 10 16 51 
1639 17 9 51 
1596 18 0 51 
1427 18 8 51 
1373 19 1 51 
1191 19 7 51 
1176 0 17 51 
981 1 18 51 
782 2 19 51 
739 5 10 51 
620 6 11 51 
350 6 19 51 
241 7 12 51 
92 7 18 51 
4760 8 13 51 
4645 8 17 51 
4552 9 14 51 
4064 9 16 51 
4060 10 15 51 
3922 16 9 51 
3832 17 0 51 
3681 17 8 51 
3316 18 1 51 
3232 18 7 51 
3210 19 2 51 
3106 19 6 51 
2855 0 16 51 
2775 1 17 51 
2704 2 18 51 
2203 3 19 51 
2097 5 11 51 
1954 5 19 51 
1907 6 12 51 
980 6 18 51 
933 7 13 51 
927 7 17 51 
829 8 14 51 
498 8 16 51 
19 9 15 51 
4709 15 9 51 
4368 16 0 51 
4311 16 8 51 
4285 17 1 51 
4189 17 7 51 
4157 18 2 51 
3947 18 6 51 
3940 19 3 51 
3929 19 5 51 
3782 0 15 51 
2864 1 16 51 
2822 2 17 51 
2739 3 18 51 
2489 4 19 51 
2417 5 12 51 
1914 5 18 51 
1842 6 13 51 
1318 6 17 51 
1148 7 14 51 
1098 7 16 51 
833 8 15 51 
321 14 9 51 
118 15 0 51 
4772 15 8 51 
4689 16 1 51 
4598 16 7 51 
4566 17 2 51 
4274 17 6 51 
4115 18 3 51 
3737 18 5 51 
3445 19 4 51 
3414 0 14 51 
3286 1 15 51 
3089 2 16 51 
3040 3 17 51 
2895 4 18 51 
2780 5 13 51 
2550 5 17 51 
2539 6 14 51 
2477 6 16 51 
2328 7 15 51 
2223 13 9 51 
1888 14 0 51 
1877 14 8 51 
1854 15 1 51 
1674 15 7 51 
1553 16 2 51 
1403 16 6 51 
1394 17 3 51 
1352 17 5 51 
1342 18 4 51 
1175 0 13 51 
1003 1 14 51 
930 2 15 51 
862 3 16 51 
737 4 17 51 
531 5 14 51 
451 5 16 51 
393 6 15 51 
277 12 9 51 
4594 13 0 51 
4462 13 8 51 
4418 14 1 51 
4254 14 7 51 
4004 15 2 51 
3935 15 6 51 
3866 16 3 51 
3561 16 5 51 
3558 17 4 51 
2945 0 12 51 
2938 1 13 51 
2546 2 14 51 
2243 3 15 51 
2201 4 16 51 
1678 5 15 51 
1677 11 9 51 
1320 12 0 51 
788 12 8 51 
719 13 1 51 
642 13 7 51 
440 14 2 51 
124 14 6 51 
4749 15 3 51 
4616 15 5 51 
4498 16 4 51 
4366 0 11 51 
4247 1 12 51 
3979 2 13 51 
3798 3 14 51 
3595 4 15 51 
3208 10 9 51 
3179 11 8 51 
2924 12 1 51 
2744 12 7 51 
2512 13 2 51 
2450 13 6 51 
2444 14 3 51 
2438 14 5 51 
1714 15 4 51 
1329 0 10 51 
866 1 11 51 
844 2 12 51 
517 3 13 51 
505 4 14 51 
326 9 9 51 
217 10 8 51 
187 11 7 51 
18 12 2 51 
4569 12 6 51 
4521 13 3 51 
4249 13 5 51 
4159 14 4 51 
4014 0 9 51 
3960 1 10 51 
3869 2 11 51 
3764 3 12 51 
3721 4 13 51 
2971 8 9 51 
2711 9 8 51 
2701 10 7 51 
2646 11 6 51 
2547 12 3 51 
2100 12 5 51 
1834 13 4 51 
1768 0 8 51 
1631 1 9 51 
990 2 10 51 
661 3 11 51 
619 4 12 51 
543 7 9 51 
503 8 8 51 
312 9 7 51 
264 10 6 51 
188 11 5 51 
4813 12 4 51 
4771 0 7 51 
4686 1 8 51 
4674 2 9 51 
4375 3 10 51 
4184 4 11 51 
4132 6 9 51 
4116 7 8 51 
4029 8 7 51 
3988 9 6 51 
3887 10 5 51 
3706 11 4 51 
3424 0 6 51 
3297 1 7 51 
3235 2 8 51 
3149 3 9 51 
3030 4 10 51 
2976 5 9 51 
2868 6 8 51 
2569 7 7 51 
2391 8 6 51 
2263 9 5 51 
1731 10 4 51 
1363 11 3 51 
1313 0 5 51 
956 1 6 51 
932 2 7 51 
835 3 8 51 
493 4 9 51 
308 5 8 51 
81 6 7 51 
4169 7 6 51 
3833 8 5 51 
3594 9 4 51 
3571 10 3 51 
3282 11 2 51 
2883 0 4 51 
2857 1 5 51 
2217 2 6 51 
1821 3 7 51 
1372 4 8 51 
1122 5 7 51 
1037 6 6 51 
886 7 5 51 
770 8 4 51 
750 9 3 51 
4666 10 2 51 
4622 11 1 51 
4434 1 4 51 
4202 2 5 51 
3431 3 6 51 
3197 4 7 51 
2859 5 6 51 
2128 6 5 51 
2054 7 4 51 
2026 8 3 51 
1935 9 2 51 
1689 10 1 51 
1236 11 0 51 
414 2 4 51 
219 3 5 51 
4609 4 6 51 
4400 5 5 51 
4070 6 4 51 
3910 7 3 51 
3434 8 2 51 
3228 9 1 51 
2807 10 0 51 
2720 3 4 51 
2658 4 5 51 
2274 5 4 51 
2258 6 3 51 
2092 7 2 51 
724 8 1 51 
108 9 0 51 
50 4 4 51 
4720 5 3 51 
4550 6 2 51 
4515 7 1 51 
4420 8 0 51 
4089 4 3 51 
3961 5 2 51 
3735 6 1 51 
3474 7 0 51 
3263 3 3 51 
1864 4 2 51 
1837 5 1 51 
1246 6 0 51 
556 2 3 51 
534 3 2 51 
280 4 1 51 
226 5 0 51 
36 1 3 51 
4454 2 2 51 
3716 3 1 51 
3672 4 0 51 
3308 0 3 51 
2606 1 2 51 
2423 2 1 51 
1871 3 0 51 
1358 0 2 51 
433 1 1 51 
4605 2 0 51 
4013 0 1 51 
3442 1 0 51 
3412 0 0 51 
4640 1 1 63 
2647 1 2 63 
3365 2 1 63 
3498 2 2 63 
4251 3 1 63 
2255 3 2 64 
3422 4 1 64 
3606 4 2 64 
1261 5 1 64 
1495 5 2 64 
2399 6 1 64 
2416 5 3 64 
2610 6 2 64 
2766 7 1 64 
3784 4 5 65 
31 5 4 65 
530 6 3 65 
679 7 2 65 
1690 8 1 65 
3538 3 5 66 
4253 4 6 65 
4328 5 5 65 
140 6 4 65 
1035 7 3 65 
1439 8 2 65 
2020 9 1 65 
2032 2 5 66 
2040 3 6 66 
2491 4 7 66 
2790 5 6 66 
2901 7 4 66 
3134 8 3 66 
3457 9 2 66 
3658 10 1 66 
4057 1 5 67 
467 2 6 67 
858 3 7 67 
1718 4 8 67 
2029 5 7 67 
3195 8 4 67 
4276 9 3 67 
4541 10 2 66 
4737 1 6 68 
1932 2 7 68 
2850 3 8 68 
4194 5 8 68 
4228 8 5 67 
4570 9 4 67 
4746 10 3 67 
998 1 7 68 
1018 2 8 68 
2531 3 9 68 
2777 8 6 68 
2830 9 5 68 
2951 10 4 68 
4108 1 8 68 
135 2 9 68 
249 3 10 68 
278 8 7 68 
707 9 6 68 
907 10 5 68 
1149 1 9 69 
1455 2 10 69 
1562 3 11 69 
2038 8 8 69 
2504 9 7 69 
3515 10 6 69 
3568 11 5 69 
3635 1 10 69 
3668 2 11 69 
4113 3 12 69 
4439 9 8 69 
4794 10 7 69 
169 11 6 69 
461 12 5 69 
519 13 4 69 
1000 1 11 70 
1432 2 12 70 
2015 3 13 70 
3220 10 8 70 
4201 11 7 70 
4581 12 6 69 
4789 13 3 69 
4801 19 19 76 
4667 18 19 76 
4619 19 18 76 
4047 11 19 76 
3891 17 19 76 
3883 18 18 76 
3496 19 17 76 
3449 11 18 76 
3436 12 19 76 
3230 16 19 76 
3066 17 18 76 
2905 18 17 76 
2520 19 10 76 
2511 19 16 76 
2335 11 17 76 
2126 12 18 76 
2068 13 19 76 
1953 15 19 76 
1947 16 18 76 
1876 17 17 76 
1812 18 10 76 
1799 18 16 76 
1615 19 11 76 
1494 19 15 76 
1328 11 16 76 
1307 12 17 76 
1192 13 18 76 
1050 14 19 76 
986 15 18 76 
937 16 17 76 
880 17 10 76 
667 17 16 76 
593 18 11 76 
558 18 15 76 
514 19 12 76 
495 19 14 76 
470 11 15 76 
276 12 16 76 
97 13 17 76 
4574 14 18 76 
4401 15 17 76 
4370 16 10 76 
4271 16 16 76 
4212 17 11 76 
4178 17 15 76 
3921 18 12 76 
3748 18 14 76 
3631 19 13 76 
3439 11 14 76 
3345 12 15 76 
3295 13 16 76 
3268 14 17 76 
3254 15 10 76 
3164 15 16 76 
2887 16 11 76 
2724 16 15 76 
2665 17 12 76 
2570 17 14 76 
2392 18 13 76 
2347 12 14 76 
2295 13 15 76 
2264 14 10 76 
2098 14 16 76 
2027 15 11 76 
2023 15 15 76 
1753 16 12 76 
1583 16 14 76 
1472 17 13 76 
1312 13 10 76 
1297 13 14 76 
1224 14 11 76 
1161 14 15 76 
1047 15 12 76 
800 15 14 76 
799 16 13 76 
671 12 10 76 
379 13 11 76 
266 14 12 76 
4718 14 14 76 
4604 15 13 76 
4481 11 10 76 
4459 12 11 76 
4335 13 12 76 
4239 14 13 76 
3971 10 10 76 
3822 11 11 76 
3700 12 12 76 
3310 13 13 76 
3280 9 10 76 
3183 10 11 76 
2965 10 19 76 
2402 11 12 76 
2239 12 13 76 
2194 8 10 76 
2069 9 11 76 
2012 9 19 76 
1850 10 12 76 
1801 10 18 76 
1375 11 13 76 
1299 19 9 76 
1151 0 19 76 
939 7 10 76 
579 8 11 76 
504 8 19 76 
437 9 12 76 
368 9 18 76 
353 10 13 76 
252 10 17 76 
167 18 9 76 
8 19 0 76 
4791 19 8 76 
4729 0 18 76 
4537 1 19 76 
4445 6 10 76 
4417 7 11 76 
4379 7 19 76 
4267 8 12 76 
3714 8 18 76 
3654 9 13 76 
3554 9 17 76 
3126 10 14 76 
3031 10 16 76 
3022 17 9 76 
2825 18 0 76 
2420 18 8 76 
2185 19 1 76 
2147 19 7 76 
1874 0 17 76 
1791 1 18 76 
1416 2 19 76 
882 5 10 76 
720 6 11 76 
687 6 19 76 
547 7 12 76 
389 7 18 76 
203 8 13 76 
4690 8 17 76 
4588 9 14 76 
4497 9 16 76 
4476 10 15 76 
4362 16 9 76 
4262 17 0 76 
4143 17 8 76 
4123 18 1 76 
4050 18 7 76 
3966 19 2 76 
3955 19 6 76 
3542 0 16 76 
3523 1 17 76 
3473 2 18 76 
3429 3 19 76 
3346 5 11 76 
3343 5 19 76 
3314 6 12 76 
3199 6 18 76 
3133 7 13 76 
3055 7 17 76 
3038 8 14 76 
2875 8 16 76 
2861 9 15 76 
2856 15 9 76 
2741 16 0 76 
2564 16 8 76 
2561 17 1 76 
2353 17 7 76 
2254 18 2 76 
1654 18 6 76 
1532 19 3 76 
900 19 5 76 
846 0 15 76 
523 1 16 76 
413 2 17 76 
354 3 18 76 
194 4 19 76 
98 5 12 76 
48 5 18 76 
4759 6 13 76 
4743 6 17 76 
4742 7 14 76 
4595 7 16 76 
4530 8 15 76 
4482 14 9 76 
4120 15 0 76 
4056 15 8 76 
3934 16 1 76 
3772 16 7 76 
3732 17 2 76 
3214 17 6 76 
3093 18 3 76 
3091 18 5 76 
2969 19 4 76 
2963 0 14 76 
2849 1 15 76 
2839 2 16 76 
2736 3 17 76 
2595 4 18 76 
2096 5 13 76 
2078 5 17 76 
1873 6 14 76 
1825 6 16 76 
1742 7 15 76 
1701 13 9 76 
1395 14 0 76 
1220 14 8 76 
1043 15 1 76 
633 15 7 76 
422 16 2 76 
338 16 6 76 
112 17 3 76 
4662 17 5 76 
4303 18 4 76 
4295 0 13 76 
4259 1 14 76 
4210 2 15 76 
3968 3 16 76 
3902 4 17 76 
3774 5 14 76 
3661 5 16 76 
3153 6 15 76 
3046 12 9 76 
2802 13 0 76 
2747 13 8 76 
2528 14 1 76 
2297 14 7 76 
2230 15 2 76 
1962 15 6 76 
1872 16 3 76 
1804 16 5 76 
653 17 4 76 
416 0 12 76 
404 1 13 76 
231 2 14 76 
122 3 15 76 
4809 4 16 76 
4687 5 15 76 
4387 11 9 76 
4243 12 0 76 
3865 12 8 76 
3633 13 1 76 
3448 13 7 76 
3361 14 2 76 
2712 14 6 76 
2698 15 3 76 
2110 15 5 76 
1894 16 4 76 
1815 0 11 76 
1650 1 12 76 
1172 2 13 76 
787 3 14 76 
680 4 15 76 
652 10 9 76 
442 11 8 76 
369 12 1 76 
116 12 7 76 
4730 13 2 76 
4374 13 6 76 
4186 14 3 76 
3980 14 5 76 
3970 15 4 76 
3287 0 10 76 
3256 1 11 76 
3166 2 12 76 
3037 3 13 76 
2962 4 14 76 
2933 9 9 76 
2914 10 8 76 
2653 11 7 76 
2090 12 2 76 
1902 12 6 76 
1499 13 3 76 
897 13 5 76 
657 14 4 76 
524 0 9 76 
4678 1 10 76 
4577 2 11 76 
4473 3 12 76 
4467 4 13 76 
4296 8 9 76 
4175 9 8 76 
3736 10 7 76 
3611 11 6 76 
3415 12 3 76 
3168 12 5 76 
3152 13 4 76 
3035 0 8 76 
2953 1 9 76 
2419 2 10 76 
2370 3 11 76 
1957 4 12 76 
845 7 9 76 
677 8 8 76 
611 9 7 76 
435 10 6 76 
399 11 5 76 
345 12 4 76 
247 0 7 76 
236 1 8 76 
4688 2 9 76 
4486 3 10 76 
4431 4 11 76 
4141 6 9 76 
3993 7 8 76 
3907 8 7 76 
3882 9 6 76 
3410 10 5 76 
3394 11 4 76 
3313 0 6 76 
3305 1 7 76 
2900 2 8 76 
2745 3 9 76 
1488 4 10 76 
1406 5 9 76 
1218 6 8 76 
1031 7 7 76 
851 8 6 76 
792 9 5 76 
246 10 4 76 
109 11 3 76 
4800 0 5 76 
4627 1 6 76 
4610 2 7 76 
4438 3 8 76 
3978 4 9 76 
3945 5 8 76 
3794 6 7 76 
3740 7 6 76 
3647 8 5 76 
3623 9 4 76 
3614 10 3 76 
3613 11 2 76 
3521 0 4 76 
3366 1 5 76 
3156 2 6 76 
2765 3 7 76 
2159 4 8 76 
1867 5 7 76 
984 6 6 76 
892 7 5 76 
480 8 4 76 
479 9 3 76 
322 10 2 76 
4799 11 1 76 
4744 1 4 76 
4423 2 5 76 
4376 3 6 76 
4193 4 7 76 
3989 5 6 76 
3612 6 5 76 
3272 7 4 76 
3072 8 3 76 
2995 9 2 76 
2964 10 1 76 
2549 11 0 76 
2443 2 4 76 
2337 3 5 76 
2127 4 6 76 
1923 5 5 76 
1855 6 4 76 
1764 7 3 76 
1538 8 2 76 
1147 9 1 76 
1105 10 0 76 
572 3 4 76 
287 4 5 76 
4663 5 4 76 
3362 6 3 76 
3182 7 2 76 
3008 8 1 76 
2338 9 0 76 
1575 4 4 76 
1399 5 3 76 
1051 6 2 76 
376 7 1 76 
39 8 0 76 
4711 4 3 76 
4238 5 2 76 
3844 6 1 76 
3659 7 0 76 
3177 3 3 76 
3049 4 2 76 
2885 5 1 76 
2803 6 0 76 
2703 2 3 76 
2544 3 2 76 
2467 4 1 76 
2213 5 0 76 
1643 1 3 76 
948 2 2 76 
699 3 1 76 
3260 4 0 76 
2470 0 3 76 
1904 1 2 76 
4378 2 1 76 
3381 3 0 76 
3323 0 2 76 
3151 1 1 76 
1519 2 0 76 
785 0 1 76 
221 1 0 76 
3621 0 0 76 
1970 1 1 87 
3041 1 2 88 
4592 2 1 87 
406 2 2 89 
1244 3 1 89 
1265 3 2 89 
4560 4 1 89 
4753 4 2 89 
297 5 1 89 
636 5 2 89 
1516 6 1 89 
3618 5 3 90 
171 6 2 90 
174 7 1 90 
755 4 5 91 
3356 5 4 90 
3889 6 3 90 
4670 7 2 90 
4693 8 1 90 
443 3 5 91 
985 4 6 91 
1257 5 5 91 
1576 6 4 91 
2390 7 3 91 
3669 8 2 91 
3733 9 1 91 
3780 2 5 91 
302 3 6 91 
804 4 7 91 
1150 5 6 91 
1170 7 4 91 
1858 8 3 91 
1875 9 2 91 
2022 10 1 91 
2833 1 5 92 
2932 2 6 92 
3818 3 7 92 
3918 4 8 92 
452 5 7 92 
1156 8 4 92 
1197 9 3 92 
2435 10 2 92 
2460 1 6 92 
2587 2 7 92 
2810 3 8 92 
3557 5 8 92 
3585 8 5 92 
3789 9 4 92 
3872 10 3 92 
3881 1 7 93 
175 2 8 93 
179 3 9 93 
314 8 6 93 
929 9 5 93 
1431 10 4 93 
1517 1 8 94 
1652 2 9 93 
2563 3 10 93 
3042 8 7 93 
3404 9 6 93 
3574 10 5 93 
3896 1 9 94 
645 2 10 94 
776 3 11 94 
1137 8 8 94 
2351 9 7 94 
2603 10 6 94 
2748 11 5 94 
2942 1 10 94 
3930 2 11 94 
4078 3 12 94 
748 9 8 94 
1135 10 7 94 
1335 11 6 94 
1744 12 5 94 
2016 13 4 94 
3773 1 11 95 
4066 2 12 95 
