1981
6221 19 8 1 
5739 18 8 1 
5690 19 9 1 
5566 19 19 1 
5502 17 8 1 
5471 18 9 1 
5363 18 19 1 
5023 19 10 1 
4940 19 18 1 
4890 16 8 1 
4295 17 9 1 
4038 17 19 1 
3949 18 10 1 
3933 18 18 1 
3876 19 11 1 
3863 19 17 1 
3415 15 8 1 
3282 16 9 1 
2977 16 19 1 
1951 17 10 1 
1710 17 18 1 
1668 18 11 1 
1549 18 17 1 
1475 19 12 1 
1327 19 16 1 
1283 14 8 1 
1264 15 9 1 
1219 15 19 1 
1210 16 10 1 
851 16 18 1 
799 17 11 1 
337 17 17 1 
6181 18 12 1 
6026 18 16 1 
5701 19 13 1 
5072 19 15 1 
4904 11 6 1 
4730 13 8 1 
4720 14 9 1 
4717 14 19 1 
4650 15 10 1 
4596 15 18 1 
4492 16 11 1 
4341 16 17 1 
4188 17 12 1 
3805 17 16 1 
3761 18 13 1 
3703 18 15 1 
3680 19 14 1 
3516 10 6 1 
3310 11 7 1 
3220 12 8 1 
2597 13 9 1 
1620 13 19 1 
1550 14 10 1 
992 14 18 1 
695 15 11 1 
565 15 17 1 
547 16 12 1 
204 16 16 1 
113 17 13 1 
18 17 15 1 
6202 18 14 1 
6102 0 19 1 
5822 10 7 1 
5346 11 8 1 
5312 12 9 1 
5304 12 19 1 
5125 13 10 1 
4836 13 18 1 
4697 14 11 1 
4691 14 17 1 
4485 15 12 1 
4413 15 16 1 
3787 16 13 1 
3617 16 15 1 
3181 17 14 1 
2876 0 18 1 
2783 1 19 1 
2456 10 8 1 
2451 11 9 1 
2404 11 19 1 
2332 12 10 1 
2171 12 18 1 
2104 13 11 1 
1989 13 17 1 
1442 14 12 1 
1430 14 16 1 
1137 15 13 1 
849 15 15 1 
656 16 14 1 
553 0 17 1 
487 1 18 1 
368 2 19 1 
298 10 9 1 
260 10 19 1 
6238 11 10 1 
5959 11 18 1 
5908 12 11 1 
5791 12 17 1 
5715 13 12 1 
5463 13 16 1 
4779 14 13 1 
4759 14 15 1 
4683 15 14 1 
4487 0 16 1 
4457 1 17 1 
4443 2 18 1 
4252 3 19 1 
4097 9 19 1 
3688 10 10 1 
3501 10 18 1 
3431 11 11 1 
3275 11 17 1 
2782 12 12 1 
2679 12 16 1 
2506 13 13 1 
2469 13 15 1 
2444 14 14 1 
2047 0 15 1 
2032 1 16 1 
1896 2 17 1 
1565 3 18 1 
1010 4 19 1 
938 8 19 1 
346 9 18 1 
279 10 11 1 
112 10 17 1 
6230 11 12 1 
6149 11 16 1 
6100 12 13 1 
6043 12 15 1 
5980 13 14 1 
5958 0 14 1 
5573 1 15 1 
5404 2 16 1 
5260 3 17 1 
5184 4 18 1 
4786 5 19 1 
4396 7 19 1 
4324 8 18 1 
4288 9 17 1 
4077 10 12 1 
4050 10 16 1 
3716 11 13 1 
3001 11 15 1 
2944 12 14 1 
2907 0 13 1 
2634 1 14 1 
2581 2 15 1 
2291 3 16 1 
2255 4 17 1 
1679 5 18 1 
1052 6 19 1 
1014 7 18 1 
998 8 17 1 
726 9 16 1 
402 10 13 1 
184 10 15 1 
79 11 14 1 
6224 0 12 1 
6168 1 13 1 
6041 2 14 1 
5947 3 15 1 
5934 4 16 1 
5856 5 17 1 
5494 6 18 1 
5383 7 17 1 
4882 8 16 1 
4839 9 15 1 
4694 10 14 1 
4480 19 7 1 
4470 0 11 1 
4130 1 12 1 
3947 2 13 1 
3637 3 14 1 
3631 4 15 1 
3533 5 16 1 
3194 6 17 1 
3065 7 16 1 
2631 8 15 1 
2067 9 14 1 
1521 18 7 1 
835 19 6 1 
451 0 10 1 
404 1 11 1 
373 2 12 1 
335 3 13 1 
6216 4 14 1 
6067 5 15 1 
5177 6 16 1 
5165 7 15 1 
5018 8 14 1 
4814 17 7 1 
4693 18 6 1 
4467 19 5 1 
4345 0 9 1 
4260 1 10 1 
4015 2 11 1 
3839 3 12 1 
3740 4 13 1 
3700 5 14 1 
3571 6 15 1 
3388 7 14 1 
3013 16 7 1 
2972 17 6 1 
2884 18 5 1 
2452 19 4 1 
2369 0 8 1 
2354 1 9 1 
1835 2 10 1 
1773 3 11 1 
1392 4 12 1 
1184 5 13 1 
1161 6 14 1 
935 9 13 1 
912 15 7 1 
751 16 6 1 
729 17 5 1 
690 18 4 1 
636 19 3 1 
305 0 7 1 
289 1 8 1 
44 2 9 1 
6055 3 10 1 
6048 4 11 1 
6016 5 12 1 
5878 6 13 1 
5841 8 13 1 
5767 9 12 1 
5517 14 7 1 
5009 15 6 1 
4919 16 5 1 
4519 17 4 1 
4121 18 3 1 
4046 19 2 1 
3135 0 6 1 
2903 1 7 1 
2804 2 8 1 
2484 3 9 1 
1698 4 10 1 
1647 5 11 1 
1487 6 12 1 
1360 7 13 1 
843 8 12 1 
308 9 11 1 
76 13 7 1 
45 14 6 1 
6158 15 5 1 
6066 16 4 1 
5983 17 3 1 
5977 18 2 1 
5481 19 1 1 
5470 0 5 1 
5398 1 6 1 
5171 2 7 1 
4958 3 8 1 
4773 4 9 1 
4602 5 10 1 
4392 6 11 1 
4322 7 12 1 
3927 8 11 1 
3582 9 10 1 
3536 12 7 1 
3499 13 6 1 
3097 14 5 1 
2909 15 4 1 
2771 16 3 1 
2662 17 2 1 
1395 18 1 1 
1339 19 0 1 
868 0 4 1 
637 1 5 1 
5433 2 6 1 
5059 3 7 1 
4221 4 8 1 
4140 5 9 1 
3325 6 10 1 
3270 7 11 1 
3248 8 10 1 
3189 9 9 1 
2866 12 6 1 
2818 13 5 1 
2397 14 4 1 
2367 15 3 1 
1163 16 2 1 
1118 17 1 1 
1093 18 0 1 
954 0 3 1 
823 1 4 1 
560 2 5 1 
504 3 6 1 
117 4 7 1 
6235 5 8 1 
5995 6 9 1 
5862 7 10 1 
5819 8 9 1 
5681 9 8 1 
5466 12 5 1 
5281 13 4 1 
5273 14 3 1 
5266 15 2 1 
4968 16 1 1 
4886 17 0 1 
4475 0 2 1 
4349 1 3 1 
3749 2 4 1 
3545 3 5 1 
2687 4 6 1 
2429 5 7 1 
2417 6 8 1 
2410 7 9 1 
1879 8 8 1 
1859 9 7 1 
1717 11 5 1 
1433 12 4 1 
1085 13 3 1 
5972 14 2 1 
5560 15 1 1 
5217 16 0 1 
5187 0 1 1 
4525 1 2 1 
4433 2 3 1 
4368 3 4 1 
4308 4 5 1 
4209 5 6 1 
4182 6 7 1 
4034 7 8 1 
3730 8 7 1 
3670 9 6 1 
3548 10 5 1 
3532 11 4 1 
3339 12 3 1 
3126 13 2 1 
2802 14 1 1 
2280 15 0 1 
1331 0 0 1 
1165 1 1 1 
838 2 2 1 
6253 3 3 1 
6065 4 4 1 
5728 5 5 1 
4978 6 6 1 
4133 7 7 1 
4089 8 6 1 
3985 9 5 1 
3783 10 4 1 
3588 11 3 1 
3523 12 2 1 
3391 13 1 1 
3169 14 0 1 
3096 1 0 1 
3029 2 1 1 
2463 3 2 1 
2101 4 3 1 
1642 5 4 1 
1139 6 5 1 
861 7 6 1 
758 8 5 1 
6107 9 4 1 
5302 10 3 1 
5082 11 2 1 
4807 12 1 1 
4387 13 0 1 
4222 2 0 1 
3123 3 1 1 
2750 4 2 1 
2673 5 3 1 
2508 6 4 1 
2025 7 5 1 
1760 8 4 1 
1567 9 3 1 
406 10 2 1 
4984 11 1 1 
3952 12 0 1 
3817 3 0 1 
2033 4 1 1 
1263 5 2 1 
450 6 3 1 
54 7 4 1 
6156 8 3 1 
6141 9 2 1 
5824 10 1 1 
5522 11 0 1 
5301 4 0 1 
5025 5 1 1 
4898 6 2 1 
4551 7 3 1 
4259 8 2 1 
3689 9 1 1 
3254 10 0 1 
3234 5 0 1 
3168 6 1 1 
2768 7 2 1 
1719 8 1 1 
1145 9 0 1 
5325 6 0 1 
5323 7 1 1 
3844 8 0 1 
2402 7 0 1 
2303 7 1 12 
448 6 1 13 
1276 7 2 13 
4918 8 1 13 
20 5 1 13 
3214 6 2 13 
41 7 3 13 
151 8 2 13 
215 9 1 13 
878 4 1 14 
2043 5 2 14 
3424 6 3 14 
4125 7 4 14 
4647 8 3 13 
6077 9 2 13 
1190 10 1 13 
1636 3 1 15 
2337 4 2 15 
2830 5 3 15 
2885 6 4 15 
3551 7 5 15 
3690 8 4 15 
3906 9 3 15 
4286 10 2 15 
5515 11 1 14 
322 2 1 16 
1037 3 2 16 
1293 4 3 16 
1921 5 4 16 
2489 6 5 16 
3433 7 6 16 
3976 9 4 15 
5369 10 3 15 
5686 11 2 15 
6252 12 1 15 
846 1 1 17 
854 2 2 17 
1368 3 3 16 
2744 4 4 16 
3627 5 5 16 
3842 6 6 16 
4027 7 7 16 
4263 10 4 16 
4510 11 3 16 
4590 12 2 16 
629 13 1 16 
1667 1 2 17 
2056 2 3 17 
4598 3 4 17 
5155 4 5 17 
5209 5 6 17 
5500 6 7 17 
209 7 8 17 
334 8 7 17 
438 11 4 17 
506 12 3 17 
558 13 2 17 
1005 14 1 17 
2365 1 3 18 
2583 2 4 18 
2613 3 5 18 
3296 4 6 18 
3614 5 7 18 
3928 6 8 18 
4183 7 9 18 
5604 8 8 18 
6232 12 4 18 
144 13 3 18 
319 14 2 17 
1004 15 1 17 
1111 1 4 19 
1335 2 5 19 
2233 3 6 19 
2259 4 7 19 
2450 6 9 18 
2831 7 10 18 
3543 8 9 18 
4052 13 4 18 
4158 14 3 18 
4526 15 2 18 
4959 16 1 18 
581 1 5 20 
592 2 6 19 
747 3 7 19 
748 6 10 19 
959 7 11 19 
978 8 10 19 
1088 13 5 19 
1920 14 4 19 
1928 15 3 19 
1966 16 2 19 
2018 17 1 19 
2734 1 6 20 
3960 2 7 20 
4483 5 10 20 
5595 6 11 20 
163 7 12 20 
235 8 11 20 
531 13 6 20 
994 14 5 20 
1121 15 4 20 
1661 16 3 20 
2261 17 2 20 
2278 18 1 20 
3585 1 7 21 
3629 4 10 21 
5950 5 11 21 
6271 6 12 21 
6083 19 8 26 
5963 18 8 26 
5891 19 9 26 
5611 19 19 26 
5580 17 8 26 
5548 18 9 26 
5464 18 19 26 
5355 19 10 26 
4938 19 18 26 
4907 16 8 26 
4417 17 9 26 
4255 17 19 26 
4196 18 10 26 
4030 18 18 26 
4001 19 11 26 
3929 19 17 26 
3748 15 8 26 
3687 16 9 26 
3655 16 19 26 
3490 17 10 26 
2994 17 18 26 
2870 18 11 26 
2800 18 17 26 
2347 19 12 26 
2164 19 16 26 
1522 14 8 26 
1516 15 9 26 
1310 15 19 26 
1285 16 10 26 
1231 16 18 26 
1209 17 11 26 
1167 17 17 26 
974 18 12 26 
358 18 16 26 
6091 19 13 26 
6068 19 15 26 
5853 11 6 26 
5416 13 8 26 
5310 14 9 26 
5193 14 19 26 
5147 15 10 26 
5118 15 18 26 
4783 16 11 26 
4261 16 17 26 
3851 17 12 26 
3836 17 16 26 
3823 18 13 26 
3305 18 15 26 
2878 19 14 26 
2788 10 6 26 
2326 11 7 26 
1820 12 8 26 
1778 13 9 26 
1724 13 19 26 
1665 14 10 26 
1623 14 18 26 
1531 15 11 26 
1498 15 17 26 
1431 16 12 26 
1414 16 16 26 
1199 17 13 26 
1091 17 15 26 
1057 18 14 26 
789 0 19 26 
443 10 7 26 
252 11 8 26 
138 12 9 26 
86 12 19 26 
6214 13 10 26 
5889 13 18 26 
5873 14 11 26 
5774 14 17 26 
5292 15 12 26 
5140 15 16 26 
4769 16 13 26 
4626 16 15 26 
4497 17 14 26 
4479 0 18 26 
4418 1 19 26 
3998 10 8 26 
3547 11 9 26 
3454 11 19 26 
3430 12 10 26 
3311 12 18 26 
3249 13 11 26 
3193 13 17 26 
3054 14 12 26 
3010 14 16 26 
2184 15 13 26 
2015 15 15 26 
1775 16 14 26 
1731 0 17 26 
1696 1 18 26 
1126 2 19 26 
1078 10 9 26 
983 10 19 26 
943 11 10 26 
880 11 18 26 
699 12 11 26 
626 12 17 26 
377 13 12 26 
6191 13 16 26 
5768 14 13 26 
5702 14 15 26 
5373 15 14 26 
5063 0 16 26 
5057 1 17 26 
5008 2 18 26 
4889 3 19 26 
4826 9 19 26 
4765 10 10 26 
4208 10 18 26 
3996 11 11 26 
3486 11 17 26 
3458 12 12 26 
2705 12 16 26 
2416 13 13 26 
2366 13 15 26 
2107 14 14 26 
1609 0 15 26 
1502 1 16 26 
1453 2 17 26 
1450 3 18 26 
1189 4 19 26 
1074 8 19 26 
930 9 18 26 
926 10 11 26 
380 10 17 26 
150 11 12 26 
5417 11 16 26 
5262 12 13 26 
5083 12 15 26 
4393 13 14 26 
4150 0 14 26 
3936 1 15 26 
3875 2 16 26 
3709 3 17 26 
3227 4 18 26 
3177 5 19 26 
3130 7 19 26 
2766 8 18 26 
2586 9 17 26 
2327 10 12 26 
2289 10 16 26 
2206 11 13 26 
2069 11 15 26 
1669 12 14 26 
1660 0 13 26 
1557 1 14 26 
1552 2 15 26 
1479 3 16 26 
1291 4 17 26 
1096 5 18 26 
991 6 19 26 
958 7 18 26 
700 8 17 26 
299 9 16 26 
206 10 13 26 
1 10 15 26 
6188 11 14 26 
6025 0 12 26 
5877 1 13 26 
5815 2 14 26 
5717 3 15 26 
5684 4 16 26 
5617 5 17 26 
5474 6 18 26 
4419 7 17 26 
4168 8 16 26 
4134 9 15 26 
3865 10 14 26 
3721 19 7 26 
3289 0 11 26 
3167 1 12 26 
3083 2 13 26 
2714 3 14 26 
2707 4 15 26 
2544 5 16 26 
2228 6 17 26 
2156 7 16 26 
2071 8 15 26 
2024 9 14 26 
2019 18 7 26 
1901 19 6 26 
1704 0 10 26 
1323 1 11 26 
1273 2 12 26 
790 3 13 26 
716 4 14 26 
481 5 15 26 
395 6 16 26 
190 7 15 26 
6165 8 14 26 
6125 17 7 26 
5855 18 6 26 
5783 19 5 26 
5458 0 9 26 
5402 1 10 26 
5362 2 11 26 
5319 3 12 26 
4970 4 13 26 
4853 5 14 26 
4726 6 15 26 
4701 7 14 26 
4632 16 7 26 
4535 17 6 26 
4409 18 5 26 
4350 19 4 26 
4141 0 8 26 
4032 1 9 26 
3781 2 10 26 
3764 3 11 26 
3489 4 12 26 
3386 5 13 26 
3247 6 14 26 
3007 9 13 26 
3004 15 7 26 
2746 16 6 26 
2718 17 5 26 
2709 18 4 26 
2466 19 3 26 
2465 0 7 26 
2454 1 8 26 
2331 2 9 26 
2297 3 10 26 
2204 4 11 26 
1959 5 12 26 
1695 6 13 26 
1583 8 13 26 
1356 9 12 26 
963 14 7 26 
879 15 6 26 
831 16 5 26 
610 17 4 26 
6153 18 3 26 
6134 19 2 26 
5969 0 6 26 
5907 1 7 26 
5894 2 8 26 
5788 3 9 26 
5454 4 10 26 
5453 5 11 26 
5414 6 12 26 
5353 7 13 26 
5249 8 12 26 
4908 9 11 26 
4666 13 7 26 
4311 14 6 26 
4165 15 5 26 
3750 16 4 26 
3221 17 3 26 
3110 18 2 26 
2935 19 1 26 
2824 0 5 26 
2774 1 6 26 
2628 2 7 26 
2545 3 8 26 
2230 4 9 26 
2191 5 10 26 
1365 6 11 26 
1221 7 12 26 
837 8 11 26 
745 9 10 26 
568 12 7 26 
523 13 6 26 
340 14 5 26 
259 15 4 26 
146 16 3 26 
132 17 2 26 
6286 18 1 26 
5672 19 0 26 
5519 0 4 26 
5277 1 5 26 
4900 2 6 26 
4841 3 7 26 
4753 4 8 26 
4410 5 9 26 
4127 6 10 26 
3304 7 11 26 
3280 8 10 26 
3156 9 9 26 
3113 12 6 26 
1764 13 5 26 
840 14 4 26 
735 15 3 26 
47 16 2 26 
6187 17 1 26 
6160 18 0 26 
6034 0 3 26 
6024 1 4 26 
5870 2 5 26 
5381 3 6 26 
5300 4 7 26 
5255 5 8 26 
4805 6 9 26 
4639 7 10 26 
3329 8 9 26 
3268 9 8 26 
3218 12 5 26 
2813 13 4 26 
2697 14 3 26 
2532 15 2 26 
2201 16 1 26 
2092 17 0 26 
2031 0 2 26 
1990 1 3 26 
1936 2 4 26 
1836 3 5 26 
1745 4 6 26 
1369 5 7 26 
1143 6 8 26 
1080 7 9 26 
657 8 8 26 
559 9 7 26 
378 11 5 26 
5940 12 4 26 
5581 13 3 26 
5532 14 2 26 
5497 15 1 26 
5349 16 0 26 
5256 0 1 26 
5134 1 2 26 
5028 2 3 26 
4993 3 4 26 
3942 4 5 26 
3596 5 6 26 
3263 6 7 26 
3115 7 8 26 
2518 8 7 26 
2446 9 6 26 
2182 10 5 26 
2141 11 4 26 
1542 12 3 26 
1484 13 2 26 
1373 14 1 26 
1296 15 0 26 
703 0 0 26 
329 1 1 26 
219 2 2 26 
166 3 3 26 
6178 4 4 26 
6145 5 5 26 
5816 6 6 26 
5744 7 7 26 
5076 8 6 26 
4719 9 5 26 
4277 10 4 26 
4145 11 3 26 
2721 12 2 26 
2390 13 1 26 
1477 14 0 26 
1420 1 0 26 
1174 2 1 26 
447 3 2 26 
422 4 3 26 
118 5 4 26 
5583 6 5 26 
3773 7 6 26 
3060 8 5 26 
2998 9 4 26 
2920 10 3 26 
2569 11 2 26 
2514 12 1 26 
2467 13 0 26 
2348 2 0 26 
2169 3 1 26 
1680 4 2 26 
1379 5 3 26 
5090 6 4 26 
4565 7 5 26 
3642 8 4 26 
3562 9 3 26 
2462 10 2 26 
2202 11 1 26 
1311 12 0 26 
1146 3 0 26 
1098 4 1 26 
928 5 2 26 
697 6 3 26 
293 7 4 26 
5069 8 3 26 
4875 9 2 26 
4298 10 1 26 
3134 11 0 26 
3108 4 0 26 
3000 5 1 26 
2923 6 2 26 
2273 7 3 26 
2144 8 2 26 
1202 9 1 26 
996 10 0 26 
904 5 0 26 
680 6 1 26 
606 7 2 26 
483 8 1 26 
5047 9 0 26 
3154 6 0 26 
2844 7 1 26 
2550 8 0 26 
757 7 0 26 
300 7 1 38 
2959 6 1 39 
3513 7 2 39 
3841 8 1 39 
1977 5 1 39 
2236 6 2 39 
2700 7 3 39 
3148 8 2 39 
4166 9 1 39 
78 4 1 40 
331 5 2 40 
433 6 3 40 
470 7 4 40 
1061 8 3 39 
1818 9 2 39 
3021 10 1 39 
4684 3 1 41 
5680 4 2 41 
68 5 3 41 
372 6 4 40 
571 7 5 40 
1394 8 4 40 
2722 9 3 40 
3676 10 2 40 
4174 11 1 40 
5639 2 1 42 
5831 3 2 42 
318 4 3 42 
392 5 4 42 
3085 6 5 41 
3605 7 6 41 
3880 9 4 41 
4618 10 3 41 
828 11 2 41 
863 12 1 41 
4425 1 1 43 
4712 2 2 43 
5313 3 3 43 
90 4 4 42 
324 5 5 42 
768 6 6 42 
1435 7 7 42 
1880 10 4 42 
2464 11 3 42 
2713 12 2 42 
3660 13 1 42 
3916 1 2 43 
4427 2 3 43 
6074 3 4 43 
194 4 5 43 
347 5 6 43 
900 6 7 43 
1845 7 8 43 
2315 8 7 43 
2349 11 4 43 
2833 12 3 43 
3186 13 2 43 
3622 14 1 43 
3795 1 3 44 
3890 2 4 44 
4315 3 5 44 
75 4 6 44 
261 5 7 44 
892 6 8 44 
1115 7 9 44 
1178 8 8 44 
1684 12 4 43 
1715 13 3 43 
1846 14 2 43 
2108 15 1 43 
2728 1 4 44 
2860 2 5 44 
3451 3 6 44 
3683 4 7 44 
4734 6 9 44 
4979 7 10 44 
5224 8 9 44 
5238 13 4 44 
171 14 3 44 
1271 15 2 44 
1732 16 1 44 
2096 1 5 45 
2533 2 6 45 
2654 3 7 45 
3210 6 10 45 
5052 7 11 45 
5252 8 10 45 
5408 13 5 45 
5462 14 4 45 
5751 15 3 45 
6062 19 8 51 
5837 18 8 51 
5746 19 9 51 
5530 19 19 51 
5410 17 8 51 
5311 18 9 51 
4750 18 19 51 
4516 19 10 51 
4408 19 18 51 
4164 16 8 51 
4040 17 9 51 
4029 17 19 51 
3937 18 10 51 
3873 18 18 51 
3774 19 11 51 
3158 19 17 51 
3076 15 8 51 
2999 16 9 51 
2882 16 19 51 
2859 17 10 51 
2534 17 18 51 
2480 18 11 51 
2383 18 17 51 
2321 19 12 51 
2210 19 16 51 
2148 14 8 51 
2089 15 9 51 
1974 15 19 51 
1530 16 10 51 
1466 16 18 51 
1250 17 11 51 
725 17 17 51 
633 18 12 51 
613 18 16 51 
520 19 13 51 
429 19 15 51 
6142 11 6 51 
5917 13 8 51 
5509 14 9 51 
5324 14 19 51 
5122 15 10 51 
4710 15 18 51 
4384 16 11 51 
4215 16 17 51 
4031 17 12 51 
3981 17 16 51 
3772 18 13 51 
3559 18 15 51 
3380 19 14 51 
3215 10 6 51 
3137 11 7 51 
3101 12 8 51 
3011 13 9 51 
3009 13 19 51 
2584 14 10 51 
2475 14 18 51 
2396 15 11 51 
2057 15 17 51 
1882 16 12 51 
1838 16 16 51 
1823 17 13 51 
1673 17 15 51 
1299 18 14 51 
988 0 19 51 
911 10 7 51 
775 11 8 51 
679 12 9 51 
578 12 19 51 
510 13 10 51 
420 13 18 51 
411 14 11 51 
278 14 17 51 
6131 15 12 51 
6010 15 16 51 
5676 16 13 51 
4866 16 15 51 
4703 17 14 51 
4612 0 18 51 
4307 1 19 51 
4301 10 8 51 
4171 11 9 51 
4082 11 19 51 
4041 12 10 51 
3946 12 18 51 
3920 13 11 51 
3657 13 17 51 
3641 14 12 51 
3272 14 16 51 
2979 15 13 51 
2914 15 15 51 
2641 16 14 51 
2433 0 17 51 
2385 1 18 51 
1903 2 19 51 
1233 10 9 51 
949 10 19 51 
717 11 10 51 
612 11 18 51 
227 12 11 51 
136 12 17 51 
2 13 12 51 
6287 13 16 51 
6159 14 13 51 
6096 14 15 51 
6082 15 14 51 
6080 0 16 51 
5860 1 17 51 
5784 2 18 51 
5762 3 19 51 
5607 9 19 51 
5561 10 10 51 
5551 10 18 51 
5239 11 11 51 
4850 11 17 51 
4813 12 12 51 
4728 12 16 51 
4630 13 13 51 
4605 13 15 51 
3943 14 14 51 
3747 0 15 51 
3713 1 16 51 
3632 2 17 51 
3623 3 18 51 
3429 4 19 51 
3378 8 19 51 
3346 9 18 51 
2915 10 11 51 
2808 10 17 51 
2542 11 12 51 
2442 11 16 51 
2441 12 13 51 
2271 12 15 51 
2249 13 14 51 
1551 0 14 51 
1349 1 15 51 
1289 2 16 51 
1120 3 17 51 
931 4 18 51 
923 5 19 51 
683 7 19 51 
675 8 18 51 
276 9 17 51 
251 10 12 51 
212 10 16 51 
119 11 13 51 
30 11 15 51 
5910 12 14 51 
5722 0 13 51 
5716 1 14 51 
5637 2 15 51 
5618 3 16 51 
5606 4 17 51 
5461 5 18 51 
5413 6 19 51 
5412 7 18 51 
5218 8 17 51 
5092 9 16 51 
5041 10 13 51 
5037 10 15 51 
4923 11 14 51 
4883 0 12 51 
4048 1 13 51 
3735 2 14 51 
3668 3 15 51 
3628 4 16 51 
3316 5 17 51 
2733 6 18 51 
2693 7 17 51 
2571 8 16 51 
2262 9 15 51 
2136 10 14 51 
2075 19 7 51 
1510 0 11 51 
1326 1 12 51 
818 2 13 51 
589 3 14 51 
586 4 15 51 
574 5 16 51 
35 6 17 51 
6118 7 16 51 
6095 8 15 51 
6019 9 14 51 
5772 18 7 51 
5622 19 6 51 
5400 0 10 51 
5204 1 11 51 
5151 2 12 51 
5016 3 13 51 
4636 4 14 51 
4486 5 15 51 
4220 6 16 51 
3476 7 15 51 
3434 8 14 51 
3125 17 7 51 
2913 18 6 51 
2411 19 5 51 
2398 0 9 51 
2317 1 10 51 
2264 2 11 51 
2117 3 12 51 
2081 4 13 51 
1831 5 14 51 
1461 6 15 51 
1170 7 14 51 
897 16 7 51 
798 17 6 51 
503 18 5 51 
389 19 4 51 
181 0 8 51 
135 1 9 51 
5939 2 10 51 
5843 3 11 51 
5823 4 12 51 
5710 5 13 51 
5538 6 14 51 
5376 9 13 51 
5203 15 7 51 
5180 16 6 51 
5146 17 5 51 
5068 18 4 51 
4640 19 3 51 
3919 0 7 51 
3579 1 8 51 
3557 2 9 51 
3425 3 10 51 
2539 4 11 51 
1878 5 12 51 
1730 6 13 51 
1459 8 13 51 
1348 9 12 51 
1099 14 7 51 
1089 15 6 51 
888 16 5 51 
379 17 4 51 
282 18 3 51 
216 19 2 51 
5571 0 6 51 
5447 1 7 51 
5269 2 8 51 
4658 3 9 51 
4546 4 10 51 
4348 5 11 51 
4334 6 12 51 
4300 7 13 51 
4207 8 12 51 
4037 9 11 51 
3306 13 7 51 
3136 14 6 51 
3114 15 5 51 
2973 16 4 51 
2868 17 3 51 
2847 18 2 51 
2790 19 1 51 
2269 0 5 51 
2195 1 6 51 
2126 2 7 51 
2007 3 8 51 
1991 4 9 51 
1904 5 10 51 
1872 6 11 51 
1794 7 12 51 
1308 8 11 51 
907 9 10 51 
720 12 7 51 
593 13 6 51 
242 14 5 51 
31 15 4 51 
15 16 3 51 
6088 17 2 51 
5844 18 1 51 
5821 19 0 51 
5777 0 4 51 
5755 1 5 51 
5726 2 6 51 
5703 3 7 51 
5360 4 8 51 
5352 5 9 51 
5129 6 10 51 
5014 7 11 51 
4913 8 10 51 
4139 9 9 51 
4045 12 6 51 
3741 13 5 51 
3736 14 4 51 
3650 15 3 51 
3446 16 2 51 
3299 17 1 51 
3163 18 0 51 
2599 0 3 51 
2180 1 4 51 
2137 2 5 51 
2078 3 6 51 
1939 4 7 51 
1726 5 8 51 
1585 6 9 51 
1539 7 10 51 
1305 8 9 51 
1169 9 8 51 
803 12 5 51 
234 13 4 51 
6021 14 3 51 
5974 15 2 51 
5864 16 1 51 
5267 17 0 51 
5051 0 2 51 
4739 1 3 51 
4615 2 4 51 
4129 3 5 51 
4105 4 6 51 
3997 5 7 51 
3258 6 8 51 
2840 7 9 51 
2059 8 8 51 
1639 9 7 51 
1381 11 5 51 
890 12 4 51 
821 13 3 51 
780 14 2 51 
529 15 1 51 
34 16 0 51 
6081 0 1 51 
6070 1 2 51 
6052 2 3 51 
6013 3 4 51 
5927 4 5 51 
5619 5 6 51 
5598 6 7 51 
4586 7 8 51 
4193 8 7 51 
3894 9 6 51 
3808 10 5 51 
3462 11 4 51 
3244 12 3 51 
2730 13 2 51 
2372 14 1 51 
1284 15 0 51 
1160 0 0 51 
1101 1 1 51 
213 2 2 51 
6254 3 3 51 
6040 4 4 51 
5904 5 5 51 
5550 6 6 51 
5498 7 7 51 
5315 8 6 51 
4790 9 5 51 
4447 10 4 51 
4373 11 3 51 
4132 12 2 51 
4120 13 1 51 
3725 14 0 51 
3518 1 0 51 
2598 2 1 51 
2519 3 2 51 
2472 4 3 51 
2181 5 4 51 
1790 6 5 51 
1737 7 6 51 
1631 8 5 51 
829 9 4 51 
362 10 3 51 
6139 11 2 51 
6110 12 1 51 
5773 13 0 51 
5452 2 0 51 
4799 3 1 51 
3754 4 2 51 
3197 5 3 51 
3014 6 4 51 
2904 7 5 51 
2883 8 4 51 
2791 9 3 51 
2227 10 2 51 
2011 11 1 51 
539 12 0 51 
461 3 0 51 
442 4 1 51 
141 5 2 51 
70 6 3 51 
6266 7 4 51 
6005 8 3 51 
5697 9 2 51 
4474 10 1 51 
4155 11 0 51 
1949 4 0 51 
1602 5 1 51 
1505 6 2 51 
718 7 3 51 
6108 8 2 51 
5106 9 1 51 
4146 10 0 51 
2706 5 0 51 
5922 6 1 51 
5806 7 2 51 
5778 8 1 51 
5524 9 0 51 
3766 6 0 51 
2784 7 1 51 
2649 8 0 51 
5869 7 0 51 
5942 7 1 63 
3784 6 1 63 
5345 7 2 63 
333 8 1 63 
776 5 1 65 
1598 6 2 65 
4855 7 3 65 
660 8 2 64 
885 9 1 64 
5961 4 1 66 
1527 5 2 66 
1862 6 3 66 
2969 7 4 65 
5207 8 3 65 
5798 9 2 65 
5948 10 1 65 
6017 3 1 66 
457 4 2 66 
2305 5 3 66 
2378 6 4 66 
2765 7 5 66 
3704 8 4 66 
4465 9 3 66 
9 10 2 66 
1443 11 1 66 
1962 2 1 67 
2812 3 2 67 
2996 4 3 67 
3022 5 4 67 
3558 6 5 67 
4576 7 6 67 
4681 9 4 67 
272 10 3 67 
315 11 2 66 
886 12 1 66 
903 1 1 68 
2143 2 2 68 
2515 3 3 67 
2851 4 4 67 
3357 5 5 67 
4538 6 6 67 
5099 7 7 67 
5491 10 4 67 
5645 11 3 67 
5997 12 2 67 
64 13 1 67 
283 1 2 68 
374 2 3 68 
915 3 4 68 
1025 4 5 68 
1824 5 6 68 
3225 6 7 68 
4126 7 8 68 
4966 8 7 68 
5098 11 4 68 
5264 12 3 68 
5499 13 2 68 
164 14 1 68 
482 1 3 69 
650 2 4 69 
819 3 5 69 
1043 4 6 69 
1351 5 7 69 
1358 6 8 69 
1400 7 9 69 
1829 8 8 69 
1848 12 4 69 
2361 13 3 69 
3223 14 2 69 
3426 15 1 69 
3553 1 4 70 
4766 2 5 70 
4922 3 6 70 
491 4 7 70 
1298 6 9 70 
1322 7 10 70 
1406 8 9 70 
1452 13 4 70 
1486 14 3 69 
1600 15 2 69 
1637 16 1 69 
1795 1 5 70 
2405 2 6 70 
2711 3 7 70 
2970 6 10 70 
3245 7 11 70 
3607 8 10 70 
3706 13 5 70 
3987 14 4 70 
5168 15 3 70 
5625 16 2 70 
6215 19 8 76 
5754 18 8 76 
5652 19 9 76 
5594 19 19 76 
5263 17 8 76 
5067 18 9 76 
5020 18 19 76 
4995 19 10 76 
4929 19 18 76 
4893 16 8 76 
4549 17 9 76 
4401 17 19 76 
4160 18 10 76 
4060 18 18 76 
3975 19 11 76 
3962 19 17 76 
3833 15 8 76 
3595 16 9 76 
3506 16 19 76 
3371 17 10 76 
3251 17 18 76 
3196 18 11 76 
3185 18 17 76 
3035 19 12 76 
2856 19 16 76 
2726 14 8 76 
2715 15 9 76 
2604 15 19 76 
2566 16 10 76 
2423 16 18 76 
2266 17 11 76 
2160 17 17 76 
1808 18 12 76 
1776 18 16 76 
1746 19 13 76 
1424 19 15 76 
767 11 6 76 
705 13 8 76 
702 14 9 76 
682 14 19 76 
655 15 10 76 
604 15 18 76 
262 16 11 76 
193 16 17 76 
6284 17 12 76 
6176 17 16 76 
6170 18 13 76 
6035 18 15 76 
5695 19 14 76 
5675 10 6 76 
5552 11 7 76 
5544 12 8 76 
5389 13 9 76 
5289 13 19 76 
4860 14 10 76 
4780 14 18 76 
4654 15 11 76 
4508 15 17 76 
4381 16 12 76 
3923 16 16 76 
3822 17 13 76 
3609 17 15 76 
3535 18 14 76 
3467 0 19 76 
3443 10 7 76 
3373 11 8 76 
3341 12 9 76 
3008 12 19 76 
2936 13 10 76 
2701 13 18 76 
2644 14 11 76 
2529 14 17 76 
2167 15 12 76 
2122 15 16 76 
1940 16 13 76 
1910 16 15 76 
1875 17 14 76 
1849 0 18 76 
1786 1 19 76 
1564 10 8 76 
1110 11 9 76 
1059 11 19 76 
1013 12 10 76 
951 12 18 76 
939 13 11 76 
456 13 17 76 
369 14 12 76 
6243 14 16 76 
6164 15 13 76 
6150 15 15 76 
6078 16 14 76 
5808 0 17 76 
5786 1 18 76 
5507 2 19 76 
5405 10 9 76 
4997 10 19 76 
4936 11 10 76 
4888 11 18 76 
4234 12 11 76 
4190 12 17 76 
4153 13 12 76 
3984 13 16 76 
3701 14 13 76 
3351 14 15 76 
3320 15 14 76 
3286 0 16 76 
3174 1 17 76 
3041 2 18 76 
2901 3 19 76 
2621 9 19 76 
2309 10 10 76 
1986 10 18 76 
1451 11 11 76 
1300 11 17 76 
1239 12 12 76 
875 12 16 76 
771 13 13 76 
638 13 15 76 
321 14 14 76 
148 0 15 76 
147 1 16 76 
52 2 17 76 
6207 3 18 76 
5989 4 19 76 
5915 8 19 76 
5881 9 18 76 
5876 10 11 76 
5423 10 17 76 
5341 11 12 76 
5282 11 16 76 
5085 12 13 76 
5043 12 15 76 
4359 13 14 76 
4090 0 14 76 
3737 1 15 76 
3593 2 16 76 
2735 3 17 76 
2727 4 18 76 
2659 5 19 76 
2627 7 19 76 
2473 8 18 76 
2325 9 17 76 
2168 10 12 76 
2077 10 16 76 
2055 11 13 76 
2029 11 15 76 
1822 12 14 76 
1805 0 13 76 
1738 1 14 76 
1582 2 15 76 
1458 3 16 76 
1245 4 17 76 
832 5 18 76 
569 6 19 76 
549 7 18 76 
476 8 17 76 
446 9 16 76 
310 10 13 76 
248 10 15 76 
128 11 14 76 
6282 0 12 76 
6277 1 13 76 
6171 2 14 76 
6004 3 15 76 
5986 4 16 76 
5898 5 17 76 
5790 6 18 76 
5628 7 17 76 
5612 8 16 76 
5380 9 15 76 
5145 10 14 76 
4661 19 7 76 
4495 0 11 76 
4189 1 12 76 
3969 2 13 76 
3636 3 14 76 
3539 4 15 76 
3504 5 16 76 
3291 6 17 76 
3171 7 16 76 
3149 8 15 76 
2512 9 14 76 
2088 18 7 76 
1763 19 6 76 
1697 0 10 76 
1548 1 11 76 
1495 2 12 76 
1344 3 13 76 
561 4 14 76 
439 5 15 76 
6054 6 16 76 
5901 7 15 76 
5842 8 14 76 
5650 17 7 76 
5387 18 6 76 
5124 19 5 76 
4987 0 9 76 
4774 1 10 76 
4389 2 11 76 
4202 3 12 76 
3948 4 13 76 
3529 5 14 76 
3359 6 15 76 
3206 7 14 76 
3198 16 7 76 
2893 17 6 76 
2739 18 5 76 
2559 19 4 76 
2219 0 8 76 
1596 1 9 76 
1294 2 10 76 
1117 3 11 76 
1028 4 12 76 
981 5 13 76 
804 6 14 76 
628 9 13 76 
469 15 7 76 
418 16 6 76 
351 17 5 76 
6046 18 4 76 
5641 19 3 76 
4843 0 7 76 
4816 1 8 76 
4481 2 9 76 
4351 3 10 76 
3914 4 11 76 
3869 5 12 76 
3813 6 13 76 
3786 8 13 76 
3780 9 12 76 
3512 14 7 76 
3452 15 6 76 
3395 16 5 76 
3276 17 4 76 
3195 18 3 76 
2358 19 2 76 
2152 0 6 76 
2091 1 7 76 
1489 2 8 76 
1279 3 9 76 
1173 4 10 76 
953 5 11 76 
509 6 12 76 
301 7 13 76 
6276 8 12 76 
6228 9 11 76 
6169 13 7 76 
5900 14 6 76 
5883 15 5 76 
5825 16 4 76 
5655 17 3 76 
5654 18 2 76 
5213 19 1 76 
5194 0 5 76 
5185 1 6 76 
5065 2 7 76 
5050 3 8 76 
4829 4 9 76 
4811 5 10 76 
4175 6 11 76 
4088 7 12 76 
4078 8 11 76 
4055 9 10 76 
3945 12 7 76 
3586 13 6 76 
3059 14 5 76 
2803 15 4 76 
2663 16 3 76 
2362 17 2 76 
2039 18 1 76 
1890 19 0 76 
1866 0 4 76 
1428 1 5 76 
1390 2 6 76 
1290 3 7 76 
1280 4 8 76 
1003 5 9 76 
816 6 10 76 
538 7 11 76 
345 8 10 76 
6270 9 9 76 
6199 12 6 76 
6093 13 5 76 
6001 14 4 76 
5329 15 3 76 
5080 16 2 76 
4956 17 1 76 
4861 18 0 76 
4709 0 3 76 
4468 1 4 76 
4302 2 5 76 
3758 3 6 76 
3667 4 7 76 
3119 5 8 76 
2899 6 9 76 
2886 7 10 76 
2688 8 9 76 
2500 9 8 76 
2492 12 5 76 
2399 13 4 76 
2073 14 3 76 
1722 15 2 76 
1683 16 1 76 
630 17 0 76 
59 0 2 76 
6104 1 3 76 
5435 2 4 76 
5399 3 5 76 
5295 4 6 76 
5006 5 7 76 
4847 6 8 76 
4603 7 9 76 
4319 8 8 76 
4184 9 7 76 
4112 11 5 76 
3616 12 4 76 
3199 13 3 76 
2933 14 2 76 
2861 15 1 76 
2652 16 0 76 
2304 0 1 76 
1258 1 2 76 
941 2 3 76 
805 3 4 76 
317 4 5 76 
50 5 6 76 
5836 6 7 76 
5679 7 8 76 
4454 8 7 76 
4434 9 6 76 
4084 10 5 76 
3647 11 4 76 
3238 12 3 76 
3144 13 2 76 
3107 14 1 76 
3031 15 0 76 
2837 0 0 76 
2832 1 1 76 
2762 2 2 76 
2742 3 3 76 
2699 4 4 76 
2606 5 5 76 
2111 6 6 76 
1791 7 7 76 
848 8 6 76 
677 9 5 76 
625 10 4 76 
92 11 3 76 
6144 12 2 76 
4974 13 1 76 
4854 14 0 76 
4407 1 0 76 
3857 2 1 76 
3389 3 2 76 
3175 4 3 76 
2114 5 4 76 
1488 6 5 76 
7 7 6 76 
5425 8 5 76 
5097 9 4 76 
4928 10 3 76 
4867 11 2 76 
3991 12 1 76 
3879 13 0 76 
3868 2 0 76 
3492 3 1 76 
3277 4 2 76 
2992 5 3 76 
2468 6 4 76 
2128 7 5 76 
1816 8 4 76 
1212 9 3 76 
488 10 2 76 
428 11 1 76 
409 12 0 76 
5906 3 0 76 
5525 4 1 76 
5228 5 2 76 
5117 6 3 76 
4310 7 4 76 
4195 8 3 76 
4177 9 2 76 
4149 10 1 76 
3307 11 0 76 
2724 4 0 76 
2175 5 1 76 
1954 6 2 76 
1843 7 3 76 
642 8 2 76 
5749 9 1 76 
5259 10 0 76 
4321 5 0 76 
3874 6 1 76 
3142 7 2 76 
2950 8 1 76 
1235 9 0 76 
1068 6 0 76 
4704 7 1 76 
4592 8 0 76 
3236 7 0 76 
3473 7 1 88 
3843 6 1 89 
414 7 2 89 
692 8 1 89 
4569 5 1 90 
431 6 2 90 
979 7 3 90 
4042 8 2 90 
5160 9 1 89 
5691 4 1 90 
5724 5 2 90 
652 6 3 90 
754 7 4 90 
1140 8 3 90 
2335 9 2 90 
2384 10 1 90 
5133 3 1 91 
6256 4 2 91 
24 5 3 91 
286 6 4 91 
1993 7 5 91 
2062 8 4 91 
3410 9 3 91 
3544 10 2 91 
4066 11 1 91 
5031 2 1 92 
5943 3 2 92 
5999 4 3 92 
536 5 4 92 
1943 6 5 92 
2161 7 6 92 
3618 9 4 91 
4128 10 3 91 
5139 11 2 91 
5152 12 1 91 
6190 1 1 93 
102 2 2 93 
555 3 3 93 
608 4 4 93 
1060 5 5 93 
1817 6 6 93 
2413 7 7 93 
2902 10 4 93 
3172 11 3 93 
3608 12 2 92 
4874 13 1 92 
4948 1 2 94 
434 2 3 94 
817 3 4 94 
3216 4 5 94 
3262 5 6 94 
3834 6 7 93 
5172 7 8 93 
5339 8 7 93 
5365 11 4 93 
5771 12 3 93 
167 13 2 93 
605 14 1 93 
1217 1 3 94 
1328 2 4 94 
1675 3 5 94 
1757 4 6 94 
1784 5 7 94 
2254 6 8 94 
2639 7 9 94 
3449 8 8 94 
4100 12 4 94 
4506 13 3 94 
4792 14 2 94 
4921 15 1 94 
4988 1 4 95 
5875 2 5 95 
330 3 6 95 
350 4 7 95 
739 6 9 95 
792 7 10 95 
794 8 9 95 
1100 13 4 95 
1885 14 3 95 
2940 15 2 95 
3589 16 1 95 
3921 1 5 96 
3999 2 6 96 
4293 3 7 96 
4744 6 10 96 
4865 7 11 96 
5578 8 10 96 
5711 13 5 95 
5789 14 4 95 
5887 15 3 95 
5929 16 2 95 
6248 17 1 95 
