1677
4745 6 14 1 
4664 0 19 1 
4642 5 14 1 
4590 6 15 1 
4588 0 16 1 
4404 0 18 1 
4241 1 19 1 
4124 5 15 1 
3712 6 16 1 
3695 11 3 1 
3350 0 17 1 
3309 1 16 1 
2856 1 18 1 
2684 2 19 1 
2286 5 16 1 
2264 6 17 1 
1970 6 19 1 
1952 10 3 1 
1902 11 0 1 
1689 11 2 1 
1629 0 0 1 
1474 1 17 1 
1175 2 16 1 
1039 2 18 1 
1010 3 19 1 
994 5 17 1 
970 5 19 1 
786 6 18 1 
707 8 4 1 
339 9 3 1 
4966 10 0 1 
4961 10 2 1 
4608 11 1 1 
4596 0 1 1 
4501 0 15 1 
4458 1 0 1 
4297 2 15 1 
4271 2 17 1 
4230 3 18 1 
4097 4 19 1 
4005 5 18 1 
3874 7 4 1 
3806 8 3 1 
3787 9 0 1 
3486 9 2 1 
3412 10 1 1 
3361 0 2 1 
3270 0 14 1 
3192 1 1 1 
3164 1 15 1 
3155 2 0 1 
3009 2 14 1 
2996 3 17 1 
2843 4 18 1 
2657 7 3 1 
2564 8 0 1 
2550 8 2 1 
2408 9 1 1 
2390 19 19 1 
2235 0 3 1 
2057 0 11 1 
2001 0 13 1 
1928 1 2 1 
1879 1 14 1 
1759 2 1 1 
1621 3 0 1 
1613 3 16 1 
1460 4 17 1 
1429 7 0 1 
1346 7 2 1 
1264 8 1 1 
1189 12 19 1 
978 18 19 1 
807 19 18 1 
537 0 4 1 
291 0 10 1 
73 0 12 1 
4686 1 3 1 
4605 1 11 1 
4435 1 13 1 
4337 2 2 1 
4248 3 1 1 
4240 3 15 1 
4060 4 0 1 
3832 4 16 1 
3780 6 0 1 
3043 7 1 1 
2919 11 19 1 
2874 12 18 1 
2577 13 19 1 
1882 17 19 1 
1850 18 18 1 
1533 0 5 1 
1509 0 9 1 
1484 1 4 1 
1425 1 10 1 
1268 1 12 1 
1083 2 3 1 
974 2 13 1 
594 3 2 1 
437 3 14 1 
143 4 1 1 
85 4 15 1 
50 5 0 1 
4972 6 1 1 
4857 10 19 1 
4856 11 18 1 
4846 12 17 1 
4754 13 18 1 
4662 14 19 1 
4644 16 19 1 
4633 17 18 1 
4246 0 6 1 
4217 0 8 1 
4200 1 5 1 
4134 1 9 1 
4132 2 4 1 
3909 2 12 1 
3781 3 3 1 
2446 3 5 1 
2428 3 13 1 
1406 4 2 1 
1252 4 14 1 
1073 5 1 1 
1043 6 2 1 
1018 7 19 1 
973 9 19 1 
879 10 18 1 
624 11 17 1 
542 13 17 1 
356 14 18 1 
289 15 19 1 
98 16 18 1 
4886 0 7 1 
4883 1 6 1 
4848 1 8 1 
4773 2 5 1 
4704 2 11 1 
4533 3 4 1 
4068 3 12 1 
3997 4 3 1 
3841 4 13 1 
3816 5 2 1 
3579 6 3 1 
3476 7 18 1 
3402 8 19 1 
3271 9 18 1 
3263 10 17 1 
3247 13 16 1 
3204 14 17 1 
3121 15 18 1 
2845 1 7 1 
2694 2 6 1 
2599 2 10 1 
2513 3 11 1 
2384 4 4 1 
2327 4 12 1 
2247 5 3 1 
2089 5 11 1 
1844 6 4 1 
1805 7 5 1 
1408 7 17 1 
1312 8 18 1 
1098 9 17 1 
936 12 16 1 
819 13 15 1 
108 14 16 1 
49 15 17 1 
5005 19 13 1 
4827 19 17 1 
4727 2 7 1 
4568 2 9 1 
4392 3 6 1 
3730 3 10 1 
3587 4 5 1 
3544 4 11 1 
3275 5 4 1 
3118 5 12 1 
3112 6 5 1 
3006 6 11 1 
2485 7 6 1 
2145 7 16 1 
2024 8 17 1 
1708 11 16 1 
1624 12 15 1 
1413 13 14 1 
1401 14 11 1 
1377 14 15 1 
1201 15 16 1 
1181 16 17 1 
1111 18 13 1 
806 18 17 1 
680 19 14 1 
611 19 16 1 
540 2 8 1 
311 3 7 1 
4854 3 9 1 
4615 4 6 1 
4567 4 10 1 
4418 5 5 1 
4416 5 13 1 
4154 6 6 1 
4043 6 12 1 
3932 7 11 1 
3891 7 15 1 
3679 8 16 1 
3520 10 16 1 
3292 11 15 1 
3245 12 14 1 
2862 13 13 1 
2078 14 12 1 
1903 14 14 1 
1690 15 11 1 
1293 15 15 1 
1182 16 16 1 
1076 17 17 1 
683 18 14 1 
645 18 16 1 
135 19 15 1 
48 3 8 1 
4969 4 7 1 
4929 4 9 1 
4757 5 6 1 
4744 6 13 1 
4660 7 12 1 
4475 7 14 1 
4450 8 15 1 
4386 9 16 1 
4276 10 15 1 
4185 11 14 1 
4093 12 13 1 
3906 13 12 1 
3717 14 13 1 
3379 15 12 1 
3289 15 14 1 
3122 16 15 1 
2984 17 16 1 
2949 18 15 1 
2859 4 8 1 
2412 5 7 1 
1881 7 13 1 
1798 8 14 1 
1780 9 15 1 
1772 10 14 1 
1317 11 13 1 
1126 12 12 1 
977 13 9 1 
4733 13 11 1 
4395 15 13 1 
4214 16 14 1 
4122 17 15 1 
4110 5 8 1 
3969 5 10 1 
3783 6 7 1 
3631 8 13 1 
3624 9 14 1 
3436 10 13 1 
3431 11 12 1 
3248 12 9 1 
3215 12 11 1 
3210 13 10 1 
3050 16 13 1 
2953 17 14 1 
2909 5 9 1 
2759 6 8 1 
2524 6 10 1 
2497 7 7 1 
2401 8 12 1 
2207 9 13 1 
2086 10 12 1 
1331 11 9 1 
1325 11 11 1 
1289 12 10 1 
1144 16 12 1 
1120 17 13 1 
917 6 9 1 
889 7 8 1 
844 7 10 1 
701 8 11 1 
661 9 12 1 
592 10 9 1 
376 10 11 1 
209 11 10 1 
181 16 11 1 
4797 17 12 1 
4645 19 12 1 
4623 7 9 1 
4374 8 10 1 
3943 9 11 1 
3882 10 10 1 
2662 17 11 1 
2565 18 12 1 
2202 19 11 1 
1926 8 7 1 
1788 8 9 1 
1130 9 10 1 
774 17 10 1 
456 18 11 1 
410 19 10 1 
302 8 8 1 
294 9 9 1 
4967 18 10 1 
4919 19 9 1 
4551 9 8 1 
4523 18 9 1 
4498 19 8 1 
4479 8 6 1 
4376 9 7 1 
4146 10 8 1 
4003 14 2 1 
3532 16 10 1 
3339 17 9 1 
3195 18 8 1 
3031 8 5 1 
2302 9 4 1 
2221 9 6 1 
1944 10 7 1 
1297 11 8 1 
1006 13 2 1 
475 14 3 1 
470 15 10 1 
369 16 9 1 
326 17 8 1 
4937 9 5 1 
4308 10 4 1 
3850 10 6 1 
3758 11 7 1 
3519 12 2 1 
2936 12 8 1 
2934 13 3 1 
2840 14 4 1 
2629 14 10 1 
2457 15 9 1 
2437 16 8 1 
2070 10 5 1 
2016 11 4 1 
1603 11 6 1 
739 12 3 1 
659 12 7 1 
368 13 4 1 
87 13 8 1 
77 14 9 1 
4701 15 8 1 
4331 11 5 1 
4152 12 4 1 
4053 12 6 1 
3851 13 7 1 
3842 14 8 1 
3798 12 5 1 
3094 13 6 1 
2952 14 7 1 
2907 13 5 1 
2614 14 6 1 
1943 15 7 1 
1743 19 7 1 
1639 14 5 1 
1587 15 6 1 
1577 16 7 1 
1458 17 0 1 
1034 18 7 1 
425 19 0 1 
256 19 6 1 
166 15 5 1 
23 16 6 1 
4 17 1 1 
4571 17 7 1 
4367 18 0 1 
4221 18 6 1 
4084 19 1 1 
4028 19 5 1 
3992 16 5 1 
3858 17 2 1 
3488 17 6 1 
2697 18 1 1 
1402 18 5 1 
1361 19 2 1 
1188 19 4 1 
836 17 5 1 
4488 18 2 1 
3221 18 4 1 
3191 19 3 1 
2443 17 4 1 
2430 18 3 1 
2370 16 4 1 
1875 17 3 1 
1183 15 4 1 
467 16 3 1 
3951 15 3 1 
3585 16 2 1 
3482 15 2 1 
2205 16 1 1 
1986 15 1 1 
1664 16 0 1 
1453 14 1 1 
1424 15 0 1 
1397 13 1 1 
734 14 0 1 
4206 12 1 1 
3480 13 0 1 
1963 12 0 1 
363 18 4 14 
237 18 1 15 
805 16 6 16 
966 13 3 17 
3844 15 9 17 
2490 18 11 19 
2199 6 9 20 
2279 11 10 20 
712 6 8 20 
2422 12 10 20 
4162 8 14 21 
4661 11 13 21 
39 16 14 20 
213 3 8 22 
1732 8 15 21 
2146 12 13 21 
2311 15 14 21 
3030 3 9 22 
4264 6 12 22 
4950 6 14 26 
4707 0 19 26 
4688 5 14 26 
4575 6 15 26 
4544 0 16 26 
4409 0 18 26 
4315 1 19 26 
4311 5 15 26 
4283 6 16 26 
4270 11 3 26 
3939 0 17 26 
3925 1 16 26 
3863 1 18 26 
3757 2 19 26 
3370 5 16 26 
3299 6 17 26 
3169 6 19 26 
3111 10 3 26 
2665 11 0 26 
2535 11 2 26 
2067 0 0 26 
1945 1 17 26 
1665 2 16 26 
1494 2 18 26 
1378 3 19 26 
899 5 17 26 
818 5 19 26 
773 6 18 26 
420 8 4 26 
249 9 3 26 
192 10 0 26 
121 10 2 26 
106 11 1 26 
46 0 1 26 
5007 0 15 26 
4948 1 0 26 
4946 2 15 26 
4531 2 17 26 
4393 3 18 26 
4120 4 19 26 
4058 5 18 26 
4026 7 4 26 
3853 8 3 26 
3620 9 0 26 
3586 9 2 26 
3427 10 1 26 
3397 0 2 26 
3217 0 14 26 
3157 1 1 26 
3105 1 15 26 
2712 2 0 26 
2501 2 14 26 
2406 3 17 26 
2166 4 18 26 
2051 7 3 26 
1988 8 0 26 
1829 8 2 26 
1765 9 1 26 
1758 19 19 26 
1431 0 3 26 
1380 0 11 26 
1274 0 13 26 
1233 1 2 26 
1210 1 14 26 
1187 2 1 26 
1091 3 0 26 
820 3 16 26 
787 4 17 26 
486 7 0 26 
430 7 2 26 
403 8 1 26 
251 12 19 26 
146 18 19 26 
4560 19 18 26 
4534 0 4 26 
4164 0 10 26 
4123 0 12 26 
3755 1 3 26 
3731 1 11 26 
3660 1 13 26 
3363 2 2 26 
3341 3 1 26 
3181 3 15 26 
3005 4 0 26 
2931 4 16 26 
2890 6 0 26 
2604 7 1 26 
2529 11 19 26 
2453 12 18 26 
2375 13 19 26 
2201 17 19 26 
1794 18 18 26 
1789 0 5 26 
1638 0 9 26 
1591 1 4 26 
1558 1 10 26 
1555 1 12 26 
1448 2 3 26 
1364 2 13 26 
1334 3 2 26 
1158 3 14 26 
1042 4 1 26 
956 4 15 26 
942 5 0 26 
918 6 1 26 
824 10 19 26 
652 11 18 26 
360 12 17 26 
216 13 18 26 
131 14 19 26 
4968 16 19 26 
4959 17 18 26 
4825 0 6 26 
4762 0 8 26 
4716 1 5 26 
4487 1 9 26 
3986 2 4 26 
3962 2 12 26 
3776 3 3 26 
3622 3 5 26 
3211 3 13 26 
3119 4 2 26 
3071 4 14 26 
2831 5 1 26 
2785 6 2 26 
2749 7 19 26 
2748 9 19 26 
2647 10 18 26 
2571 11 17 26 
2522 13 17 26 
2352 14 18 26 
2339 15 19 26 
2238 16 18 26 
2232 0 7 26 
1953 1 6 26 
1908 1 8 26 
1046 2 5 26 
859 2 11 26 
835 3 4 26 
177 3 12 26 
25 4 3 26 
4930 4 13 26 
4808 5 2 26 
4687 6 3 26 
4592 7 18 26 
4530 8 19 26 
4447 9 18 26 
4389 10 17 26 
4329 13 16 26 
4034 14 17 26 
3920 15 18 26 
3735 1 7 26 
3648 2 6 26 
3380 2 10 26 
3372 3 11 26 
3365 4 4 26 
3238 4 12 26 
3120 5 3 26 
3073 5 11 26 
2995 6 4 26 
2669 7 5 26 
2569 7 17 26 
2494 8 18 26 
2410 9 17 26 
2266 12 16 26 
2026 13 15 26 
1954 14 16 26 
1948 15 17 26 
1843 19 13 26 
1787 19 17 26 
1745 2 7 26 
1730 2 9 26 
1538 3 6 26 
1417 3 10 26 
1292 4 5 26 
1218 4 11 26 
1166 5 4 26 
1154 5 12 26 
1119 6 5 26 
1097 6 11 26 
1052 7 6 26 
716 7 16 26 
613 8 17 26 
531 11 16 26 
432 12 15 26 
333 13 14 26 
170 14 11 26 
154 14 15 26 
4073 15 16 26 
3696 16 17 26 
3633 18 13 26 
3616 18 17 26 
2970 19 14 26 
2961 19 16 26 
2798 2 8 26 
2762 3 7 26 
2718 3 9 26 
2600 4 6 26 
2426 4 10 26 
2236 5 5 26 
2021 5 13 26 
1491 6 6 26 
1379 6 12 26 
1360 7 11 26 
1245 7 15 26 
928 8 16 26 
854 10 16 26 
809 11 15 26 
589 12 14 26 
552 13 13 26 
4799 14 12 26 
4796 14 14 26 
4691 15 11 26 
4368 15 15 26 
3966 16 16 26 
3933 17 17 26 
3838 18 14 26 
3822 18 16 26 
3635 19 15 26 
3609 3 8 26 
3421 4 7 26 
3268 4 9 26 
3234 5 6 26 
3207 6 13 26 
3053 7 12 26 
2873 7 14 26 
2734 8 15 26 
2701 9 16 26 
2634 10 15 26 
2542 11 14 26 
2493 12 13 26 
2380 13 12 26 
2318 14 13 26 
2182 15 12 26 
1938 15 14 26 
1751 16 15 26 
1723 17 16 26 
1657 18 15 26 
1519 4 8 26 
1304 5 7 26 
1092 7 13 26 
926 8 14 26 
886 9 15 26 
678 10 14 26 
660 11 13 26 
612 12 12 26 
510 13 9 26 
4732 13 11 26 
4635 15 13 26 
4557 16 14 26 
4457 17 15 26 
4208 5 8 26 
3961 5 10 26 
3721 6 7 26 
3584 8 13 26 
3515 9 14 26 
2656 10 13 26 
2558 11 12 26 
2510 12 9 26 
2297 12 11 26 
1871 13 10 26 
1631 16 13 26 
1559 17 14 26 
1552 5 9 26 
1445 6 8 26 
1335 6 10 26 
1294 7 7 26 
219 8 12 26 
4451 9 13 26 
4369 10 12 26 
4136 11 9 26 
3935 11 11 26 
3672 12 10 26 
3390 16 12 26 
3290 17 13 26 
3206 6 9 26 
3154 7 8 26 
2706 7 10 26 
2633 8 11 26 
2562 9 12 26 
2260 10 9 26 
2206 10 11 26 
2056 11 10 26 
1931 16 11 26 
1892 17 12 26 
1393 19 12 26 
939 7 9 26 
718 8 10 26 
666 9 11 26 
191 10 10 26 
4993 17 11 26 
4718 18 12 26 
4561 19 11 26 
4437 8 7 26 
4145 8 9 26 
3830 9 10 26 
3700 17 10 26 
3606 18 11 26 
3460 19 10 26 
3387 8 8 26 
3310 9 9 26 
3185 18 10 26 
2848 19 9 26 
2275 9 8 26 
2169 18 9 26 
2113 19 8 26 
1936 8 6 26 
1642 9 7 26 
1525 10 8 26 
1336 14 2 26 
1193 16 10 26 
1028 17 9 26 
337 18 8 26 
4879 8 5 26 
4869 9 4 26 
4602 9 6 26 
4328 10 7 26 
4255 11 8 26 
4222 13 2 26 
4018 14 3 26 
3881 15 10 26 
3778 16 9 26 
3674 17 8 26 
3580 9 5 26 
3537 10 4 26 
3100 10 6 26 
2793 11 7 26 
2673 12 2 26 
2481 12 8 26 
2118 13 3 26 
1373 14 4 26 
1345 14 10 26 
943 15 9 26 
896 16 8 26 
330 10 5 26 
113 11 4 26 
4348 11 6 26 
3698 12 3 26 
3298 12 7 26 
3025 13 4 26 
2801 13 8 26 
2797 14 9 26 
2153 15 8 26 
1898 11 5 26 
1870 12 4 26 
1498 12 6 26 
1269 13 7 26 
1211 14 8 26 
689 12 5 26 
575 13 6 26 
307 14 7 26 
241 13 5 26 
149 14 6 26 
129 15 7 26 
4991 19 7 26 
4314 14 5 26 
4149 15 6 26 
4032 16 7 26 
4002 17 0 26 
3654 18 7 26 
3602 19 0 26 
3513 19 6 26 
2791 15 5 26 
2758 16 6 26 
2724 17 1 26 
2689 17 7 26 
2573 18 0 26 
1992 18 6 26 
1463 19 1 26 
1230 19 5 26 
1015 16 5 26 
888 17 2 26 
502 17 6 26 
4978 18 1 26 
4897 18 5 26 
4777 19 2 26 
4714 19 4 26 
3089 17 5 26 
3033 18 2 26 
2363 18 4 26 
2338 19 3 26 
2312 17 4 26 
2138 18 3 26 
2130 16 4 26 
1655 17 3 26 
979 15 4 26 
4872 16 3 26 
3872 15 3 26 
3198 16 2 26 
3034 15 2 26 
2892 16 1 26 
1937 15 1 26 
1905 16 0 26 
211 14 1 26 
3229 15 0 26 
3102 13 1 26 
2458 14 0 26 
4878 12 1 26 
2648 13 0 26 
1907 12 0 26 
2326 18 4 40 
222 18 1 40 
283 16 6 41 
872 13 3 43 
1648 15 9 43 
2933 18 11 44 
744 6 9 45 
1757 11 10 45 
3186 6 8 46 
3281 12 10 45 
1527 8 14 47 
1529 11 13 47 
2782 16 14 46 
3491 3 8 47 
3763 8 15 47 
3862 12 13 47 
3895 15 14 47 
4902 6 14 51 
4821 0 19 51 
4265 5 14 51 
4016 6 15 51 
3811 0 16 51 
3342 0 18 51 
3225 1 19 51 
3189 5 15 51 
3144 6 16 51 
3090 11 3 51 
2861 0 17 51 
2744 1 16 51 
2418 1 18 51 
2366 2 19 51 
2284 5 16 51 
2058 6 17 51 
1626 6 19 51 
1528 10 3 51 
1399 11 0 51 
710 11 2 51 
588 0 0 51 
518 1 17 51 
290 2 16 51 
198 2 18 51 
4999 3 19 51 
4892 5 17 51 
4841 5 19 51 
4742 6 18 51 
4595 8 4 51 
4526 9 3 51 
4456 10 0 51 
4444 10 2 51 
4339 11 1 51 
4119 0 1 51 
4029 0 15 51 
3914 1 0 51 
3596 2 15 51 
3549 2 17 51 
3461 3 18 51 
3393 4 19 51 
3344 5 18 51 
3293 7 4 51 
3001 8 3 51 
2772 9 0 51 
2747 9 2 51 
2707 10 1 51 
2646 0 2 51 
2504 0 14 51 
2429 1 1 51 
2212 1 15 51 
2061 2 0 51 
1741 2 14 51 
1641 3 17 51 
1545 4 18 51 
1261 7 3 51 
1165 8 0 51 
1059 8 2 51 
946 9 1 51 
789 19 19 51 
788 0 3 51 
639 0 11 51 
614 0 13 51 
517 1 2 51 
189 1 14 51 
162 2 1 51 
4668 3 0 51 
4356 3 16 51 
4262 4 17 51 
4232 7 0 51 
4131 7 2 51 
4114 8 1 51 
4101 12 19 51 
4098 18 19 51 
4019 19 18 51 
3981 0 4 51 
3911 0 10 51 
3772 0 12 51 
3691 1 3 51 
3578 1 11 51 
3429 1 13 51 
3373 2 2 51 
3359 3 1 51 
3194 3 15 51 
3074 4 0 51 
3024 4 16 51 
2753 6 0 51 
1766 7 1 51 
1535 11 19 51 
1428 12 18 51 
1284 13 19 51 
1254 17 19 51 
1240 18 18 51 
1122 0 5 51 
1024 0 9 51 
964 1 4 51 
740 1 10 51 
583 1 12 51 
457 2 3 51 
296 2 13 51 
252 3 2 51 
178 3 14 51 
59 4 1 51 
57 4 15 51 
52 5 0 51 
4749 6 1 51 
4302 10 19 51 
4236 11 18 51 
3971 12 17 51 
3857 13 18 51 
3809 14 19 51 
3550 16 19 51 
3526 17 18 51 
3080 0 6 51 
2904 0 8 51 
2640 1 5 51 
2455 1 9 51 
2252 2 4 51 
2121 2 12 51 
1598 3 3 51 
1395 3 5 51 
1310 3 13 51 
999 4 2 51 
783 4 14 51 
697 5 1 51 
641 6 2 51 
565 7 19 51 
546 9 19 51 
4936 10 18 51 
4789 11 17 51 
4478 13 17 51 
4454 14 18 51 
4204 15 19 51 
3975 16 18 51 
3432 0 7 51 
3167 1 6 51 
2575 1 8 51 
2548 2 5 51 
2362 2 11 51 
2343 3 4 51 
2239 3 12 51 
2216 4 3 51 
2204 4 13 51 
2188 5 2 51 
2129 6 3 51 
2125 7 18 51 
2108 8 19 51 
1921 9 18 51 
1659 10 17 51 
982 13 16 51 
813 14 17 51 
671 15 18 51 
615 1 7 51 
412 2 6 51 
380 2 10 51 
373 3 11 51 
65 4 4 51 
4927 4 12 51 
4515 5 3 51 
4469 5 11 51 
4429 6 4 51 
4160 7 5 51 
3797 7 17 51 
3746 8 18 51 
3724 9 17 51 
3658 12 16 51 
3362 13 15 51 
3276 14 16 51 
3272 15 17 51 
2728 19 13 51 
2596 19 17 51 
2576 2 7 51 
2439 2 9 51 
2399 3 6 51 
2333 3 10 51 
2234 4 5 51 
2230 4 11 51 
2144 5 4 51 
1883 5 12 51 
1738 6 5 51 
1663 6 11 51 
1609 7 6 51 
1255 7 16 51 
913 8 17 51 
909 11 16 51 
851 12 15 51 
812 13 14 51 
152 14 11 51 
4920 14 15 51 
4881 15 16 51 
4870 16 17 51 
4774 18 13 51 
4768 18 17 51 
4517 19 14 51 
4496 19 16 51 
3627 2 8 51 
3441 3 7 51 
3317 3 9 51 
3285 4 6 51 
2702 4 10 51 
2547 5 5 51 
2305 5 13 51 
2194 6 6 51 
2163 6 12 51 
2160 7 11 51 
2134 7 15 51 
1897 8 16 51 
1814 10 16 51 
1796 11 15 51 
1770 12 14 51 
1096 13 13 51 
861 14 12 51 
855 14 14 51 
225 15 11 51 
4891 15 15 51 
4863 16 16 51 
4709 17 17 51 
4261 18 14 51 
4228 18 16 51 
4168 19 15 51 
3894 3 8 51 
3680 4 7 51 
3316 4 9 51 
3055 5 6 51 
2745 6 13 51 
2699 7 12 51 
2480 7 14 51 
2450 8 15 51 
2411 9 16 51 
2076 10 15 51 
1889 11 14 51 
1756 12 13 51 
1594 13 12 51 
1303 14 13 51 
1267 15 12 51 
1243 15 14 51 
884 16 15 51 
711 17 16 51 
460 18 15 51 
41 4 8 51 
4907 5 7 51 
4894 7 13 51 
4882 8 14 51 
4788 9 15 51 
4786 10 14 51 
4220 11 13 51 
4176 12 12 51 
3985 13 9 51 
3723 13 11 51 
3323 15 13 51 
2941 16 14 51 
2514 17 15 51 
2478 5 8 51 
2420 5 10 51 
2351 6 7 51 
2244 8 13 51 
2191 9 14 51 
2173 10 13 51 
2156 11 12 51 
1925 12 9 51 
1821 12 11 51 
1466 13 10 51 
1306 16 13 51 
1025 17 14 51 
898 5 9 51 
801 6 8 51 
764 6 10 51 
139 7 7 51 
97 8 12 51 
45 9 13 51 
4893 10 12 51 
4792 11 9 51 
4692 11 11 51 
4584 12 10 51 
4474 16 12 51 
4425 17 13 51 
4332 6 9 51 
4289 7 8 51 
3915 7 10 51 
3824 8 11 51 
3454 9 12 51 
3029 10 9 51 
2926 10 11 51 
2754 11 10 51 
2583 16 11 51 
2425 17 12 51 
1888 19 12 51 
1858 7 9 51 
1827 8 10 51 
1719 9 11 51 
1662 10 10 51 
1646 17 11 51 
1635 18 12 51 
1139 19 11 51 
158 8 7 51 
80 8 9 51 
4845 9 10 51 
4625 17 10 51 
4581 18 11 51 
4278 19 10 51 
4089 8 8 51 
3848 9 9 51 
3790 18 10 51 
3675 19 9 51 
3231 9 8 51 
2679 18 9 51 
2321 19 8 51 
2303 8 6 51 
2215 9 7 51 
2203 10 8 51 
1768 14 2 51 
1323 16 10 51 
1186 17 9 51 
1072 18 8 51 
1060 8 5 51 
988 9 4 51 
857 9 6 51 
176 10 7 51 
4823 11 8 51 
4316 13 2 51 
4130 14 3 51 
3979 15 10 51 
3589 16 9 51 
3522 17 8 51 
3002 9 5 51 
2940 10 4 51 
2620 10 6 51 
2541 11 7 51 
2498 12 2 51 
2088 12 8 51 
1979 13 3 51 
1911 14 4 51 
1531 14 10 51 
932 15 9 51 
206 16 8 51 
165 10 5 51 
4516 11 4 51 
4412 11 6 51 
3968 12 3 51 
3689 12 7 51 
3632 13 4 51 
3594 13 8 51 
2810 14 9 51 
2721 15 8 51 
2528 11 5 51 
2489 12 4 51 
2354 12 6 51 
2271 13 7 51 
2255 14 8 51 
1726 12 5 51 
1554 13 6 51 
1473 14 7 51 
1420 13 5 51 
598 14 6 51 
245 15 7 51 
4317 19 7 51 
4247 14 5 51 
4039 15 6 51 
3381 16 7 51 
2974 17 0 51 
2534 18 7 51 
1950 19 0 51 
1922 19 6 51 
1919 15 5 51 
1734 16 6 51 
1601 17 1 51 
1075 17 7 51 
976 18 0 51 
628 18 6 51 
448 19 1 51 
4921 19 5 51 
4914 16 5 51 
4756 17 2 51 
4552 17 6 51 
4363 18 1 51 
4183 18 5 51 
4080 19 2 51 
4066 19 4 51 
3871 17 5 51 
3869 18 2 51 
3439 18 4 51 
3374 19 3 51 
3337 17 4 51 
2637 18 3 51 
2290 16 4 51 
1093 17 3 51 
1009 15 4 51 
372 16 3 51 
66 15 3 51 
4944 16 2 51 
3945 15 2 51 
3820 16 1 51 
3081 15 1 51 
2054 16 0 51 
1548 14 1 51 
1149 15 0 51 
8 13 1 51 
4838 14 0 51 
3699 12 1 51 
3325 13 0 51 
1678 12 0 51 
1234 18 4 64 
2315 18 1 64 
3542 16 6 65 
30 13 3 67 
2186 15 9 67 
1224 18 11 68 
1319 6 9 69 
1349 11 10 69 
352 6 8 70 
1567 12 10 69 
1695 8 14 70 
2179 11 13 70 
2314 16 14 70 
4426 3 8 71 
1270 8 15 71 
2281 12 13 71 
3484 15 14 71 
1253 3 9 72 
3779 6 12 72 
3861 18 16 71 
5019 6 14 76 
5010 0 19 76 
4980 5 14 76 
4690 6 15 76 
4674 0 16 76 
4440 0 18 76 
4078 1 19 76 
3910 5 15 76 
3686 6 16 76 
3548 11 3 76 
3481 0 17 76 
2805 1 16 76 
2765 1 18 76 
2270 2 19 76 
2214 5 16 76 
2211 6 17 76 
2184 6 19 76 
2149 10 3 76 
2133 11 0 76 
2064 11 2 76 
1804 0 0 76 
1744 1 17 76 
1686 2 16 76 
1214 2 18 76 
1051 3 19 76 
883 5 17 76 
782 5 19 76 
765 6 18 76 
663 8 4 76 
543 9 3 76 
423 10 0 76 
414 10 2 76 
336 11 1 76 
234 0 1 76 
182 0 15 76 
44 1 0 76 
4876 2 15 76 
4791 2 17 76 
4639 3 18 76 
4634 4 19 76 
4494 5 18 76 
4481 7 4 76 
4210 8 3 76 
3947 9 0 76 
3928 9 2 76 
3859 10 1 76 
3525 0 2 76 
3437 0 14 76 
2773 1 1 76 
2392 1 15 76 
2187 2 0 76 
2111 2 14 76 
2101 3 17 76 
2081 4 18 76 
2036 7 3 76 
1982 8 0 76 
1947 8 2 76 
1854 9 1 76 
1781 19 19 76 
1537 0 3 76 
1265 0 11 76 
1128 0 13 76 
983 1 2 76 
915 1 14 76 
849 2 1 76 
627 3 0 76 
623 3 16 76 
557 4 17 76 
506 7 0 76 
483 7 2 76 
250 8 1 76 
231 12 19 76 
94 18 19 76 
71 19 18 76 
24 0 4 76 
4612 0 10 76 
4431 0 12 76 
4396 1 3 76 
4282 1 11 76 
4159 1 13 76 
4158 2 2 76 
3817 3 1 76 
3640 3 15 76 
3448 4 0 76 
3129 4 16 76 
2923 6 0 76 
2853 7 1 76 
2726 11 19 76 
2692 12 18 76 
2685 13 19 76 
2674 17 19 76 
2621 18 18 76 
2579 0 5 76 
2553 0 9 76 
2507 1 4 76 
2396 1 10 76 
2142 1 12 76 
2082 2 3 76 
1709 2 13 76 
1359 3 2 76 
1174 3 14 76 
1071 4 1 76 
984 4 15 76 
833 5 0 76 
831 6 1 76 
538 10 19 76 
402 11 18 76 
371 12 17 76 
40 13 18 76 
2 14 19 76 
4949 16 19 76 
4619 17 18 76 
4273 0 6 76 
4205 0 8 76 
4197 1 5 76 
4172 1 9 76 
4004 2 4 76 
3889 2 12 76 
3847 3 3 76 
3774 3 5 76 
3650 3 13 76 
3529 4 2 76 
3378 4 14 76 
3348 5 1 76 
3110 6 2 76 
2825 7 19 76 
2681 9 19 76 
2388 10 18 76 
2350 11 17 76 
2295 13 17 76 
2154 14 18 76 
2077 15 19 76 
1697 16 18 76 
1376 0 7 76 
1241 1 6 76 
1159 1 8 76 
1094 2 5 76 
1081 2 11 76 
1031 3 4 76 
996 3 12 76 
986 4 3 76 
569 4 13 76 
568 5 2 76 
407 6 3 76 
365 7 18 76 
364 8 19 76 
298 9 18 76 
4741 10 17 76 
4599 13 16 76 
4490 14 17 76 
3879 15 18 76 
3840 1 7 76 
3657 2 6 76 
3318 2 10 76 
3160 3 11 76 
2992 4 4 76 
2955 4 12 76 
2899 5 3 76 
2750 5 11 76 
2464 6 4 76 
2197 7 5 76 
1178 7 17 76 
1162 8 18 76 
1151 9 17 76 
1077 12 16 76 
1053 13 15 76 
584 14 16 76 
570 15 17 76 
536 19 13 76 
293 19 17 76 
4829 2 7 76 
4805 2 9 76 
4663 3 6 76 
4480 3 10 76 
4290 4 5 76 
4194 4 11 76 
4063 5 4 76 
3574 5 12 76 
3450 6 5 76 
3256 6 11 76 
3252 7 6 76 
3240 7 16 76 
2865 8 17 76 
2496 11 16 76 
2117 12 15 76 
1855 13 14 76 
1733 14 11 76 
745 14 15 76 
634 15 16 76 
574 16 17 76 
464 18 13 76 
416 18 17 76 
406 19 14 76 
322 19 16 76 
4816 2 8 76 
4549 3 7 76 
3793 3 9 76 
3760 4 6 76 
3670 4 10 76 
3509 5 5 76 
3028 5 13 76 
2967 6 6 76 
2308 6 12 76 
1769 7 11 76 
1715 7 15 76 
1547 8 16 76 
1481 10 16 76 
1387 11 15 76 
1056 12 14 76 
503 13 13 76 
95 14 12 76 
74 14 14 76 
4994 15 11 76 
4953 15 15 76 
4901 16 16 76 
4864 17 17 76 
4632 18 14 76 
4532 18 16 76 
4423 19 15 76 
4415 3 8 76 
4406 4 7 76 
4195 4 9 76 
4157 5 6 76 
4133 6 13 76 
3664 7 12 76 
3274 7 14 76 
2987 8 15 76 
2912 9 16 76 
2675 10 15 76 
2644 11 14 76 
2047 12 13 76 
1969 13 12 76 
1941 14 13 76 
1513 15 12 76 
1170 15 14 76 
910 16 15 76 
743 17 16 76 
617 18 15 76 
596 4 8 76 
590 5 7 76 
390 7 13 76 
284 8 14 76 
262 9 15 76 
201 10 14 76 
4833 11 13 76 
4655 12 12 76 
4414 13 9 76 
4408 13 11 76 
4155 15 13 76 
4095 16 14 76 
3804 17 15 76 
3694 5 8 76 
3571 5 10 76 
3507 6 7 76 
3349 8 13 76 
3220 9 14 76 
3140 10 13 76 
3093 11 12 76 
2778 12 9 76 
2714 12 11 76 
2710 13 10 76 
2530 16 13 76 
2361 17 14 76 
2158 5 9 76 
1818 6 8 76 
1754 6 10 76 
1266 7 7 76 
1087 8 12 76 
761 9 13 76 
458 10 12 76 
229 11 9 76 
159 11 11 76 
107 12 10 76 
4917 16 12 76 
4909 17 13 76 
4798 6 9 76 
4643 7 8 76 
4256 7 10 76 
3976 8 11 76 
3839 9 12 76 
3683 10 9 76 
3398 10 11 76 
3295 11 10 76 
3254 16 11 76 
3123 17 12 76 
2895 19 12 76 
2783 7 9 76 
2581 8 10 76 
2537 9 11 76 
2114 10 10 76 
1896 17 11 76 
971 18 12 76 
957 19 11 76 
821 8 7 76 
742 8 9 76 
648 9 10 76 
637 17 10 76 
586 18 11 76 
520 19 10 76 
186 8 8 76 
168 9 9 76 
55 18 10 76 
42 19 9 76 
1 9 8 76 
4875 18 9 76 
4684 19 8 76 
4577 8 6 76 
4128 9 7 76 
4092 10 8 76 
4059 14 2 76 
3742 16 10 76 
3466 17 9 76 
3464 18 8 76 
3301 8 5 76 
2866 9 4 76 
2740 9 6 76 
2407 10 7 76 
2227 11 8 76 
2055 13 2 76 
1801 14 3 76 
1753 15 10 76 
1320 16 9 76 
1058 17 8 76 
1002 9 5 76 
487 10 4 76 
5016 10 6 76 
4736 11 7 76 
4650 12 2 76 
4187 12 8 76 
4057 13 3 76 
4015 14 4 76 
4010 14 10 76 
3982 15 9 76 
3795 16 8 76 
3577 10 5 76 
3414 11 4 76 
3047 11 6 76 
2806 12 3 76 
2794 12 7 76 
2780 13 4 76 
2757 13 8 76 
1384 14 9 76 
1337 15 8 76 
1226 11 5 76 
1215 12 4 76 
1016 12 6 76 
850 13 7 76 
317 14 8 76 
125 12 5 76 
4086 13 6 76 
3953 14 7 76 
3949 13 5 76 
3854 14 6 76 
3732 15 7 76 
2079 19 7 76 
1666 14 5 76 
1374 15 6 76 
1302 16 7 76 
1068 17 0 76 
730 18 7 76 
544 19 0 76 
353 19 6 76 
246 15 5 76 
4613 16 6 76 
4344 17 1 76 
4151 17 7 76 
3773 18 0 76 
3661 18 6 76 
3567 19 1 76 
2957 19 5 76 
2786 16 5 76 
2557 17 2 76 
2072 17 6 76 
1544 18 1 76 
1475 18 5 76 
1467 19 2 76 
1041 19 4 76 
1027 17 5 76 
825 18 2 76 
292 18 4 76 
236 19 3 76 
171 17 4 76 
4940 18 3 76 
3902 16 4 76 
3494 17 3 76 
3357 15 4 76 
1469 16 3 76 
4286 15 3 76 
3385 16 2 76 
2924 15 2 76 
2755 16 1 76 
2651 15 1 76 
2403 16 0 76 
1299 14 1 76 
1095 15 0 76 
921 13 1 76 
771 14 0 76 
4890 12 1 76 
4772 13 0 76 
4758 12 0 76 
642 18 4 90 
1956 18 1 90 
759 16 6 90 
1619 13 3 92 
1958 15 9 92 
4508 18 11 94 
253 6 9 94 
413 11 10 94 
931 6 8 95 
735 12 10 95 
1978 8 14 96 
2263 11 13 95 
2885 16 14 95 
814 3 8 96 
2451 8 15 96 
2635 12 13 96 
3283 15 14 96 
4379 3 9 97 
4428 6 12 97 
677 18 16 96 
3062 3 10 98 
