1816
5922 19 10 1 
5837 13 19 1 
5381 18 10 1 
5254 19 11 1 
5237 19 19 1 
5156 13 18 1 
5065 14 19 1 
4958 17 10 1 
4788 18 11 1 
4750 18 19 1 
4566 19 12 1 
4434 19 18 1 
4412 13 17 1 
4405 14 18 1 
4351 15 19 1 
4140 16 10 1 
4131 17 11 1 
4061 17 19 1 
3833 18 12 1 
3090 18 18 1 
3029 19 13 1 
2919 19 17 1 
2778 0 9 1 
2651 14 17 1 
2635 15 18 1 
2633 16 11 1 
2437 16 19 1 
2429 17 12 1 
1922 17 18 1 
1778 18 13 1 
1339 18 17 1 
1197 19 14 1 
1162 19 16 1 
1093 0 10 1 
592 1 9 1 
590 15 17 1 
483 16 12 1 
392 16 18 1 
179 17 13 1 
71 17 17 1 
6112 18 14 1 
6055 18 16 1 
6016 19 15 1 
5736 0 11 1 
5556 0 19 1 
5387 1 10 1 
4969 2 9 1 
4773 16 13 1 
4445 16 17 1 
4239 17 14 1 
4120 17 16 1 
3848 18 15 1 
3687 0 12 1 
3660 0 18 1 
3532 1 11 1 
3251 1 19 1 
3181 2 10 1 
3021 3 9 1 
2986 16 14 1 
2914 16 16 1 
2673 17 15 1 
2567 0 13 1 
2541 0 17 1 
2482 1 12 1 
2466 1 18 1 
2361 2 11 1 
2258 2 19 1 
2122 3 10 1 
1925 4 9 1 
1653 12 19 1 
1442 15 14 1 
1415 15 16 1 
1388 16 15 1 
1292 0 0 1 
671 0 14 1 
644 0 16 1 
526 1 13 1 
277 1 17 1 
272 2 12 1 
255 2 18 1 
87 3 11 1 
5901 3 19 1 
5844 4 10 1 
5731 11 19 1 
4915 12 18 1 
4607 14 14 1 
4314 14 16 1 
4249 15 15 1 
4134 0 1 1 
4091 0 15 1 
3959 1 0 1 
3891 1 14 1 
3837 1 16 1 
3657 2 13 1 
3545 2 17 1 
3491 3 12 1 
3423 3 18 1 
3334 4 11 1 
3158 4 19 1 
3005 10 19 1 
2738 11 18 1 
2521 12 17 1 
2329 13 14 1 
2195 13 16 1 
2059 14 15 1 
1699 0 2 1 
1424 1 1 1 
991 1 15 1 
887 2 0 1 
707 2 14 1 
703 2 16 1 
647 3 13 1 
549 3 17 1 
510 4 12 1 
475 4 18 1 
434 5 19 1 
351 9 19 1 
240 10 18 1 
156 11 17 1 
4 12 14 1 
6268 12 16 1 
6023 13 15 1 
5974 0 3 1 
5380 1 2 1 
5100 2 1 1 
5081 2 15 1 
4996 3 0 1 
4875 3 14 1 
4581 3 16 1 
4290 4 13 1 
3932 4 17 1 
3901 5 18 1 
3709 6 19 1 
3708 8 19 1 
3529 9 18 1 
3118 10 17 1 
2534 11 16 1 
2514 12 15 1 
2450 0 4 1 
1968 1 3 1 
1479 2 2 1 
1454 3 1 1 
1430 3 15 1 
1300 4 0 1 
1156 4 14 1 
1150 4 16 1 
956 5 17 1 
751 6 18 1 
559 7 19 1 
497 8 18 1 
267 9 17 1 
45 10 16 1 
6254 11 15 1 
6121 0 5 1 
5989 1 4 1 
5909 2 3 1 
5904 3 2 1 
5823 4 1 1 
5661 4 15 1 
5645 5 0 1 
5630 5 16 1 
5455 6 17 1 
5422 7 18 1 
5393 8 17 1 
5356 9 16 1 
5066 10 15 1 
4422 0 6 1 
4356 1 5 1 
3886 2 4 1 
3668 3 3 1 
3503 4 2 1 
3192 5 1 1 
3130 5 9 1 
2491 5 15 1 
2444 6 0 1 
2241 6 16 1 
2124 7 17 1 
1973 8 16 1 
1821 9 15 1 
1739 0 7 1 
1194 1 6 1 
1128 2 5 1 
1064 3 4 1 
982 4 3 1 
881 5 2 1 
842 5 10 1 
177 5 14 1 
6169 6 1 1 
5998 6 9 1 
5990 6 15 1 
5805 7 0 1 
5744 7 16 1 
5510 8 15 1 
5462 11 0 1 
4912 0 8 1 
4852 1 7 1 
4762 2 6 1 
4739 3 5 1 
4335 4 4 1 
4128 5 3 1 
4116 5 11 1 
3974 5 13 1 
3966 6 2 1 
3914 6 10 1 
3863 6 14 1 
3835 7 1 1 
3714 7 9 1 
3703 7 15 1 
3635 8 0 1 
3538 10 0 1 
3537 11 1 1 
2924 1 8 1 
2780 2 7 1 
2666 3 6 1 
2546 4 5 1 
2545 5 4 1 
2460 5 12 1 
2343 6 3 1 
2245 6 11 1 
1963 6 13 1 
1505 7 2 1 
1267 7 10 1 
1228 7 14 1 
1196 8 1 1 
683 8 9 1 
498 9 0 1 
470 10 1 1 
411 11 2 1 
353 2 8 1 
13 3 7 1 
6152 4 6 1 
6126 5 5 1 
6106 6 4 1 
6050 6 12 1 
6012 7 3 1 
5917 7 11 1 
5853 7 13 1 
5788 8 2 1 
5647 8 10 1 
5509 8 14 1 
5112 9 1 1 
4810 10 2 1 
4712 11 3 1 
4308 3 8 1 
3760 4 7 1 
3435 5 6 1 
3372 6 5 1 
3099 7 4 1 
3080 7 12 1 
2983 8 3 1 
2920 8 11 1 
2645 8 13 1 
2489 9 2 1 
2445 9 14 1 
2173 10 3 1 
1374 11 4 1 
1067 4 8 1 
832 5 7 1 
815 6 6 1 
769 7 5 1 
661 8 4 1 
448 8 12 1 
300 9 3 1 
5491 9 13 1 
5264 10 4 1 
4778 10 14 1 
4720 5 8 1 
4467 6 7 1 
3789 7 6 1 
3735 8 5 1 
3715 9 4 1 
3683 9 12 1 
3667 10 13 1 
3239 11 14 1 
2807 6 8 1 
2522 7 7 1 
1172 8 6 1 
1054 9 5 1 
544 9 9 1 
6153 9 11 1 
6067 10 12 1 
5665 11 13 1 
5278 7 8 1 
5232 8 7 1 
4747 9 6 1 
4510 9 10 1 
4105 10 5 1 
4062 10 11 1 
4053 11 12 1 
3186 12 13 1 
3036 8 8 1 
3018 9 7 1 
2621 10 6 1 
2547 10 10 1 
2115 11 5 1 
2044 11 11 1 
1364 12 12 1 
1290 13 13 1 
1199 9 8 1 
1175 10 7 1 
680 10 9 1 
573 11 6 1 
438 11 10 1 
314 12 11 1 
6288 13 12 1 
6243 14 13 1 
6128 10 8 1 
5798 11 7 1 
5783 11 9 1 
5505 12 10 1 
5257 13 11 1 
4794 14 12 1 
4506 15 13 1 
4481 19 9 1 
4276 11 8 1 
3275 12 9 1 
3184 13 10 1 
2979 14 11 1 
2274 15 12 1 
1933 18 9 1 
1713 19 8 1 
1548 12 8 1 
765 13 9 1 
295 14 10 1 
126 15 11 1 
111 17 9 1 
8 18 8 1 
5459 19 7 1 
5441 12 7 1 
4868 13 8 1 
4452 14 9 1 
3767 15 10 1 
3554 16 9 1 
3464 17 8 1 
3191 18 7 1 
2887 12 6 1 
2827 13 7 1 
2398 14 8 1 
1408 15 9 1 
1334 16 8 1 
164 17 7 1 
6170 12 5 1 
5517 13 6 1 
5236 14 7 1 
5067 15 8 1 
4523 16 7 1 
4369 12 4 1 
3936 13 5 1 
2352 14 6 1 
2341 15 7 1 
1679 12 3 1 
1616 13 4 1 
103 14 5 1 
5858 15 6 1 
5528 12 2 1 
5276 13 3 1 
4092 14 4 1 
3289 15 5 1 
3259 16 6 1 
3108 12 1 1 
2892 13 2 1 
2657 14 3 1 
2494 15 4 1 
2375 16 5 1 
1200 17 6 1 
924 19 6 1 
5982 12 0 1 
5845 13 1 1 
2465 14 2 1 
1738 15 3 1 
1598 16 4 1 
1553 17 5 1 
1274 18 6 1 
631 19 5 1 
576 13 0 1 
398 14 1 1 
152 15 2 1 
6022 16 3 1 
5819 17 4 1 
5635 18 5 1 
5611 19 4 1 
5537 14 0 1 
3798 15 1 1 
3749 16 2 1 
3137 17 3 1 
2432 18 4 1 
1409 19 3 1 
1375 15 0 1 
1012 16 1 1 
749 17 2 1 
26 18 3 1 
6228 19 2 1 
5662 16 0 1 
4368 17 1 1 
3640 18 2 1 
1714 19 1 1 
5849 17 0 1 
5704 18 1 1 
5680 19 0 1 
5527 18 0 1 
2592 18 1 12 
2582 17 1 13 
4990 18 2 13 
2577 16 1 14 
3131 17 2 14 
241 18 3 14 
1037 15 1 14 
2130 16 2 14 
2401 17 3 14 
4534 18 4 14 
250 14 1 15 
5676 15 2 15 
5841 17 4 14 
47 18 5 14 
1263 13 1 15 
1660 14 2 15 
2399 17 5 15 
3992 13 2 16 
4298 14 3 16 
6183 13 3 16 
712 14 4 16 
916 13 4 17 
3925 14 5 17 
5546 13 5 17 
5893 14 6 17 
198 13 6 17 
233 14 7 17 
266 15 8 17 
454 13 7 18 
3540 16 8 18 
3742 17 8 18 
4956 18 8 19 
232 12 9 19 
322 11 9 19 
2024 14 12 19 
3824 10 7 20 
157 11 10 20 
6181 9 7 20 
870 10 6 20 
895 11 11 20 
1306 8 7 20 
3271 9 6 20 
5804 10 11 20 
696 7 7 21 
778 8 6 21 
1099 10 12 20 
1934 6 7 21 
2207 8 5 21 
4241 10 13 21 
5019 5 7 22 
6196 19 10 26 
5746 13 19 26 
5710 18 10 26 
5678 19 11 26 
5480 19 19 26 
5477 13 18 26 
5110 14 19 26 
5083 17 10 26 
5055 18 11 26 
5053 18 19 26 
4887 19 12 26 
4577 19 18 26 
4446 13 17 26 
4410 14 18 26 
4326 15 19 26 
3900 16 10 26 
3337 17 11 26 
3330 17 19 26 
3224 18 12 26 
3114 18 18 26 
3033 19 13 26 
2962 19 17 26 
2662 0 9 26 
2451 14 17 26 
2233 15 18 26 
2139 16 11 26 
2131 16 19 26 
1928 17 12 26 
1852 17 18 26 
1438 18 13 26 
1376 18 17 26 
1243 19 14 26 
1110 19 16 26 
1098 0 10 26 
794 1 9 26 
5910 15 17 26 
5820 16 12 26 
5811 16 18 26 
5708 17 13 26 
5532 17 17 26 
5286 18 14 26 
5082 18 16 26 
5068 19 15 26 
5017 0 11 26 
5007 0 19 26 
4917 1 10 26 
4863 2 9 26 
4560 16 13 26 
4334 16 17 26 
4170 17 14 26 
4166 17 16 26 
4159 18 15 26 
4151 0 12 26 
3993 0 18 26 
3549 1 11 26 
3548 1 19 26 
3138 2 10 26 
2814 3 9 26 
2744 16 14 26 
2712 16 16 26 
2678 17 15 26 
2454 0 13 26 
2439 0 17 26 
2388 1 12 26 
2142 1 18 26 
1818 2 11 26 
1697 2 19 26 
1689 3 10 26 
748 4 9 26 
63 12 19 26 
6281 15 14 26 
6224 15 16 26 
6159 16 15 26 
6011 0 0 26 
5981 0 14 26 
5826 0 16 26 
5551 1 13 26 
5230 1 17 26 
5023 2 12 26 
4724 2 18 26 
4665 3 11 26 
4211 3 19 26 
4165 4 10 26 
3872 11 19 26 
3853 12 18 26 
3839 14 14 26 
3694 14 16 26 
3552 15 15 26 
3447 0 1 26 
3257 0 15 26 
2518 1 0 26 
2240 1 14 26 
1876 1 16 26 
1768 2 13 26 
773 2 17 26 
609 3 12 26 
318 3 18 26 
218 4 11 26 
151 4 19 26 
6164 10 19 26 
6134 11 18 26 
6010 12 17 26 
5885 13 14 26 
5592 13 16 26 
5584 14 15 26 
5500 0 2 26 
5457 1 1 26 
5194 1 15 26 
4883 2 0 26 
4756 2 14 26 
4627 2 16 26 
3923 3 13 26 
3728 3 17 26 
3636 4 12 26 
3512 4 18 26 
3202 5 19 26 
2871 9 19 26 
2536 10 18 26 
2452 11 17 26 
2428 12 14 26 
2317 12 16 26 
2230 13 15 26 
2055 0 3 26 
2029 1 2 26 
1806 2 1 26 
1752 2 15 26 
1322 3 0 26 
1005 3 14 26 
861 3 16 26 
657 4 13 26 
545 4 17 26 
296 5 18 26 
5925 6 19 26 
5723 8 19 26 
5689 9 18 26 
5673 10 17 26 
5538 11 16 26 
5531 12 15 26 
5526 0 4 26 
5486 1 3 26 
5216 2 2 26 
4839 3 1 26 
4764 3 15 26 
4723 4 0 26 
4711 4 14 26 
4703 4 16 26 
4667 5 17 26 
4563 6 18 26 
4525 7 19 26 
4438 8 18 26 
4289 9 17 26 
4035 10 16 26 
4023 11 15 26 
3892 0 5 26 
3514 1 4 26 
3354 2 3 26 
3308 3 2 26 
3174 4 1 26 
3127 4 15 26 
3013 5 0 26 
3010 5 16 26 
2868 6 17 26 
2769 7 18 26 
2636 8 17 26 
2453 9 16 26 
2368 10 15 26 
2314 0 6 26 
2197 1 5 26 
1656 2 4 26 
1501 3 3 26 
1329 4 2 26 
849 5 1 26 
825 5 9 26 
408 5 15 26 
384 6 0 26 
340 6 16 26 
67 7 17 26 
5986 8 16 26 
5964 9 15 26 
5807 0 7 26 
5773 1 6 26 
5600 2 5 26 
5376 3 4 26 
5345 4 3 26 
5323 5 2 26 
4965 5 10 26 
4676 5 14 26 
4625 6 1 26 
4544 6 9 26 
4407 6 15 26 
4251 7 0 26 
4152 7 16 26 
3989 8 15 26 
3943 11 0 26 
3345 0 8 26 
2867 1 7 26 
2821 2 6 26 
2559 3 5 26 
2497 4 4 26 
1953 5 3 26 
1948 5 11 26 
1943 5 13 26 
1809 6 2 26 
1575 6 10 26 
1261 6 14 26 
1089 7 1 26 
1072 7 9 26 
938 7 15 26 
547 8 0 26 
507 10 0 26 
367 11 1 26 
166 1 8 26 
116 2 7 26 
6262 3 6 26 
6177 4 5 26 
6065 5 4 26 
5973 5 12 26 
5830 6 3 26 
5781 6 11 26 
5184 6 13 26 
5117 7 2 26 
4901 7 10 26 
4765 7 14 26 
4579 8 1 26 
4498 8 9 26 
4255 9 0 26 
4215 10 1 26 
4137 11 2 26 
3783 2 8 26 
3674 3 7 26 
3476 4 6 26 
3064 5 5 26 
2318 6 4 26 
1755 6 12 26 
1380 7 3 26 
753 7 11 26 
127 7 13 26 
46 8 2 26 
6275 8 10 26 
6062 8 14 26 
5871 9 1 26 
5488 10 2 26 
5446 11 3 26 
5287 3 8 26 
5136 4 7 26 
5095 5 6 26 
4918 6 5 26 
4880 7 4 26 
4799 7 12 26 
4106 8 3 26 
4056 8 11 26 
3895 8 13 26 
3738 9 2 26 
3669 9 14 26 
3397 10 3 26 
2737 11 4 26 
2688 4 8 26 
2625 5 7 26 
2623 6 6 26 
2473 7 5 26 
2409 8 4 26 
2389 8 12 26 
2194 9 3 26 
2176 9 13 26 
2081 10 4 26 
1975 10 14 26 
1592 5 8 26 
1246 6 7 26 
1159 7 6 26 
1092 8 5 26 
666 9 4 26 
466 9 12 26 
338 10 13 26 
5897 11 14 26 
5309 6 8 26 
4469 7 7 26 
4443 8 6 26 
4425 9 5 26 
4409 9 9 26 
4149 9 11 26 
3940 10 12 26 
3935 11 13 26 
3933 7 8 26 
3816 8 7 26 
3788 9 6 26 
3634 9 10 26 
3493 10 5 26 
3071 10 11 26 
2990 11 12 26 
2722 12 13 26 
1997 8 8 26 
1796 9 7 26 
1466 10 6 26 
1215 10 10 26 
1142 11 5 26 
558 11 11 26 
301 12 12 26 
6291 13 13 26 
6220 9 8 26 
6184 10 7 26 
5900 10 9 26 
5246 11 6 26 
5243 11 10 26 
4851 12 11 26 
4448 13 12 26 
3887 14 13 26 
3774 10 8 26 
2324 11 7 26 
1849 11 9 26 
1518 12 10 26 
1309 13 11 26 
974 14 12 26 
6186 15 13 26 
6078 19 9 26 
6038 11 8 26 
5793 12 9 26 
5750 13 10 26 
5539 14 11 26 
5149 15 12 26 
5003 18 9 26 
5001 19 8 26 
4618 12 8 26 
4312 13 9 26 
4171 14 10 26 
4055 15 11 26 
3927 17 9 26 
3448 18 8 26 
3439 19 7 26 
2899 12 7 26 
2471 13 8 26 
2386 14 9 26 
1459 15 10 26 
1028 16 9 26 
964 17 8 26 
884 18 7 26 
770 12 6 26 
254 13 7 26 
5835 14 8 26 
5357 15 9 26 
4872 16 8 26 
4688 17 7 26 
4480 12 5 26 
2468 13 6 26 
2237 14 7 26 
2068 15 8 26 
1446 16 7 26 
1008 12 4 26 
814 13 5 26 
525 14 6 26 
5189 15 7 26 
5138 12 3 26 
5041 13 4 26 
4989 14 5 26 
4860 15 6 26 
4555 12 2 26 
4413 13 3 26 
4214 14 4 26 
3997 15 5 26 
3802 16 6 26 
2751 12 1 26 
2297 13 2 26 
2125 14 3 26 
1421 15 4 26 
804 16 5 26 
663 17 6 26 
182 19 6 26 
145 12 0 26 
90 13 1 26 
5667 14 2 26 
5178 15 3 26 
5102 16 4 26 
4705 17 5 26 
3991 18 6 26 
3883 19 5 26 
3753 13 0 26 
3276 14 1 26 
2730 15 2 26 
2114 16 3 26 
1546 17 4 26 
1134 18 5 26 
983 19 4 26 
187 14 0 26 
5697 15 1 26 
4815 16 2 26 
4479 17 3 26 
3945 18 4 26 
3584 19 3 26 
3065 15 0 26 
2944 16 1 26 
2875 17 2 26 
2354 18 3 26 
1863 19 2 26 
486 16 0 26 
6173 17 1 26 
1790 18 2 26 
1359 19 1 26 
420 17 0 26 
5632 18 1 26 
5558 19 0 26 
4829 18 0 26 
928 18 1 37 
462 17 1 38 
552 18 2 38 
1803 16 1 39 
3051 17 2 39 
3092 18 3 39 
3484 15 1 39 
4181 16 2 39 
4789 17 3 39 
582 18 4 39 
3843 14 1 40 
783 15 2 40 
1049 17 4 40 
3370 18 5 40 
5542 13 1 41 
258 14 2 40 
553 17 5 40 
2782 13 2 41 
4717 14 3 41 
886 13 3 41 
1183 14 4 41 
2630 13 4 41 
3165 14 5 41 
3188 13 5 42 
3379 14 6 42 
3615 13 6 42 
4127 14 7 42 
4209 15 8 42 
1694 13 7 43 
1917 16 8 42 
2455 17 8 43 
2839 18 8 43 
2854 12 9 43 
518 11 9 44 
1209 14 12 44 
1624 10 7 44 
2285 11 10 44 
3451 9 7 45 
904 10 6 45 
1413 11 11 45 
1720 8 7 45 
3691 9 6 45 
3741 10 11 45 
5833 7 7 45 
6122 8 6 45 
93 10 12 45 
2186 6 7 46 
2206 8 5 46 
2906 10 13 46 
3418 5 7 46 
4363 8 4 46 
378 9 3 46 
634 9 13 46 
723 4 7 46 
1494 7 4 46 
2018 7 12 46 
2355 8 13 46 
3622 9 2 46 
5741 10 3 46 
6257 19 10 51 
6053 13 19 51 
5603 18 10 51 
5466 19 11 51 
5405 19 19 51 
4651 13 18 51 
4588 14 19 51 
4524 17 10 51 
4353 18 11 51 
4042 18 19 51 
3832 19 12 51 
3756 19 18 51 
3534 13 17 51 
3364 14 18 51 
3041 15 19 51 
2585 16 10 51 
2308 17 11 51 
2307 17 19 51 
2157 18 12 51 
2105 18 18 51 
2071 19 13 51 
1823 19 17 51 
1618 0 9 51 
1614 14 17 51 
1498 15 18 51 
1050 16 11 51 
1024 16 19 51 
668 17 12 51 
645 17 18 51 
6277 18 13 51 
6206 18 17 51 
6115 19 14 51 
6109 19 16 51 
5850 0 10 51 
5722 1 9 51 
5525 15 17 51 
5497 16 12 51 
5404 16 18 51 
4998 17 13 51 
4687 17 17 51 
4291 18 14 51 
4133 18 16 51 
4059 19 15 51 
4013 0 11 51 
3598 0 19 51 
3590 1 10 51 
3536 2 9 51 
3458 16 13 51 
3409 16 17 51 
3273 17 14 51 
3035 17 16 51 
2903 18 15 51 
2600 0 12 51 
2337 0 18 51 
2235 1 11 51 
2140 1 19 51 
2008 2 10 51 
1903 3 9 51 
1892 16 14 51 
1234 16 16 51 
1108 17 15 51 
1100 0 13 51 
882 0 17 51 
805 1 12 51 
799 1 18 51 
685 2 11 51 
604 2 19 51 
489 3 10 51 
366 4 9 51 
270 12 19 51 
6285 15 14 51 
5969 15 16 51 
5945 16 15 51 
5895 0 0 51 
5777 0 14 51 
5734 0 16 51 
5593 1 13 51 
5554 1 17 51 
5529 2 12 51 
5478 2 18 51 
5242 3 11 51 
5047 3 19 51 
4866 4 10 51 
4628 11 19 51 
4406 12 18 51 
4280 14 14 51 
4060 14 16 51 
3964 15 15 51 
3724 0 1 51 
3680 0 15 51 
3666 1 0 51 
3601 1 14 51 
3518 1 16 51 
3441 2 13 51 
2985 2 17 51 
2879 3 12 51 
2822 3 18 51 
2728 4 11 51 
2483 4 19 51 
2231 10 19 51 
2134 11 18 51 
1840 12 17 51 
1815 13 14 51 
1748 13 16 51 
1476 14 15 51 
1250 0 2 51 
1173 1 1 51 
1119 1 15 51 
1074 2 0 51 
1057 2 14 51 
841 2 16 51 
760 3 13 51 
692 3 17 51 
440 4 12 51 
337 4 18 51 
204 5 19 51 
200 9 19 51 
6192 10 18 51 
6005 11 17 51 
5980 12 14 51 
5951 12 16 51 
5816 13 15 51 
5765 0 3 51 
5621 1 2 51 
5562 2 1 51 
5442 2 15 51 
5408 3 0 51 
5198 3 14 51 
4809 3 16 51 
4780 4 13 51 
4633 4 17 51 
4623 5 18 51 
4383 6 19 51 
4367 8 19 51 
4200 9 18 51 
3671 10 17 51 
3533 11 16 51 
3524 12 15 51 
3319 0 4 51 
3220 1 3 51 
2943 2 2 51 
2858 3 1 51 
2790 3 15 51 
2761 4 0 51 
2552 4 14 51 
2107 4 16 51 
1773 5 17 51 
1567 6 18 51 
1522 7 19 51 
1516 8 18 51 
599 9 17 51 
520 10 16 51 
261 11 15 51 
184 0 5 51 
128 1 4 51 
6197 2 3 51 
6097 3 2 51 
6092 4 1 51 
5757 4 15 51 
5669 5 0 51 
5490 5 16 51 
5483 6 17 51 
5200 7 18 51 
5155 8 17 51 
5050 9 16 51 
5042 10 15 51 
4847 0 6 51 
4609 1 5 51 
4429 2 4 51 
4218 3 3 51 
4112 4 2 51 
3642 5 1 51 
3627 5 9 51 
3392 5 15 51 
3375 6 0 51 
3294 6 16 51 
3293 7 17 51 
3262 8 16 51 
3091 9 15 51 
2736 0 7 51 
2709 1 6 51 
2690 2 5 51 
2509 3 4 51 
2099 4 3 51 
1597 5 2 51 
1538 5 10 51 
1016 5 14 51 
681 6 1 51 
487 6 9 51 
390 6 15 51 
265 7 0 51 
7 7 16 51 
6286 8 15 51 
5954 11 0 51 
5743 0 8 51 
5503 1 7 51 
5279 2 6 51 
5183 3 5 51 
5108 4 4 51 
5002 5 3 51 
4923 5 11 51 
4831 5 13 51 
4240 6 2 51 
4132 6 10 51 
4072 6 14 51 
4010 7 1 51 
3560 7 9 51 
3485 7 15 51 
2852 8 0 51 
2768 10 0 51 
2704 11 1 51 
2530 1 8 51 
2406 2 7 51 
2294 3 6 51 
2257 4 5 51 
2098 5 4 51 
1651 5 12 51 
1497 6 3 51 
1465 6 11 51 
1398 6 13 51 
1207 7 2 51 
914 7 10 51 
476 7 14 51 
16 8 1 51 
6252 8 9 51 
5939 9 0 51 
5911 10 1 51 
5720 11 2 51 
5536 2 8 51 
5413 3 7 51 
5229 4 6 51 
5040 5 5 51 
4957 6 4 51 
4857 6 12 51 
4685 7 3 51 
4621 7 11 51 
4537 7 13 51 
4031 8 2 51 
3748 8 10 51 
3700 8 14 51 
3585 9 1 51 
3425 10 2 51 
3389 11 3 51 
3307 3 8 51 
2848 4 7 51 
2767 5 6 51 
2594 6 5 51 
2273 7 4 51 
2133 7 12 51 
1847 8 3 51 
1617 8 11 51 
1565 8 13 51 
1536 9 2 51 
1394 9 14 51 
1216 10 3 51 
1104 11 4 51 
1082 4 8 51 
948 5 7 51 
856 6 6 51 
787 7 5 51 
786 8 4 51 
767 8 12 51 
758 9 3 51 
593 9 13 51 
316 10 4 51 
109 10 14 51 
107 5 8 51 
6260 6 7 51 
6074 7 6 51 
5759 8 5 51 
5660 9 4 51 
5093 9 12 51 
4858 10 13 51 
4475 11 14 51 
4423 6 8 51 
4311 7 7 51 
4257 8 6 51 
3502 9 5 51 
2934 9 9 51 
2817 9 11 51 
2658 10 12 51 
2365 11 13 51 
2119 7 8 51 
931 8 7 51 
714 9 6 51 
202 9 10 51 
91 10 5 51 
4663 10 11 51 
4617 11 12 51 
4557 12 13 51 
4533 8 8 51 
4495 9 7 51 
4208 10 6 51 
3954 10 10 51 
3951 11 5 51 
3399 11 11 51 
2945 12 12 51 
2156 13 13 51 
1837 9 8 51 
1631 10 7 51 
1603 10 9 51 
1319 11 6 51 
1129 11 10 51 
868 12 11 51 
859 13 12 51 
563 14 13 51 
52 10 8 51 
39 11 7 51 
5962 11 9 51 
5440 12 10 51 
5153 13 11 51 
4690 14 12 51 
4686 15 13 51 
4492 19 9 51 
4329 11 8 51 
3723 12 9 51 
3603 13 10 51 
3344 14 11 51 
2829 15 12 51 
2535 18 9 51 
2292 19 8 51 
1939 12 8 51 
1453 13 9 51 
1342 14 10 51 
1298 15 11 51 
1283 17 9 51 
682 18 8 51 
6283 19 7 51 
6160 12 7 51 
5991 13 8 51 
5652 14 9 51 
5281 15 10 51 
5169 16 9 51 
4504 17 8 51 
2917 18 7 51 
2183 12 6 51 
2179 13 7 51 
2031 14 8 51 
2004 15 9 51 
1783 16 8 51 
1345 17 7 51 
1304 12 5 51 
1221 13 6 51 
1056 14 7 51 
968 15 8 51 
919 16 7 51 
891 12 4 51 
701 13 5 51 
506 14 6 51 
356 15 7 51 
5946 12 3 51 
5880 13 4 51 
5626 14 5 51 
5252 15 6 51 
4919 12 2 51 
4905 13 3 51 
4219 14 4 51 
4177 15 5 51 
3889 16 6 51 
3467 12 1 51 
3189 13 2 51 
3126 14 3 51 
2987 15 4 51 
2332 16 5 51 
2069 17 6 51 
2046 19 6 51 
1444 12 0 51 
257 13 1 51 
6143 14 2 51 
6026 15 3 51 
5782 16 4 51 
5530 17 5 51 
5454 18 6 51 
5290 19 5 51 
4398 13 0 51 
4096 14 1 51 
4076 15 2 51 
3229 16 3 51 
3136 17 4 51 
2201 18 5 51 
1573 19 4 51 
193 14 0 51 
5364 15 1 51 
1957 16 2 51 
1352 17 3 51 
6230 18 4 51 
6033 19 3 51 
4637 15 0 51 
3801 16 1 51 
3161 17 2 51 
2832 18 3 51 
1686 19 2 51 
141 16 0 51 
4296 17 1 51 
4180 18 2 51 
2641 19 1 51 
2435 17 0 51 
2226 18 1 51 
1861 19 0 51 
1619 18 0 51 
2425 18 1 63 
1106 17 1 63 
2214 18 2 63 
5221 16 1 64 
368 17 2 64 
536 18 3 64 
763 15 1 65 
4235 16 2 65 
4675 17 3 65 
602 18 4 64 
1789 14 1 66 
5086 15 2 66 
5492 17 4 66 
1510 18 5 66 
1520 13 1 67 
1643 14 2 66 
3369 17 5 66 
4147 13 2 67 
6111 14 3 67 
1148 13 3 67 
1302 14 4 67 
2287 13 4 67 
4172 14 5 67 
5350 13 5 68 
260 14 6 68 
371 13 6 68 
1874 14 7 68 
2166 15 8 68 
2793 13 7 68 
3258 16 8 68 
4541 17 8 68 
4954 18 8 69 
4971 12 9 69 
6051 11 9 69 
6091 14 12 69 
3773 10 7 70 
4198 11 10 70 
5079 9 7 70 
5174 10 6 70 
5511 11 11 70 
56 8 7 71 
1734 9 6 71 
4212 10 11 70 
421 7 7 71 
1607 8 6 71 
1639 10 12 71 
2876 6 7 71 
3066 8 5 71 
3241 10 13 71 
6267 5 7 72 
6287 8 4 72 
6195 19 10 76 
6174 13 19 76 
6100 18 10 76 
6082 19 11 76 
6044 19 19 76 
5873 13 18 76 
5869 14 19 76 
5756 17 10 76 
5439 18 11 76 
5282 18 19 76 
5272 19 12 76 
4644 19 18 76 
4175 13 17 76 
4066 14 18 76 
3806 15 19 76 
3679 16 10 76 
3489 17 11 76 
3201 17 19 76 
3047 18 12 76 
2464 18 18 76 
2442 19 13 76 
2190 19 17 76 
1962 0 9 76 
1764 14 17 76 
1652 15 18 76 
1503 16 11 76 
922 16 19 76 
854 17 12 76 
603 17 18 76 
591 18 13 76 
480 18 17 76 
6261 19 14 76 
5843 19 16 76 
5705 0 10 76 
5578 1 9 76 
5240 15 17 76 
5139 16 12 76 
4798 16 18 76 
4768 17 13 76 
4503 17 17 76 
4270 18 14 76 
4048 18 16 76 
4038 19 15 76 
3917 0 11 76 
3842 0 19 76 
3811 1 10 76 
3763 2 9 76 
3716 16 13 76 
3701 16 17 76 
3440 17 14 76 
3348 17 16 76 
3057 18 15 76 
3039 0 12 76 
2904 0 18 76 
2699 1 11 76 
2671 1 19 76 
2500 2 10 76 
2487 3 9 76 
2002 16 14 76 
1728 16 16 76 
1718 17 15 76 
1587 0 13 76 
1580 0 17 76 
1428 1 12 76 
1034 1 18 76 
930 2 11 76 
839 2 19 76 
741 3 10 76 
708 4 9 76 
689 12 19 76 
571 15 14 76 
538 15 16 76 
388 16 15 76 
276 0 0 76 
112 0 14 76 
78 0 16 76 
6218 1 13 76 
6167 1 17 76 
6093 2 12 76 
6019 2 18 76 
5789 3 11 76 
5552 3 19 76 
5516 4 10 76 
5296 11 19 76 
5008 12 18 76 
4696 14 14 76 
4660 14 16 76 
4440 15 15 76 
4394 0 1 76 
4323 0 15 76 
4300 1 0 76 
4179 1 14 76 
3893 1 16 76 
3818 2 13 76 
3693 2 17 76 
3356 3 12 76 
3264 3 18 76 
2970 4 11 76 
2913 4 19 76 
2779 10 19 76 
2652 11 18 76 
2383 12 17 76 
2009 13 14 76 
1560 13 16 76 
1559 14 15 76 
1256 0 2 76 
1077 1 1 76 
519 1 15 76 
479 2 0 76 
419 2 14 76 
320 2 16 76 
306 3 13 76 
160 3 17 76 
6201 4 12 76 
6180 4 18 76 
6049 5 19 76 
5941 9 19 76 
5711 10 18 76 
5685 11 17 76 
5402 12 14 76 
5327 12 16 76 
5224 13 15 76 
5071 0 3 76 
4793 1 2 76 
4619 2 1 76 
4589 2 15 76 
4569 3 0 76 
4370 3 14 76 
4325 3 16 76 
4247 4 13 76 
4238 4 17 76 
4022 5 18 76 
3910 6 19 76 
3830 8 19 76 
3726 9 18 76 
3659 10 17 76 
3611 11 16 76 
3607 12 15 76 
3173 0 4 76 
3148 1 3 76 
3097 2 2 76 
2446 3 1 76 
2404 3 15 76 
2342 4 0 76 
2094 4 14 76 
2045 4 16 76 
1882 5 17 76 
1625 6 18 76 
1314 7 19 76 
174 8 18 76 
6240 9 17 76 
6189 10 16 76 
6147 11 15 76 
5957 0 5 76 
5916 1 4 76 
5683 2 3 76 
5602 3 2 76 
5378 4 1 76 
5092 4 15 76 
4833 5 0 76 
4730 5 16 76 
4584 6 17 76 
4416 7 18 76 
4301 8 17 76 
3926 9 16 76 
3762 10 15 76 
3376 0 6 76 
2838 1 5 76 
2726 2 4 76 
2488 3 3 76 
2478 4 2 76 
2283 5 1 76 
2203 5 9 76 
2171 5 15 76 
1832 6 0 76 
1774 6 16 76 
1635 7 17 76 
1350 8 16 76 
973 9 15 76 
966 0 7 76 
403 1 6 76 
283 2 5 76 
89 3 4 76 
6076 4 3 76 
5729 5 2 76 
5653 5 10 76 
5513 5 14 76 
5494 6 1 76 
5335 6 9 76 
5205 6 15 76 
4926 7 0 76 
4740 7 16 76 
4547 8 15 76 
4485 11 0 76 
4321 0 8 76 
4094 1 7 76 
4021 2 6 76 
3949 3 5 76 
3867 4 4 76 
3862 5 3 76 
3744 5 11 76 
3677 5 13 76 
3648 6 2 76 
3320 6 10 76 
3026 6 14 76 
2884 7 1 76 
2720 7 9 76 
2539 7 15 76 
2353 8 0 76 
2213 10 0 76 
2080 11 1 76 
2016 1 8 76 
1780 2 7 76 
1463 3 6 76 
969 4 5 76 
945 5 4 76 
880 5 12 76 
865 6 3 76 
231 6 11 76 
185 6 13 76 
176 7 2 76 
142 7 10 76 
138 7 14 76 
5940 8 1 76 
5882 8 9 76 
5810 9 0 76 
5587 10 1 76 
5467 11 2 76 
5418 2 8 76 
5412 3 7 76 
5260 4 6 76 
4648 5 5 76 
4484 6 4 76 
4473 6 12 76 
4442 7 3 76 
4391 7 11 76 
4364 7 13 76 
3561 8 2 76 
3550 8 10 76 
3421 8 14 76 
2940 9 1 76 
2581 10 2 76 
2564 11 3 76 
2295 3 8 76 
2208 4 7 76 
1392 5 6 76 
1378 6 5 76 
1251 7 4 76 
1025 7 12 76 
949 8 3 76 
477 8 11 76 
284 8 13 76 
114 9 2 76 
5857 9 14 76 
5607 10 3 76 
5392 11 4 76 
5238 4 8 76 
5172 5 7 76 
5000 6 6 76 
4771 7 5 76 
4417 8 4 76 
4294 8 12 76 
4293 9 3 76 
4142 9 13 76 
3946 10 4 76 
3428 10 14 76 
2915 5 8 76 
2864 6 7 76 
2717 7 6 76 
2397 8 5 76 
1960 9 4 76 
1911 9 12 76 
1902 10 13 76 
1813 11 14 76 
1316 6 8 76 
1297 7 7 76 
461 8 6 76 
387 9 5 76 
319 9 9 76 
309 9 11 76 
215 10 12 76 
5994 11 13 76 
5796 7 8 76 
5622 8 7 76 
5574 9 6 76 
5482 9 10 76 
5295 10 5 76 
5294 10 11 76 
4811 11 12 76 
4654 12 13 76 
4348 8 8 76 
4183 9 7 76 
3710 10 6 76 
3249 10 10 76 
3200 11 5 76 
3046 11 11 76 
2270 12 12 76 
1829 13 13 76 
951 9 8 76 
294 10 7 76 
104 10 9 76 
53 11 6 76 
6282 11 10 76 
5596 12 11 76 
5340 13 12 76 
4932 14 13 76 
4549 10 8 76 
3996 11 7 76 
3874 11 9 76 
3292 12 10 76 
2403 13 11 76 
2286 14 12 76 
1785 15 13 76 
1514 19 9 76 
1343 11 8 76 
1023 12 9 76 
874 13 10 76 
801 14 11 76 
548 15 12 76 
287 18 9 76 
253 19 8 76 
143 12 8 76 
48 13 9 76 
6094 14 10 76 
6063 15 11 76 
5936 17 9 76 
4006 18 8 76 
2877 19 7 76 
1433 12 7 76 
1277 13 8 76 
1193 14 9 76 
1136 15 10 76 
828 16 9 76 
724 17 8 76 
43 18 7 76 
6256 12 6 76 
6138 13 7 76 
5822 14 8 76 
5813 15 9 76 
4854 16 8 76 
4380 17 7 76 
4299 12 5 76 
4259 13 6 76 
3597 14 7 76 
3412 15 8 76 
3102 16 7 76 
2706 12 4 76 
2506 13 5 76 
2436 14 6 76 
2293 15 7 76 
1578 12 3 76 
1004 13 4 76 
776 14 5 76 
531 15 6 76 
359 12 2 76 
336 13 3 76 
206 14 4 76 
5947 15 5 76 
5829 16 6 76 
5698 12 1 76 
4955 13 2 76 
4924 14 3 76 
4681 15 4 76 
4662 16 5 76 
3678 17 6 76 
3559 19 6 76 
3185 12 0 76 
3000 13 1 76 
2772 14 2 76 
2638 15 3 76 
1729 16 4 76 
1021 17 5 76 
915 18 6 76 
845 19 5 76 
560 13 0 76 
455 14 1 76 
252 15 2 76 
5785 16 3 76 
5009 17 4 76 
4659 18 5 76 
3775 19 4 76 
3358 14 0 76 
3175 15 1 76 
2693 16 2 76 
1693 17 3 76 
1688 18 4 76 
6229 19 3 76 
5856 15 0 76 
5774 16 1 76 
5211 17 2 76 
5111 18 3 76 
3911 19 2 76 
1190 16 0 76 
4849 17 1 76 
4331 18 2 76 
3500 19 1 76 
1044 17 0 76 
990 18 1 76 
83 19 0 76 
6110 18 0 76 
1258 18 1 88 
1589 17 1 88 
3333 18 2 88 
458 16 1 89 
180 17 2 89 
1623 18 3 89 
502 15 1 90 
2037 16 2 90 
2269 17 3 90 
2447 18 4 90 
1090 14 1 91 
6199 15 2 91 
807 17 4 90 
1881 18 5 90 
2929 13 1 91 
3281 14 2 91 
4388 17 5 91 
4435 13 2 91 
4466 14 3 91 
1219 13 3 92 
1523 14 4 92 
1763 13 4 92 
2048 14 5 92 
2615 13 5 92 
4114 14 6 92 
4322 13 6 92 
18 14 7 92 
74 15 8 92 
1087 13 7 92 
1627 16 8 92 
1777 17 8 93 
3085 18 8 93 
4111 12 9 94 
5060 11 9 94 
6259 14 12 94 
1095 10 7 95 
1457 11 10 94 
2974 9 7 95 
3517 10 6 95 
5732 11 11 95 
1279 8 7 95 
1542 9 6 95 
1724 10 11 95 
1788 7 7 96 
2204 8 6 96 
4949 10 12 96 
893 6 7 96 
1907 8 5 96 
1999 10 13 96 
2251 5 7 96 
2860 8 4 96 
3019 9 3 96 
3368 9 13 96 
3612 4 7 97 
3613 7 4 97 
4753 7 12 97 
