1931
5347 19 0 1 
5314 18 0 1 
5293 19 1 1 
5209 17 0 1 
5068 18 1 1 
4560 19 2 1 
4530 19 8 1 
4436 16 0 1 
4352 17 1 1 
4228 18 2 1 
3956 18 8 1 
3669 19 3 1 
3446 19 7 1 
3442 15 0 1 
3355 16 1 1 
3183 17 2 1 
3130 17 8 1 
3037 18 3 1 
2776 18 7 1 
2476 19 4 1 
2260 19 6 1 
2238 14 0 1 
2221 15 1 1 
1953 16 2 1 
1863 16 8 1 
1422 17 3 1 
1357 17 7 1 
1296 18 4 1 
1259 18 6 1 
778 19 5 1 
703 12 19 1 
247 13 0 1 
5403 14 1 1 
5224 15 2 1 
5210 15 8 1 
5133 16 3 1 
4781 16 7 1 
4609 17 4 1 
3879 17 6 1 
3697 18 5 1 
3264 12 0 1 
3000 12 18 1 
2963 13 1 1 
2863 13 19 1 
2191 14 2 1 
2186 14 8 1 
2086 15 3 1 
1949 15 7 1 
1711 16 4 1 
1542 16 6 1 
1448 17 5 1 
1146 19 9 1 
1128 19 19 1 
1109 11 0 1 
999 12 1 1 
997 12 17 1 
569 13 2 1 
421 13 8 1 
107 13 18 1 
64 14 3 1 
5242 14 7 1 
5183 14 19 1 
5159 15 4 1 
4951 15 6 1 
4847 16 5 1 
4776 18 9 1 
4728 18 19 1 
4357 19 10 1 
4347 19 18 1 
4344 10 0 1 
4335 11 1 1 
4273 12 2 1 
4085 12 16 1 
4074 13 3 1 
4028 13 7 1 
3995 13 17 1 
3933 14 4 1 
3880 14 6 1 
3685 14 18 1 
3581 15 5 1 
3548 15 19 1 
3473 17 9 1 
2814 17 19 1 
2807 18 10 1 
2765 18 18 1 
2618 19 11 1 
2577 19 17 1 
2413 9 0 1 
2203 10 1 1 
2058 11 2 1 
1597 12 3 1 
1581 13 4 1 
1158 13 6 1 
1121 13 16 1 
1094 14 5 1 
923 14 17 1 
319 15 18 1 
5442 16 9 1 
5352 16 19 1 
4653 17 10 1 
4553 17 18 1 
4293 18 11 1 
4146 18 17 1 
4144 19 12 1 
3627 19 16 1 
3623 9 1 1 
3544 10 2 1 
3498 11 3 1 
3451 12 4 1 
3372 13 5 1 
3168 14 16 1 
3118 15 9 1 
3063 15 17 1 
2875 16 10 1 
2559 16 18 1 
2463 17 11 1 
2283 17 17 1 
2188 18 12 1 
2167 18 16 1 
2063 19 13 1 
2026 19 15 1 
1687 9 2 1 
1021 10 3 1 
907 11 4 1 
843 12 5 1 
432 14 9 1 
372 15 10 1 
281 15 16 1 
5473 16 11 1 
4337 16 17 1 
4210 17 12 1 
4109 17 16 1 
4068 18 13 1 
3926 18 15 1 
3621 19 14 1 
3511 9 3 1 
3448 10 4 1 
3371 11 5 1 
3172 12 6 1 
3094 14 10 1 
2815 15 11 1 
2357 16 12 1 
2318 16 16 1 
1696 17 13 1 
1676 17 15 1 
1480 18 14 1 
1462 9 4 1 
1353 10 5 1 
1350 11 6 1 
1305 12 7 1 
1238 14 11 1 
1165 15 12 1 
656 16 13 1 
545 16 15 1 
417 17 14 1 
407 9 5 1 
5296 10 6 1 
5275 11 7 1 
5099 11 19 1 
4984 12 8 1 
4880 13 9 1 
4822 14 12 1 
4714 15 13 1 
4693 15 15 1 
4503 16 14 1 
4390 9 6 1 
4128 10 7 1 
3592 10 19 1 
3518 11 8 1 
3486 11 18 1 
3440 12 9 1 
3432 13 10 1 
2981 14 13 1 
2933 14 15 1 
2832 15 14 1 
2654 9 7 1 
2207 9 19 1 
2095 10 8 1 
2073 10 18 1 
1950 11 9 1 
1802 11 17 1 
1736 12 10 1 
1723 13 11 1 
1162 13 15 1 
1096 14 14 1 
724 0 19 1 
640 8 19 1 
460 9 8 1 
341 9 18 1 
283 10 9 1 
153 10 17 1 
5038 11 10 1 
4928 11 16 1 
4779 12 11 1 
4748 12 15 1 
4729 13 12 1 
4708 13 14 1 
4635 0 18 1 
4575 1 19 1 
4354 7 19 1 
4251 8 18 1 
4066 9 9 1 
3810 9 17 1 
3676 10 10 1 
2382 10 16 1 
2319 11 11 1 
2151 11 15 1 
1878 12 12 1 
1755 12 14 1 
1748 13 13 1 
1668 0 17 1 
1458 1 18 1 
1250 2 19 1 
1114 6 19 1 
1102 7 18 1 
1097 8 9 1 
539 8 17 1 
507 9 10 1 
279 9 16 1 
227 10 11 1 
5481 10 15 1 
5240 11 12 1 
5030 11 14 1 
4943 12 13 1 
4935 0 16 1 
4769 1 17 1 
4589 2 18 1 
4528 3 19 1 
4461 5 19 1 
4426 6 18 1 
4221 7 17 1 
3891 8 10 1 
3772 8 16 1 
3693 9 11 1 
3116 9 15 1 
2928 10 12 1 
2866 10 14 1 
2864 11 13 1 
2701 0 15 1 
2360 1 16 1 
1640 2 17 1 
1558 3 18 1 
1451 4 19 1 
1398 5 18 1 
1210 6 17 1 
995 7 16 1 
908 8 11 1 
34 8 15 1 
5339 9 12 1 
5301 9 14 1 
5232 10 13 1 
5106 0 14 1 
5005 1 15 1 
4716 2 16 1 
4064 3 17 1 
3915 4 18 1 
3894 5 17 1 
3826 6 16 1 
3613 7 15 1 
3547 8 12 1 
3457 8 14 1 
3143 9 13 1 
2945 0 13 1 
2938 1 14 1 
2687 2 15 1 
2396 3 16 1 
2128 4 17 1 
1860 5 16 1 
1774 6 15 1 
1602 7 14 1 
1584 8 13 1 
1457 0 12 1 
1382 1 13 1 
1289 2 14 1 
932 3 15 1 
349 4 16 1 
300 5 15 1 
267 6 14 1 
5359 7 13 1 
5202 0 11 1 
5146 1 12 1 
4926 2 13 1 
4919 3 14 1 
4587 4 15 1 
4496 5 14 1 
3871 6 13 1 
3580 7 12 1 
3573 0 10 1 
3472 1 11 1 
3319 2 12 1 
3192 3 13 1 
3174 4 14 1 
2977 5 13 1 
2834 6 12 1 
2575 7 11 1 
2471 0 9 1 
2409 1 10 1 
2233 2 11 1 
1171 3 12 1 
498 4 13 1 
208 5 12 1 
5152 6 11 1 
4994 7 10 1 
4900 0 8 1 
4381 1 9 1 
4380 2 10 1 
4291 3 11 1 
4157 4 12 1 
3991 5 11 1 
3885 6 10 1 
3833 7 9 1 
3593 8 8 1 
2718 0 7 1 
2663 1 8 1 
2444 2 9 1 
1811 3 10 1 
1765 4 11 1 
1745 5 10 1 
1148 6 9 1 
863 7 8 1 
555 8 7 1 
403 0 6 1 
252 1 7 1 
5277 2 8 1 
5034 3 9 1 
4630 4 10 1 
4624 5 9 1 
4319 6 8 1 
4233 7 7 1 
3696 8 6 1 
3632 0 5 1 
3520 1 6 1 
3271 2 7 1 
2583 3 8 1 
2492 4 9 1 
2443 5 8 1 
2405 6 7 1 
2347 7 6 1 
2262 0 4 1 
2159 1 5 1 
2045 2 6 1 
1620 3 7 1 
1455 4 8 1 
973 5 7 1 
696 6 6 1 
18 0 3 1 
4342 1 4 1 
3393 2 5 1 
3020 3 6 1 
2986 4 7 1 
2831 5 6 1 
2706 8 5 1 
2617 0 2 1 
2408 1 3 1 
2333 2 4 1 
1780 3 5 1 
1478 4 6 1 
1412 7 5 1 
1185 8 4 1 
201 0 1 1 
122 1 2 1 
117 2 3 1 
115 3 4 1 
5069 4 5 1 
4782 6 5 1 
4306 7 4 1 
4127 8 3 1 
3813 0 0 1 
3507 1 1 1 
2924 2 2 1 
2789 3 3 1 
2593 4 4 1 
1516 5 5 1 
1292 6 4 1 
1222 7 3 1 
1026 8 2 1 
744 1 0 1 
368 2 1 1 
5443 3 2 1 
5010 4 3 1 
4780 5 4 1 
2750 6 3 1 
2664 7 2 1 
2518 8 1 1 
2217 2 0 1 
2022 3 1 1 
1987 4 2 1 
1385 5 3 1 
721 6 2 1 
527 7 1 1 
4948 8 0 1 
3725 3 0 1 
2725 4 1 1 
2401 5 2 1 
2187 6 1 1 
1466 7 0 1 
998 4 0 1 
140 5 1 1 
5329 6 0 1 
4399 5 0 1 
891 5 1 13 
1840 4 1 13 
2136 5 2 13 
2596 6 1 13 
3583 3 1 14 
3691 4 2 14 
4208 5 3 14 
4718 6 2 14 
5213 7 1 14 
280 2 1 15 
286 3 2 14 
1131 4 3 14 
1614 5 4 14 
1797 6 3 14 
2092 7 2 14 
2959 1 1 15 
3231 2 2 15 
4167 3 3 15 
128 4 4 15 
165 6 4 15 
643 7 3 15 
5207 1 2 16 
3737 2 3 16 
3958 3 4 16 
4448 7 4 15 
5310 1 3 16 
272 2 4 16 
588 3 5 16 
591 1 4 16 
2046 2 5 16 
2565 3 6 16 
3137 4 7 16 
3156 1 5 17 
3177 2 6 17 
3884 3 7 17 
5039 5 7 17 
900 1 6 17 
1263 2 7 17 
1991 5 8 17 
2108 6 7 17 
2135 1 7 18 
2482 4 10 17 
3667 5 9 17 
3787 6 8 17 
4160 7 7 17 
4977 3 10 18 
295 4 11 18 
927 5 10 18 
1182 6 9 18 
1796 2 10 18 
1881 3 11 18 
3325 4 12 18 
3579 5 11 18 
4395 6 10 18 
2155 1 10 19 
2573 2 11 19 
2748 3 12 19 
2778 4 13 19 
2853 5 12 19 
2934 6 11 18 
3723 1 11 19 
3854 2 12 19 
3964 3 13 19 
4151 5 13 19 
4329 1 12 19 
4601 2 13 19 
4666 5 14 19 
4744 1 13 20 
4901 4 16 20 
445 5 15 20 
654 6 14 20 
820 3 16 20 
1013 4 17 20 
1262 5 16 20 
1626 6 15 20 
1884 7 14 20 
2849 2 16 20 
3024 3 17 20 
3394 4 18 20 
3516 5 17 20 
3868 6 16 20 
4209 7 15 20 
5331 19 0 26 
5276 18 0 26 
5238 19 1 26 
5095 17 0 26 
5022 18 1 26 
5001 19 2 26 
5000 19 8 26 
4855 16 0 26 
4746 17 1 26 
4660 18 2 26 
4605 18 8 26 
4592 19 3 26 
4529 19 7 26 
4463 15 0 26 
4326 16 1 26 
4290 17 2 26 
4061 17 8 26 
3783 18 3 26 
3309 18 7 26 
3122 19 4 26 
3099 19 6 26 
2931 14 0 26 
2858 15 1 26 
2662 16 2 26 
2276 16 8 26 
2168 17 3 26 
2002 17 7 26 
1965 18 4 26 
1762 18 6 26 
1727 19 5 26 
1657 12 19 26 
1344 13 0 26 
1170 14 1 26 
1145 15 2 26 
1089 15 8 26 
966 16 3 26 
877 16 7 26 
688 17 4 26 
660 17 6 26 
651 18 5 26 
344 12 0 26 
13 12 18 26 
5472 13 1 26 
5386 13 19 26 
5078 14 2 26 
4992 14 8 26 
4930 15 3 26 
4830 15 7 26 
4765 16 4 26 
4617 16 6 26 
4429 17 5 26 
4257 19 9 26 
4147 19 19 26 
3824 11 0 26 
3717 12 1 26 
3648 12 17 26 
3638 13 2 26 
3626 13 8 26 
3476 13 18 26 
3398 14 3 26 
3150 14 7 26 
3121 14 19 26 
3084 15 4 26 
2616 15 6 26 
2510 16 5 26 
2423 18 9 26 
2271 18 19 26 
2212 19 10 26 
2202 19 18 26 
1941 10 0 26 
1788 11 1 26 
1682 12 2 26 
1515 12 16 26 
1512 13 3 26 
1338 13 7 26 
1174 13 17 26 
1004 14 4 26 
996 14 6 26 
813 14 18 26 
633 15 5 26 
557 15 19 26 
512 17 9 26 
5406 17 19 26 
5371 18 10 26 
4887 18 18 26 
4735 19 11 26 
4724 19 17 26 
4531 9 0 26 
4504 10 1 26 
4468 11 2 26 
4317 12 3 26 
4267 13 4 26 
4181 13 6 26 
4101 13 16 26 
3923 14 5 26 
3529 14 17 26 
3273 15 18 26 
3189 16 9 26 
2930 16 19 26 
2846 17 10 26 
2465 17 18 26 
2293 18 11 26 
2145 18 17 26 
1993 19 12 26 
1905 19 16 26 
1502 9 1 26 
1418 10 2 26 
1324 11 3 26 
1187 12 4 26 
1156 13 5 26 
1130 14 16 26 
885 15 9 26 
242 15 17 26 
240 16 10 26 
5400 16 18 26 
5031 17 11 26 
4775 17 17 26 
4407 18 12 26 
4385 18 16 26 
4334 19 13 26 
4332 19 15 26 
4133 9 2 26 
4122 10 3 26 
3853 11 4 26 
3634 12 5 26 
3470 14 9 26 
3312 15 10 26 
3221 15 16 26 
3114 16 11 26 
2940 16 17 26 
2881 17 12 26 
2629 17 16 26 
2484 18 13 26 
2420 18 15 26 
2417 19 14 26 
2389 9 3 26 
2278 10 4 26 
2215 11 5 26 
1956 12 6 26 
1746 14 10 26 
1464 15 11 26 
1449 16 12 26 
1225 16 16 26 
1199 17 13 26 
1069 17 15 26 
619 18 14 26 
562 9 4 26 
408 10 5 26 
250 11 6 26 
5384 12 7 26 
4758 14 11 26 
4721 15 12 26 
4623 16 13 26 
4544 16 15 26 
4525 17 14 26 
4438 9 5 26 
4077 10 6 26 
3984 11 7 26 
3888 11 19 26 
3785 12 8 26 
3650 13 9 26 
3441 14 12 26 
3374 15 13 26 
3220 15 15 26 
3139 16 14 26 
2947 9 6 26 
2876 10 7 26 
2840 10 19 26 
2542 11 8 26 
2264 11 18 26 
2253 12 9 26 
2226 13 10 26 
1976 14 13 26 
1853 14 15 26 
1838 15 14 26 
1531 9 7 26 
1521 9 19 26 
1198 10 8 26 
1134 10 18 26 
1046 11 9 26 
841 11 17 26 
810 12 10 26 
808 13 11 26 
625 13 15 26 
448 14 14 26 
138 0 19 26 
5476 8 19 26 
5362 9 8 26 
5241 9 18 26 
4931 10 9 26 
4790 10 17 26 
4786 11 10 26 
4692 11 16 26 
4661 12 11 26 
4606 12 15 26 
4396 13 12 26 
4305 13 14 26 
3989 0 18 26 
3873 1 19 26 
3856 7 19 26 
3308 8 18 26 
3293 9 9 26 
2999 9 17 26 
2672 10 10 26 
2630 10 16 26 
2527 11 11 26 
2511 11 15 26 
2399 12 12 26 
2304 12 14 26 
2234 13 13 26 
2078 0 17 26 
1747 1 18 26 
1526 2 19 26 
1249 6 19 26 
819 7 18 26 
720 8 9 26 
504 8 17 26 
254 9 10 26 
5422 9 16 26 
5417 10 11 26 
5255 10 15 26 
5154 11 12 26 
4778 11 14 26 
4762 12 13 26 
4756 0 16 26 
4373 1 17 26 
4080 2 18 26 
3716 3 19 26 
3386 5 19 26 
2880 6 18 26 
2661 7 17 26 
2152 8 10 26 
2147 8 16 26 
2138 9 11 26 
1994 9 15 26 
1489 10 12 26 
1201 10 14 26 
1010 11 13 26 
912 0 15 26 
782 1 16 26 
627 2 17 26 
620 3 18 26 
548 4 19 26 
414 5 18 26 
5243 6 17 26 
4953 7 16 26 
4440 8 11 26 
4312 8 15 26 
4084 9 12 26 
4004 9 14 26 
3686 10 13 26 
3661 0 14 26 
3645 1 15 26 
2991 2 16 26 
2813 3 17 26 
2386 4 18 26 
2041 5 17 26 
1893 6 16 26 
1783 7 15 26 
1408 8 12 26 
1227 8 14 26 
915 9 13 26 
501 0 13 26 
4451 1 14 26 
4403 2 15 26 
4308 3 16 26 
4025 4 17 26 
3820 5 16 26 
3347 6 15 26 
3087 7 14 26 
2998 8 13 26 
2817 0 12 26 
2749 1 13 26 
2516 2 14 26 
2394 3 15 26 
2354 4 16 26 
2269 5 15 26 
2210 6 14 26 
2118 7 13 26 
2031 0 11 26 
1932 1 12 26 
1835 2 13 26 
1790 3 14 26 
1473 4 15 26 
1456 5 14 26 
729 6 13 26 
526 7 12 26 
335 0 10 26 
48 1 11 26 
2 2 12 26 
5453 3 13 26 
5341 4 14 26 
5100 5 13 26 
5091 6 12 26 
4550 7 11 26 
4322 0 9 26 
4274 1 10 26 
4242 2 11 26 
4235 3 12 26 
4204 4 13 26 
3477 5 12 26 
3423 6 11 26 
3342 7 10 26 
3032 0 8 26 
2970 1 9 26 
2869 2 10 26 
2688 3 11 26 
2488 4 12 26 
1979 5 11 26 
1572 6 10 26 
1260 7 9 26 
68 8 8 26 
5424 0 7 26 
4988 1 8 26 
4952 2 9 26 
4655 3 10 26 
4031 4 11 26 
3997 5 10 26 
3987 6 9 26 
3925 7 8 26 
3814 8 7 26 
3574 0 6 26 
3188 1 7 26 
2856 2 8 26 
2690 3 9 26 
2537 4 10 26 
1879 5 9 26 
1621 6 8 26 
540 7 7 26 
40 8 6 26 
5088 0 5 26 
4821 1 6 26 
4611 2 7 26 
4500 3 8 26 
4278 4 9 26 
3173 5 8 26 
3059 6 7 26 
3025 7 6 26 
2932 0 4 26 
2753 1 5 26 
1839 2 6 26 
1111 3 7 26 
693 4 8 26 
599 5 7 26 
67 6 6 26 
5041 0 3 26 
4974 1 4 26 
4911 2 5 26 
4883 3 6 26 
4672 4 7 26 
4573 5 6 26 
4536 8 5 26 
4515 0 2 26 
4404 1 3 26 
4083 2 4 26 
4043 3 5 26 
3803 4 6 26 
3317 7 5 26 
3047 8 4 26 
1674 0 1 26 
1543 1 2 26 
1499 2 3 26 
1266 3 4 26 
726 4 5 26 
433 6 5 26 
360 7 4 26 
4497 8 3 26 
4108 0 0 26 
4063 1 1 26 
3276 2 2 26 
2684 3 3 26 
2532 4 4 26 
2491 5 5 26 
2393 6 4 26 
2009 7 3 26 
1652 8 2 26 
1624 1 0 26 
1000 2 1 26 
354 3 2 26 
181 4 3 26 
4232 5 4 26 
3848 6 3 26 
3761 7 2 26 
3659 8 1 26 
3421 2 0 26 
780 3 1 26 
5206 4 2 26 
2802 5 3 26 
2526 6 2 26 
1600 7 1 26 
1381 8 0 26 
424 3 0 26 
237 4 1 26 
5016 5 2 26 
4467 6 1 26 
3815 7 0 26 
3296 4 0 26 
2838 5 1 26 
2007 6 0 26 
1692 5 0 26 
100 5 1 37 
3246 4 1 38 
147 5 2 37 
150 6 1 37 
1469 3 1 39 
2691 4 2 38 
3106 5 3 38 
3604 6 2 38 
4107 7 1 38 
282 2 1 40 
1329 3 2 40 
56 4 3 40 
425 5 4 39 
1871 6 3 39 
2032 7 2 39 
2091 1 1 40 
146 2 2 40 
1355 3 3 40 
1704 4 4 40 
1980 6 4 40 
2531 7 3 40 
4206 1 2 41 
369 2 3 41 
850 3 4 41 
1695 7 4 41 
1841 1 3 41 
2605 2 4 41 
2951 3 5 41 
4985 1 4 41 
95 2 5 41 
265 3 6 41 
601 4 7 41 
814 1 5 42 
1188 2 6 42 
1557 3 7 42 
2165 5 7 42 
2697 1 6 42 
3680 2 7 42 
4046 5 8 42 
5199 6 7 42 
131 1 7 43 
725 4 10 43 
1197 5 9 43 
2209 6 8 43 
2894 7 7 43 
3062 3 10 43 
4188 4 11 43 
4240 5 10 43 
5025 6 9 43 
273 2 10 44 
521 3 11 44 
1123 4 12 44 
1967 5 11 44 
1985 6 10 44 
2450 1 10 44 
2568 2 11 44 
3081 3 12 44 
3805 4 13 44 
5135 5 12 44 
5333 6 11 44 
735 1 11 45 
950 2 12 45 
1555 3 13 44 
2161 5 13 44 
4761 1 12 45 
4852 2 13 45 
4980 5 14 45 
5134 1 13 45 
5252 4 16 45 
5408 5 15 45 
359 6 14 45 
406 3 16 45 
862 4 17 45 
1211 5 16 45 
2206 6 15 45 
2546 7 14 45 
2685 2 16 46 
3224 3 17 46 
3247 4 18 46 
3413 5 17 46 
5457 6 16 46 
5450 19 0 51 
5370 18 0 51 
5233 19 1 51 
5185 17 0 51 
5169 18 1 51 
5109 19 2 51 
4963 19 8 51 
4939 16 0 51 
4662 17 1 51 
4600 18 2 51 
4488 18 8 51 
4465 19 3 51 
4360 19 7 51 
4224 15 0 51 
4185 16 1 51 
4029 17 2 51 
3601 17 8 51 
3576 18 3 51 
3532 18 7 51 
3415 19 4 51 
3256 19 6 51 
3203 14 0 51 
2453 15 1 51 
2308 16 2 51 
2230 16 8 51 
2211 17 3 51 
2120 17 7 51 
2055 18 4 51 
2054 18 6 51 
2034 19 5 51 
1837 12 19 51 
1641 13 0 51 
1135 14 1 51 
1054 15 2 51 
1043 15 8 51 
956 16 3 51 
817 16 7 51 
764 17 4 51 
751 17 6 51 
698 18 5 51 
374 12 0 51 
311 12 18 51 
220 13 1 51 
5456 13 19 51 
5437 14 2 51 
5434 14 8 51 
5108 15 3 51 
4961 15 7 51 
4859 16 4 51 
4671 16 6 51 
4524 17 5 51 
4055 19 9 51 
4016 19 19 51 
3935 11 0 51 
3928 12 1 51 
3702 12 17 51 
3633 13 2 51 
3195 13 8 51 
2795 13 18 51 
2678 14 3 51 
2666 14 7 51 
2572 14 19 51 
2555 15 4 51 
1854 15 6 51 
1820 16 5 51 
1800 18 9 51 
1726 18 19 51 
1720 19 10 51 
1487 19 18 51 
1404 10 0 51 
1370 11 1 51 
1322 12 2 51 
1036 12 16 51 
856 13 3 51 
523 13 7 51 
506 13 17 51 
440 14 4 51 
316 14 6 51 
260 14 18 51 
5398 15 5 51 
5287 15 19 51 
5081 17 9 51 
4940 17 19 51 
4824 18 10 51 
4816 18 18 51 
4659 19 11 51 
4568 19 17 51 
4541 9 0 51 
4271 10 1 51 
4219 11 2 51 
4150 12 3 51 
3960 13 4 51 
3541 13 6 51 
3478 13 16 51 
3292 14 5 51 
3251 14 17 51 
3123 15 18 51 
2427 16 9 51 
2400 16 19 51 
2377 17 10 51 
2356 17 18 51 
2255 18 11 51 
1963 18 17 51 
1890 19 12 51 
1740 19 16 51 
1514 9 1 51 
1349 10 2 51 
1295 11 3 51 
1095 12 4 51 
1077 13 5 51 
704 14 16 51 
464 15 9 51 
377 15 17 51 
206 16 10 51 
152 16 18 51 
130 17 11 51 
5462 17 17 51 
5369 18 12 51 
5190 18 16 51 
5123 19 13 51 
5073 19 15 51 
5071 9 2 51 
4890 10 3 51 
4699 11 4 51 
4610 12 5 51 
4472 14 9 51 
4236 15 10 51 
4036 15 16 51 
3981 16 11 51 
3790 16 17 51 
3631 17 12 51 
3503 17 16 51 
3491 18 13 51 
3369 18 15 51 
3154 19 14 51 
3035 9 3 51 
2902 10 4 51 
2811 11 5 51 
2493 12 6 51 
2429 14 10 51 
2297 15 11 51 
2141 16 12 51 
2016 16 16 51 
1959 17 13 51 
1842 17 15 51 
1609 18 14 51 
1426 9 4 51 
1391 10 5 51 
1242 11 6 51 
697 12 7 51 
5377 14 11 51 
5285 15 12 51 
5037 16 13 51 
4734 16 15 51 
4628 17 14 51 
4406 9 5 51 
4353 10 6 51 
4346 11 7 51 
4281 11 19 51 
4041 12 8 51 
3953 13 9 51 
3708 14 12 51 
3260 15 13 51 
3170 15 15 51 
2954 16 14 51 
2890 9 6 51 
2504 10 7 51 
2500 10 19 51 
2340 11 8 51 
2263 11 18 51 
1996 12 9 51 
1922 13 10 51 
1915 14 13 51 
1453 14 15 51 
1337 15 14 51 
1230 9 7 51 
1101 9 19 51 
974 10 8 51 
736 10 18 51 
384 11 9 51 
264 11 17 51 
5228 12 10 51 
5085 13 11 51 
5050 13 15 51 
4820 14 14 51 
4751 0 19 51 
4584 8 19 51 
4527 9 8 51 
4522 9 18 51 
4434 10 9 51 
4272 10 17 51 
4203 11 10 51 
4003 11 16 51 
3845 12 11 51 
3769 12 15 51 
3119 13 12 51 
2978 13 14 51 
2580 0 18 51 
2440 1 19 51 
2149 7 19 51 
1990 8 18 51 
1544 9 9 51 
1523 9 17 51 
1334 10 10 51 
1235 10 16 51 
1169 11 11 51 
1153 11 15 51 
576 12 12 51 
499 12 14 51 
357 13 13 51 
5440 0 17 51 
5260 1 18 51 
4785 2 19 51 
4648 6 19 51 
4361 7 18 51 
4351 8 9 51 
4321 8 17 51 
4302 9 10 51 
4259 9 16 51 
4116 10 11 51 
3968 10 15 51 
3556 11 12 51 
3495 11 14 51 
3412 12 13 51 
3159 0 16 51 
3142 1 17 51 
2773 2 18 51 
2637 3 19 51 
2509 5 19 51 
2392 6 18 51 
2303 7 17 51 
2090 8 10 51 
1931 8 16 51 
1443 9 11 51 
517 9 15 51 
356 10 12 51 
352 10 14 51 
334 11 13 51 
5097 0 15 51 
4457 1 16 51 
4325 2 17 51 
4248 3 18 51 
3699 4 19 51 
3572 5 18 51 
3363 6 17 51 
3036 7 16 51 
2424 8 11 51 
2279 8 15 51 
2275 9 12 51 
1846 9 14 51 
1812 10 13 51 
1638 0 14 51 
1352 1 15 51 
990 2 16 51 
623 3 17 51 
543 4 18 51 
163 5 17 51 
93 6 16 51 
5466 7 15 51 
5439 8 12 51 
5416 8 14 51 
5337 9 13 51 
5323 0 13 51 
5172 1 14 51 
5148 2 15 51 
5131 3 16 51 
5058 4 17 51 
4857 5 16 51 
4795 6 15 51 
4682 7 14 51 
4651 8 13 51 
4643 0 12 51 
4328 1 13 51 
3934 2 14 51 
3887 3 15 51 
3875 4 16 51 
3673 5 15 51 
3169 6 14 51 
2818 7 13 51 
2805 0 11 51 
2395 1 12 51 
2268 2 13 51 
1598 3 14 51 
787 4 15 51 
628 5 14 51 
173 6 13 51 
5470 7 12 51 
5198 0 10 51 
4915 1 11 51 
4556 2 12 51 
4537 3 13 51 
4447 4 14 51 
4416 5 13 51 
3994 6 12 51 
3817 7 11 51 
3773 0 9 51 
3496 1 10 51 
3222 2 11 51 
2819 3 12 51 
2736 4 13 51 
2590 5 12 51 
2486 6 11 51 
2343 7 10 51 
2306 0 8 51 
2257 1 9 51 
2241 2 10 51 
1948 3 11 51 
1777 4 12 51 
1776 5 11 51 
261 6 10 51 
154 7 9 51 
1 8 8 51 
5407 0 7 51 
5312 1 8 51 
5288 2 9 51 
5067 3 10 51 
5028 4 11 51 
4679 5 10 51 
4333 6 9 51 
3906 7 8 51 
3321 8 7 51 
2960 0 6 51 
2958 1 7 51 
2904 2 8 51 
2901 3 9 51 
2829 4 10 51 
2582 5 9 51 
2579 6 8 51 
2576 7 7 51 
2566 8 6 51 
2549 0 5 51 
1664 1 6 51 
1494 2 7 51 
1275 3 8 51 
1104 4 9 51 
886 5 8 51 
706 6 7 51 
5388 7 6 51 
4754 0 4 51 
4262 1 5 51 
4195 2 6 51 
3559 3 7 51 
3103 4 8 51 
2909 5 7 51 
2716 6 6 51 
2563 0 3 51 
2523 1 4 51 
2043 2 5 51 
1789 3 6 51 
1331 4 7 51 
1226 5 6 51 
43 8 5 51 
5363 0 2 51 
5168 1 3 51 
4914 2 4 51 
4842 3 5 51 
4558 4 6 51 
4464 7 5 51 
3910 8 4 51 
3549 0 1 51 
3075 1 2 51 
2935 2 3 51 
2896 3 4 51 
2247 4 5 51 
1836 6 5 51 
1400 7 4 51 
1245 8 3 51 
466 0 0 51 
392 1 1 51 
5383 2 2 51 
4516 3 3 51 
4405 4 4 51 
4275 5 5 51 
4227 6 4 51 
4042 7 3 51 
3466 8 2 51 
2665 1 0 51 
2282 2 1 51 
2156 3 2 51 
1264 4 3 51 
1223 5 4 51 
1179 6 3 51 
4862 7 2 51 
4247 8 1 51 
3643 2 0 51 
2686 3 1 51 
2404 4 2 51 
1955 5 3 51 
1605 6 2 51 
1232 7 1 51 
101 8 0 51 
4899 3 0 51 
4000 4 1 51 
3294 5 2 51 
3200 6 1 51 
3049 7 0 51 
2150 4 0 51 
474 5 1 51 
2479 6 0 51 
1273 5 0 51 
3052 5 1 63 
872 4 1 63 
5170 5 2 63 
1124 6 1 63 
84 3 1 64 
2402 4 2 64 
4840 5 3 64 
5101 6 2 64 
174 7 1 64 
883 2 1 65 
2302 3 2 65 
3349 4 3 65 
3439 5 4 65 
3480 6 3 65 
3524 7 2 64 
387 1 1 66 
708 2 2 65 
1703 3 3 65 
2110 4 4 65 
2414 6 4 65 
2561 7 3 65 
2891 1 2 66 
2912 2 3 66 
3180 3 4 66 
4176 7 4 66 
712 1 3 66 
991 2 4 66 
1384 3 5 66 
5231 1 4 67 
53 2 5 67 
139 3 6 67 
638 4 7 67 
668 1 5 67 
1023 2 6 67 
1496 3 7 67 
1665 5 7 67 
3883 1 6 68 
1167 2 7 68 
2513 5 8 68 
3320 6 7 68 
3741 1 7 68 
167 4 10 68 
1172 5 9 68 
1920 6 8 68 
2289 7 7 68 
2610 3 10 68 
2808 4 11 68 
3078 5 10 68 
3184 6 9 68 
3211 2 10 69 
5049 3 11 69 
222 4 12 69 
544 5 11 69 
769 6 10 69 
961 1 10 69 
2166 2 11 69 
3133 3 12 69 
3400 4 13 69 
3866 5 12 69 
4298 6 11 69 
4789 1 11 69 
4803 2 12 69 
5014 3 13 69 
5138 5 13 69 
5222 1 12 70 
5304 2 13 70 
31 5 14 70 
137 1 13 70 
679 4 16 70 
972 5 15 70 
2332 6 14 70 
2821 3 16 70 
2865 4 17 70 
3245 5 16 70 
3310 6 15 70 
3735 7 14 70 
3924 2 16 71 
3952 3 17 71 
4022 4 18 71 
4906 5 17 71 
5042 6 16 71 
5309 7 15 70 
5348 19 0 76 
5215 18 0 76 
5124 19 1 76 
4889 17 0 76 
4462 18 1 76 
4441 19 2 76 
4363 19 8 76 
4263 16 0 76 
3844 17 1 76 
3543 18 2 76 
3361 18 8 76 
3348 19 3 76 
3141 19 7 76 
3135 15 0 76 
3065 16 1 76 
3005 17 2 76 
2899 17 8 76 
2792 18 3 76 
2777 18 7 76 
2378 19 4 76 
2371 19 6 76 
2368 14 0 76 
2365 15 1 76 
2261 16 2 76 
2080 16 8 76 
2014 17 3 76 
1886 17 7 76 
1822 18 4 76 
1743 18 6 76 
1591 19 5 76 
1477 12 19 76 
1470 13 0 76 
1277 14 1 76 
776 15 2 76 
757 15 8 76 
589 16 3 76 
547 16 7 76 
303 17 4 76 
278 17 6 76 
5378 18 5 76 
5365 12 0 76 
5245 12 18 76 
5211 13 1 76 
5120 13 19 76 
4927 14 2 76 
4806 14 8 76 
4156 15 3 76 
4105 15 7 76 
3747 16 4 76 
3658 16 6 76 
3569 17 5 76 
2979 19 9 76 
2921 19 19 76 
2860 11 0 76 
2810 12 1 76 
2695 12 17 76 
2584 13 2 76 
2567 13 8 76 
2432 13 18 76 
2050 14 3 76 
1919 14 7 76 
1659 14 19 76 
1611 15 4 76 
1539 15 6 76 
1320 16 5 76 
1278 18 9 76 
1125 18 19 76 
1082 19 10 76 
1029 19 18 76 
1008 10 0 76 
906 11 1 76 
571 12 2 76 
492 12 16 76 
473 13 3 76 
402 13 7 76 
322 13 17 76 
5477 14 4 76 
5419 14 6 76 
5302 14 18 76 
4964 15 5 76 
4897 15 19 76 
4777 17 9 76 
4760 17 19 76 
4750 18 10 76 
4178 18 18 76 
4164 19 11 76 
4123 19 17 76 
3990 9 0 76 
3870 10 1 76 
3796 11 2 76 
3660 12 3 76 
3642 13 4 76 
3145 13 6 76 
2816 13 16 76 
2783 14 5 76 
2699 14 17 76 
2609 15 18 76 
2606 16 9 76 
2358 16 19 76 
2127 17 10 76 
1943 17 18 76 
1876 18 11 76 
1859 18 17 76 
1855 19 12 76 
1722 19 16 76 
1594 9 1 76 
1401 10 2 76 
1154 11 3 76 
713 12 4 76 
683 13 5 76 
636 14 16 76 
525 15 9 76 
325 15 17 76 
305 16 10 76 
5460 16 18 76 
5318 17 11 76 
5270 17 17 76 
4687 18 12 76 
4517 18 16 76 
4241 19 13 76 
4113 19 15 76 
4075 9 2 76 
4060 10 3 76 
4052 11 4 76 
3896 12 5 76 
3795 14 9 76 
3774 15 10 76 
3711 15 16 76 
3705 16 11 76 
3484 16 17 76 
3288 17 12 76 
2727 17 16 76 
2604 18 13 76 
2521 18 15 76 
2464 19 14 76 
2313 9 3 76 
2017 10 4 76 
1983 11 5 76 
1872 12 6 76 
1290 14 10 76 
1108 15 11 76 
1107 16 12 76 
592 16 16 76 
277 17 13 76 
161 17 15 76 
8 18 14 76 
5195 9 4 76 
5019 10 5 76 
4937 11 6 76 
4916 12 7 76 
4072 14 11 76 
3794 15 12 76 
3640 16 13 76 
3617 16 15 76 
3600 17 14 76 
3514 9 5 76 
3044 10 6 76 
2517 11 7 76 
2218 11 19 76 
2102 12 8 76 
2069 13 9 76 
2006 14 12 76 
1750 15 13 76 
1287 15 15 76 
1183 16 14 76 
772 9 6 76 
702 10 7 76 
241 10 19 76 
71 11 8 76 
19 11 18 76 
5367 12 9 76 
5045 13 10 76 
4797 14 13 76 
4733 14 15 76 
4599 15 14 76 
4564 9 7 76 
4559 9 19 76 
4452 10 8 76 
3975 10 18 76 
3847 11 9 76 
3758 11 17 76 
3561 12 10 76 
3290 13 11 76 
3148 13 15 76 
2756 14 14 76 
2544 0 19 76 
2252 8 19 76 
1116 9 8 76 
975 9 18 76 
916 10 9 76 
380 10 17 76 
5155 11 10 76 
5149 11 16 76 
5112 12 11 76 
5107 12 15 76 
4990 13 12 76 
4843 13 14 76 
4681 0 18 76 
4197 1 19 76 
4165 7 19 76 
3930 8 18 76 
3603 9 9 76 
3481 9 17 76 
3443 10 10 76 
3399 10 16 76 
3351 11 11 76 
3272 11 15 76 
3194 12 12 76 
3077 12 14 76 
2952 13 13 76 
2824 0 17 76 
2804 1 18 76 
2642 2 19 76 
2612 6 19 76 
2449 7 18 76 
2435 8 9 76 
2181 8 17 76 
2174 9 10 76 
1814 9 16 76 
1299 10 11 76 
1017 10 15 76 
741 11 12 76 
337 11 14 76 
306 12 13 76 
12 0 16 76 
5345 1 17 76 
5141 2 18 76 
4989 3 19 76 
4184 5 19 76 
4090 6 18 76 
3551 7 17 76 
3431 8 10 76 
3248 8 16 76 
3019 9 11 76 
2539 9 15 76 
2535 10 12 76 
2325 10 14 76 
1917 11 13 76 
1898 0 15 76 
1393 1 16 76 
967 2 17 76 
926 3 18 76 
610 4 19 76 
556 5 18 76 
275 6 17 76 
192 7 16 76 
156 8 11 76 
49 8 15 76 
5053 9 12 76 
4991 9 14 76 
4978 10 13 76 
4947 0 14 76 
4703 1 15 76 
3743 2 16 76 
3641 3 17 76 
3610 4 18 76 
3550 5 17 76 
3540 6 16 76 
3464 7 15 76 
2639 8 12 76 
2246 8 14 76 
2062 9 13 76 
1952 0 13 76 
1910 1 14 76 
1699 2 15 76 
1697 3 16 76 
1613 4 17 76 
1547 5 16 76 
1495 6 15 76 
1369 7 14 76 
1192 8 13 76 
734 0 12 76 
566 1 13 76 
5029 2 14 76 
4904 3 15 76 
4694 4 16 76 
4223 5 15 76 
4044 6 14 76 
3855 7 13 76 
3740 0 11 76 
3689 1 12 76 
3568 2 13 76 
3428 3 14 76 
3360 4 15 76 
3350 5 14 76 
3340 6 13 76 
3289 7 12 76 
3190 0 10 76 
3131 1 11 76 
2903 2 12 76 
2882 3 13 76 
2712 4 14 76 
2534 5 13 76 
2270 6 12 76 
2000 7 11 76 
1717 0 9 76 
1100 1 10 76 
1064 2 11 76 
928 3 12 76 
442 4 13 76 
207 5 12 76 
127 6 11 76 
5316 7 10 76 
5105 0 8 76 
5032 1 9 76 
4636 2 10 76 
4586 3 11 76 
4501 4 12 76 
4459 5 11 76 
4397 6 10 76 
4292 7 9 76 
4279 8 8 76 
4170 0 7 76 
4011 1 8 76 
3837 2 9 76 
3757 3 10 76 
3746 4 11 76 
3674 5 10 76 
3244 6 9 76 
3191 7 8 76 
3053 8 7 76 
2996 0 6 76 
2592 1 7 76 
2240 2 8 76 
2089 3 9 76 
1844 4 10 76 
1821 5 9 76 
1751 6 8 76 
1656 7 7 76 
1603 8 6 76 
1576 0 5 76 
1444 1 6 76 
1429 2 7 76 
903 3 8 76 
382 4 9 76 
288 5 8 76 
5463 6 7 76 
5200 7 6 76 
3748 0 4 76 
3684 1 5 76 
3515 2 6 76 
3390 3 7 76 
3179 4 8 76 
3001 5 7 76 
2879 6 6 76 
2586 0 3 76 
2223 1 4 76 
2222 2 5 76 
2021 3 6 76 
1758 4 7 76 
1625 5 6 76 
1548 8 5 76 
929 0 2 76 
777 1 3 76 
519 2 4 76 
219 3 5 76 
5385 4 6 76 
5132 7 5 76 
4957 8 4 76 
4938 0 1 76 
4745 1 2 76 
4114 2 3 76 
3999 3 4 76 
3976 4 5 76 
3907 6 5 76 
489 7 4 76 
348 8 3 76 
347 0 0 76 
339 1 1 76 
4707 2 2 76 
4634 3 3 76 
4508 4 4 76 
3770 5 5 76 
2455 6 4 76 
2327 7 3 76 
2272 8 2 76 
2122 1 0 76 
1486 2 1 76 
1233 3 2 76 
709 4 3 76 
194 5 4 76 
4616 6 3 76 
4615 7 2 76 
4571 8 1 76 
4478 2 0 76 
2841 3 1 76 
1358 4 2 76 
315 5 3 76 
159 6 2 76 
60 7 1 76 
4933 8 0 76 
4030 3 0 76 
3852 4 1 76 
1617 5 2 76 
1048 6 1 76 
665 7 0 76 
126 4 0 76 
2908 5 1 76 
2344 6 0 76 
1794 5 0 76 
4794 5 1 87 
164 4 1 88 
2020 5 2 88 
3945 6 1 88 
1351 3 1 89 
3508 4 2 89 
4148 5 3 89 
4667 6 2 89 
245 7 1 89 
946 2 1 90 
2499 3 2 90 
4196 4 3 90 
113 5 4 90 
1284 6 3 89 
1335 7 2 89 
4784 1 1 91 
5033 2 2 90 
253 3 3 90 
480 4 4 90 
864 6 4 90 
2225 7 3 90 
2626 1 2 91 
3504 2 3 91 
3567 3 4 91 
4033 7 4 91 
4475 1 3 92 
4595 2 4 92 
642 3 5 92 
848 1 4 92 
1303 2 5 92 
2038 3 6 92 
3265 4 7 92 
3713 1 5 92 
4736 2 6 92 
4823 3 7 92 
296 5 7 92 
378 1 6 93 
612 2 7 93 
812 5 8 93 
1152 6 7 92 
1327 1 7 93 
1829 4 10 93 
2176 5 9 93 
2632 6 8 93 
2793 7 7 93 
3694 3 10 93 
3701 4 11 93 
4065 5 10 93 
5040 6 9 93 
5266 2 10 93 
3 3 11 93 
195 4 12 93 
255 5 11 93 
520 6 10 93 
1236 1 10 94 
1257 2 11 94 
1376 3 12 94 
1660 4 13 94 
3485 5 12 94 
4591 6 11 94 
550 1 11 94 
574 2 12 94 
714 3 13 94 
760 5 13 94 
867 1 12 94 
1435 2 13 94 
1439 5 14 94 
2470 1 13 95 
2478 4 16 94 
2530 5 15 94 
3175 6 14 94 
3380 3 16 95 
3490 4 17 95 
111 5 16 95 
112 6 15 95 
389 7 14 95 
436 2 16 95 
1243 3 17 95 
1631 4 18 95 
1775 5 17 95 
2266 6 16 95 
3129 7 15 95 
3534 8 14 95 
4324 9 13 95 
4677 1 16 96 
4697 2 17 96 
