1948
5000 0 0 1 
4968 0 1 1 
4824 1 0 1 
4795 0 2 1 
4319 1 1 1 
4267 2 0 1 
4140 0 3 1 
3847 1 2 1 
3809 2 1 1 
3775 3 0 1 
3610 0 4 1 
3571 1 3 1 
3415 2 2 1 
3411 3 1 1 
3398 4 0 1 
3388 0 5 1 
3338 1 4 1 
3122 2 3 1 
2801 3 2 1 
2740 4 1 1 
2620 5 0 1 
2387 0 6 1 
2154 1 5 1 
1686 2 4 1 
1663 3 3 1 
1488 4 2 1 
1047 5 1 1 
896 0 7 1 
834 0 19 1 
802 1 6 1 
701 2 5 1 
458 3 4 1 
413 4 3 1 
375 5 2 1 
5279 0 8 1 
5146 0 18 1 
5022 1 7 1 
4990 1 19 1 
4877 2 6 1 
4764 3 5 1 
4744 4 4 1 
4290 5 3 1 
3984 0 9 1 
3956 0 17 1 
3880 1 8 1 
3666 1 18 1 
3211 2 7 1 
2882 2 19 1 
2762 3 6 1 
2584 4 5 1 
2449 5 4 1 
2409 0 10 1 
2317 0 16 1 
2108 1 9 1 
2035 1 17 1 
1744 2 8 1 
1725 2 18 1 
1724 3 7 1 
1578 3 19 1 
827 4 6 1 
813 5 5 1 
714 0 11 1 
505 0 15 1 
396 1 10 1 
386 1 16 1 
20 2 9 1 
5599 2 17 1 
5457 3 8 1 
5270 3 18 1 
4384 4 7 1 
4371 4 19 1 
4200 5 6 1 
3831 0 12 1 
3824 0 14 1 
3804 1 11 1 
3720 1 15 1 
3714 2 10 1 
3706 2 16 1 
3648 3 9 1 
3484 3 17 1 
3406 4 8 1 
3105 4 18 1 
2576 5 7 1 
2469 5 19 1 
2426 0 13 1 
2319 1 12 1 
2240 1 14 1 
2183 2 11 1 
2010 2 15 1 
1949 3 10 1 
1881 3 16 1 
1687 4 9 1 
1600 4 17 1 
1455 5 8 1 
1381 5 18 1 
889 1 13 1 
770 2 12 1 
406 2 14 1 
152 3 11 1 
57 3 15 1 
5566 4 10 1 
5483 4 16 1 
5467 5 9 1 
5436 5 17 1 
5382 2 13 1 
5362 3 12 1 
5190 3 14 1 
4942 4 11 1 
4435 4 15 1 
4383 5 10 1 
4382 5 16 1 
4100 6 9 1 
4047 6 19 1 
3911 3 13 1 
3727 4 12 1 
3562 4 14 1 
3271 5 11 1 
3237 5 15 1 
3096 6 10 1 
2450 6 18 1 
2351 7 9 1 
2201 7 19 1 
2185 4 13 1 
2075 5 12 1 
2042 5 14 1 
1979 6 11 1 
1861 6 17 1 
1599 7 10 1 
1435 7 18 1 
1386 8 19 1 
1271 5 13 1 
1005 6 12 1 
940 6 16 1 
761 7 11 1 
751 7 17 1 
576 8 18 1 
294 9 19 1 
77 19 19 1 
5613 6 13 1 
5456 6 15 1 
5305 7 12 1 
5087 7 16 1 
4948 8 17 1 
4837 9 18 1 
4203 10 19 1 
3839 18 19 1 
3808 19 0 1 
3645 19 18 1 
3595 6 14 1 
3506 7 13 1 
3499 7 15 1 
3468 8 12 1 
3246 8 16 1 
3057 9 17 1 
3007 10 18 1 
2972 11 19 1 
2671 17 19 1 
2364 18 0 1 
1827 18 18 1 
1066 19 1 1 
1051 19 17 1 
1045 7 14 1 
788 8 13 1 
323 8 15 1 
113 9 12 1 
5505 9 16 1 
5444 10 17 1 
5393 11 18 1 
5153 12 19 1 
5038 13 0 1 
4791 16 19 1 
4734 17 0 1 
4566 17 18 1 
4293 18 1 1 
3990 18 17 1 
3588 19 2 1 
3467 19 16 1 
3460 8 14 1 
3173 9 13 1 
3152 9 15 1 
2984 10 16 1 
2851 11 17 1 
2764 12 18 1 
2499 13 1 1 
2496 13 19 1 
2237 14 0 1 
2223 15 19 1 
2187 16 0 1 
2181 16 18 1 
2076 17 1 1 
1804 17 17 1 
1655 18 2 1 
1633 18 16 1 
1538 19 3 1 
956 19 15 1 
854 9 14 1 
696 10 15 1 
655 11 16 1 
497 12 17 1 
169 13 2 1 
5413 13 18 1 
5227 14 1 1 
5208 14 19 1 
5139 15 0 1 
4652 15 18 1 
4178 16 1 1 
4042 16 17 1 
4034 17 2 1 
3897 17 16 1 
3822 18 3 1 
3604 18 15 1 
3511 19 4 1 
3297 19 14 1 
3242 10 14 1 
3227 11 15 1 
2746 12 16 1 
2725 13 3 1 
2433 13 17 1 
2380 14 2 1 
2308 14 18 1 
2190 15 1 1 
1481 15 17 1 
1468 16 2 1 
1364 16 16 1 
313 17 3 1 
5320 17 15 1 
5083 18 4 1 
4970 18 14 1 
4861 19 5 1 
4782 19 13 1 
4577 11 14 1 
4458 12 15 1 
4297 13 4 1 
4094 13 16 1 
3749 14 3 1 
3250 14 17 1 
3177 15 2 1 
3101 15 16 1 
2949 16 3 1 
2777 16 15 1 
2500 17 4 1 
2276 17 14 1 
2238 18 5 1 
2024 18 13 1 
1803 19 6 1 
1697 19 12 1 
1642 12 14 1 
1230 13 5 1 
892 13 15 1 
818 14 4 1 
518 14 16 1 
481 15 3 1 
447 15 15 1 
424 16 4 1 
366 16 14 1 
69 17 5 1 
5581 17 13 1 
5356 18 6 1 
5263 18 12 1 
5137 19 7 1 
4988 19 11 1 
4686 13 14 1 
4609 14 5 1 
4528 14 15 1 
4472 15 4 1 
4156 15 14 1 
4049 16 5 1 
3878 16 13 1 
3633 17 6 1 
3285 17 12 1 
3204 18 7 1 
2136 18 11 1 
1989 19 8 1 
1983 19 10 1 
1948 14 14 1 
1812 15 5 1 
1643 15 13 1 
1587 16 6 1 
1547 16 12 1 
1404 17 7 1 
955 17 11 1 
893 18 8 1 
5085 18 10 1 
5035 19 9 1 
4901 14 13 1 
4653 15 6 1 
4444 15 12 1 
4415 16 7 1 
4413 16 11 1 
4253 17 8 1 
4191 17 10 1 
3607 18 9 1 
3315 13 13 1 
2473 14 12 1 
2318 15 7 1 
2157 15 11 1 
2122 16 8 1 
2017 16 10 1 
1968 17 9 1 
1842 8 11 1 
1781 10 13 1 
1497 12 13 1 
1397 13 12 1 
1219 14 11 1 
1008 15 8 1 
841 15 10 1 
693 16 9 1 
528 6 8 1 
394 8 10 1 
389 9 11 1 
271 10 12 1 
5474 11 13 1 
5174 12 12 1 
5147 13 11 1 
4742 14 10 1 
4723 15 9 1 
4118 6 7 1 
3887 7 8 1 
3437 8 9 1 
3414 9 10 1 
3298 10 11 1 
3133 11 12 1 
3021 12 11 1 
2400 13 10 1 
2194 14 9 1 
2178 6 6 1 
2142 7 7 1 
1799 8 8 1 
1696 9 9 1 
1662 10 10 1 
1317 11 11 1 
1173 12 10 1 
988 13 9 1 
552 14 8 1 
427 6 5 1 
351 7 6 1 
68 8 7 1 
37 9 8 1 
5514 10 9 1 
5325 11 10 1 
4589 12 9 1 
4309 13 8 1 
3430 14 7 1 
3346 6 4 1 
3340 7 5 1 
3201 8 6 1 
3004 9 7 1 
1927 10 8 1 
1738 11 9 1 
1436 12 8 1 
1350 13 7 1 
1252 14 6 1 
1206 6 3 1 
877 7 4 1 
379 8 5 1 
5033 9 6 1 
4857 10 7 1 
4621 11 8 1 
4053 12 7 1 
2896 13 6 1 
2586 6 2 1 
2393 7 3 1 
2206 8 4 1 
2052 9 5 1 
1988 10 6 1 
1313 11 7 1 
1211 12 6 1 
5619 6 1 1 
5273 7 2 1 
4825 8 3 1 
4153 9 4 1 
3988 10 5 1 
3663 11 6 1 
3060 12 5 1 
2934 6 0 1 
2383 7 1 1 
2337 8 2 1 
1822 9 3 1 
1682 10 4 1 
985 11 5 1 
524 12 4 1 
460 7 0 1 
5260 8 1 1 
5185 9 2 1 
3788 10 3 1 
3705 11 4 1 
3693 12 3 1 
2789 8 0 1 
2509 9 1 1 
2379 10 2 1 
2057 11 3 1 
1282 12 2 1 
4595 9 0 1 
4302 10 1 1 
3542 11 2 1 
1947 12 1 1 
1506 10 0 1 
247 11 1 1 
1938 12 0 1 
1359 11 0 1 
1327 11 1 13 
2651 10 1 13 
4969 11 2 13 
165 9 1 14 
196 10 2 14 
1000 11 3 14 
5241 8 1 14 
980 9 2 14 
1025 10 3 14 
1070 11 4 14 
1089 7 1 15 
1366 8 2 15 
1207 9 3 15 
2815 10 4 15 
4136 11 5 15 
4269 7 2 15 
2158 8 3 15 
3175 9 4 15 
3493 10 5 15 
3866 11 6 15 
4103 7 3 16 
5207 8 4 16 
121 9 5 16 
534 10 6 16 
1038 11 7 16 
1295 7 4 17 
1305 8 5 17 
1552 9 6 16 
1635 10 7 16 
2127 11 8 16 
2915 12 7 16 
3069 7 5 17 
4768 8 6 17 
5196 9 7 17 
125 10 8 17 
199 11 9 17 
517 12 8 17 
2775 13 7 17 
3892 7 6 18 
4466 8 7 18 
5400 9 8 18 
1154 10 9 17 
2221 11 10 17 
2486 12 9 17 
2872 13 8 17 
5338 7 7 18 
5573 9 9 18 
135 10 10 18 
684 11 11 18 
1109 12 10 18 
2296 13 9 18 
2465 9 10 18 
2558 11 12 18 
3082 12 11 18 
3410 13 10 18 
3659 12 12 18 
3819 13 11 18 
3859 14 10 18 
4245 13 12 19 
4704 14 11 19 
4710 15 10 19 
5039 16 9 19 
5491 14 12 19 
312 15 11 19 
319 16 8 19 
850 16 10 19 
1223 17 9 19 
2352 15 12 19 
2721 16 7 19 
3202 16 11 19 
3785 17 8 19 
4041 17 10 19 
4148 18 9 19 
4731 15 13 20 
5219 16 6 20 
138 16 12 20 
399 17 7 20 
1009 17 11 20 
2791 18 8 20 
3223 18 10 19 
3471 14 15 20 
4057 15 4 20 
4755 15 14 20 
4831 16 5 20 
5439 16 13 20 
5574 0 0 26 
5183 0 1 26 
5072 1 0 26 
5020 0 2 26 
4671 1 1 26 
4583 2 0 26 
4232 0 3 26 
4125 1 2 26 
3961 2 1 26 
3888 3 0 26 
3590 0 4 26 
3559 1 3 26 
3472 2 2 26 
3330 3 1 26 
3225 4 0 26 
3158 0 5 26 
3103 1 4 26 
2814 2 3 26 
2713 3 2 26 
2590 4 1 26 
2321 5 0 26 
2129 0 6 26 
1991 1 5 26 
1951 2 4 26 
1344 3 3 26 
1342 4 2 26 
1316 5 1 26 
1272 0 7 26 
1261 0 19 26 
944 1 6 26 
738 2 5 26 
342 3 4 26 
15 4 3 26 
5539 5 2 26 
5217 0 8 26 
5151 0 18 26 
5088 1 7 26 
5049 1 19 26 
4867 2 6 26 
4787 3 5 26 
4673 4 4 26 
4527 5 3 26 
4326 0 9 26 
4325 0 17 26 
4117 1 8 26 
4028 1 18 26 
3902 2 7 26 
3771 2 19 26 
3687 3 6 26 
3300 4 5 26 
3071 5 4 26 
2978 0 10 26 
2849 0 16 26 
2703 1 9 26 
2664 1 17 26 
2532 2 8 26 
2290 2 18 26 
2037 3 7 26 
1901 3 19 26 
1773 4 6 26 
1526 5 5 26 
1412 0 11 26 
1247 0 15 26 
689 1 10 26 
659 1 16 26 
422 2 9 26 
400 2 17 26 
359 3 8 26 
352 3 18 26 
322 4 7 26 
208 4 19 26 
159 5 6 26 
7 0 12 26 
5520 0 14 26 
5202 1 11 26 
5110 1 15 26 
5018 2 10 26 
4890 2 16 26 
4749 3 9 26 
4660 3 17 26 
4561 4 8 26 
4418 4 18 26 
4304 5 7 26 
4277 5 19 26 
3688 0 13 26 
3260 1 12 26 
3192 1 14 26 
3085 2 11 26 
2859 2 15 26 
2739 3 10 26 
2606 3 16 26 
2533 4 9 26 
2119 4 17 26 
1957 5 8 26 
1845 5 18 26 
1485 1 13 26 
1097 2 12 26 
852 2 14 26 
763 3 11 26 
616 3 15 26 
603 4 10 26 
494 4 16 26 
480 5 9 26 
453 5 17 26 
334 2 13 26 
5562 3 12 26 
5375 3 14 26 
5349 4 11 26 
5261 4 15 26 
4874 5 10 26 
4822 5 16 26 
4602 6 9 26 
4591 6 19 26 
4562 3 13 26 
4405 4 12 26 
4268 4 14 26 
4164 5 11 26 
3982 5 15 26 
3973 6 10 26 
3958 6 18 26 
3343 7 9 26 
2798 7 19 26 
1795 4 13 26 
1677 5 12 26 
1644 5 14 26 
1565 6 11 26 
972 6 17 26 
963 7 10 26 
707 7 18 26 
657 8 19 26 
590 5 13 26 
582 6 12 26 
235 6 16 26 
41 7 11 26 
4973 7 17 26 
4917 8 18 26 
4916 9 19 26 
4778 19 19 26 
4713 6 13 26 
4696 6 15 26 
4579 7 12 26 
4469 7 16 26 
4248 8 17 26 
4106 9 18 26 
4089 10 19 26 
4038 18 19 26 
3795 19 0 26 
3745 19 18 26 
3156 6 14 26 
2935 7 13 26 
2926 7 15 26 
2881 8 12 26 
2874 8 16 26 
2676 9 17 26 
2591 10 18 26 
2523 11 19 26 
2271 17 19 26 
2080 18 0 26 
2066 18 18 26 
1769 19 1 26 
1577 19 17 26 
1446 7 14 26 
1431 8 13 26 
971 8 15 26 
930 9 12 26 
880 9 16 26 
754 10 17 26 
248 11 18 26 
179 12 19 26 
66 13 0 26 
5552 16 19 26 
5310 17 0 26 
4902 17 18 26 
4779 18 1 26 
4518 18 17 26 
4457 19 2 26 
4165 19 16 26 
3874 8 14 26 
3853 9 13 26 
3722 9 15 26 
3679 10 16 26 
3651 11 17 26 
3618 12 18 26 
3349 13 1 26 
3191 13 19 26 
3178 14 0 26 
2960 15 19 26 
2649 16 0 26 
2645 16 18 26 
2128 17 1 26 
1994 17 17 26 
1935 18 2 26 
1807 18 16 26 
1791 19 3 26 
1572 19 15 26 
1121 9 14 26 
910 10 15 26 
650 11 16 26 
539 12 17 26 
417 13 2 26 
279 13 18 26 
92 14 1 26 
5605 14 19 26 
5577 15 0 26 
5528 15 18 26 
5430 16 1 26 
5177 16 17 26 
4921 17 2 26 
4894 17 16 26 
4862 18 3 26 
4238 18 15 26 
4196 19 4 26 
4076 19 14 26 
4026 10 14 26 
3994 11 15 26 
3329 12 16 26 
3318 13 3 26 
3286 13 17 26 
3270 14 2 26 
3075 14 18 26 
2880 15 1 26 
2848 15 17 26 
2626 16 2 26 
2541 16 16 26 
2102 17 3 26 
2014 17 15 26 
1882 18 4 26 
1486 18 14 26 
1050 19 5 26 
830 19 13 26 
734 11 14 26 
679 12 15 26 
647 13 4 26 
395 13 16 26 
5504 14 3 26 
5496 14 17 26 
5224 15 2 26 
5213 15 16 26 
5095 16 3 26 
4946 16 15 26 
4511 17 4 26 
4348 17 14 26 
4230 18 5 26 
4214 18 13 26 
3969 19 6 26 
3944 19 12 26 
3816 12 14 26 
3632 13 5 26 
3574 13 15 26 
3519 14 4 26 
3496 14 16 26 
3456 15 3 26 
3284 15 15 26 
2782 16 4 26 
2738 16 14 26 
2527 17 5 26 
2312 17 13 26 
1919 18 6 26 
1890 18 12 26 
1872 19 7 26 
1360 19 11 26 
1098 13 14 26 
538 14 5 26 
445 14 15 26 
374 15 4 26 
5536 15 14 26 
5425 16 5 26 
5255 16 13 26 
4994 17 6 26 
4899 17 12 26 
3940 18 7 26 
3828 18 11 26 
3738 19 8 26 
3732 19 10 26 
3155 14 14 26 
2903 15 5 26 
2831 15 13 26 
2152 16 6 26 
1962 16 12 26 
1870 17 7 26 
1741 17 11 26 
1627 18 8 26 
1409 18 10 26 
1273 19 9 26 
1222 14 13 26 
863 15 6 26 
302 15 12 26 
265 16 7 26 
5549 16 11 26 
4873 17 8 26 
4817 17 10 26 
4772 18 9 26 
4627 13 13 26 
4534 14 12 26 
4523 15 7 26 
4504 15 11 26 
4471 16 8 26 
4468 16 10 26 
4456 17 9 26 
3857 8 11 26 
3427 10 13 26 
3409 12 13 26 
3311 13 12 26 
3220 14 11 26 
2945 15 8 26 
2937 15 10 26 
2420 16 9 26 
2323 6 8 26 
2041 8 10 26 
1809 9 11 26 
1631 10 12 26 
1346 11 13 26 
624 12 12 26 
5615 13 11 26 
5557 14 10 26 
5289 15 9 26 
4975 6 7 26 
4879 7 8 26 
4850 8 9 26 
4195 9 10 26 
3953 10 11 26 
3621 11 12 26 
3439 12 11 26 
3291 13 10 26 
2951 14 9 26 
2833 6 6 26 
2662 7 7 26 
2624 8 8 26 
2529 9 9 26 
1083 10 10 26 
676 11 11 26 
390 12 10 26 
4756 13 9 26 
4651 14 8 26 
4417 6 5 26 
4412 7 6 26 
3868 8 7 26 
3386 9 8 26 
3333 10 9 26 
3141 11 10 26 
3037 12 9 26 
2967 13 8 26 
2670 14 7 26 
2177 6 4 26 
2112 7 5 26 
1970 8 6 26 
1961 9 7 26 
1570 10 8 26 
1336 11 9 26 
1333 12 8 26 
843 13 7 26 
614 14 6 26 
490 6 3 26 
298 7 4 26 
154 8 5 26 
5579 9 6 26 
4694 10 7 26 
3927 11 8 26 
3379 12 7 26 
3253 13 6 26 
3130 6 2 26 
2817 7 3 26 
2161 8 4 26 
1841 9 5 26 
1768 10 6 26 
1766 11 7 26 
1391 12 6 26 
1113 6 1 26 
5376 7 2 26 
5324 8 3 26 
4814 9 4 26 
4349 10 5 26 
4299 11 6 26 
3883 12 5 26 
3538 6 0 26 
3347 7 1 26 
2274 8 2 26 
423 9 3 26 
124 10 4 26 
4086 11 5 26 
3935 12 4 26 
3793 7 0 26 
3489 8 1 26 
3064 9 2 26 
3033 10 3 26 
2993 11 4 26 
2614 12 3 26 
1976 8 0 26 
1151 9 1 26 
903 10 2 26 
733 11 3 26 
5131 12 2 26 
4182 9 0 26 
3608 10 1 26 
496 11 2 26 
5041 12 1 26 
4569 10 0 26 
4272 11 1 26 
3533 12 0 26 
1665 11 0 26 
380 11 1 37 
3169 10 1 38 
1651 11 2 38 
890 9 1 39 
3337 10 2 39 
3692 11 3 39 
5050 8 1 39 
5405 9 2 39 
346 10 3 39 
540 11 4 39 
672 7 1 40 
3014 8 2 40 
3356 9 3 40 
814 10 4 40 
1049 11 5 39 
1374 7 2 40 
1661 8 3 40 
1851 9 4 40 
2493 10 5 40 
4550 11 6 40 
5488 7 3 41 
49 8 4 41 
239 9 5 41 
1011 10 6 41 
1014 11 7 41 
1213 7 4 42 
1886 8 5 42 
2436 9 6 41 
5109 10 7 41 
5301 11 8 41 
1094 12 7 41 
1149 7 5 42 
1596 8 6 42 
2695 9 7 42 
4489 10 8 42 
4700 11 9 42 
54 12 8 42 
59 13 7 42 
336 7 6 42 
1372 8 7 42 
1433 9 8 42 
1608 10 9 42 
1831 11 10 42 
1923 12 9 42 
1940 13 8 42 
2137 7 7 43 
3117 9 9 43 
3256 10 10 43 
3560 11 11 43 
4987 12 10 43 
5027 13 9 42 
5351 9 10 43 
174 11 12 43 
477 12 11 43 
908 13 10 43 
1116 12 12 44 
1427 13 11 43 
2207 14 10 43 
2220 13 12 44 
2569 14 11 44 
3312 15 10 44 
3814 16 9 44 
4040 14 12 44 
4496 15 11 44 
4682 16 8 44 
5327 16 10 44 
5462 17 9 44 
5476 15 12 45 
440 16 7 45 
587 16 11 44 
726 17 8 44 
1234 17 10 44 
1966 18 9 44 
2895 15 13 45 
3508 16 6 45 
182 16 12 45 
211 17 7 45 
479 17 11 45 
856 18 8 45 
1056 18 10 45 
1523 14 15 46 
1933 15 4 46 
2241 15 14 45 
3009 16 5 45 
4109 16 13 45 
5431 17 6 45 
5331 0 0 51 
5274 0 1 51 
4964 1 0 51 
4658 0 2 51 
4416 1 1 51 
4294 2 0 51 
4213 0 3 51 
4143 1 2 51 
4090 2 1 51 
2803 3 0 51 
2522 0 4 51 
1999 1 3 51 
1965 2 2 51 
1718 3 1 51 
1540 4 0 51 
1130 0 5 51 
1101 1 4 51 
995 2 3 51 
401 3 2 51 
228 4 1 51 
151 5 0 51 
4 0 6 51 
5591 1 5 51 
5587 2 4 51 
5165 3 3 51 
5148 4 2 51 
5096 5 1 51 
5008 0 7 51 
4693 0 19 51 
4526 1 6 51 
4426 2 5 51 
4129 3 4 51 
4072 4 3 51 
3945 5 2 51 
3850 0 8 51 
3837 0 18 51 
3751 1 7 51 
3547 1 19 51 
3138 2 6 51 
3127 3 5 51 
3119 4 4 51 
3024 5 3 51 
2440 0 9 51 
2051 0 17 51 
1914 1 8 51 
1868 1 18 51 
1828 2 7 51 
1703 2 19 51 
1463 3 6 51 
1224 4 5 51 
1095 5 4 51 
1065 0 10 51 
924 0 16 51 
914 1 9 51 
838 1 17 51 
206 2 8 51 
80 2 18 51 
6 3 7 51 
5455 3 19 51 
5250 4 6 51 
5120 5 5 51 
5102 0 11 51 
4788 0 15 51 
4767 1 10 51 
4581 1 16 51 
4448 2 9 51 
4399 2 17 51 
4365 3 8 51 
4334 3 18 51 
4115 4 7 51 
4105 4 19 51 
3971 5 6 51 
3575 0 12 51 
3573 0 14 51 
3561 1 11 51 
3481 1 15 51 
3376 2 10 51 
2820 2 16 51 
2623 3 9 51 
1369 3 17 51 
1354 4 8 51 
1349 4 18 51 
1198 5 7 51 
1108 5 19 51 
1054 0 13 51 
1026 1 12 51 
885 1 14 51 
824 2 11 51 
762 2 15 51 
686 3 10 51 
474 3 16 51 
416 4 9 51 
5603 4 17 51 
5229 5 8 51 
4918 5 18 51 
4760 1 13 51 
4718 2 12 51 
4584 2 14 51 
4305 3 11 51 
4111 3 15 51 
3972 4 10 51 
3703 4 16 51 
3611 5 9 51 
3244 5 17 51 
3131 2 13 51 
2950 3 12 51 
2663 3 14 51 
2570 4 11 51 
2549 4 15 51 
2513 5 10 51 
2453 5 16 51 
2307 6 9 51 
2114 6 19 51 
1971 3 13 51 
1930 4 12 51 
1928 4 14 51 
1676 5 11 51 
1606 5 15 51 
1530 6 10 51 
1494 6 18 51 
1425 7 9 51 
1278 7 19 51 
1180 4 13 51 
1161 5 12 51 
1155 5 14 51 
933 6 11 51 
227 6 17 51 
148 7 10 51 
42 7 18 51 
5523 8 19 51 
5447 5 13 51 
5340 6 12 51 
5067 6 16 51 
4965 7 11 51 
4607 7 17 51 
4193 8 18 51 
4175 9 19 51 
4064 19 19 51 
3941 6 13 51 
3851 6 15 51 
3697 7 12 51 
3673 7 16 51 
3624 8 17 51 
3371 9 18 51 
3314 10 19 51 
3182 18 19 51 
2884 19 0 51 
2796 19 18 51 
2715 6 14 51 
2392 7 13 51 
2313 7 15 51 
1862 8 12 51 
1475 8 16 51 
1419 9 17 51 
1086 10 18 51 
656 11 19 51 
461 17 19 51 
373 18 0 51 
333 18 18 51 
158 19 1 51 
5314 19 17 51 
5173 7 14 51 
4598 8 13 51 
4179 8 15 51 
3755 9 12 51 
3646 9 16 51 
3515 10 17 51 
3400 11 18 51 
3373 12 19 51 
3187 13 0 51 
2904 16 19 51 
2770 17 0 51 
2728 17 18 51 
2727 18 1 51 
2141 18 17 51 
2078 19 2 51 
2062 19 16 51 
2047 8 14 51 
2033 9 13 51 
2027 9 15 51 
1575 10 16 51 
1127 11 17 51 
1043 12 18 51 
839 13 1 51 
750 13 19 51 
727 14 0 51 
592 15 19 51 
450 16 0 51 
339 16 18 51 
71 17 1 51 
28 17 17 51 
5506 18 2 51 
5209 18 16 51 
5150 19 3 51 
4854 19 15 51 
4514 9 14 51 
4479 10 15 51 
4396 11 16 51 
4381 12 17 51 
3925 13 2 51 
3845 13 18 51 
3792 14 1 51 
3162 14 19 51 
3028 15 0 51 
2971 15 18 51 
2723 16 1 51 
2497 16 17 51 
2267 17 2 51 
2170 17 16 51 
2088 18 3 51 
1693 18 15 51 
1376 19 4 51 
1212 19 14 51 
1013 10 14 51 
872 11 15 51 
851 12 16 51 
699 13 3 51 
551 13 17 51 
392 14 2 51 
314 14 18 51 
5597 15 1 51 
5567 15 17 51 
5245 16 2 51 
4784 16 16 51 
4665 17 3 51 
4387 17 15 51 
4376 18 4 51 
4303 18 14 51 
3474 19 5 51 
3157 19 13 51 
3029 11 14 51 
3026 12 15 51 
2998 13 4 51 
2729 13 16 51 
2714 14 3 51 
2501 14 17 51 
1920 15 2 51 
1705 15 16 51 
1518 16 3 51 
1411 16 15 51 
1071 17 4 51 
456 17 14 51 
340 18 5 51 
321 18 13 51 
246 19 6 51 
194 19 12 51 
122 12 14 51 
5452 13 5 51 
4928 13 15 51 
4858 14 4 51 
4427 14 16 51 
4414 15 3 51 
4233 15 15 51 
4181 16 4 51 
3801 16 14 51 
3545 17 5 51 
3428 17 13 51 
3407 18 6 51 
3274 18 12 51 
3238 19 7 51 
2970 19 11 51 
2701 13 14 51 
2637 14 5 51 
2625 14 15 51 
2461 15 4 51 
2385 15 14 51 
1410 16 5 51 
1044 16 13 51 
966 17 6 51 
936 17 12 51 
901 18 7 51 
876 18 11 51 
388 19 8 51 
5516 19 10 51 
5492 14 14 51 
5163 15 5 51 
5090 15 13 51 
5052 16 6 51 
5019 16 12 51 
4913 17 7 51 
4896 17 11 51 
4866 18 8 51 
4828 18 10 51 
4797 19 9 51 
4515 14 13 51 
4404 15 6 51 
4315 15 12 51 
3725 16 7 51 
3295 16 11 51 
3043 17 8 51 
2748 17 10 51 
2540 18 9 51 
2454 13 13 51 
2260 14 12 51 
2093 15 7 51 
1817 15 11 51 
1645 16 8 51 
825 16 10 51 
681 17 9 51 
283 8 11 51 
132 10 13 51 
128 12 13 51 
93 13 12 51 
5602 14 11 51 
5509 15 8 51 
5353 15 10 51 
5262 16 9 51 
5221 6 8 51 
5051 8 10 51 
4943 9 11 51 
4619 10 12 51 
4509 11 13 51 
4380 12 12 51 
3691 13 11 51 
3616 14 10 51 
2973 15 9 51 
2869 6 7 51 
2555 7 8 51 
2357 8 9 51 
1764 9 10 51 
1743 10 11 51 
1204 11 12 51 
9 12 11 51 
5360 13 10 51 
5277 14 9 51 
4914 6 6 51 
4483 7 7 51 
4207 8 8 51 
3770 9 9 51 
3699 10 10 51 
3213 11 11 51 
3210 12 10 51 
3190 13 9 51 
3148 14 8 51 
2800 6 5 51 
2685 7 6 51 
2389 8 7 51 
2028 9 8 51 
1649 10 9 51 
1434 11 10 51 
1311 12 9 51 
1200 13 8 51 
959 14 7 51 
665 6 4 51 
509 7 5 51 
149 8 6 51 
5045 9 7 51 
4955 10 8 51 
4688 11 9 51 
4342 12 8 51 
4020 13 7 51 
3336 14 6 51 
3066 6 3 51 
3050 7 4 51 
3003 8 5 51 
2467 9 6 51 
2242 10 7 51 
1542 11 8 51 
1367 12 7 51 
1357 13 6 51 
1280 6 2 51 
1275 7 3 51 
1190 8 4 51 
431 9 5 51 
5246 10 6 51 
4905 11 7 51 
4888 12 6 51 
4488 6 1 51 
3404 7 2 51 
2694 8 3 51 
2222 9 4 51 
1899 10 5 51 
1199 11 6 51 
620 12 5 51 
5614 6 0 51 
5123 7 1 51 
4690 8 2 51 
4485 9 3 51 
4120 10 4 51 
3754 11 5 51 
2616 12 4 51 
2572 7 0 51 
2414 8 1 51 
2200 9 2 51 
2001 10 3 51 
1908 11 4 51 
1771 12 3 51 
1681 8 0 51 
1137 9 1 51 
5498 10 2 51 
5453 11 3 51 
5132 12 2 51 
3451 9 0 51 
3372 10 1 51 
3359 11 2 51 
3077 12 1 51 
207 10 0 51 
5545 11 1 51 
3765 12 0 51 
3412 11 0 51 
1732 11 1 62 
3981 10 1 63 
3331 11 2 63 
2847 9 1 64 
1668 10 2 63 
1925 11 3 63 
2531 8 1 64 
2944 9 2 64 
5526 10 3 64 
75 11 4 64 
275 7 1 64 
1713 8 2 64 
3396 9 3 64 
4776 10 4 64 
5017 11 5 64 
5295 7 2 65 
5402 8 3 65 
259 9 4 65 
619 10 5 65 
663 11 6 65 
4433 7 3 66 
292 8 4 66 
452 9 5 66 
906 10 6 65 
1754 11 7 65 
2630 7 4 66 
4594 8 5 66 
5621 9 6 66 
282 10 7 66 
1021 11 8 66 
2217 12 7 66 
2776 7 5 67 
2928 8 6 67 
5482 9 7 66 
783 10 8 66 
829 11 9 66 
1034 12 8 66 
1081 13 7 66 
1375 7 6 67 
2667 8 7 67 
3056 9 8 67 
3221 10 9 67 
3442 11 10 67 
3522 12 9 67 
3741 13 8 67 
4132 7 7 67 
4501 9 9 67 
5012 10 10 67 
5371 11 11 67 
5468 12 10 67 
492 13 9 67 
764 9 10 68 
865 11 12 68 
1262 12 11 68 
1532 13 10 67 
1701 12 12 68 
1765 13 11 68 
2083 14 10 68 
2423 13 12 69 
2439 14 11 68 
2441 15 10 68 
3502 16 9 68 
3834 14 12 69 
4060 15 11 69 
1406 16 8 69 
1785 16 10 69 
1903 17 9 69 
2864 15 12 69 
3019 16 7 69 
4025 16 11 69 
4123 17 8 69 
5075 17 10 69 
226 18 9 69 
260 15 13 69 
300 16 6 69 
683 16 12 69 
757 17 7 69 
796 17 11 69 
888 18 8 69 
1067 18 10 69 
1088 14 15 70 
1338 15 4 70 
1880 15 14 70 
2265 16 5 70 
2272 16 13 70 
2811 17 6 70 
3421 17 12 70 
3498 18 7 70 
3658 18 11 70 
3670 13 15 70 
5534 14 4 70 
5569 0 0 76 
5477 0 1 76 
5175 1 0 76 
5071 0 2 76 
4912 1 1 76 
4761 2 0 76 
4668 0 3 76 
4628 1 2 76 
4597 2 1 76 
4512 3 0 76 
4313 0 4 76 
3954 1 3 76 
3884 2 2 76 
3635 3 1 76 
3620 4 0 76 
3236 0 5 76 
3088 1 4 76 
3012 2 3 76 
2837 3 2 76 
2672 4 1 76 
1613 5 0 76 
1550 0 6 76 
1428 1 5 76 
1298 2 4 76 
1264 3 3 76 
1001 4 2 76 
919 5 1 76 
743 0 7 76 
706 0 19 76 
673 1 6 76 
627 2 5 76 
596 3 4 76 
391 4 3 76 
95 5 2 76 
5559 0 8 76 
5414 0 18 76 
5369 1 7 76 
5093 1 19 76 
5001 2 6 76 
4449 3 5 76 
4228 4 4 76 
4071 5 3 76 
3848 0 9 76 
3677 0 17 76 
3392 1 8 76 
3218 1 18 76 
3034 2 7 76 
2682 2 19 76 
2593 3 6 76 
2565 4 5 76 
2485 5 4 76 
2430 0 10 76 
2428 0 16 76 
2376 1 9 76 
1833 1 17 76 
1069 2 8 76 
780 2 18 76 
558 3 7 76 
31 3 19 76 
5529 4 6 76 
5204 5 5 76 
5080 0 11 76 
4966 0 15 76 
4853 1 10 76 
4786 1 16 76 
4556 2 9 76 
4531 2 17 76 
4462 3 8 76 
4356 3 18 76 
4215 4 7 76 
4161 4 19 76 
4033 5 6 76 
3707 0 12 76 
3584 0 14 76 
2787 1 11 76 
2736 1 15 76 
2455 2 10 76 
2390 2 16 76 
2382 3 9 76 
2225 3 17 76 
2180 4 8 76 
2004 4 18 76 
1984 5 7 76 
1913 5 19 76 
1805 0 13 76 
1797 1 12 76 
1509 1 14 76 
1480 2 11 76 
1440 2 15 76 
1355 3 10 76 
882 3 16 76 
652 4 9 76 
315 4 17 76 
155 5 8 76 
5558 5 18 76 
5437 1 13 76 
5383 2 12 76 
5157 2 14 76 
5152 3 11 76 
4887 3 15 76 
4800 4 10 76 
4505 4 16 76 
4486 5 9 76 
4373 5 17 76 
4276 2 13 76 
4263 3 12 76 
4244 3 14 76 
4197 4 11 76 
4035 4 15 76 
4003 5 10 76 
3991 5 16 76 
3619 6 9 76 
3572 6 19 76 
3209 3 13 76 
3139 4 12 76 
2974 4 14 76 
2825 5 11 76 
2752 5 15 76 
2642 6 10 76 
2545 6 18 76 
2218 7 9 76 
2148 7 19 76 
1815 4 13 76 
1499 5 12 76 
1337 5 14 76 
994 6 11 76 
700 6 17 76 
634 7 10 76 
310 7 18 76 
261 8 19 76 
161 5 13 76 
5470 6 12 76 
5211 6 16 76 
5197 7 11 76 
5159 7 17 76 
4709 8 18 76 
4590 9 19 76 
4171 19 19 76 
3914 6 13 76 
3497 6 15 76 
3423 7 12 76 
3099 7 16 76 
2879 8 17 76 
2598 9 18 76 
2362 10 19 76 
2322 18 19 76 
2278 19 0 76 
2193 19 18 76 
2113 6 14 76 
1884 7 13 76 
1762 7 15 76 
1673 8 12 76 
1064 8 16 76 
1042 9 17 76 
421 10 18 76 
51 11 19 76 
50 17 19 76 
5568 18 0 76 
5450 18 18 76 
5424 19 1 76 
4807 19 17 76 
4780 7 14 76 
4629 8 13 76 
4424 8 15 76 
4377 9 12 76 
4300 9 16 76 
4098 10 17 76 
3910 11 18 76 
3708 12 19 76 
3589 13 0 76 
3408 16 19 76 
3062 17 0 76 
2929 17 18 76 
2839 18 1 76 
2632 18 17 76 
2562 19 2 76 
2347 19 16 76 
2277 8 14 76 
1858 9 13 76 
1819 9 15 76 
1770 10 16 76 
1535 11 17 76 
1476 12 18 76 
1454 13 1 76 
1441 13 19 76 
1389 14 0 76 
1353 15 19 76 
1102 16 0 76 
998 16 18 76 
735 17 1 76 
710 17 17 76 
565 18 2 76 
354 18 16 76 
324 19 3 76 
53 19 15 76 
5580 9 14 76 
5461 10 15 76 
5282 11 16 76 
5239 12 17 76 
5125 13 2 76 
4517 13 18 76 
4455 14 1 76 
4345 14 19 76 
4081 15 0 76 
4066 15 18 76 
4046 16 1 76 
3995 16 17 76 
3463 17 2 76 
3361 17 16 76 
3118 18 3 76 
2279 18 15 76 
1926 19 4 76 
1763 19 14 76 
1750 10 14 76 
1730 11 15 76 
1670 12 16 76 
1637 13 3 76 
1470 13 17 76 
1462 14 2 76 
1248 14 18 76 
1131 15 1 76 
1076 15 17 76 
742 16 2 76 
736 16 16 76 
251 17 3 76 
118 17 15 76 
5541 18 4 76 
5358 18 14 76 
5344 19 5 76 
5253 19 13 76 
4883 11 14 76 
4669 12 15 76 
4474 13 4 76 
4374 13 16 76 
4341 14 3 76 
3852 14 17 76 
3810 15 2 76 
3353 15 16 76 
3188 16 3 76 
2931 16 15 76 
2731 17 4 76 
2471 17 14 76 
1844 18 5 76 
1723 18 13 76 
1424 19 6 76 
1420 19 12 76 
785 12 14 76 
782 13 5 76 
437 13 15 76 
376 14 4 76 
369 14 16 76 
307 15 3 76 
209 15 15 76 
153 16 4 76 
5297 16 14 76 
5292 17 5 76 
5265 17 13 76 
5108 18 6 76 
4983 18 12 76 
4838 19 7 76 
4596 19 11 76 
4529 13 14 76 
4150 14 5 76 
3781 14 15 76 
3717 15 4 76 
3647 15 14 76 
3483 16 5 76 
3186 16 13 76 
3068 17 6 76 
2818 17 12 76 
2613 18 7 76 
2498 18 11 76 
2043 19 8 76 
1896 19 10 76 
1690 14 14 76 
1249 15 5 76 
1205 15 13 76 
1171 16 6 76 
747 16 12 76 
725 17 7 76 
5126 17 11 76 
5062 18 8 76 
4945 18 10 76 
4882 19 9 76 
4689 14 13 76 
3986 15 6 76 
3881 15 12 76 
3649 16 7 76 
3224 16 11 76 
3174 17 8 76 
3025 17 10 76 
2927 18 9 76 
2425 13 13 76 
2378 14 12 76 
2203 15 7 76 
2169 15 11 76 
2156 16 8 76 
2155 16 10 76 
2095 17 9 76 
2049 8 11 76 
1760 10 13 76 
1492 12 13 76 
1304 13 12 76 
1246 14 11 76 
1063 15 8 76 
1052 15 10 76 
976 16 9 76 
879 6 8 76 
16 8 10 76 
5257 9 11 76 
5187 10 12 76 
4976 11 13 76 
4728 12 12 76 
4499 13 11 76 
4346 14 10 76 
4157 15 9 76 
3898 6 7 76 
3769 7 8 76 
3249 8 9 76 
3212 9 10 76 
3172 10 11 76 
3146 11 12 76 
2577 12 11 76 
2369 13 10 76 
1936 14 9 76 
1767 6 6 76 
1245 7 7 76 
640 8 8 76 
233 9 9 76 
216 10 10 76 
142 11 11 76 
14 12 10 76 
5589 13 9 76 
5364 14 8 76 
5142 6 5 76 
4864 7 6 76 
4482 8 7 76 
4440 9 8 76 
4127 10 9 76 
3718 11 10 76 
3339 12 9 76 
3294 13 8 76 
2886 14 7 76 
2709 6 4 76 
2227 7 5 76 
1956 8 6 76 
1811 9 7 76 
1679 10 8 76 
1671 11 9 76 
1444 12 8 76 
965 13 7 76 
836 14 6 76 
574 6 3 76 
363 7 4 76 
306 8 5 76 
5099 9 6 76 
5042 10 7 76 
4871 11 8 76 
4554 12 7 76 
4083 13 6 76 
3833 6 2 76 
3763 7 3 76 
3568 8 4 76 
2892 9 5 76 
2335 10 6 76 
1959 11 7 76 
1889 12 6 76 
522 6 1 76 
502 7 2 76 
297 8 3 76 
109 9 4 76 
5596 10 5 76 
4324 11 6 76 
4296 12 5 76 
4255 6 0 76 
4190 7 1 76 
4062 8 2 76 
3667 9 3 76 
3382 10 4 76 
3229 11 5 76 
2835 12 4 76 
2104 7 0 76 
1592 8 1 76 
353 9 2 76 
4001 10 3 76 
3870 11 4 76 
3760 12 3 76 
2873 8 0 76 
2431 9 1 76 
2219 10 2 76 
4881 11 3 76 
4286 12 2 76 
4250 9 0 76 
3965 10 1 76 
3908 11 2 76 
3772 12 1 76 
2281 10 0 76 
2229 11 1 76 
236 12 0 76 
4868 11 0 76 
2096 11 1 88 
3959 10 1 88 
1958 11 2 88 
3963 9 1 89 
4533 10 2 89 
242 11 3 88 
583 8 1 90 
3464 9 2 90 
5443 10 3 89 
1257 11 4 89 
2652 7 1 90 
3160 8 2 90 
4375 9 3 90 
5097 10 4 90 
581 11 5 90 
1279 7 2 91 
1395 8 3 91 
1931 9 4 91 
3552 10 5 90 
4774 11 6 90 
5300 7 3 91 
253 8 4 91 
393 9 5 91 
786 10 6 91 
794 11 7 91 
3384 7 4 92 
3768 8 5 92 
4328 9 6 91 
4386 10 7 91 
4473 11 8 91 
4539 12 7 91 
172 7 5 92 
562 8 6 92 
1310 9 7 92 
1688 10 8 92 
3789 11 9 92 
3807 12 8 92 
3900 13 7 92 
3946 7 6 92 
102 8 7 92 
527 9 8 92 
1810 10 9 92 
2917 11 10 92 
3110 12 9 92 
3583 13 8 92 
4430 7 7 93 
4623 9 9 93 
4898 10 10 93 
5387 11 11 93 
5494 12 10 93 
5542 13 9 92 
1607 9 10 93 
1667 11 12 93 
2711 12 11 93 
3031 13 10 93 
3205 12 12 93 
3235 13 11 93 
3598 14 10 93 
4843 13 12 94 
5527 14 11 94 
73 15 10 94 
484 16 9 94 
779 14 12 94 
1447 15 11 94 
2964 16 8 94 
3198 16 10 94 
3261 17 9 94 
4155 15 12 94 
4369 16 7 94 
4524 16 11 94 
4643 17 8 94 
4684 17 10 94 
5100 18 9 94 
5398 15 13 95 
996 16 6 95 
1393 16 12 95 
1403 17 7 95 
2164 17 11 94 
3049 18 8 94 
3140 18 10 94 
3199 14 15 95 
3917 15 4 95 
3922 15 14 95 
4385 16 5 95 
4947 16 13 95 
5532 17 6 95 
